Index	Ts	t	Weight	Tr
[#]	[°C]	[s]	[mg]	[°C]
680	1.30012e+02	6.80000e+02	2.97487	130.0
681	1.30516e+02	6.81000e+02	2.97482	130.5
682	1.31031e+02	6.82000e+02	2.97476	131.0
683	1.31542e+02	6.83000e+02	2.9747	131.5
684	1.32047e+02	6.84000e+02	2.9746	132.0
685	1.32545e+02	6.85000e+02	2.97453	132.5
686	1.33069e+02	6.86000e+02	2.97445	133.0
687	1.33600e+02	6.87000e+02	2.97438	133.5
688	1.34100e+02	6.88000e+02	2.97432	134.0
689	1.34604e+02	6.89000e+02	2.97427	134.5
690	1.35103e+02	6.90000e+02	2.97422	135.0
691	1.35614e+02	6.91000e+02	2.97418	135.5
692	1.36105e+02	6.92000e+02	2.97417	136.0
693	1.36622e+02	6.93000e+02	2.97415	136.5
694	1.37128e+02	6.94000e+02	2.97413	137.0
695	1.37631e+02	6.95000e+02	2.97412	137.5
696	1.38141e+02	6.96000e+02	2.97411	138.0
697	1.38635e+02	6.97000e+02	2.97411	138.5
698	1.39139e+02	6.98000e+02	2.9741	139.0
699	1.39665e+02	6.99000e+02	2.97409	139.5
700	1.40157e+02	7.00000e+02	2.97408	140.0
701	1.40660e+02	7.01000e+02	2.97408	140.5
702	1.41163e+02	7.02000e+02	2.97407	141.0
703	1.41663e+02	7.03000e+02	2.97407	141.5
704	1.42176e+02	7.04000e+02	2.97407	142.0
705	1.42677e+02	7.05000e+02	2.97406	142.5
706	1.43184e+02	7.06000e+02	2.97405	143.0
707	1.43691e+02	7.07000e+02	2.97404	143.5
708	1.44203e+02	7.08000e+02	2.97401	144.0
709	1.44710e+02	7.09000e+02	2.97399	144.5
710	1.45197e+02	7.10000e+02	2.97397	145.0
711	1.45708e+02	7.11000e+02	2.97394	145.5
712	1.46217e+02	7.12000e+02	2.97391	146.0
713	1.46735e+02	7.13000e+02	2.97387	146.5
714	1.47231e+02	7.14000e+02	2.97384	147.0
715	1.47732e+02	7.15000e+02	2.97381	147.5
716	1.48236e+02	7.16000e+02	2.97378	148.0
717	1.48742e+02	7.17000e+02	2.97374	148.5
718	1.49244e+02	7.18000e+02	2.97371	149.0
719	1.49755e+02	7.19000e+02	2.97367	149.5
720	1.50247e+02	7.20000e+02	2.97363	150.0
721	1.50759e+02	7.21000e+02	2.97358	150.5
722	1.51256e+02	7.22000e+02	2.97353	151.0
723	1.51756e+02	7.23000e+02	2.97348	151.5
724	1.52261e+02	7.24000e+02	2.97341	152.0
725	1.52770e+02	7.25000e+02	2.97335	152.5
726	1.53274e+02	7.26000e+02	2.97329	153.0
727	1.53780e+02	7.27000e+02	2.97323	153.5
728	1.54283e+02	7.28000e+02	2.97317	154.0
729	1.54784e+02	7.29000e+02	2.97312	154.5
730	1.55308e+02	7.30000e+02	2.97307	155.0
731	1.55804e+02	7.31000e+02	2.97302	155.5
732	1.56303e+02	7.32000e+02	2.97299	156.0
733	1.56798e+02	7.33000e+02	2.97296	156.5
734	1.57308e+02	7.34000e+02	2.97293	157.0
735	1.57821e+02	7.35000e+02	2.97291	157.5
736	1.58327e+02	7.36000e+02	2.97289	158.0
737	1.58825e+02	7.37000e+02	2.97287	158.5
738	1.59339e+02	7.38000e+02	2.97284	159.0
739	1.59848e+02	7.39000e+02	2.97281	159.5
740	1.60355e+02	7.40000e+02	2.97277	160.0
741	1.60866e+02	7.41000e+02	2.97273	160.5
742	1.61365e+02	7.42000e+02	2.97269	161.0
743	1.61868e+02	7.43000e+02	2.97266	161.5
744	1.62376e+02	7.44000e+02	2.97262	162.0
745	1.62888e+02	7.45000e+02	2.97258	162.5
746	1.63390e+02	7.46000e+02	2.97254	163.0
747	1.63889e+02	7.47000e+02	2.9725	163.5
748	1.64402e+02	7.48000e+02	2.97246	164.0
749	1.64902e+02	7.49000e+02	2.97241	164.5
750	1.65404e+02	7.50000e+02	2.97236	165.0
751	1.65907e+02	7.51000e+02	2.97231	165.5
752	1.66434e+02	7.52000e+02	2.97226	166.0
753	1.66933e+02	7.53000e+02	2.9722	166.5
754	1.67441e+02	7.54000e+02	2.97215	167.0
755	1.67949e+02	7.55000e+02	2.9721	167.5
756	1.68457e+02	7.56000e+02	2.97206	168.0
757	1.68958e+02	7.57000e+02	2.97201	168.5
758	1.69465e+02	7.58000e+02	2.97197	169.0
759	1.69970e+02	7.59000e+02	2.97192	169.5
760	1.70477e+02	7.60000e+02	2.97188	170.0
761	1.70979e+02	7.61000e+02	2.97184	170.5
762	1.71477e+02	7.62000e+02	2.9718	171.0
763	1.71988e+02	7.63000e+02	2.97176	171.5
764	1.72507e+02	7.64000e+02	2.97172	172.0
765	1.73008e+02	7.65000e+02	2.97168	172.5
766	1.73516e+02	7.66000e+02	2.97163	173.0
767	1.74021e+02	7.67000e+02	2.97158	173.5
768	1.74531e+02	7.68000e+02	2.97152	174.0
769	1.75023e+02	7.69000e+02	2.97145	174.5
770	1.75549e+02	7.70000e+02	2.97138	175.0
771	1.76046e+02	7.71000e+02	2.97131	175.5
772	1.76567e+02	7.72000e+02	2.97124	176.0
773	1.77062e+02	7.73000e+02	2.97117	176.5
774	1.77567e+02	7.74000e+02	2.9711	177.0
775	1.78080e+02	7.75000e+02	2.97104	177.5
776	1.78579e+02	7.76000e+02	2.97099	178.0
777	1.79082e+02	7.77000e+02	2.97094	178.5
778	1.79598e+02	7.78000e+02	2.97088	179.0
779	1.80104e+02	7.79000e+02	2.97081	179.5
780	1.80617e+02	7.80000e+02	2.97075	180.0
781	1.81119e+02	7.81000e+02	2.97068	180.5
782	1.81632e+02	7.82000e+02	2.97061	181.0
783	1.82135e+02	7.83000e+02	2.97053	181.5
784	1.82641e+02	7.84000e+02	2.97045	182.0
785	1.83150e+02	7.85000e+02	2.97036	182.5
786	1.83654e+02	7.86000e+02	2.97028	183.0
787	1.84161e+02	7.87000e+02	2.9702	183.5
788	1.84681e+02	7.88000e+02	2.97011	184.0
789	1.85177e+02	7.89000e+02	2.97001	184.5
790	1.85690e+02	7.90000e+02	2.96992	185.0
791	1.86198e+02	7.91000e+02	2.96982	185.5
792	1.86702e+02	7.92000e+02	2.9697	186.0
793	1.87202e+02	7.93000e+02	2.96958	186.5
794	1.87727e+02	7.94000e+02	2.96946	187.0
795	1.88214e+02	7.95000e+02	2.96933	187.5
796	1.88736e+02	7.96000e+02	2.96918	188.0
797	1.89240e+02	7.97000e+02	2.96904	188.5
798	1.89752e+02	7.98000e+02	2.96889	189.0
799	1.90250e+02	7.99000e+02	2.96874	189.5
800	1.90753e+02	8.00000e+02	2.96858	190.0
801	1.91257e+02	8.01000e+02	2.96842	190.5
802	1.91770e+02	8.02000e+02	2.96825	191.0
803	1.92274e+02	8.03000e+02	2.96809	191.5
804	1.92782e+02	8.04000e+02	2.96791	192.0
805	1.93292e+02	8.05000e+02	2.96773	192.5
806	1.93810e+02	8.06000e+02	2.96756	193.0
807	1.94304e+02	8.07000e+02	2.96738	193.5
808	1.94820e+02	8.08000e+02	2.96718	194.0
809	1.95316e+02	8.09000e+02	2.96698	194.5
810	1.95817e+02	8.10000e+02	2.96677	195.0
811	1.96323e+02	8.11000e+02	2.96656	195.5
812	1.96825e+02	8.12000e+02	2.96634	196.0
813	1.97314e+02	8.13000e+02	2.96612	196.5
814	1.97821e+02	8.14000e+02	2.9659	197.0
815	1.98327e+02	8.15000e+02	2.96568	197.5
816	1.98824e+02	8.16000e+02	2.96544	198.0
817	1.99323e+02	8.17000e+02	2.9652	198.5
818	1.99823e+02	8.18000e+02	2.96495	199.0
819	2.00333e+02	8.19000e+02	2.9647	199.5
820	2.00837e+02	8.20000e+02	2.96442	200.0
821	2.01350e+02	8.21000e+02	2.96414	200.5
822	2.01860e+02	8.22000e+02	2.96387	201.0
823	2.02360e+02	8.23000e+02	2.96359	201.5
824	2.02862e+02	8.24000e+02	2.96329	202.0
825	2.03384e+02	8.25000e+02	2.96299	202.5
826	2.03885e+02	8.26000e+02	2.9627	203.0
827	2.04398e+02	8.27000e+02	2.96239	203.5
828	2.04902e+02	8.28000e+02	2.96208	204.0
829	2.05404e+02	8.29000e+02	2.96176	204.5
830	2.05907e+02	8.30000e+02	2.96144	205.0
831	2.06413e+02	8.31000e+02	2.96111	205.5
832	2.06917e+02	8.32000e+02	2.96076	206.0
833	2.07439e+02	8.33000e+02	2.96042	206.5
834	2.07935e+02	8.34000e+02	2.96008	207.0
835	2.08452e+02	8.35000e+02	2.95973	207.5
836	2.08976e+02	8.36000e+02	2.95937	208.0
837	2.09508e+02	8.37000e+02	2.95901	208.5
838	2.10017e+02	8.38000e+02	2.95865	209.0
839	2.10546e+02	8.39000e+02	2.95829	209.5
840	2.11070e+02	8.40000e+02	2.95791	210.0
841	2.11582e+02	8.41000e+02	2.95754	210.5
842	2.12094e+02	8.42000e+02	2.95716	211.0
843	2.12605e+02	8.43000e+02	2.95678	211.5
844	2.13125e+02	8.44000e+02	2.95639	212.0
845	2.13637e+02	8.45000e+02	2.95601	212.5
846	2.14155e+02	8.46000e+02	2.95562	213.0
847	2.14658e+02	8.47000e+02	2.95523	213.5
848	2.15186e+02	8.48000e+02	2.95483	214.0
849	2.15710e+02	8.49000e+02	2.95443	214.5
850	2.16206e+02	8.50000e+02	2.95404	215.0
851	2.16702e+02	8.51000e+02	2.95364	215.5
852	2.17217e+02	8.52000e+02	2.95325	216.0
853	2.17751e+02	8.53000e+02	2.95286	216.5
854	2.18262e+02	8.54000e+02	2.95247	217.0
855	2.18772e+02	8.55000e+02	2.95208	217.5
856	2.19293e+02	8.56000e+02	2.95171	218.0
857	2.19806e+02	8.57000e+02	2.95134	218.5
858	2.20289e+02	8.58000e+02	2.95096	219.0
859	2.20824e+02	8.59000e+02	2.95059	219.5
860	2.21361e+02	8.60000e+02	2.95022	220.0
861	2.21868e+02	8.61000e+02	2.94984	220.5
862	2.22397e+02	8.62000e+02	2.94947	221.0
863	2.22923e+02	8.63000e+02	2.9491	221.5
864	2.23444e+02	8.64000e+02	2.94872	222.0
865	2.23933e+02	8.65000e+02	2.94834	222.5
866	2.24443e+02	8.66000e+02	2.94796	223.0
867	2.25020e+02	8.67000e+02	2.94757	223.5
868	2.25554e+02	8.68000e+02	2.94717	224.0
869	2.26037e+02	8.69000e+02	2.94676	224.5
870	2.26600e+02	8.70000e+02	2.94636	225.0
871	2.27135e+02	8.71000e+02	2.94596	225.5
872	2.27711e+02	8.72000e+02	2.94555	226.0
873	2.28231e+02	8.73000e+02	2.94514	226.5
874	2.28714e+02	8.74000e+02	2.94473	227.0
875	2.29236e+02	8.75000e+02	2.94433	227.5
876	2.29764e+02	8.76000e+02	2.94393	228.0
877	2.30281e+02	8.77000e+02	2.94352	228.5
878	2.30836e+02	8.78000e+02	2.94312	229.0
879	2.31335e+02	8.79000e+02	2.94271	229.5
880	2.31856e+02	8.80000e+02	2.94229	230.0
881	2.32394e+02	8.81000e+02	2.94187	230.5
882	2.32942e+02	8.82000e+02	2.94145	231.0
883	2.33495e+02	8.83000e+02	2.94103	231.5
884	2.33971e+02	8.84000e+02	2.94059	232.0
885	2.34450e+02	8.85000e+02	2.94016	232.5
886	2.34974e+02	8.86000e+02	2.93972	233.0
887	2.35487e+02	8.87000e+02	2.93929	233.5
888	2.36002e+02	8.88000e+02	2.93885	234.0
889	2.36499e+02	8.89000e+02	2.93841	234.5
890	2.36999e+02	8.90000e+02	2.93798	235.0
891	2.37496e+02	8.91000e+02	2.93754	235.5
892	2.37989e+02	8.92000e+02	2.9371	236.0
893	2.38495e+02	8.93000e+02	2.93666	236.5
894	2.38967e+02	8.94000e+02	2.93622	237.0
895	2.39469e+02	8.95000e+02	2.93577	237.5
896	2.39972e+02	8.96000e+02	2.93531	238.0
897	2.40461e+02	8.97000e+02	2.93486	238.5
898	2.40982e+02	8.98000e+02	2.9344	239.0
899	2.41497e+02	8.99000e+02	2.93393	239.5
900	2.41979e+02	9.00000e+02	2.93346	240.0
901	2.42487e+02	9.01000e+02	2.93298	240.5
902	2.43003e+02	9.02000e+02	2.9325	241.0
903	2.43512e+02	9.03000e+02	2.93202	241.5
904	2.44011e+02	9.04000e+02	2.93153	242.0
905	2.44524e+02	9.05000e+02	2.93105	242.5
906	2.45038e+02	9.06000e+02	2.93056	243.0
907	2.45556e+02	9.07000e+02	2.93007	243.5
908	2.46064e+02	9.08000e+02	2.92959	244.0
909	2.46569e+02	9.09000e+02	2.9291	244.5
910	2.47079e+02	9.10000e+02	2.92862	245.0
911	2.47589e+02	9.11000e+02	2.92814	245.5
912	2.48103e+02	9.12000e+02	2.92767	246.0
913	2.48597e+02	9.13000e+02	2.9272	246.5
914	2.49110e+02	9.14000e+02	2.92672	247.0
915	2.49624e+02	9.15000e+02	2.92625	247.5
916	2.50145e+02	9.16000e+02	2.92578	248.0
917	2.50653e+02	9.17000e+02	2.92531	248.5
918	2.51160e+02	9.18000e+02	2.92483	249.0
919	2.51652e+02	9.19000e+02	2.92434	249.5
920	2.52132e+02	9.20000e+02	2.92385	250.0
921	2.52622e+02	9.21000e+02	2.92335	250.5
922	2.53099e+02	9.22000e+02	2.92286	251.0
923	2.53581e+02	9.23000e+02	2.92236	251.5
924	2.54072e+02	9.24000e+02	2.92186	252.0
925	2.54564e+02	9.25000e+02	2.92136	252.5
926	2.55055e+02	9.26000e+02	2.92086	253.0
927	2.55547e+02	9.27000e+02	2.92036	253.5
928	2.56049e+02	9.28000e+02	2.91986	254.0
929	2.56552e+02	9.29000e+02	2.91935	254.5
930	2.57059e+02	9.30000e+02	2.91884	255.0
931	2.57553e+02	9.31000e+02	2.91833	255.5
932	2.58030e+02	9.32000e+02	2.9178	256.0
933	2.58505e+02	9.33000e+02	2.91727	256.5
934	2.59036e+02	9.34000e+02	2.91674	257.0
935	2.59533e+02	9.35000e+02	2.9162	257.5
936	2.60045e+02	9.36000e+02	2.91565	258.0
937	2.60548e+02	9.37000e+02	2.91511	258.5
938	2.61064e+02	9.38000e+02	2.91456	259.0
939	2.61551e+02	9.39000e+02	2.91402	259.5
940	2.62066e+02	9.40000e+02	2.91348	260.0
941	2.62582e+02	9.41000e+02	2.91294	260.5
942	2.63097e+02	9.42000e+02	2.9124	261.0
943	2.63592e+02	9.43000e+02	2.91186	261.5
944	2.64092e+02	9.44000e+02	2.91133	262.0
945	2.64600e+02	9.45000e+02	2.91079	262.5
946	2.65108e+02	9.46000e+02	2.91025	263.0
947	2.65604e+02	9.47000e+02	2.90971	263.5
948	2.66106e+02	9.48000e+02	2.90916	264.0
949	2.66606e+02	9.49000e+02	2.90861	264.5
950	2.67112e+02	9.50000e+02	2.90806	265.0
951	2.67616e+02	9.51000e+02	2.90751	265.5
952	2.68132e+02	9.52000e+02	2.90695	266.0
953	2.68631e+02	9.53000e+02	2.9064	266.5
954	2.69145e+02	9.54000e+02	2.90585	267.0
955	2.69654e+02	9.55000e+02	2.9053	267.5
956	2.70148e+02	9.56000e+02	2.90475	268.0
957	2.70645e+02	9.57000e+02	2.90421	268.5
958	2.71154e+02	9.58000e+02	2.90367	269.0
959	2.71663e+02	9.59000e+02	2.90313	269.5
960	2.72159e+02	9.60000e+02	2.9026	270.0
961	2.72675e+02	9.61000e+02	2.90207	270.5
962	2.73163e+02	9.62000e+02	2.90153	271.0
963	2.73652e+02	9.63000e+02	2.901	271.5
964	2.74158e+02	9.64000e+02	2.90046	272.0
965	2.74653e+02	9.65000e+02	2.89991	272.5
966	2.75162e+02	9.66000e+02	2.89936	273.0
967	2.75670e+02	9.67000e+02	2.89881	273.5
968	2.76186e+02	9.68000e+02	2.89823	274.0
969	2.76693e+02	9.69000e+02	2.89765	274.5
970	2.77201e+02	9.70000e+02	2.89706	275.0
971	2.77708e+02	9.71000e+02	2.89648	275.5
972	2.78225e+02	9.72000e+02	2.89586	276.0
973	2.78749e+02	9.73000e+02	2.89526	276.5
974	2.79266e+02	9.74000e+02	2.89466	277.0
975	2.79769e+02	9.75000e+02	2.89406	277.5
976	2.80291e+02	9.76000e+02	2.89345	278.0
977	2.80824e+02	9.77000e+02	2.89285	278.5
978	2.81326e+02	9.78000e+02	2.89224	279.0
979	2.81829e+02	9.79000e+02	2.89163	279.5
980	2.82344e+02	9.80000e+02	2.89098	280.0
981	2.82862e+02	9.81000e+02	2.89031	280.5
982	2.83354e+02	9.82000e+02	2.88959	281.0
983	2.83880e+02	9.83000e+02	2.88885	281.5
984	2.84385e+02	9.84000e+02	2.88799	282.0
985	2.84907e+02	9.85000e+02	2.88713	282.5
986	2.85406e+02	9.86000e+02	2.88626	283.0
987	2.85927e+02	9.87000e+02	2.88538	283.5
988	2.86433e+02	9.88000e+02	2.8844	284.0
989	2.86954e+02	9.89000e+02	2.88348	284.5
990	2.87452e+02	9.90000e+02	2.88259	285.0
991	2.87954e+02	9.91000e+02	2.8817	285.5
992	2.88462e+02	9.92000e+02	2.88086	286.0
993	2.88959e+02	9.93000e+02	2.88002	286.5
994	2.89466e+02	9.94000e+02	2.87919	287.0
995	2.89993e+02	9.95000e+02	2.87837	287.5
996	2.90481e+02	9.96000e+02	2.87761	288.0
997	2.90974e+02	9.97000e+02	2.87682	288.5
998	2.91483e+02	9.98000e+02	2.87603	289.0
999	2.91993e+02	9.99000e+02	2.87525	289.5
1000	2.92498e+02	1.00000e+03	2.87447	290.0
1001	2.93020e+02	1.00100e+03	2.87368	290.5
1002	2.93534e+02	1.00200e+03	2.87287	291.0
1003	2.94072e+02	1.00300e+03	2.87207	291.5
1004	2.94592e+02	1.00400e+03	2.87124	292.0
1005	2.95120e+02	1.00500e+03	2.8704	292.5
1006	2.95664e+02	1.00600e+03	2.86957	293.0
1007	2.96191e+02	1.00700e+03	2.86873	293.5
1008	2.96702e+02	1.00800e+03	2.86788	294.0
1009	2.97221e+02	1.00900e+03	2.86705	294.5
1010	2.97760e+02	1.01000e+03	2.86623	295.0
1011	2.98279e+02	1.01100e+03	2.86542	295.5
1012	2.98786e+02	1.01200e+03	2.86462	296.0
1013	2.99279e+02	1.01300e+03	2.86381	296.5
1014	2.99787e+02	1.01400e+03	2.86297	297.0
1015	3.00293e+02	1.01500e+03	2.86213	297.5
1016	3.00808e+02	1.01600e+03	2.86124	298.0
1017	3.01314e+02	1.01700e+03	2.86034	298.5
1018	3.01825e+02	1.01800e+03	2.85942	299.0
1019	3.02347e+02	1.01900e+03	2.85848	299.5
1020	3.02888e+02	1.02000e+03	2.85746	300.0
1021	3.03396e+02	1.02100e+03	2.85646	300.5
1022	3.03918e+02	1.02200e+03	2.85546	301.0
1023	3.04444e+02	1.02300e+03	2.85444	301.5
1024	3.04983e+02	1.02400e+03	2.85339	302.0
1025	3.05494e+02	1.02500e+03	2.85233	302.5
1026	3.06010e+02	1.02600e+03	2.85127	303.0
1027	3.06527e+02	1.02700e+03	2.85019	303.5
1028	3.07029e+02	1.02800e+03	2.84907	304.0
1029	3.07514e+02	1.02900e+03	2.84795	304.5
1030	3.08012e+02	1.03000e+03	2.84681	305.0
1031	3.08521e+02	1.03100e+03	2.84566	305.5
1032	3.09022e+02	1.03200e+03	2.84445	306.0
1033	3.09505e+02	1.03300e+03	2.84325	306.5
1034	3.10019e+02	1.03400e+03	2.84203	307.0
1035	3.10524e+02	1.03500e+03	2.8408	307.5
1036	3.11033e+02	1.03600e+03	2.83952	308.0
1037	3.11518e+02	1.03700e+03	2.83825	308.5
1038	3.12021e+02	1.03800e+03	2.83697	309.0
1039	3.12529e+02	1.03900e+03	2.83567	309.5
1040	3.13043e+02	1.04000e+03	2.83434	310.0
1041	3.13529e+02	1.04100e+03	2.83301	310.5
1042	3.14032e+02	1.04200e+03	2.83167	311.0
1043	3.14540e+02	1.04300e+03	2.83032	311.5
1044	3.15045e+02	1.04400e+03	2.82892	312.0
1045	3.15539e+02	1.04500e+03	2.82753	312.5
1046	3.16019e+02	1.04600e+03	2.82613	313.0
1047	3.16523e+02	1.04700e+03	2.82471	313.5
1048	3.17038e+02	1.04800e+03	2.82325	314.0
1049	3.17538e+02	1.04900e+03	2.8218	314.5
1050	3.18046e+02	1.05000e+03	2.82033	315.0
1051	3.18546e+02	1.05100e+03	2.81886	315.5
1052	3.19043e+02	1.05200e+03	2.81735	316.0
1053	3.19567e+02	1.05300e+03	2.81586	316.5
1054	3.20077e+02	1.05400e+03	2.81435	317.0
1055	3.20584e+02	1.05500e+03	2.81285	317.5
1056	3.21103e+02	1.05600e+03	2.81133	318.0
1057	3.21617e+02	1.05700e+03	2.80981	318.5
1058	3.22126e+02	1.05800e+03	2.80829	319.0
1059	3.22647e+02	1.05900e+03	2.80677	319.5
1060	3.23155e+02	1.06000e+03	2.80523	320.0
1061	3.23656e+02	1.06100e+03	2.80369	320.5
1062	3.24167e+02	1.06200e+03	2.80214	321.0
1063	3.24675e+02	1.06300e+03	2.80059	321.5
1064	3.25183e+02	1.06400e+03	2.79901	322.0
1065	3.25684e+02	1.06500e+03	2.79743	322.5
1066	3.26171e+02	1.06600e+03	2.79584	323.0
1067	3.26663e+02	1.06700e+03	2.79425	323.5
1068	3.27153e+02	1.06800e+03	2.79262	324.0
1069	3.27645e+02	1.06900e+03	2.79099	324.5
1070	3.28154e+02	1.07000e+03	2.78934	325.0
1071	3.28668e+02	1.07100e+03	2.78769	325.5
1072	3.29177e+02	1.07200e+03	2.78597	326.0
1073	3.29662e+02	1.07300e+03	2.78426	326.5
1074	3.30179e+02	1.07400e+03	2.78253	327.0
1075	3.30701e+02	1.07500e+03	2.78078	327.5
1076	3.31225e+02	1.07600e+03	2.77896	328.0
1077	3.31731e+02	1.07700e+03	2.77714	328.5
1078	3.32246e+02	1.07800e+03	2.7753	329.0
1079	3.32750e+02	1.07900e+03	2.77345	329.5
1080	3.33254e+02	1.08000e+03	2.77152	330.0
1081	3.33747e+02	1.08100e+03	2.76959	330.5
1082	3.34255e+02	1.08200e+03	2.76764	331.0
1083	3.34769e+02	1.08300e+03	2.76567	331.5
1084	3.35295e+02	1.08400e+03	2.76358	332.0
1085	3.35802e+02	1.08500e+03	2.76149	332.5
1086	3.36305e+02	1.08600e+03	2.75936	333.0
1087	3.36822e+02	1.08700e+03	2.75719	333.5
1088	3.37318e+02	1.08800e+03	2.75484	334.0
1089	3.37830e+02	1.08900e+03	2.75252	334.5
1090	3.38334e+02	1.09000e+03	2.75016	335.0
1091	3.38844e+02	1.09100e+03	2.74777	335.5
1092	3.39349e+02	1.09200e+03	2.74521	336.0
1093	3.39847e+02	1.09300e+03	2.74269	336.5
1094	3.40369e+02	1.09400e+03	2.74013	337.0
1095	3.40863e+02	1.09500e+03	2.73753	337.5
1096	3.41371e+02	1.09600e+03	2.73478	338.0
1097	3.41882e+02	1.09700e+03	2.73203	338.5
1098	3.42408e+02	1.09800e+03	2.72923	339.0
1099	3.42933e+02	1.09900e+03	2.72639	339.5
1100	3.43449e+02	1.10000e+03	2.7233	340.0
1101	3.43965e+02	1.10100e+03	2.72021	340.5
1102	3.44512e+02	1.10200e+03	2.71704	341.0
1103	3.45031e+02	1.10300e+03	2.7138	341.5
1104	3.45540e+02	1.10400e+03	2.71021	342.0
1105	3.46030e+02	1.10500e+03	2.70664	342.5
1106	3.46522e+02	1.10600e+03	2.70299	343.0
1107	3.47057e+02	1.10700e+03	2.69926	343.5
1108	3.47577e+02	1.10800e+03	2.69512	344.0
1109	3.48083e+02	1.10900e+03	2.69103	344.5
1110	3.48593e+02	1.11000e+03	2.68685	345.0
1111	3.49101e+02	1.11100e+03	2.68259	345.5
1112	3.49579e+02	1.11200e+03	2.67791	346.0
1113	3.50048e+02	1.11300e+03	2.67327	346.5
1114	3.50535e+02	1.11400e+03	2.66853	347.0
1115	3.51023e+02	1.11500e+03	2.66369	347.5
1116	3.51521e+02	1.11600e+03	2.65836	348.0
1117	3.52027e+02	1.11700e+03	2.65303	348.5
1118	3.52543e+02	1.11800e+03	2.64755	349.0
1119	3.53056e+02	1.11900e+03	2.64194	349.5
1120	3.53561e+02	1.12000e+03	2.63565	350.0
1121	3.54089e+02	1.12100e+03	2.62941	350.5
1122	3.54584e+02	1.12200e+03	2.62301	351.0
1123	3.55084e+02	1.12300e+03	2.61647	351.5
1124	3.55584e+02	1.12400e+03	2.60917	352.0
1125	3.56081e+02	1.12500e+03	2.60198	352.5
1126	3.56583e+02	1.12600e+03	2.59465	353.0
1127	3.57075e+02	1.12700e+03	2.58718	353.5
1128	3.57567e+02	1.12800e+03	2.57897	354.0
1129	3.58087e+02	1.12900e+03	2.57084	354.5
1130	3.58570e+02	1.13000e+03	2.56253	355.0
1131	3.59061e+02	1.13100e+03	2.55405	355.5
1132	3.59552e+02	1.13200e+03	2.54473	356.0
1133	3.60045e+02	1.13300e+03	2.53545	356.5
1134	3.60529e+02	1.13400e+03	2.52595	357.0
1135	3.61023e+02	1.13500e+03	2.51624	357.5
1136	3.61518e+02	1.13600e+03	2.50547	358.0
1137	3.62013e+02	1.13700e+03	2.49477	358.5
1138	3.62515e+02	1.13800e+03	2.4838	359.0
1139	3.63007e+02	1.13900e+03	2.47258	359.5
1140	3.63504e+02	1.14000e+03	2.4601	360.0
1141	3.63982e+02	1.14100e+03	2.44775	360.5
1142	3.64473e+02	1.14200e+03	2.43512	361.0
1143	3.64977e+02	1.14300e+03	2.42223	361.5
1144	3.65480e+02	1.14400e+03	2.40801	362.0
1145	3.65986e+02	1.14500e+03	2.39401	362.5
1146	3.66482e+02	1.14600e+03	2.37977	363.0
1147	3.66974e+02	1.14700e+03	2.3653	363.5
1148	3.67477e+02	1.14800e+03	2.34966	364.0
1149	3.67967e+02	1.14900e+03	2.33421	364.5
1150	3.68465e+02	1.15000e+03	2.31854	365.0
1151	3.68969e+02	1.15100e+03	2.30265	365.5
1152	3.69464e+02	1.15200e+03	2.28564	366.0
1153	3.69965e+02	1.15300e+03	2.26873	366.5
1154	3.70449e+02	1.15400e+03	2.25154	367.0
1155	3.70941e+02	1.15500e+03	2.2341	367.5
1156	3.71429e+02	1.15600e+03	2.21541	368.0
1157	3.71908e+02	1.15700e+03	2.19689	368.5
1158	3.72409e+02	1.15800e+03	2.17812	369.0
1159	3.72905e+02	1.15900e+03	2.15911	369.5
1160	3.73388e+02	1.16000e+03	2.13888	370.0
1161	3.73883e+02	1.16100e+03	2.11884	370.5
1162	3.74377e+02	1.16200e+03	2.09857	371.0
1163	3.74874e+02	1.16300e+03	2.07809	371.5
1164	3.75357e+02	1.16400e+03	2.05652	372.0
1165	3.75842e+02	1.16500e+03	2.03513	372.5
1166	3.76325e+02	1.16600e+03	2.01355	373.0
1167	3.76824e+02	1.16700e+03	1.99178	373.5
1168	3.77304e+02	1.16800e+03	1.96905	374.0
1169	3.77794e+02	1.16900e+03	1.94647	374.5
1170	3.78282e+02	1.17000e+03	1.92371	375.0
1171	3.78771e+02	1.17100e+03	1.90077	375.5
1172	3.79276e+02	1.17200e+03	1.87699	376.0
1173	3.79764e+02	1.17300e+03	1.85335	376.5
1174	3.80248e+02	1.17400e+03	1.82958	377.0
1175	3.80745e+02	1.17500e+03	1.80567	377.5
1176	3.81237e+02	1.17600e+03	1.78105	378.0
1177	3.81730e+02	1.17700e+03	1.75656	378.5
1178	3.82218e+02	1.17800e+03	1.73196	379.0
1179	3.82700e+02	1.17900e+03	1.70723	379.5
1180	3.83199e+02	1.18000e+03	1.68191	380.0
1181	3.83686e+02	1.18100e+03	1.65669	380.5
1182	3.84188e+02	1.18200e+03	1.63138	381.0
1183	3.84681e+02	1.18300e+03	1.60596	381.5
1184	3.85186e+02	1.18400e+03	1.58005	382.0
1185	3.85676e+02	1.18500e+03	1.55425	382.5
1186	3.86166e+02	1.18600e+03	1.52838	383.0
1187	3.86666e+02	1.18700e+03	1.50246	383.5
1188	3.87155e+02	1.18800e+03	1.4762	384.0
1189	3.87629e+02	1.18900e+03	1.45005	384.5
1190	3.88131e+02	1.19000e+03	1.42389	385.0
1191	3.88627e+02	1.19100e+03	1.39773	385.5
1192	3.89136e+02	1.19200e+03	1.37144	386.0
1193	3.89642e+02	1.19300e+03	1.34522	386.5
1194	3.90123e+02	1.19400e+03	1.31899	387.0
1195	3.90627e+02	1.19500e+03	1.29276	387.5
1196	3.91143e+02	1.19600e+03	1.26649	388.0
1197	3.91642e+02	1.19700e+03	1.2402	388.5
1198	3.92148e+02	1.19800e+03	1.21391	389.0
1199	3.92647e+02	1.19900e+03	1.18762	389.5
1200	3.93150e+02	1.20000e+03	1.16133	390.0
1201	3.93663e+02	1.20100e+03	1.1351	390.5
1202	3.94146e+02	1.20200e+03	1.10893	391.0
1203	3.94650e+02	1.20300e+03	1.08279	391.5
1204	3.95186e+02	1.20400e+03	1.05683	392.0
1205	3.95692e+02	1.20500e+03	1.03085	392.5
1206	3.96195e+02	1.20600e+03	1.00491	393.0
1207	3.96701e+02	1.20700e+03	0.979003	393.5
1208	3.97203e+02	1.20800e+03	0.953279	394.0
1209	3.97708e+02	1.20900e+03	0.927511	394.5
1210	3.98223e+02	1.21000e+03	0.901749	395.0
1211	3.98728e+02	1.21100e+03	0.876003	395.5
1212	3.99235e+02	1.21200e+03	0.850347	396.0
1213	3.99759e+02	1.21300e+03	0.824635	396.5
1214	4.00302e+02	1.21400e+03	0.798902	397.0
1215	4.00799e+02	1.21500e+03	0.773163	397.5
1216	4.01305e+02	1.21600e+03	0.747457	398.0
1217	4.01807e+02	1.21700e+03	0.721807	398.5
1218	4.02327e+02	1.21800e+03	0.696242	399.0
1219	4.02848e+02	1.21900e+03	0.670747	399.5
1220	4.03356e+02	1.22000e+03	0.645583	400.0
1221	4.03861e+02	1.22100e+03	0.620524	400.5
1222	4.04375e+02	1.22200e+03	0.59568	401.0
1223	4.04883e+02	1.22300e+03	0.571012	401.5
1224	4.05386e+02	1.22400e+03	0.547274	402.0
1225	4.05912e+02	1.22500e+03	0.523605	402.5
1226	4.06418e+02	1.22600e+03	0.50032	403.0
1227	4.06931e+02	1.22700e+03	0.477357	403.5
1228	4.07452e+02	1.22800e+03	0.455992	404.0
1229	4.07968e+02	1.22900e+03	0.434574	404.5
1230	4.08472e+02	1.23000e+03	0.413626	405.0
1231	4.08977e+02	1.23100e+03	0.393077	405.5
1232	4.09502e+02	1.23200e+03	0.374597	406.0
1233	4.10021e+02	1.23300e+03	0.355582	406.5
1234	4.10521e+02	1.23400e+03	0.336964	407.0
1235	4.11060e+02	1.23500e+03	0.319824	407.5
1236	4.11585e+02	1.23600e+03	0.304095	408.0
1237	4.12076e+02	1.23700e+03	0.288136	408.5
1238	4.12591e+02	1.23800e+03	0.272656	409.0
1239	4.13118e+02	1.23900e+03	0.257602	409.5
1240	4.13615e+02	1.24000e+03	0.244539	410.0
1241	4.14112e+02	1.24100e+03	0.231155	410.5
1242	4.14629e+02	1.24200e+03	0.21815	411.0
1243	4.15157e+02	1.24300e+03	0.205502	411.5
1244	4.15690e+02	1.24400e+03	0.194669	412.0
1245	4.16231e+02	1.24500e+03	0.183539	412.5
1246	4.16778e+02	1.24600e+03	0.172732	413.0
1247	4.17295e+02	1.24700e+03	0.162234	413.5
1248	4.17831e+02	1.24800e+03	0.153326	414.0
1249	4.18320e+02	1.24900e+03	0.144138	414.5
1250	4.18795e+02	1.25000e+03	0.135219	415.0
1251	4.19345e+02	1.25100e+03	0.126563	415.5
1252	4.19838e+02	1.25200e+03	0.119262	416.0
1253	4.20374e+02	1.25300e+03	0.111733	416.5
1254	4.20885e+02	1.25400e+03	0.104445	417.0
1255	4.21364e+02	1.25500e+03	0.0973863	417.5
1256	4.21875e+02	1.25600e+03	0.0915049	418.0
1257	4.22375e+02	1.25700e+03	0.0854194	418.5
1258	4.22882e+02	1.25800e+03	0.0795355	419.0
1259	4.23384e+02	1.25900e+03	0.0738478	419.5
1260	4.23899e+02	1.26000e+03	0.0691706	420.0
1261	4.24408e+02	1.26100e+03	0.0643184	420.5
1262	4.24919e+02	1.26200e+03	0.059638	421.0
1263	4.25412e+02	1.26300e+03	0.0551243	421.5
1264	4.25905e+02	1.26400e+03	0.051464	422.0
1265	4.26405e+02	1.26500e+03	0.0476494	422.5
1266	4.26894e+02	1.26600e+03	0.0439749	423.0
1267	4.27396e+02	1.26700e+03	0.0404386	423.5
1268	4.27926e+02	1.26800e+03	0.0376117	424.0
1269	4.28423e+02	1.26900e+03	0.0346558	424.5
1270	4.28903e+02	1.27000e+03	0.0318136	425.0
1271	4.29367e+02	1.27100e+03	0.0290818	425.5
1272	4.29850e+02	1.27200e+03	0.026924	426.0
1273	4.30348e+02	1.27300e+03	0.0246528	426.5
1274	4.30831e+02	1.27400e+03	0.022468	427.0
1275	4.31333e+02	1.27500e+03	0.0203701	427.5
1276	4.31822e+02	1.27600e+03	0.0187184	428.0
1277	4.32323e+02	1.27700e+03	0.0169824	428.5
1278	4.32825e+02	1.27800e+03	0.0153159	429.0
1279	4.33301e+02	1.27900e+03	0.013718	429.5
1280	4.33817e+02	1.28000e+03	0.0124741	430.0
1281	4.34328e+02	1.28100e+03	0.01116	430.5
1282	4.34838e+02	1.28200e+03	0.00989802	431.0
1283	4.35321e+02	1.28300e+03	0.00868873	431.5
1284	4.35812e+02	1.28400e+03	0.00774673	432.0
1285	4.36287e+02	1.28500e+03	0.00674825	432.5
1286	4.36796e+02	1.28600e+03	0.0057865	433.0
1287	4.37291e+02	1.28700e+03	0.00486219	433.5
1288	4.37691e+02	1.28800e+03	0.00413094	434.0
1289	4.38174e+02	1.28900e+03	0.00335952	434.5
1290	4.38633e+02	1.29000e+03	0.00261637	435.0
1291	4.39111e+02	1.29100e+03	0.00190228	435.5
1292	4.39606e+02	1.29200e+03	0.00134004	436.0
1293	4.40098e+02	1.29300e+03	0.000752555	436.5
1294	4.40575e+02	1.29400e+03	0.00018957	437.0
1295	4.41074e+02	1.29500e+03	-0.000349999	437.5
1296	4.41559e+02	1.29600e+03	-0.000769056	438.0
1297	4.42058e+02	1.29700e+03	-0.0012194	438.5
1298	4.42537e+02	1.29800e+03	-0.00165943	439.0
1299	4.43016e+02	1.29900e+03	-0.00208718	439.5
1300	4.43509e+02	1.30000e+03	-0.00245055	440.0
1301	4.43998e+02	1.30100e+03	-0.00283358	440.5
1302	4.44487e+02	1.30200e+03	-0.00321078	441.0
1303	4.44972e+02	1.30300e+03	-0.00357996	441.5
1304	4.45464e+02	1.30400e+03	-0.00390954	442.0
1305	4.45961e+02	1.30500e+03	-0.00423771	442.5
1306	4.46445e+02	1.30600e+03	-0.00455263	443.0
1307	4.46927e+02	1.30700e+03	-0.00485653	443.5
1308	4.47430e+02	1.30800e+03	-0.00510095	444.0
1309	4.47940e+02	1.30900e+03	-0.00535112	444.5
1310	4.48432e+02	1.31000e+03	-0.00559008	445.0
1311	4.48940e+02	1.31100e+03	-0.00581946	445.5
1312	4.49462e+02	1.31200e+03	-0.00599504	446.0
1313	4.49920e+02	1.31300e+03	-0.00618838	446.5
1314	4.50399e+02	1.31400e+03	-0.00638209	447.0
1315	4.50884e+02	1.31500e+03	-0.00657447	447.5
1316	4.51401e+02	1.31600e+03	-0.00674816	448.0
1317	4.51914e+02	1.31700e+03	-0.00692702	448.5
1318	4.52396e+02	1.31800e+03	-0.00710169	449.0
1319	4.52946e+02	1.31900e+03	-0.00727096	449.5
1320	4.53420e+02	1.32000e+03	-0.00741757	450.0
1321	4.53911e+02	1.32100e+03	-0.0075569	450.5
1322	4.54436e+02	1.32200e+03	-0.00768593	451.0
1323	4.54925e+02	1.32300e+03	-0.00780738	451.5
1324	4.55432e+02	1.32400e+03	-0.0078858	452.0
1325	4.55909e+02	1.32500e+03	-0.00797866	452.5
1326	4.56380e+02	1.32600e+03	-0.00807166	453.0
1327	4.56888e+02	1.32700e+03	-0.00816345	453.5
1328	4.57401e+02	1.32800e+03	-0.00824365	454.0
1329	4.57908e+02	1.32900e+03	-0.00832937	454.5
1330	4.58413e+02	1.33000e+03	-0.0084134	455.0
1331	4.58899e+02	1.33100e+03	-0.00849488	455.5
1332	4.59376e+02	1.33200e+03	-0.00856889	456.0
1333	4.59861e+02	1.33300e+03	-0.0086338	456.5
1334	4.60349e+02	1.33400e+03	-0.00868924	457.0
1335	4.60833e+02	1.33500e+03	-0.00873857	457.5
1336	4.61312e+02	1.33600e+03	-0.0087493	458.0
1337	4.61796e+02	1.33700e+03	-0.00876656	458.5
1338	4.62289e+02	1.33800e+03	-0.00878019	459.0
1339	4.62773e+02	1.33900e+03	-0.00878997	459.5
1340	4.63270e+02	1.34000e+03	-0.00877624	460.0
1341	4.63789e+02	1.34100e+03	-0.00877587	460.5
1342	4.64289e+02	1.34200e+03	-0.00877826	461.0
1343	4.64802e+02	1.34300e+03	-0.00878098	461.5
1344	4.65322e+02	1.34400e+03	-0.00879284	462.0
1345	4.65827e+02	1.34500e+03	-0.00880542	462.5
1346	4.66364e+02	1.34600e+03	-0.00882067	463.0
1347	4.66901e+02	1.34700e+03	-0.00883798	463.5
1348	4.67400e+02	1.34800e+03	-0.00886538	464.0
1349	4.67896e+02	1.34900e+03	-0.00888882	464.5
1350	4.68389e+02	1.35000e+03	-0.00891154	465.0
1351	4.68869e+02	1.35100e+03	-0.0089337	465.5
1352	4.69349e+02	1.35200e+03	-0.00895541	466.0
1353	4.69846e+02	1.35300e+03	-0.0089746	466.5
1354	4.70332e+02	1.35400e+03	-0.0089919	467.0
1355	4.70825e+02	1.35500e+03	-0.00900836	467.5
1356	4.71330e+02	1.35600e+03	-0.00901966	468.0
1357	4.71820e+02	1.35700e+03	-0.00903445	468.5
1358	4.72312e+02	1.35800e+03	-0.00905124	469.0
1359	4.72813e+02	1.35900e+03	-0.00906938	469.5
1360	4.73307e+02	1.36000e+03	-0.00909185	470.0
1361	4.73812e+02	1.36100e+03	-0.00911492	470.5
1362	4.74312e+02	1.36200e+03	-0.00913909	471.0
1363	4.74821e+02	1.36300e+03	-0.00916393	471.5
1364	4.75314e+02	1.36400e+03	-0.00919167	472.0
1365	4.75812e+02	1.36500e+03	-0.00921474	472.5
1366	4.76299e+02	1.36600e+03	-0.00923534	473.0
1367	4.76783e+02	1.36700e+03	-0.00925403	473.5
1368	4.77275e+02	1.36800e+03	-0.0092648	474.0
1369	4.77750e+02	1.36900e+03	-0.00927839	474.5
1370	4.78238e+02	1.37000e+03	-0.00929206	475.0
1371	4.78743e+02	1.37100e+03	-0.00930539	475.5
1372	4.79240e+02	1.37200e+03	-0.00931761	476.0
1373	4.79725e+02	1.37300e+03	-0.0093334	476.5
1374	4.80192e+02	1.37400e+03	-0.00935188	477.0
1375	4.80663e+02	1.37500e+03	-0.00937227	477.5
1376	4.81134e+02	1.37600e+03	-0.00939906	478.0
1377	4.81590e+02	1.37700e+03	-0.00942397	478.5
1378	4.82061e+02	1.37800e+03	-0.00945029	479.0
1379	4.82546e+02	1.37900e+03	-0.00947777	479.5
1380	4.83046e+02	1.38000e+03	-0.00950798	480.0
1381	4.83561e+02	1.38100e+03	-0.00953518	480.5
1382	4.84067e+02	1.38200e+03	-0.00956058	481.0
1383	4.84553e+02	1.38300e+03	-0.00958457	481.5
1384	4.85067e+02	1.38400e+03	-0.00960374	482.0
1385	4.85581e+02	1.38500e+03	-0.00962342	482.5
1386	4.86074e+02	1.38600e+03	-0.00964298	483.0
1387	4.86569e+02	1.38700e+03	-0.00966238	483.5
1388	4.87076e+02	1.38800e+03	-0.00967848	484.0
1389	4.87576e+02	1.38900e+03	-0.00969849	484.5
1390	4.88114e+02	1.39000e+03	-0.00972029	485.0
1391	4.88658e+02	1.39100e+03	-0.00974288	485.5
1392	4.89186e+02	1.39200e+03	-0.00977008	486.0
1393	4.89702e+02	1.39300e+03	-0.00979532	486.5
1394	4.90205e+02	1.39400e+03	-0.00981921	487.0
1395	4.90684e+02	1.39500e+03	-0.0098418	487.5
1396	4.91140e+02	1.39600e+03	-0.00985932	488.0
1397	4.91578e+02	1.39700e+03	-0.00987271	488.5
1398	4.92068e+02	1.39800e+03	-0.00988146	489.0
1399	4.92484e+02	1.39900e+03	-0.00988705	489.5
1400	4.92922e+02	1.40000e+03	-0.00987765	490.0
1401	4.93423e+02	1.40100e+03	-0.00987499	490.5
1402	4.93908e+02	1.40200e+03	-0.0098744	491.0
1403	4.94378e+02	1.40300e+03	-0.00987423	491.5
1404	4.94867e+02	1.40400e+03	-0.00987497	492.0
1405	4.95373e+02	1.40500e+03	-0.00988055	492.5
1406	4.95864e+02	1.40600e+03	-0.00988838	493.0
1407	4.96360e+02	1.40700e+03	-0.00989681	493.5
1408	4.96888e+02	1.40800e+03	-0.00991241	494.0
1409	4.97394e+02	1.40900e+03	-0.0099205	494.5
1410	4.97864e+02	1.41000e+03	-0.00992453	495.0
1411	4.98331e+02	1.41100e+03	-0.00992647	495.5
1412	4.98796e+02	1.41200e+03	-0.00991916	496.0
1413	4.99274e+02	1.41300e+03	-0.00991347	496.5
1414	4.99762e+02	1.41400e+03	-0.00990643	497.0
1415	5.00229e+02	1.41500e+03	-0.00989869	497.5
1416	5.00686e+02	1.41600e+03	-0.00988909	498.0
1417	5.01175e+02	1.41700e+03	-0.00988705	498.5
1418	5.01651e+02	1.41800e+03	-0.0098916	499.0
1419	5.02129e+02	1.41900e+03	-0.00990043	499.5
1420	5.02610e+02	1.42000e+03	-0.00993024	500.0
1421	5.03100e+02	1.42100e+03	-0.00996034	500.5
1422	5.03566e+02	1.42200e+03	-0.00999593	501.0
1423	5.04046e+02	1.42300e+03	-0.0100359	501.5
1424	5.04530e+02	1.42400e+03	-0.010101	502.0
1425	5.05017e+02	1.42500e+03	-0.0101563	502.5
1426	5.05501e+02	1.42600e+03	-0.0102096	503.0
1427	5.05979e+02	1.42700e+03	-0.0102621	503.5
1428	5.06459e+02	1.42800e+03	-0.0103106	504.0
1429	5.06941e+02	1.42900e+03	-0.0103511	504.5
1430	5.07437e+02	1.43000e+03	-0.0103854	505.0
1431	5.07919e+02	1.43100e+03	-0.0104157	505.5
1432	5.08408e+02	1.43200e+03	-0.0104201	506.0
1433	5.08893e+02	1.43300e+03	-0.0104294	506.5
1434	5.09385e+02	1.43400e+03	-0.0104355	507.0
1435	5.09879e+02	1.43500e+03	-0.0104389	507.5
1436	5.10362e+02	1.43600e+03	-0.0104252	508.0
1437	5.10865e+02	1.43700e+03	-0.0104182	508.5
1438	5.11372e+02	1.43800e+03	-0.0104122	509.0
1439	5.11861e+02	1.43900e+03	-0.0104055	509.5
1440	5.12372e+02	1.44000e+03	-0.0103939	510.0
1441	5.12875e+02	1.44100e+03	-0.0103837	510.5
1442	5.13361e+02	1.44200e+03	-0.0103741	511.0
1443	5.13855e+02	1.44300e+03	-0.0103654	511.5
1444	5.14336e+02	1.44400e+03	-0.0103574	512.0
1445	5.14826e+02	1.44500e+03	-0.0103516	512.5
1446	5.15308e+02	1.44600e+03	-0.0103492	513.0
1447	5.15807e+02	1.44700e+03	-0.010349	513.5
1448	5.16299e+02	1.44800e+03	-0.0103554	514.0
1449	5.16768e+02	1.44900e+03	-0.0103592	514.5
1450	5.17253e+02	1.45000e+03	-0.0103629	515.0
1451	5.17731e+02	1.45100e+03	-0.0103671	515.5
1452	5.18206e+02	1.45200e+03	-0.0103769	516.0
1453	5.18672e+02	1.45300e+03	-0.010387	516.5
1454	5.19147e+02	1.45400e+03	-0.0103998	517.0
1455	5.19633e+02	1.45500e+03	-0.0104141	517.5
1456	5.20123e+02	1.45600e+03	-0.0104319	518.0
1457	5.20602e+02	1.45700e+03	-0.0104455	518.5
1458	5.21104e+02	1.45800e+03	-0.0104554	519.0
1459	5.21617e+02	1.45900e+03	-0.0104625	519.5
1460	5.22118e+02	1.46000e+03	-0.0104622	520.0
1461	5.22602e+02	1.46100e+03	-0.0104636	520.5
1462	5.23090e+02	1.46200e+03	-0.0104665	521.0
1463	5.23584e+02	1.46300e+03	-0.0104707	521.5
1464	5.24066e+02	1.46400e+03	-0.0104743	522.0
1465	5.24540e+02	1.46500e+03	-0.010484	522.5
1466	5.25029e+02	1.46600e+03	-0.0104958	523.0
1467	5.25515e+02	1.46700e+03	-0.0105078	523.5
1468	5.26008e+02	1.46800e+03	-0.0105281	524.0
1469	5.26502e+02	1.46900e+03	-0.0105409	524.5
1470	5.27006e+02	1.47000e+03	-0.0105499	525.0
1471	5.27515e+02	1.47100e+03	-0.0105561	525.5
1472	5.28026e+02	1.47200e+03	-0.0105488	526.0
1473	5.28536e+02	1.47300e+03	-0.0105418	526.5
1474	5.29056e+02	1.47400e+03	-0.0105314	527.0
1475	5.29555e+02	1.47500e+03	-0.0105189	527.5
1476	5.30051e+02	1.47600e+03	-0.010494	528.0
1477	5.30566e+02	1.47700e+03	-0.0104755	528.5
1478	5.31071e+02	1.47800e+03	-0.0104592	529.0
1479	5.31553e+02	1.47900e+03	-0.0104443	529.5
1480	5.32043e+02	1.48000e+03	-0.010436	530.0
1481	5.32537e+02	1.48100e+03	-0.0104312	530.5
1482	5.33011e+02	1.48200e+03	-0.0104298	531.0
1483	5.33489e+02	1.48300e+03	-0.01043	531.5
1484	5.33990e+02	1.48400e+03	-0.0104455	532.0
1485	5.34473e+02	1.48500e+03	-0.0104568	532.5
1486	5.34943e+02	1.48600e+03	-0.0104691	533.0
1487	5.35421e+02	1.48700e+03	-0.0104827	533.5
1488	5.35903e+02	1.48800e+03	-0.0105057	534.0
1489	5.36391e+02	1.48900e+03	-0.010526	534.5
1490	5.36891e+02	1.49000e+03	-0.0105444	535.0
1491	5.37355e+02	1.49100e+03	-0.0105612	535.5
1492	5.37838e+02	1.49200e+03	-0.0105779	536.0
1493	5.38333e+02	1.49300e+03	-0.0105934	536.5
1494	5.38822e+02	1.49400e+03	-0.0106109	537.0
1495	5.39314e+02	1.49500e+03	-0.0106304	537.5
1496	5.39789e+02	1.49600e+03	-0.0106549	538.0
1497	5.40248e+02	1.49700e+03	-0.0106875	538.5
1498	5.40721e+02	1.49800e+03	-0.0107241	539.0
1499	5.41210e+02	1.49900e+03	-0.0107619	539.5
1500	5.41695e+02	1.50000e+03	-0.0108099	540.0
1501	5.42178e+02	1.50100e+03	-0.0108397	540.5
1502	5.42675e+02	1.50200e+03	-0.0108568	541.0
1503	5.43178e+02	1.50300e+03	-0.0108658	541.5
1504	5.43671e+02	1.50400e+03	-0.0108244	542.0
1505	5.44155e+02	1.50500e+03	-0.0107826	542.5
1506	5.44640e+02	1.50600e+03	-0.010731	543.0
1507	5.45114e+02	1.50700e+03	-0.0106723	543.5
1508	5.45592e+02	1.50800e+03	-0.0105727	544.0
1509	5.46085e+02	1.50900e+03	-0.0105043	544.5
1510	5.46602e+02	1.51000e+03	-0.0104478	545.0
1511	5.47086e+02	1.51100e+03	-0.0103966	545.5
1512	5.47597e+02	1.51200e+03	-0.0103802	546.0
1513	5.48101e+02	1.51300e+03	-0.0103625	546.5
1514	5.48612e+02	1.51400e+03	-0.0103507	547.0
1515	5.49094e+02	1.51500e+03	-0.0103435	547.5
1516	5.49575e+02	1.51600e+03	-0.0103704	548.0
1517	5.50049e+02	1.51700e+03	-0.0103834	548.5
1518	5.50553e+02	1.51800e+03	-0.0103966	549.0
1519	5.51045e+02	1.51900e+03	-0.0104121	549.5
1520	5.51536e+02	1.52000e+03	-0.0104342	550.0
1521	5.52019e+02	1.52100e+03	-0.0104552	550.5
1522	5.52509e+02	1.52200e+03	-0.0104766	551.0
1523	5.52986e+02	1.52300e+03	-0.010498	551.5
1524	5.53472e+02	1.52400e+03	-0.0105228	552.0
1525	5.53963e+02	1.52500e+03	-0.0105455	552.5
1526	5.54461e+02	1.52600e+03	-0.0105684	553.0
1527	5.54980e+02	1.52700e+03	-0.0105922	553.5
1528	5.55480e+02	1.52800e+03	-0.0106164	554.0
1529	5.55992e+02	1.52900e+03	-0.0106409	554.5
1530	5.56503e+02	1.53000e+03	-0.0106634	555.0
1531	5.57020e+02	1.53100e+03	-0.0106834	555.5
1532	5.57517e+02	1.53200e+03	-0.0106975	556.0
1533	5.58032e+02	1.53300e+03	-0.0107065	556.5
1534	5.58554e+02	1.53400e+03	-0.0107106	557.0
1535	5.59090e+02	1.53500e+03	-0.010712	557.5
1536	5.59605e+02	1.53600e+03	-0.010696	558.0
1537	5.60120e+02	1.53700e+03	-0.0106864	558.5
1538	5.60617e+02	1.53800e+03	-0.0106755	559.0
1539	5.61113e+02	1.53900e+03	-0.0106626	559.5
1540	5.61589e+02	1.54000e+03	-0.0106421	560.0
1541	5.62076e+02	1.54100e+03	-0.0106206	560.5
1542	5.62552e+02	1.54200e+03	-0.010596	561.0
1543	5.63038e+02	1.54300e+03	-0.0105697	561.5
1544	5.63547e+02	1.54400e+03	-0.0105405	562.0
1545	5.64071e+02	1.54500e+03	-0.0105196	562.5
1546	5.64604e+02	1.54600e+03	-0.0105051	563.0
1547	5.65131e+02	1.54700e+03	-0.0104948	563.5
1548	5.65629e+02	1.54800e+03	-0.0105072	564.0
1549	5.66141e+02	1.54900e+03	-0.0105206	564.5
1550	5.66643e+02	1.55000e+03	-0.0105388	565.0
1551	5.67134e+02	1.55100e+03	-0.0105604	565.5
1552	5.67624e+02	1.55200e+03	-0.0106049	566.0
1553	5.68098e+02	1.55300e+03	-0.0106357	566.5
1554	5.68617e+02	1.55400e+03	-0.0106609	567.0
1555	5.69124e+02	1.55500e+03	-0.0106833	567.5
1556	5.69634e+02	1.55600e+03	-0.0106953	568.0
1557	5.70148e+02	1.55700e+03	-0.010706	568.5
1558	5.70654e+02	1.55800e+03	-0.0107136	569.0
1559	5.71116e+02	1.55900e+03	-0.0107196	569.5
1560	5.71602e+02	1.56000e+03	-0.0107151	570.0
1561	5.72104e+02	1.56100e+03	-0.0107195	570.5
1562	5.72597e+02	1.56200e+03	-0.0107269	571.0
1563	5.73071e+02	1.56300e+03	-0.0107349	571.5
1564	5.73559e+02	1.56400e+03	-0.0107478	572.0
1565	5.74033e+02	1.56500e+03	-0.0107566	572.5
1566	5.74516e+02	1.56600e+03	-0.0107625	573.0
1567	5.75009e+02	1.56700e+03	-0.0107662	573.5
1568	5.75499e+02	1.56800e+03	-0.0107611	574.0
1569	5.76008e+02	1.56900e+03	-0.0107546	574.5
1570	5.76505e+02	1.57000e+03	-0.0107458	575.0
1571	5.77012e+02	1.57100e+03	-0.0107356	575.5
1572	5.77530e+02	1.57200e+03	-0.0107158	576.0
1573	5.78040e+02	1.57300e+03	-0.0107028	576.5
1574	5.78545e+02	1.57400e+03	-0.0106922	577.0
1575	5.79078e+02	1.57500e+03	-0.0106828	577.5
1576	5.79588e+02	1.57600e+03	-0.0106808	578.0
1577	5.80103e+02	1.57700e+03	-0.010681	578.5
1578	5.80610e+02	1.57800e+03	-0.010687	579.0
1579	5.81130e+02	1.57900e+03	-0.0106976	579.5
1580	5.81648e+02	1.58000e+03	-0.0107283	580.0
1581	5.82165e+02	1.58100e+03	-0.0107576	580.5
1582	5.82665e+02	1.58200e+03	-0.0107858	581.0
1583	5.83171e+02	1.58300e+03	-0.0108126	581.5
1584	5.83662e+02	1.58400e+03	-0.0108437	582.0
1585	5.84147e+02	1.58500e+03	-0.01086	582.5
1586	5.84639e+02	1.58600e+03	-0.0108682	583.0
1587	5.85140e+02	1.58700e+03	-0.0108719	583.5
1588	5.85651e+02	1.58800e+03	-0.0108502	584.0
1589	5.86143e+02	1.58900e+03	-0.0108415	584.5
1590	5.86648e+02	1.59000e+03	-0.0108353	585.0
1591	5.87160e+02	1.59100e+03	-0.0108297	585.5
1592	5.87662e+02	1.59200e+03	-0.0108286	586.0
1593	5.88166e+02	1.59300e+03	-0.0108317	586.5
1594	5.88656e+02	1.59400e+03	-0.0108396	587.0
1595	5.89154e+02	1.59500e+03	-0.0108507	587.5
1596	5.89656e+02	1.59600e+03	-0.0108821	588.0
1597	5.90152e+02	1.59700e+03	-0.0109148	588.5
1598	5.90649e+02	1.59800e+03	-0.0109556	589.0
1599	5.91150e+02	1.59900e+03	-0.0110022	589.5
1600	5.91653e+02	1.60000e+03	-0.0110781	590.0
1601	5.92162e+02	1.60100e+03	-0.0111465	590.5
1602	5.92671e+02	1.60200e+03	-0.0112119	591.0
1603	5.93159e+02	1.60300e+03	-0.0112746	591.5
1604	5.93658e+02	1.60400e+03	-0.0113281	592.0
1605	5.94143e+02	1.60500e+03	-0.0113595	592.5
1606	5.94658e+02	1.60600e+03	-0.0113727	593.0
1607	5.95136e+02	1.60700e+03	-0.0113745	593.5
1608	5.95622e+02	1.60800e+03	-0.0113067	594.0
1609	5.96087e+02	1.60900e+03	-0.0112556	594.5
1610	5.96566e+02	1.61000e+03	-0.0112023	595.0
1611	5.97044e+02	1.61100e+03	-0.0111456	595.5
1612	5.97530e+02	1.61200e+03	-0.0110631	596.0
1613	5.98013e+02	1.61300e+03	-0.0110052	596.5
1614	5.98488e+02	1.61400e+03	-0.0109588	597.0
1615	5.98968e+02	1.61500e+03	-0.0109181	597.5
1616	5.99461e+02	1.61600e+03	-0.010915	598.0
1617	5.99934e+02	1.61700e+03	-0.0109074	598.5
1618	6.00393e+02	1.61800e+03	-0.0109042	599.0
1619	6.00877e+02	1.61900e+03	-0.0109043	599.5
1620	6.01341e+02	1.62000e+03	-0.0109294	600.0
1621	6.01822e+02	1.62100e+03	-0.0109397	600.5
1622	6.02321e+02	1.62200e+03	-0.0109473	601.0
1623	6.02807e+02	1.62300e+03	-0.0109551	601.5
1624	6.03268e+02	1.62400e+03	-0.0109581	602.0
1625	6.03735e+02	1.62500e+03	-0.0109637	602.5
1626	6.04214e+02	1.62600e+03	-0.0109711	603.0
1627	6.04696e+02	1.62700e+03	-0.01098	603.5
1628	6.05187e+02	1.62800e+03	-0.0109932	604.0
1629	6.05691e+02	1.62900e+03	-0.0110074	604.5
1630	6.06174e+02	1.63000e+03	-0.0110226	605.0
1631	6.06671e+02	1.63100e+03	-0.0110381	605.5
1632	6.07174e+02	1.63200e+03	-0.0110563	606.0
1633	6.07662e+02	1.63300e+03	-0.011069	606.5
1634	6.08161e+02	1.63400e+03	-0.0110789	607.0
1635	6.08646e+02	1.63500e+03	-0.0110875	607.5
1636	6.09147e+02	1.63600e+03	-0.0110889	608.0
1637	6.09654e+02	1.63700e+03	-0.0110943	608.5
1638	6.10153e+02	1.63800e+03	-0.0111019	609.0
1639	6.10633e+02	1.63900e+03	-0.0111113	609.5
1640	6.11122e+02	1.64000e+03	-0.0111259	610.0
1641	6.11619e+02	1.64100e+03	-0.0111421	610.5
1642	6.12111e+02	1.64200e+03	-0.0111602	611.0
1643	6.12598e+02	1.64300e+03	-0.0111793	611.5
1644	6.13080e+02	1.64400e+03	-0.0112048	612.0
1645	6.13562e+02	1.64500e+03	-0.0112235	612.5
1646	6.14073e+02	1.64600e+03	-0.0112387	613.0
1647	6.14530e+02	1.64700e+03	-0.0112523	613.5
1648	6.14982e+02	1.64800e+03	-0.0112582	614.0
1649	6.15480e+02	1.64900e+03	-0.0112654	614.5
1650	6.15943e+02	1.65000e+03	-0.0112705	615.0
1651	6.16408e+02	1.65100e+03	-0.0112731	615.5
1652	6.16883e+02	1.65200e+03	-0.0112647	616.0
1653	6.17380e+02	1.65300e+03	-0.0112568	616.5
1654	6.17876e+02	1.65400e+03	-0.0112457	617.0
1655	6.18385e+02	1.65500e+03	-0.0112317	617.5
1656	6.18887e+02	1.65600e+03	-0.011203	618.0
1657	6.19373e+02	1.65700e+03	-0.0111794	618.5
1658	6.19848e+02	1.65800e+03	-0.0111567	619.0
1659	6.20346e+02	1.65900e+03	-0.011134	619.5
1660	6.20850e+02	1.66000e+03	-0.0111103	620.0
1661	6.21325e+02	1.66100e+03	-0.0110945	620.5
1662	6.21835e+02	1.66200e+03	-0.0110857	621.0
1663	6.22372e+02	1.66300e+03	-0.0110812	621.5
1664	6.22841e+02	1.66400e+03	-0.0110992	622.0
1665	6.23325e+02	1.66500e+03	-0.0111145	622.5
1666	6.23805e+02	1.66600e+03	-0.0111327	623.0
1667	6.24321e+02	1.66700e+03	-0.0111536	623.5
1668	6.24828e+02	1.66800e+03	-0.0111889	624.0
1669	6.25346e+02	1.66900e+03	-0.0112126	624.5
1670	6.25863e+02	1.67000e+03	-0.0112319	625.0
1671	6.26379e+02	1.67100e+03	-0.0112493	625.5
1672	6.26883e+02	1.67200e+03	-0.0112536	626.0
1673	6.27384e+02	1.67300e+03	-0.0112577	626.5
1674	6.27904e+02	1.67400e+03	-0.0112577	627.0
1675	6.28419e+02	1.67500e+03	-0.011254	627.5
1676	6.28949e+02	1.67600e+03	-0.0112355	628.0
1677	6.29464e+02	1.67700e+03	-0.0112224	628.5
1678	6.29956e+02	1.67800e+03	-0.0112088	629.0
1679	6.30505e+02	1.67900e+03	-0.0111938	629.5
1680	6.31042e+02	1.68000e+03	-0.011173	630.0
1681	6.31556e+02	1.68100e+03	-0.0111559	630.5
1682	6.32027e+02	1.68200e+03	-0.0111392	631.0
1683	6.32479e+02	1.68300e+03	-0.011122	631.5
1684	6.32961e+02	1.68400e+03	-0.011103	632.0
1685	6.33457e+02	1.68500e+03	-0.0110849	632.5
1686	6.33939e+02	1.68600e+03	-0.011068	633.0
1687	6.34437e+02	1.68700e+03	-0.0110514	633.5
1688	6.34928e+02	1.68800e+03	-0.011035	634.0
1689	6.35397e+02	1.68900e+03	-0.0110206	634.5
1690	6.35873e+02	1.69000e+03	-0.0110088	635.0
1691	6.36354e+02	1.69100e+03	-0.0109991	635.5
1692	6.36833e+02	1.69200e+03	-0.0110005	636.0
1693	6.37332e+02	1.69300e+03	-0.0110036	636.5
1694	6.37819e+02	1.69400e+03	-0.0110122	637.0
1695	6.38321e+02	1.69500e+03	-0.0110253	637.5
1696	6.38825e+02	1.69600e+03	-0.0110629	638.0
1697	6.39331e+02	1.69700e+03	-0.011097	638.5
1698	6.39826e+02	1.69800e+03	-0.0111328	639.0
1699	6.40342e+02	1.69900e+03	-0.0111704	639.5
1700	6.40860e+02	1.70000e+03	-0.0112225	640.0
1701	6.41383e+02	1.70100e+03	-0.0112637	640.5
1702	6.41885e+02	1.70200e+03	-0.0113011	641.0
1703	6.42383e+02	1.70300e+03	-0.0113372	641.5
1704	6.42878e+02	1.70400e+03	-0.0113605	642.0
1705	6.43382e+02	1.70500e+03	-0.0113824	642.5
1706	6.43875e+02	1.70600e+03	-0.0113976	643.0
1707	6.44371e+02	1.70700e+03	-0.0114069	643.5
1708	6.44870e+02	1.70800e+03	-0.0113915	644.0
1709	6.45367e+02	1.70900e+03	-0.0113789	644.5
1710	6.45866e+02	1.71000e+03	-0.0113635	645.0
1711	6.46368e+02	1.71100e+03	-0.0113458	645.5
1712	6.46866e+02	1.71200e+03	-0.0113096	646.0
1713	6.47362e+02	1.71300e+03	-0.0112875	646.5
1714	6.47864e+02	1.71400e+03	-0.0112731	647.0
1715	6.48375e+02	1.71500e+03	-0.0112628	647.5
1716	6.48869e+02	1.71600e+03	-0.0112689	648.0
1717	6.49368e+02	1.71700e+03	-0.011274	648.5
1718	6.49855e+02	1.71800e+03	-0.0112821	649.0
1719	6.50357e+02	1.71900e+03	-0.0112929	649.5
1720	6.50853e+02	1.72000e+03	-0.0113201	650.0
1721	6.51361e+02	1.72100e+03	-0.0113376	650.5
1722	6.51866e+02	1.72200e+03	-0.0113516	651.0
1723	6.52365e+02	1.72300e+03	-0.0113646	651.5
1724	6.52856e+02	1.72400e+03	-0.0113747	652.0
1725	6.53378e+02	1.72500e+03	-0.0113854	652.5
1726	6.53886e+02	1.72600e+03	-0.0113945	653.0
1727	6.54396e+02	1.72700e+03	-0.0114019	653.5
1728	6.54903e+02	1.72800e+03	-0.0114006	654.0
1729	6.55398e+02	1.72900e+03	-0.0113994	654.5
1730	6.55913e+02	1.73000e+03	-0.0113963	655.0
1731	6.56416e+02	1.73100e+03	-0.0113914	655.5
1732	6.56919e+02	1.73200e+03	-0.0113759	656.0
1733	6.57413e+02	1.73300e+03	-0.0113649	656.5
1734	6.57904e+02	1.73400e+03	-0.0113556	657.0
1735	6.58400e+02	1.73500e+03	-0.011347	657.5
1736	6.58894e+02	1.73600e+03	-0.0113382	658.0
1737	6.59391e+02	1.73700e+03	-0.0113302	658.5
1738	6.59894e+02	1.73800e+03	-0.0113226	659.0
1739	6.60394e+02	1.73900e+03	-0.0113157	659.5
1740	6.60886e+02	1.74000e+03	-0.0113138	660.0
1741	6.61388e+02	1.74100e+03	-0.0113102	660.5
1742	6.61885e+02	1.74200e+03	-0.0113061	661.0
1743	6.62378e+02	1.74300e+03	-0.0113021	661.5
1744	6.62868e+02	1.74400e+03	-0.0112996	662.0
1745	6.63368e+02	1.74500e+03	-0.0112979	662.5
1746	6.63872e+02	1.74600e+03	-0.0112975	663.0
1747	6.64362e+02	1.74700e+03	-0.0112976	663.5
1748	6.64863e+02	1.74800e+03	-0.0113019	664.0
1749	6.65376e+02	1.74900e+03	-0.0113075	664.5
1750	6.65871e+02	1.75000e+03	-0.0113144	665.0
1751	6.66381e+02	1.75100e+03	-0.0113215	665.5
1752	6.66883e+02	1.75200e+03	-0.0113309	666.0
1753	6.67373e+02	1.75300e+03	-0.0113364	666.5
1754	6.67874e+02	1.75400e+03	-0.0113416	667.0
1755	6.68373e+02	1.75500e+03	-0.0113475	667.5
1756	6.68876e+02	1.75600e+03	-0.0113509	668.0
1757	6.69383e+02	1.75700e+03	-0.0113562	668.5
1758	6.69882e+02	1.75800e+03	-0.0113611	669.0
1759	6.70386e+02	1.75900e+03	-0.0113654	669.5
1760	6.70883e+02	1.76000e+03	-0.0113703	670.0
1761	6.71389e+02	1.76100e+03	-0.0113714	670.5
1762	6.71880e+02	1.76200e+03	-0.0113691	671.0
1763	6.72379e+02	1.76300e+03	-0.0113646	671.5
1764	6.72876e+02	1.76400e+03	-0.0113541	672.0
1765	6.73376e+02	1.76500e+03	-0.0113496	672.5
1766	6.73878e+02	1.76600e+03	-0.0113484	673.0
1767	6.74377e+02	1.76700e+03	-0.0113483	673.5
1768	6.74879e+02	1.76800e+03	-0.011352	674.0
1769	6.75379e+02	1.76900e+03	-0.0113558	674.5
1770	6.75889e+02	1.77000e+03	-0.0113624	675.0
1771	6.76382e+02	1.77100e+03	-0.0113714	675.5
1772	6.76896e+02	1.77200e+03	-0.0113872	676.0
1773	6.77389e+02	1.77300e+03	-0.0114004	676.5
1774	6.77873e+02	1.77400e+03	-0.0114133	677.0
1775	6.78362e+02	1.77500e+03	-0.0114258	677.5
1776	6.78869e+02	1.77600e+03	-0.0114386	678.0
1777	6.79357e+02	1.77700e+03	-0.0114475	678.5
1778	6.79863e+02	1.77800e+03	-0.0114537	679.0
1779	6.80374e+02	1.77900e+03	-0.0114588	679.5
1780	6.80873e+02	1.78000e+03	-0.0114598	680.0
1781	6.81368e+02	1.78100e+03	-0.0114668	680.5
1782	6.81862e+02	1.78200e+03	-0.0114767	681.0
1783	6.82357e+02	1.78300e+03	-0.0114881	681.5
1784	6.82840e+02	1.78400e+03	-0.0115065	682.0
1785	6.83336e+02	1.78500e+03	-0.0115237	682.5
1786	6.83832e+02	1.78600e+03	-0.0115414	683.0
1787	6.84335e+02	1.78700e+03	-0.0115587	683.5
1788	6.84825e+02	1.78800e+03	-0.0115753	684.0
1789	6.85321e+02	1.78900e+03	-0.0115884	684.5
1790	6.85825e+02	1.79000e+03	-0.0116005	685.0
1791	6.86312e+02	1.79100e+03	-0.0116121	685.5
1792	6.86819e+02	1.79200e+03	-0.0116155	686.0
1793	6.87315e+02	1.79300e+03	-0.0116211	686.5
1794	6.87796e+02	1.79400e+03	-0.0116243	687.0
1795	6.87992e+02	1.79500e+03	-0.0116253	687.5
1796	6.88195e+02	1.79600e+03	-0.0116159	688.0
1797	6.88501e+02	1.79700e+03	-0.0116023	688.5
1798	6.88867e+02	1.79800e+03	-0.0115848	689.0
1799	6.89246e+02	1.79900e+03	-0.0115658	689.5
1800	6.89614e+02	1.80000e+03	-0.0115288	690.0
1801	6.89978e+02	1.80100e+03	-0.0115049	690.5
1802	6.90328e+02	1.80200e+03	-0.011489	691.0
1803	6.90678e+02	1.80300e+03	-0.0114775	691.5
1804	6.91003e+02	1.80400e+03	-0.0114721	692.0
1805	6.91311e+02	1.80500e+03	-0.0114685	692.5
1806	6.91611e+02	1.80600e+03	-0.0114686	693.0
1807	6.91910e+02	1.80700e+03	-0.0114704	693.5
1808	6.92207e+02	1.80800e+03	-0.0114805	694.0
1809	6.92505e+02	1.80900e+03	-0.0114828	694.5
1810	6.92794e+02	1.81000e+03	-0.011483	695.0
1811	6.93030e+02	1.81100e+03	-0.011483	695.5
1812	6.93284e+02	1.81200e+03	-0.0114804	696.0
1813	6.93536e+02	1.81300e+03	-0.0114788	696.5
1814	6.93771e+02	1.81400e+03	-0.0114745	697.0
1815	6.94005e+02	1.81500e+03	-0.0114674	697.5
1816	6.94231e+02	1.81600e+03	-0.0114596	698.0
1817	6.94437e+02	1.81700e+03	-0.0114523	698.5
1818	6.94659e+02	1.81800e+03	-0.0114454	699.0
1819	6.94874e+02	1.81900e+03	-0.0114387	699.5
1820	6.95082e+02	1.82000e+03	-0.0114323	700.0
1821	6.95272e+02	1.82100e+03	-0.0114308	700.0
1822	6.95467e+02	1.82200e+03	-0.0114346	700.0
1823	6.95653e+02	1.82300e+03	-0.0114421	700.0
1824	6.95833e+02	1.82400e+03	-0.011464	700.0
1825	6.96022e+02	1.82500e+03	-0.0114802	700.0
1826	6.96216e+02	1.82600e+03	-0.0114954	700.0
1827	6.96384e+02	1.82700e+03	-0.0115116	700.0
1828	6.96546e+02	1.82800e+03	-0.0115353	700.0
1829	6.96717e+02	1.82900e+03	-0.0115548	700.0
1830	6.96890e+02	1.83000e+03	-0.0115717	700.0
1831	6.97065e+02	1.83100e+03	-0.0115859	700.0
1832	6.97224e+02	1.83200e+03	-0.0115949	700.0
1833	6.97372e+02	1.83300e+03	-0.0116031	700.0
1834	6.97531e+02	1.83400e+03	-0.0116062	700.0
1835	6.97667e+02	1.83500e+03	-0.0116052	700.0
1836	6.97791e+02	1.83600e+03	-0.0115944	700.0
1837	6.97924e+02	1.83700e+03	-0.0115883	700.0
1838	6.98039e+02	1.83800e+03	-0.0115832	700.0
1839	6.98129e+02	1.83900e+03	-0.0115786	700.0
1840	6.98252e+02	1.84000e+03	-0.0115712	700.0
1841	6.98375e+02	1.84100e+03	-0.0115639	700.0
1842	6.98479e+02	1.84200e+03	-0.0115527	700.0
1843	6.98556e+02	1.84300e+03	-0.0115385	700.0
1844	6.98662e+02	1.84400e+03	-0.0115233	700.0
1845	6.98767e+02	1.84500e+03	-0.0115076	700.0
1846	6.98876e+02	1.84600e+03	-0.0114894	700.0
1847	6.98972e+02	1.84700e+03	-0.0114696	700.0
1848	6.99080e+02	1.84800e+03	-0.0114449	700.0
1849	6.99178e+02	1.84900e+03	-0.0114261	700.0
1850	6.99265e+02	1.85000e+03	-0.0114124	700.0
1851	6.99352e+02	1.85100e+03	-0.0114014	700.0
1852	6.99418e+02	1.85200e+03	-0.0113978	700.0
1853	6.99475e+02	1.85300e+03	-0.0113964	700.0
1854	6.99546e+02	1.85400e+03	-0.0113988	700.0
1855	6.99609e+02	1.85500e+03	-0.0114026	700.0
1856	6.99680e+02	1.85600e+03	-0.0114143	700.0
1857	6.99750e+02	1.85700e+03	-0.0114206	700.0
1858	6.99800e+02	1.85800e+03	-0.011429	700.0
1859	6.99876e+02	1.85900e+03	-0.0114398	700.0
1860	6.99924e+02	1.86000e+03	-0.0114494	700.0
1861	6.99944e+02	1.86100e+03	-0.0114591	700.0
1862	6.99979e+02	1.86200e+03	-0.0114681	700.0
1863	7.00021e+02	1.86300e+03	-0.0114764	700.0
1864	7.00073e+02	1.86400e+03	-0.0114838	700.0
1865	7.00141e+02	1.86500e+03	-0.0114879	700.0
1866	7.00208e+02	1.86600e+03	-0.0114892	700.0
1867	7.00281e+02	1.86700e+03	-0.0114886	700.0
1868	7.00343e+02	1.86800e+03	-0.0114763	700.0
1869	7.00399e+02	1.86900e+03	-0.0114655	700.0
1870	7.00457e+02	1.87000e+03	-0.0114532	700.0
1871	7.00512e+02	1.87100e+03	-0.0114394	700.0
1872	7.00563e+02	1.87200e+03	-0.0114171	700.0
1873	7.00622e+02	1.87300e+03	-0.0113992	700.0
1874	7.00654e+02	1.87400e+03	-0.0113823	700.0
1875	7.00672e+02	1.87500e+03	-0.0113658	700.0
1876	7.00706e+02	1.87600e+03	-0.011352	700.0
1877	7.00751e+02	1.87700e+03	-0.0113397	700.0
1878	7.00781e+02	1.87800e+03	-0.011329	700.0
1879	7.00819e+02	1.87900e+03	-0.0113194	700.0
1880	7.00878e+02	1.88000e+03	-0.0113166	700.0
1881	7.00925e+02	1.88100e+03	-0.011312	700.0
1882	7.00954e+02	1.88200e+03	-0.0113078	700.0
1883	7.00990e+02	1.88300e+03	-0.0113043	700.0
1884	7.01022e+02	1.88400e+03	-0.0113042	700.0
1885	7.01073e+02	1.88500e+03	-0.011303	700.0
1886	7.01129e+02	1.88600e+03	-0.0113019	700.0
1887	7.01170e+02	1.88700e+03	-0.0113012	700.0
1888	7.01185e+02	1.88800e+03	-0.011303	700.0
1889	7.01216e+02	1.88900e+03	-0.0113053	700.0
1890	7.01243e+02	1.89000e+03	-0.0113088	700.0
1891	7.01277e+02	1.89100e+03	-0.0113131	700.0
1892	7.01302e+02	1.89200e+03	-0.0113224	700.0
1893	7.01351e+02	1.89300e+03	-0.0113309	700.0
1894	7.01378e+02	1.89400e+03	-0.0113396	700.0
1895	7.01403e+02	1.89500e+03	-0.0113486	700.0
1896	7.01424e+02	1.89600e+03	-0.0113636	700.0
1897	7.01461e+02	1.89700e+03	-0.0113802	700.0
1898	7.01476e+02	1.89800e+03	-0.011398	700.0
1899	7.01497e+02	1.89900e+03	-0.0114157	700.0
1900	7.01520e+02	1.90000e+03	-0.0114358	700.0
1901	7.01542e+02	1.90100e+03	-0.0114517	700.0
1902	7.01553e+02	1.90200e+03	-0.0114653	700.0
1903	7.01580e+02	1.90300e+03	-0.0114776	700.0
1904	7.01589e+02	1.90400e+03	-0.011484	700.0
1905	7.01607e+02	1.90500e+03	-0.0114934	700.0
1906	7.01632e+02	1.90600e+03	-0.0115039	700.0
1907	7.01650e+02	1.90700e+03	-0.011515	700.0
1908	7.01663e+02	1.90800e+03	-0.0115285	700.0
1909	7.01696e+02	1.90900e+03	-0.0115415	700.0
1910	7.01707e+02	1.91000e+03	-0.0115511	700.0
1911	7.01711e+02	1.91100e+03	-0.0115577	700.0
1912	7.01722e+02	1.91200e+03	-0.0115578	700.0
1913	7.01739e+02	1.91300e+03	-0.0115537	700.0
1914	7.01753e+02	1.91400e+03	-0.0115482	700.0
1915	7.01774e+02	1.91500e+03	-0.0115423	700.0
1916	7.01781e+02	1.91600e+03	-0.0115223	700.0
1917	7.01799e+02	1.91700e+03	-0.0115109	700.0
1918	7.01806e+02	1.91800e+03	-0.0115012	700.0
1919	7.01818e+02	1.91900e+03	-0.0114917	700.0
1920	7.01839e+02	1.92000e+03	-0.0114855	700.0
1921	7.01863e+02	1.92100e+03	-0.0114767	700.0
1922	7.01874e+02	1.92200e+03	-0.0114673	700.0
1923	7.01878e+02	1.92300e+03	-0.0114578	700.0
1924	7.01891e+02	1.92400e+03	-0.0114486	700.0
1925	7.01911e+02	1.92500e+03	-0.0114444	700.0
1926	7.01931e+02	1.92600e+03	-0.0114436	700.0
1927	7.01942e+02	1.92700e+03	-0.0114434	700.0
1928	7.01954e+02	1.92800e+03	-0.0114474	700.0
1929	7.01968e+02	1.92900e+03	-0.0114474	700.0
1930	7.01979e+02	1.93000e+03	-0.0114456	700.0
1931	7.01994e+02	1.93100e+03	-0.0114431	700.0
1932	7.02000e+02	1.93200e+03	-0.0114373	700.0
1933	7.02021e+02	1.93300e+03	-0.0114325	700.0
1934	7.02022e+02	1.93400e+03	-0.0114278	700.0
1935	7.02026e+02	1.93500e+03	-0.011423	700.0
1936	7.02037e+02	1.93600e+03	-0.0114166	700.0
1937	7.02042e+02	1.93700e+03	-0.0114081	700.0
1938	7.02055e+02	1.93800e+03	-0.0113972	700.0
1939	7.02065e+02	1.93900e+03	-0.0113861	700.0
1940	7.02076e+02	1.94000e+03	-0.0113773	700.0
1941	7.02083e+02	1.94100e+03	-0.0113725	700.0
1942	7.02094e+02	1.94200e+03	-0.0113713	700.0
1943	7.02096e+02	1.94300e+03	-0.0113725	700.0
1944	7.02109e+02	1.94400e+03	-0.0113861	700.0
1945	7.02113e+02	1.94500e+03	-0.0113978	700.0
1946	7.02122e+02	1.94600e+03	-0.0114112	700.0
1947	7.02137e+02	1.94700e+03	-0.0114261	700.0
1948	7.02143e+02	1.94800e+03	-0.0114495	700.0
1949	7.02152e+02	1.94900e+03	-0.0114683	700.0
1950	7.02161e+02	1.95000e+03	-0.011486	700.0
1951	7.02166e+02	1.95100e+03	-0.0115033	700.0
1952	7.02179e+02	1.95200e+03	-0.0115101	700.0
1953	7.02186e+02	1.95300e+03	-0.0115122	700.0
1954	7.02197e+02	1.95400e+03	-0.0115114	700.0
1955	7.02205e+02	1.95500e+03	-0.011509	700.0
1956	7.02206e+02	1.95600e+03	-0.0114908	700.0
1957	7.02210e+02	1.95700e+03	-0.0114813	700.0
1958	7.02221e+02	1.95800e+03	-0.0114742	700.0
1959	7.02227e+02	1.95900e+03	-0.0114679	700.0
1960	7.02229e+02	1.96000e+03	-0.0114667	700.0
1961	7.02246e+02	1.96100e+03	-0.0114662	700.0
1962	7.02247e+02	1.96200e+03	-0.0114671	700.0
1963	7.02249e+02	1.96300e+03	-0.0114689	700.0
1964	7.02252e+02	1.96400e+03	-0.0114776	700.0
1965	7.02259e+02	1.96500e+03	-0.0114836	700.0
1966	7.02274e+02	1.96600e+03	-0.0114901	700.0
1967	7.02277e+02	1.96700e+03	-0.0114972	700.0
1968	7.02280e+02	1.96800e+03	-0.011507	700.0
1969	7.02287e+02	1.96900e+03	-0.0115167	700.0
1970	7.02291e+02	1.97000e+03	-0.0115261	700.0
1971	7.02295e+02	1.97100e+03	-0.0115344	700.0
1972	7.02296e+02	1.97200e+03	-0.0115384	700.0
1973	7.02310e+02	1.97300e+03	-0.0115401	700.0
1974	7.02311e+02	1.97400e+03	-0.0115417	700.0
1975	7.02311e+02	1.97500e+03	-0.0115434	700.0
1976	7.02314e+02	1.97600e+03	-0.0115389	700.0
1977	7.02320e+02	1.97700e+03	-0.0115379	700.0
1978	7.02327e+02	1.97800e+03	-0.0115336	700.0
1979	7.02328e+02	1.97900e+03	-0.0115266	700.0
1980	7.02325e+02	1.98000e+03	-0.0115185	700.0
1981	7.02330e+02	1.98100e+03	-0.0115082	700.0
1982	7.02340e+02	1.98200e+03	-0.011497	700.0
1983	7.02340e+02	1.98300e+03	-0.0114856	700.0
1984	7.02336e+02	1.98400e+03	-0.0114689	700.0
1985	7.02348e+02	1.98500e+03	-0.0114585	700.0
1986	7.02352e+02	1.98600e+03	-0.011451	700.0
1987	7.02365e+02	1.98700e+03	-0.0114453	700.0
1988	7.02353e+02	1.98800e+03	-0.0114517	700.0
1989	7.02363e+02	1.98900e+03	-0.0114574	700.0
1990	7.02371e+02	1.99000e+03	-0.0114659	700.0
1991	7.02375e+02	1.99100e+03	-0.0114768	700.0
1992	7.02370e+02	1.99200e+03	-0.0115004	700.0
1993	7.02373e+02	1.99300e+03	-0.0115195	700.0
1994	7.02379e+02	1.99400e+03	-0.011538	700.0
1995	7.02386e+02	1.99500e+03	-0.0115563	700.0
1996	7.02392e+02	1.99600e+03	-0.0115748	700.0
1997	7.02402e+02	1.99700e+03	-0.011589	700.0
1998	7.02393e+02	1.99800e+03	-0.0116004	700.0
1999	7.02397e+02	1.99900e+03	-0.0116102	700.0
2000	7.02400e+02	2.00000e+03	-0.0116035	700.0
2001	7.02413e+02	2.00100e+03	-0.0115963	700.0
2002	7.02416e+02	2.00200e+03	-0.0115871	700.0
2003	7.02416e+02	2.00300e+03	-0.0115767	700.0
2004	7.02417e+02	2.00400e+03	-0.0115548	700.0
2005	7.02427e+02	2.00500e+03	-0.0115412	700.0
2006	7.02422e+02	2.00600e+03	-0.0115308	700.0
2007	7.02421e+02	2.00700e+03	-0.011522	700.0
2008	7.02422e+02	2.00800e+03	-0.011522	700.0
2009	7.02428e+02	2.00900e+03	-0.0115213	700.0
2010	7.02424e+02	2.01000e+03	-0.0115225	700.0
2011	7.02428e+02	2.01100e+03	-0.0115251	700.0
2012	7.02435e+02	2.01200e+03	-0.0115366	700.0
2013	7.02430e+02	2.01300e+03	-0.0115453	700.0
2014	7.02434e+02	2.01400e+03	-0.0115547	700.0
2015	7.02436e+02	2.01500e+03	-0.0115651	700.0
2016	7.02436e+02	2.01600e+03	-0.0115808	700.0
2017	7.02442e+02	2.01700e+03	-0.0115958	700.0
2018	7.02448e+02	2.01800e+03	-0.0116095	700.0
2019	7.02444e+02	2.01900e+03	-0.011621	700.0
2020	7.02451e+02	2.02000e+03	-0.01163	700.0
2021	7.02449e+02	2.02100e+03	-0.0116368	700.0
2022	7.02457e+02	2.02200e+03	-0.0116421	700.0
2023	7.02451e+02	2.02300e+03	-0.0116465	700.0
2024	7.02464e+02	2.02400e+03	-0.0116342	700.0
2025	7.02454e+02	2.02500e+03	-0.0116223	700.0
2026	7.02456e+02	2.02600e+03	-0.0116086	700.0
2027	7.02464e+02	2.02700e+03	-0.0115942	700.0
2028	7.02468e+02	2.02800e+03	-0.011571	700.0
2029	7.02474e+02	2.02900e+03	-0.0115553	700.0
2030	7.02470e+02	2.03000e+03	-0.0115433	700.0
2031	7.02460e+02	2.03100e+03	-0.0115333	700.0
2032	7.02474e+02	2.03200e+03	-0.0115348	700.0
2033	7.02481e+02	2.03300e+03	-0.0115364	700.0
2034	7.02478e+02	2.03400e+03	-0.0115409	700.0
2035	7.02473e+02	2.03500e+03	-0.0115478	700.0
2036	7.02476e+02	2.03600e+03	-0.0115685	700.0
2037	7.02482e+02	2.03700e+03	-0.0115844	700.0
2038	7.02489e+02	2.03800e+03	-0.0116003	700.0
2039	7.02479e+02	2.03900e+03	-0.0116165	700.0
2040	7.02478e+02	2.04000e+03	-0.011636	700.0
2041	7.02483e+02	2.04100e+03	-0.0116528	700.0
2042	7.02487e+02	2.04200e+03	-0.0116687	700.0
2043	7.02485e+02	2.04300e+03	-0.0116842	700.0
2044	7.02488e+02	2.04400e+03	-0.0116957	700.0
2045	7.02480e+02	2.04500e+03	-0.0117071	700.0
2046	7.02492e+02	2.04600e+03	-0.011717	700.0
2047	7.02489e+02	2.04700e+03	-0.0117256	700.0
2048	7.02484e+02	2.04800e+03	-0.011727	700.0
2049	7.02477e+02	2.04900e+03	-0.0117271	700.0
2050	7.02488e+02	2.05000e+03	-0.0117214	700.0
2051	7.02485e+02	2.05100e+03	-0.0117113	700.0
2052	7.02476e+02	2.05200e+03	-0.0116909	700.0
2053	7.02468e+02	2.05300e+03	-0.0116759	700.0
2054	7.02460e+02	2.05400e+03	-0.0116631	700.0
2055	7.02468e+02	2.05500e+03	-0.0116516	700.0
2056	7.02465e+02	2.05600e+03	-0.0116439	700.0
2057	7.02474e+02	2.05700e+03	-0.0116412	700.0
2058	7.02469e+02	2.05800e+03	-0.0116428	700.0
2059	7.02467e+02	2.05900e+03	-0.011647	700.0
2060	7.02465e+02	2.06000e+03	-0.0116679	700.0
2061	7.02469e+02	2.06100e+03	-0.011681	700.0
2062	7.02459e+02	2.06200e+03	-0.0116897	700.0
2063	7.02451e+02	2.06300e+03	-0.0116959	700.0
2064	7.02451e+02	2.06400e+03	-0.0117009	700.0
2065	7.02452e+02	2.06500e+03	-0.0117039	700.0
2066	7.02454e+02	2.06600e+03	-0.0117057	700.0
2067	7.02461e+02	2.06700e+03	-0.011707	700.0
2068	7.02457e+02	2.06800e+03	-0.0117004	700.0
2069	7.02452e+02	2.06900e+03	-0.0116962	700.0
2070	7.02454e+02	2.07000e+03	-0.0116897	700.0
2071	7.02455e+02	2.07100e+03	-0.0116818	700.0
2072	7.02447e+02	2.07200e+03	-0.0116761	700.0
2073	7.02447e+02	2.07300e+03	-0.0116737	700.0
2074	7.02452e+02	2.07400e+03	-0.0116751	700.0
2075	7.02453e+02	2.07500e+03	-0.011679	700.0
2076	7.02447e+02	2.07600e+03	-0.0116947	700.0
2077	7.02447e+02	2.07700e+03	-0.0117103	700.0
2078	7.02443e+02	2.07800e+03	-0.0117266	700.0
2079	7.02448e+02	2.07900e+03	-0.0117416	700.0
2080	7.02449e+02	2.08000e+03	-0.0117582	700.0
2081	7.02443e+02	2.08100e+03	-0.0117672	700.0
2082	7.02444e+02	2.08200e+03	-0.0117728	700.0
2083	7.02444e+02	2.08300e+03	-0.0117766	700.0
2084	7.02444e+02	2.08400e+03	-0.0117614	700.0
2085	7.02445e+02	2.08500e+03	-0.0117523	700.0
2086	7.02445e+02	2.08600e+03	-0.011742	700.0
2087	7.02443e+02	2.08700e+03	-0.0117301	700.0
2088	7.02449e+02	2.08800e+03	-0.0117092	700.0
2089	7.02444e+02	2.08900e+03	-0.0116874	700.0
2090	7.02442e+02	2.09000e+03	-0.0116619	700.0
2091	7.02443e+02	2.09100e+03	-0.0116344	700.0
2092	7.02433e+02	2.09200e+03	-0.0116023	700.0
2093	7.02436e+02	2.09300e+03	-0.0115748	700.0
2094	7.02445e+02	2.09400e+03	-0.0115478	700.0
2095	7.02434e+02	2.09500e+03	-0.0115215	700.0
2096	7.02428e+02	2.09600e+03	-0.0115059	700.0
2097	7.02427e+02	2.09700e+03	-0.011492	700.0
2098	7.02427e+02	2.09800e+03	-0.0114817	700.0
2099	7.02428e+02	2.09900e+03	-0.0114741	700.0
2100	7.02428e+02	2.10000e+03	-0.0114799	700.0
2101	7.02424e+02	2.10100e+03	-0.0114808	700.0
2102	7.02421e+02	2.10200e+03	-0.0114819	700.0
2103	7.02418e+02	2.10300e+03	-0.0114838	700.0
2104	7.02416e+02	2.10400e+03	-0.0114906	700.0
2105	7.02410e+02	2.10500e+03	-0.0114967	700.0
2106	7.02418e+02	2.10600e+03	-0.0115043	700.0
2107	7.02393e+02	2.10700e+03	-0.0115132	700.0
2108	7.02391e+02	2.10800e+03	-0.0115287	700.0
2109	7.02371e+02	2.10900e+03	-0.0115448	700.0
2110	7.02362e+02	2.11000e+03	-0.0115631	700.0
2111	7.02360e+02	2.11100e+03	-0.0115829	700.0
2112	7.02354e+02	2.11200e+03	-0.0116125	700.0
2113	7.02353e+02	2.11300e+03	-0.0116393	700.0
2114	7.02343e+02	2.11400e+03	-0.011665	700.0
2115	7.02338e+02	2.11500e+03	-0.0116885	700.0
2116	7.02340e+02	2.11600e+03	-0.0117071	700.0
2117	7.02330e+02	2.11700e+03	-0.0117225	700.0
2118	7.02330e+02	2.11800e+03	-0.0117354	700.0
2119	7.02331e+02	2.11900e+03	-0.0117466	700.0
2120	7.02323e+02	2.12000e+03	-0.0117416	700.0
2121	7.02319e+02	2.12100e+03	-0.0117415	700.0
2122	7.02316e+02	2.12200e+03	-0.0117403	700.0
2123	7.02318e+02	2.12300e+03	-0.0117374	700.0
2124	7.02320e+02	2.12400e+03	-0.0117267	700.0
2125	7.02312e+02	2.12500e+03	-0.0117174	700.0
2126	7.02303e+02	2.12600e+03	-0.0117076	700.0
2127	7.02300e+02	2.12700e+03	-0.0116974	700.0
2128	7.02306e+02	2.12800e+03	-0.0116845	700.0
2129	7.02309e+02	2.12900e+03	-0.0116753	700.0
2130	7.02301e+02	2.13000e+03	-0.0116682	700.0
2131	7.02297e+02	2.13100e+03	-0.0116623	700.0
2132	7.02295e+02	2.13200e+03	-0.0116639	700.0
2133	7.02300e+02	2.13300e+03	-0.0116648	700.0
2134	7.02290e+02	2.13400e+03	-0.0116668	700.0
2135	7.02286e+02	2.13500e+03	-0.0116698	700.0
2136	7.02291e+02	2.13600e+03	-0.0116796	700.0
2137	7.02294e+02	2.13700e+03	-0.0116873	700.0
2138	7.02283e+02	2.13800e+03	-0.0116947	700.0
2139	7.02281e+02	2.13900e+03	-0.0117013	700.0
2140	7.02276e+02	2.14000e+03	-0.0117039	700.0
2141	7.02284e+02	2.14100e+03	-0.011704	700.0
2142	7.02276e+02	2.14200e+03	-0.0117013	700.0
2143	7.02266e+02	2.14300e+03	-0.0116957	700.0
2144	7.02273e+02	2.14400e+03	-0.0116782	700.0
2145	7.02272e+02	2.14500e+03	-0.0116671	700.0
2146	7.02273e+02	2.14600e+03	-0.0116588	700.0
2147	7.02268e+02	2.14700e+03	-0.0116518	700.0
2148	7.02267e+02	2.14800e+03	-0.0116479	700.0
2149	7.02266e+02	2.14900e+03	-0.0116471	700.0
2150	7.02267e+02	2.15000e+03	-0.0116482	700.0
2151	7.02273e+02	2.15100e+03	-0.0116495	700.0
2152	7.02272e+02	2.15200e+03	-0.011653	700.0
2153	7.02270e+02	2.15300e+03	-0.0116496	700.0
2154	7.02271e+02	2.15400e+03	-0.0116446	700.0
2155	7.02268e+02	2.15500e+03	-0.0116392	700.0
2156	7.02266e+02	2.15600e+03	-0.0116247	700.0
2157	7.02260e+02	2.15700e+03	-0.0116167	700.0
2158	7.02262e+02	2.15800e+03	-0.0116107	700.0
2159	7.02257e+02	2.15900e+03	-0.0116053	700.0
2160	7.02257e+02	2.16000e+03	-0.0116057	700.0
2161	7.02266e+02	2.16100e+03	-0.0116052	700.0
2162	7.02257e+02	2.16200e+03	-0.0116059	700.0
2163	7.02253e+02	2.16300e+03	-0.0116078	700.0
2164	7.02254e+02	2.16400e+03	-0.0116153	700.0
2165	7.02256e+02	2.16500e+03	-0.011622	700.0
2166	7.02257e+02	2.16600e+03	-0.0116294	700.0
2167	7.02254e+02	2.16700e+03	-0.0116374	700.0
2168	7.02249e+02	2.16800e+03	-0.0116493	700.0
2169	7.02246e+02	2.16900e+03	-0.0116594	700.0
2170	7.02243e+02	2.17000e+03	-0.0116697	700.0
2171	7.02244e+02	2.17100e+03	-0.0116803	700.0
2172	7.02242e+02	2.17200e+03	-0.0116917	700.0
2173	7.02245e+02	2.17300e+03	-0.0117028	700.0
2174	7.02240e+02	2.17400e+03	-0.0117114	700.0
2175	7.02242e+02	2.17500e+03	-0.011717	700.0
2176	7.02239e+02	2.17600e+03	-0.0117178	700.0
2177	7.02241e+02	2.17700e+03	-0.0117191	700.0
2178	7.02234e+02	2.17800e+03	-0.0117203	700.0
2179	7.02228e+02	2.17900e+03	-0.0117203	700.0
2180	7.02224e+02	2.18000e+03	-0.0117108	700.0
2181	7.02225e+02	2.18100e+03	-0.0117066	700.0
2182	7.02225e+02	2.18200e+03	-0.0117047	700.0
2183	7.02231e+02	2.18300e+03	-0.0117036	700.0
2184	7.02224e+02	2.18400e+03	-0.0117043	700.0
2185	7.02224e+02	2.18500e+03	-0.0117052	700.0
2186	7.02223e+02	2.18600e+03	-0.0117066	700.0
2187	7.02219e+02	2.18700e+03	-0.0117082	700.0
2188	7.02217e+02	2.18800e+03	-0.0117112	700.0
2189	7.02210e+02	2.18900e+03	-0.0117119	700.0
2190	7.02201e+02	2.19000e+03	-0.0117115	700.0
2191	7.02195e+02	2.19100e+03	-0.0117102	700.0
2192	7.02190e+02	2.19200e+03	-0.0117042	700.0
2193	7.02187e+02	2.19300e+03	-0.0116988	700.0
2194	7.02193e+02	2.19400e+03	-0.0116928	700.0
2195	7.02186e+02	2.19500e+03	-0.0116864	700.0
2196	7.02187e+02	2.19600e+03	-0.0116774	700.0
2197	7.02187e+02	2.19700e+03	-0.0116708	700.0
2198	7.02181e+02	2.19800e+03	-0.0116656	700.0
2199	7.02180e+02	2.19900e+03	-0.0116612	700.0
2200	7.02179e+02	2.20000e+03	-0.0116622	700.0
2201	7.02178e+02	2.20100e+03	-0.011662	700.0
2202	7.02180e+02	2.20200e+03	-0.0116599	700.0
2203	7.02171e+02	2.20300e+03	-0.0116569	700.0
2204	7.02168e+02	2.20400e+03	-0.0116605	700.0
2205	7.02162e+02	2.20500e+03	-0.011664	700.0
2206	7.02172e+02	2.20600e+03	-0.0116694	700.0
2207	7.02169e+02	2.20700e+03	-0.0116762	700.0
2208	7.02174e+02	2.20800e+03	-0.0116877	700.0
2209	7.02170e+02	2.20900e+03	-0.0116976	700.0
2210	7.02170e+02	2.21000e+03	-0.0117069	700.0
2211	7.02172e+02	2.21100e+03	-0.0117158	700.0
2212	7.02173e+02	2.21200e+03	-0.011723	700.0
2213	7.02171e+02	2.21300e+03	-0.011727	700.0
2214	7.02168e+02	2.21400e+03	-0.011729	700.0
2215	7.02172e+02	2.21500e+03	-0.0117298	700.0
2216	7.02163e+02	2.21600e+03	-0.0117226	700.0
2217	7.02166e+02	2.21700e+03	-0.0117191	700.0
2218	7.02169e+02	2.21800e+03	-0.011715	700.0
2219	7.02161e+02	2.21900e+03	-0.0117083	700.0
2220	7.02163e+02	2.22000e+03	-0.0116973	700.0
2221	7.02172e+02	2.22100e+03	-0.0116874	700.0
2222	7.02163e+02	2.22200e+03	-0.0116757	700.0
2223	7.02161e+02	2.22300e+03	-0.0116626	700.0
2224	7.02169e+02	2.22400e+03	-0.0116498	700.0
2225	7.02171e+02	2.22500e+03	-0.0116429	700.0
2226	7.02161e+02	2.22600e+03	-0.0116398	700.0
2227	7.02172e+02	2.22700e+03	-0.0116388	700.0
2228	7.02168e+02	2.22800e+03	-0.0116488	700.0
2229	7.02169e+02	2.22900e+03	-0.0116547	700.0
2230	7.02175e+02	2.23000e+03	-0.0116606	700.0
2231	7.02167e+02	2.23100e+03	-0.0116668	700.0
2232	7.02160e+02	2.23200e+03	-0.0116751	700.0
2233	7.02157e+02	2.23300e+03	-0.0116811	700.0
2234	7.02163e+02	2.23400e+03	-0.0116861	700.0
2235	7.02166e+02	2.23500e+03	-0.0116907	700.0
2236	7.02166e+02	2.23600e+03	-0.0116921	700.0
2237	7.02171e+02	2.23700e+03	-0.0116943	700.0
2238	7.02167e+02	2.23800e+03	-0.0116955	700.0
2239	7.02171e+02	2.23900e+03	-0.0116948	700.0
2240	7.02173e+02	2.24000e+03	-0.0116834	700.0
2241	7.02162e+02	2.24100e+03	-0.0116697	700.0
2242	7.02154e+02	2.24200e+03	-0.0116537	700.0
2243	7.02155e+02	2.24300e+03	-0.011636	700.0
2244	7.02158e+02	2.24400e+03	-0.0116029	700.0
2245	7.02161e+02	2.24500e+03	-0.011577	700.0
2246	7.02155e+02	2.24600e+03	-0.0115529	700.0
2247	7.02157e+02	2.24700e+03	-0.0115293	700.0
2248	7.02162e+02	2.24800e+03	-0.0115097	700.0
2249	7.02157e+02	2.24900e+03	-0.0114929	700.0
2250	7.02159e+02	2.25000e+03	-0.0114793	700.0
2251	7.02161e+02	2.25100e+03	-0.0114677	700.0
2252	7.02150e+02	2.25200e+03	-0.0114711	700.0
2253	7.02152e+02	2.25300e+03	-0.0114744	700.0
2254	7.02152e+02	2.25400e+03	-0.0114826	700.0
2255	7.02140e+02	2.25500e+03	-0.0114951	700.0
2256	7.02140e+02	2.25600e+03	-0.0115278	700.0
2257	7.02142e+02	2.25700e+03	-0.0115566	700.0
2258	7.02136e+02	2.25800e+03	-0.0115861	700.0
2259	7.02139e+02	2.25900e+03	-0.0116167	700.0
2260	7.02135e+02	2.26000e+03	-0.0116614	700.0
2261	7.02126e+02	2.26100e+03	-0.0117038	700.0
2262	7.02123e+02	2.26200e+03	-0.0117511	700.0
2263	7.02133e+02	2.26300e+03	-0.0118029	700.0
2264	7.02140e+02	2.26400e+03	-0.0118645	700.0
2265	7.02132e+02	2.26500e+03	-0.0119174	700.0
2266	7.02128e+02	2.26600e+03	-0.0119609	700.0
2267	7.02127e+02	2.26700e+03	-0.0119978	700.0
2268	7.02129e+02	2.26800e+03	-0.012001	700.0
2269	7.02135e+02	2.26900e+03	-0.0119861	700.0
2270	7.02121e+02	2.27000e+03	-0.0119523	700.0
2271	7.02114e+02	2.27100e+03	-0.011906	700.0
2272	7.02127e+02	2.27200e+03	-0.0117802	700.0
2273	7.02132e+02	2.27300e+03	-0.0116842	700.0
2274	7.02127e+02	2.27400e+03	-0.0115921	700.0
2275	7.02128e+02	2.27500e+03	-0.0114998	700.0
2276	7.02134e+02	2.27600e+03	-0.0114079	700.0
2277	7.02123e+02	2.27700e+03	-0.0113345	700.0
2278	7.02133e+02	2.27800e+03	-0.0112718	700.0
2279	7.02127e+02	2.27900e+03	-0.0112161	700.0
2280	7.02125e+02	2.28000e+03	-0.011214	700.0
2281	7.02125e+02	2.28100e+03	-0.0112017	700.0
2282	7.02128e+02	2.28200e+03	-0.0111957	700.0
2283	7.02131e+02	2.28300e+03	-0.011196	700.0
2284	7.02121e+02	2.28400e+03	-0.0112313	700.0
2285	7.02124e+02	2.28500e+03	-0.011255	700.0
2286	7.02125e+02	2.28600e+03	-0.0112798	700.0
2287	7.02135e+02	2.28700e+03	-0.011307	700.0
2288	7.02132e+02	2.28800e+03	-0.0113468	700.0
2289	7.02126e+02	2.28900e+03	-0.0113815	700.0
2290	7.02132e+02	2.29000e+03	-0.011416	700.0
2291	7.02136e+02	2.29100e+03	-0.0114507	700.0
2292	7.02129e+02	2.29200e+03	-0.0114865	700.0
2293	7.02135e+02	2.29300e+03	-0.01152	700.0
2294	7.02131e+02	2.29400e+03	-0.0115517	700.0
2295	7.02121e+02	2.29500e+03	-0.011582	700.0
2296	7.02120e+02	2.29600e+03	-0.0116046	700.0
2297	7.02122e+02	2.29700e+03	-0.0116264	700.0
2298	7.02121e+02	2.29800e+03	-0.0116455	700.0
2299	7.02123e+02	2.29900e+03	-0.0116628	700.0
2300	7.02127e+02	2.30000e+03	-0.0116682	700.0
2301	7.02121e+02	2.30100e+03	-0.0116768	700.0
2302	7.02131e+02	2.30200e+03	-0.0116845	700.0
2303	7.02124e+02	2.30300e+03	-0.0116911	700.0
2304	7.02118e+02	2.30400e+03	-0.0116914	700.0
2305	7.02122e+02	2.30500e+03	-0.0116939	700.0
2306	7.02125e+02	2.30600e+03	-0.0116963	700.0
2307	7.02124e+02	2.30700e+03	-0.0116982	700.0
2308	7.02122e+02	2.30800e+03	-0.0116973	700.0
2309	7.02133e+02	2.30900e+03	-0.0116942	700.0
2310	7.02139e+02	2.31000e+03	-0.0116857	700.0
2311	7.02129e+02	2.31100e+03	-0.0116724	700.0
2312	7.02129e+02	2.31200e+03	-0.011647	700.0
2313	7.02122e+02	2.31300e+03	-0.0116251	700.0
2314	7.02122e+02	2.31400e+03	-0.0116052	700.0
2315	7.02125e+02	2.31500e+03	-0.0115867	700.0
2316	7.02116e+02	2.31600e+03	-0.0115662	700.0
2317	7.02119e+02	2.31700e+03	-0.0115577	700.0
2318	7.02120e+02	2.31800e+03	-0.0115591	700.0
2319	7.02117e+02	2.31900e+03	-0.0115661	700.0
2320	7.02123e+02	2.32000e+03	-0.0115979	700.0
2321	7.02123e+02	2.32100e+03	-0.0116205	700.0
2322	7.02120e+02	2.32200e+03	-0.0116426	700.0
2323	7.02119e+02	2.32300e+03	-0.0116652	700.0
2324	7.02125e+02	2.32400e+03	-0.0116925	700.0
2325	7.02120e+02	2.32500e+03	-0.0117126	700.0
2326	7.02111e+02	2.32600e+03	-0.0117286	700.0
2327	7.02118e+02	2.32700e+03	-0.0117425	700.0
2328	7.02123e+02	2.32800e+03	-0.0117421	700.0
2329	7.02124e+02	2.32900e+03	-0.0117441	700.0
2330	7.02114e+02	2.33000e+03	-0.0117445	700.0
2331	7.02122e+02	2.33100e+03	-0.0117434	700.0
2332	7.02127e+02	2.33200e+03	-0.0117395	700.0
2333	7.02113e+02	2.33300e+03	-0.0117436	700.0
2334	7.02116e+02	2.33400e+03	-0.0117494	700.0
2335	7.02124e+02	2.33500e+03	-0.0117556	700.0
2336	7.02113e+02	2.33600e+03	-0.0117699	700.0
2337	7.02118e+02	2.33700e+03	-0.0117775	700.0
2338	7.02117e+02	2.33800e+03	-0.0117797	700.0
2339	7.02123e+02	2.33900e+03	-0.0117778	700.0
2340	7.02126e+02	2.34000e+03	-0.0117666	700.0
2341	7.02129e+02	2.34100e+03	-0.0117577	700.0
2342	7.02115e+02	2.34200e+03	-0.011749	700.0
2343	7.02115e+02	2.34300e+03	-0.0117402	700.0
2344	7.02119e+02	2.34400e+03	-0.0117264	700.0
2345	7.02117e+02	2.34500e+03	-0.0117185	700.0
2346	7.02116e+02	2.34600e+03	-0.011712	700.0
2347	7.02117e+02	2.34700e+03	-0.0117042	700.0
2348	7.02113e+02	2.34800e+03	-0.0116994	700.0
2349	7.02115e+02	2.34900e+03	-0.0116928	700.0
2350	7.02112e+02	2.35000e+03	-0.0116874	700.0
2351	7.02116e+02	2.35100e+03	-0.0116829	700.0
2352	7.02114e+02	2.35200e+03	-0.0116788	700.0
2353	7.02113e+02	2.35300e+03	-0.0116788	700.0
2354	7.02112e+02	2.35400e+03	-0.0116815	700.0
2355	7.02117e+02	2.35500e+03	-0.0116859	700.0
2356	7.02119e+02	2.35600e+03	-0.0116987	700.0
2357	7.02120e+02	2.35700e+03	-0.0117035	700.0
2358	7.02121e+02	2.35800e+03	-0.0117046	700.0
2359	7.02116e+02	2.35900e+03	-0.0117052	700.0
2360	7.02116e+02	2.36000e+03	-0.0117024	700.0
2361	7.02118e+02	2.36100e+03	-0.0117012	700.0
2362	7.02104e+02	2.36200e+03	-0.0117008	700.0
2363	7.02119e+02	2.36300e+03	-0.011701	700.0
2364	7.02116e+02	2.36400e+03	-0.0117021	700.0
2365	7.02119e+02	2.36500e+03	-0.0117047	700.0
2366	7.02112e+02	2.36600e+03	-0.011708	700.0
2367	7.02117e+02	2.36700e+03	-0.0117115	700.0
2368	7.02115e+02	2.36800e+03	-0.0117181	700.0
2369	7.02122e+02	2.36900e+03	-0.011722	700.0
2370	7.02114e+02	2.37000e+03	-0.0117248	700.0
2371	7.02109e+02	2.37100e+03	-0.0117269	700.0
2372	7.02112e+02	2.37200e+03	-0.0117253	700.0
2373	7.02115e+02	2.37300e+03	-0.0117243	700.0
2374	7.02112e+02	2.37400e+03	-0.0117237	700.0
2375	7.02107e+02	2.37500e+03	-0.0117233	700.0
2376	7.02107e+02	2.37600e+03	-0.011724	700.0
2377	7.02100e+02	2.37700e+03	-0.0117281	700.0
2378	7.02112e+02	2.37800e+03	-0.0117348	700.0
2379	7.02113e+02	2.37900e+03	-0.0117431	700.0
2380	7.02110e+02	2.38000e+03	-0.0117608	700.0
2381	7.02110e+02	2.38100e+03	-0.0117753	700.0
2382	7.02112e+02	2.38200e+03	-0.0117889	700.0
2383	7.02118e+02	2.38300e+03	-0.0118021	700.0
2384	7.02114e+02	2.38400e+03	-0.0118141	700.0
2385	7.02122e+02	2.38500e+03	-0.0118223	700.0
2386	7.02109e+02	2.38600e+03	-0.0118278	700.0
2387	7.02103e+02	2.38700e+03	-0.0118318	700.0
2388	7.02114e+02	2.38800e+03	-0.0118257	700.0
2389	7.02118e+02	2.38900e+03	-0.0118233	700.0
2390	7.02108e+02	2.39000e+03	-0.0118205	700.0
2391	7.02114e+02	2.39100e+03	-0.0118167	700.0
2392	7.02111e+02	2.39200e+03	-0.011802	700.0
2393	7.02117e+02	2.39300e+03	-0.0117852	700.0
2394	7.02117e+02	2.39400e+03	-0.0117672	700.0
2395	7.02117e+02	2.39500e+03	-0.0117486	700.0
2396	7.02110e+02	2.39600e+03	-0.0117209	700.0
2397	7.02108e+02	2.39700e+03	-0.0117015	700.0
2398	7.02113e+02	2.39800e+03	-0.0116858	700.0
2399	7.02115e+02	2.39900e+03	-0.0116721	700.0
2400	7.02114e+02	2.40000e+03	-0.0116695	700.0
2401	7.02112e+02	2.40100e+03	-0.0116619	700.0
2402	7.02119e+02	2.40200e+03	-0.0116519	700.0
2403	7.02115e+02	2.40300e+03	-0.0116417	700.0
2404	7.02110e+02	2.40400e+03	-0.0116358	700.0
2405	7.02114e+02	2.40500e+03	-0.0116285	700.0
2406	7.02112e+02	2.40600e+03	-0.0116216	700.0
2407	7.02114e+02	2.40700e+03	-0.0116154	700.0
2408	7.02122e+02	2.40800e+03	-0.01161	700.0
2409	7.02109e+02	2.40900e+03	-0.0116058	700.0
2410	7.02108e+02	2.41000e+03	-0.0116027	700.0
2411	7.02108e+02	2.41100e+03	-0.0116003	700.0
2412	7.02115e+02	2.41200e+03	-0.0116034	700.0
2413	7.02100e+02	2.41300e+03	-0.011606	700.0
2414	7.02104e+02	2.41400e+03	-0.0116087	700.0
2415	7.02106e+02	2.41500e+03	-0.0116106	700.0
2416	7.02102e+02	2.41600e+03	-0.0116187	700.0
2417	7.02101e+02	2.41700e+03	-0.011628	700.0
2418	7.02101e+02	2.41800e+03	-0.0116392	700.0
2419	7.02104e+02	2.41900e+03	-0.0116514	700.0
2420	7.02104e+02	2.42000e+03	-0.0116678	700.0
2421	7.02100e+02	2.42100e+03	-0.0116818	700.0
2422	7.02097e+02	2.42200e+03	-0.0116956	700.0
2423	7.02095e+02	2.42300e+03	-0.0117097	700.0
2424	7.02102e+02	2.42400e+03	-0.0117229	700.0
2425	7.02104e+02	2.42500e+03	-0.0117359	700.0
2426	7.02097e+02	2.42600e+03	-0.0117486	700.0
2427	7.02094e+02	2.42700e+03	-0.0117609	700.0
2428	7.02103e+02	2.42800e+03	-0.0117719	700.0
2429	7.02095e+02	2.42900e+03	-0.0117827	700.0
2430	7.02093e+02	2.43000e+03	-0.0117926	700.0
2431	7.02094e+02	2.43100e+03	-0.0118018	700.0
2432	7.02091e+02	2.43200e+03	-0.0118064	700.0
2433	7.02104e+02	2.43300e+03	-0.0118103	700.0
2434	7.02097e+02	2.43400e+03	-0.0118128	700.0
2435	7.02098e+02	2.43500e+03	-0.0118144	700.0
2436	7.02093e+02	2.43600e+03	-0.0118101	700.0
2437	7.02096e+02	2.43700e+03	-0.0118087	700.0
2438	7.02094e+02	2.43800e+03	-0.0118079	700.0
2439	7.02085e+02	2.43900e+03	-0.0118073	700.0
2440	7.02096e+02	2.44000e+03	-0.0118096	700.0
2441	7.02086e+02	2.44100e+03	-0.0118138	700.0
2442	7.02086e+02	2.44200e+03	-0.01182	700.0
2443	7.02080e+02	2.44300e+03	-0.0118275	700.0
2444	7.02076e+02	2.44400e+03	-0.0118394	700.0
2445	7.02082e+02	2.44500e+03	-0.0118433	700.0
2446	7.02088e+02	2.44600e+03	-0.011842	700.0
2447	7.02084e+02	2.44700e+03	-0.0118388	700.0
2448	7.02086e+02	2.44800e+03	-0.0118248	700.0
2449	7.02081e+02	2.44900e+03	-0.0118121	700.0
2450	7.02092e+02	2.45000e+03	-0.0117988	700.0
2451	7.02086e+02	2.45100e+03	-0.0117848	700.0
2452	7.02073e+02	2.45200e+03	-0.0117651	700.0
2453	7.02079e+02	2.45300e+03	-0.0117524	700.0
2454	7.02084e+02	2.45400e+03	-0.0117436	700.0
2455	7.02079e+02	2.45500e+03	-0.0117371	700.0
2456	7.02080e+02	2.45600e+03	-0.0117441	700.0
2457	7.02075e+02	2.45700e+03	-0.01175	700.0
2458	7.02075e+02	2.45800e+03	-0.0117583	700.0
2459	7.02085e+02	2.45900e+03	-0.0117684	700.0
2460	7.02087e+02	2.46000e+03	-0.0117906	700.0
2461	7.02082e+02	2.46100e+03	-0.0118081	700.0
2462	7.02073e+02	2.46200e+03	-0.0118255	700.0
2463	7.02079e+02	2.46300e+03	-0.0118435	700.0
2464	7.02087e+02	2.46400e+03	-0.0118632	700.0
2465	7.02076e+02	2.46500e+03	-0.0118812	700.0
2466	7.02082e+02	2.46600e+03	-0.0118982	700.0
2467	7.02078e+02	2.46700e+03	-0.0119143	700.0
2468	7.02078e+02	2.46800e+03	-0.0119249	700.0
2469	7.02076e+02	2.46900e+03	-0.0119334	700.0
2470	7.02080e+02	2.47000e+03	-0.0119385	700.0
2471	7.02073e+02	2.47100e+03	-0.0119411	700.0
2472	7.02075e+02	2.47200e+03	-0.0119306	700.0
2473	7.02080e+02	2.47300e+03	-0.0119233	700.0
2474	7.02072e+02	2.47400e+03	-0.0119158	700.0
2475	7.02073e+02	2.47500e+03	-0.0119077	700.0
2476	7.02075e+02	2.47600e+03	-0.0118959	700.0
2477	7.02071e+02	2.47700e+03	-0.0118893	700.0
2478	7.02067e+02	2.47800e+03	-0.0118849	700.0
2479	7.02078e+02	2.47900e+03	-0.0118816	700.0
2480	7.02074e+02	2.48000e+03	-0.0118856	700.0
2481	7.02070e+02	2.48100e+03	-0.0118868	700.0
2482	7.02073e+02	2.48200e+03	-0.011888	700.0
2483	7.02076e+02	2.48300e+03	-0.0118894	700.0
2484	7.02077e+02	2.48400e+03	-0.0118896	700.0
2485	7.02084e+02	2.48500e+03	-0.0118847	700.0
2486	7.02077e+02	2.48600e+03	-0.0118762	700.0
2487	7.02078e+02	2.48700e+03	-0.0118668	700.0
2488	7.02065e+02	2.48800e+03	-0.0118512	700.0
2489	7.02076e+02	2.48900e+03	-0.01184	700.0
2490	7.02085e+02	2.49000e+03	-0.0118304	700.0
2491	7.02071e+02	2.49100e+03	-0.0118215	700.0
2492	7.02070e+02	2.49200e+03	-0.0118159	700.0
2493	7.02077e+02	2.49300e+03	-0.0118106	700.0
2494	7.02077e+02	2.49400e+03	-0.0118065	700.0
2495	7.02079e+02	2.49500e+03	-0.0118035	700.0
2496	7.02074e+02	2.49600e+03	-0.0118069	700.0
2497	7.02077e+02	2.49700e+03	-0.0118094	700.0
2498	7.02082e+02	2.49800e+03	-0.0118129	700.0
2499	7.02074e+02	2.49900e+03	-0.0118171	700.0
2500	7.02071e+02	2.50000e+03	-0.0118255	700.0
2501	7.02072e+02	2.50100e+03	-0.0118312	700.0
2502	7.02080e+02	2.50200e+03	-0.0118358	700.0
2503	7.02078e+02	2.50300e+03	-0.0118397	700.0
2504	7.02073e+02	2.50400e+03	-0.0118404	700.0
2505	7.02077e+02	2.50500e+03	-0.0118412	700.0
2506	7.02077e+02	2.50600e+03	-0.0118427	700.0
2507	7.02075e+02	2.50700e+03	-0.0118447	700.0
2508	7.02075e+02	2.50800e+03	-0.0118479	700.0
2509	7.02073e+02	2.50900e+03	-0.0118547	700.0
2510	7.02077e+02	2.51000e+03	-0.0118632	700.0
2511	7.02074e+02	2.51100e+03	-0.0118725	700.0
2512	7.02076e+02	2.51200e+03	-0.0118885	700.0
2513	7.02079e+02	2.51300e+03	-0.0118995	700.0
2514	7.02079e+02	2.51400e+03	-0.0119084	700.0
2515	7.02079e+02	2.51500e+03	-0.0119164	700.0
2516	7.02084e+02	2.51600e+03	-0.0119181	700.0
2517	7.02082e+02	2.51700e+03	-0.0119197	700.0
2518	7.02085e+02	2.51800e+03	-0.0119194	700.0
2519	7.02087e+02	2.51900e+03	-0.0119174	700.0
2520	7.02081e+02	2.52000e+03	-0.0119063	700.0
2521	7.02071e+02	2.52100e+03	-0.0118975	700.0
2522	7.02079e+02	2.52200e+03	-0.0118894	700.0
2523	7.02070e+02	2.52300e+03	-0.011882	700.0
2524	7.02079e+02	2.52400e+03	-0.0118744	700.0
2525	7.02073e+02	2.52500e+03	-0.0118708	700.0
2526	7.02083e+02	2.52600e+03	-0.0118692	700.0
2527	7.02080e+02	2.52700e+03	-0.0118684	700.0
2528	7.02078e+02	2.52800e+03	-0.0118765	700.0
2529	7.02075e+02	2.52900e+03	-0.0118822	700.0
2530	7.02076e+02	2.53000e+03	-0.0118911	700.0
2531	7.02081e+02	2.53100e+03	-0.0119033	700.0
2532	7.02082e+02	2.53200e+03	-0.011932	700.0
2533	7.02079e+02	2.53300e+03	-0.0119652	700.0
2534	7.02076e+02	2.53400e+03	-0.0120035	700.0
2535	7.02073e+02	2.53500e+03	-0.0120444	700.0
2536	7.02079e+02	2.53600e+03	-0.0121008	700.0
2537	7.02081e+02	2.53700e+03	-0.0121332	700.0
2538	7.02076e+02	2.53800e+03	-0.012148	700.0
2539	7.02080e+02	2.53900e+03	-0.0121528	700.0
2540	7.02076e+02	2.54000e+03	-0.0121048	700.0
2541	7.02085e+02	2.54100e+03	-0.0120584	700.0
2542	7.02082e+02	2.54200e+03	-0.0120052	700.0
2543	7.02083e+02	2.54300e+03	-0.0119473	700.0
2544	7.02086e+02	2.54400e+03	-0.0118545	700.0
2545	7.02080e+02	2.54500e+03	-0.011797	700.0
2546	7.02084e+02	2.54600e+03	-0.0117561	700.0
2547	7.02082e+02	2.54700e+03	-0.0117242	700.0
2548	7.02085e+02	2.54800e+03	-0.0117507	700.0
2549	7.02084e+02	2.54900e+03	-0.0117724	700.0
2550	7.02086e+02	2.55000e+03	-0.0118034	700.0
2551	7.02082e+02	2.55100e+03	-0.0118417	700.0
2552	7.02087e+02	2.55200e+03	-0.011922	700.0
2553	7.02084e+02	2.55300e+03	-0.0119734	700.0
2554	7.02089e+02	2.55400e+03	-0.0120122	700.0
2555	7.02083e+02	2.55500e+03	-0.0120444	700.0
2556	7.02084e+02	2.55600e+03	-0.0120377	700.0
2557	7.02086e+02	2.55700e+03	-0.0120263	700.0
2558	7.02082e+02	2.55800e+03	-0.0120052	700.0
2559	7.02083e+02	2.55900e+03	-0.0119777	700.0
2560	7.02092e+02	2.56000e+03	-0.0119076	700.0
2561	7.02088e+02	2.56100e+03	-0.0118646	700.0
2562	7.02093e+02	2.56200e+03	-0.0118299	700.0
2563	7.02084e+02	2.56300e+03	-0.0117983	700.0
2564	7.02081e+02	2.56400e+03	-0.0117893	700.0
2565	7.02080e+02	2.56500e+03	-0.0117807	700.0
2566	7.02085e+02	2.56600e+03	-0.0117781	700.0
2567	7.02090e+02	2.56700e+03	-0.0117799	700.0
2568	7.02092e+02	2.56800e+03	-0.0118083	700.0
2569	7.02081e+02	2.56900e+03	-0.0118274	700.0
2570	7.02080e+02	2.57000e+03	-0.0118463	700.0
2571	7.02085e+02	2.57100e+03	-0.0118663	700.0
2572	7.02088e+02	2.57200e+03	-0.0118927	700.0
2573	7.02090e+02	2.57300e+03	-0.011915	700.0
2574	7.02082e+02	2.57400e+03	-0.0119363	700.0
2575	7.02090e+02	2.57500e+03	-0.0119572	700.0
2576	7.02081e+02	2.57600e+03	-0.0119753	700.0
2577	7.02079e+02	2.57700e+03	-0.0119938	700.0
2578	7.02085e+02	2.57800e+03	-0.0120115	700.0
2579	7.02093e+02	2.57900e+03	-0.0120285	700.0
2580	7.02083e+02	2.58000e+03	-0.0120415	700.0
2581	7.02086e+02	2.58100e+03	-0.012054	700.0
2582	7.02095e+02	2.58200e+03	-0.0120651	700.0
2583	7.02091e+02	2.58300e+03	-0.0120751	700.0
2584	7.02086e+02	2.58400e+03	-0.0120775	700.0
2585	7.02095e+02	2.58500e+03	-0.0120804	700.0
2586	7.02094e+02	2.58600e+03	-0.0120816	700.0
2587	7.02082e+02	2.58700e+03	-0.0120813	700.0
2588	7.02089e+02	2.58800e+03	-0.0120728	700.0
2589	7.02080e+02	2.58900e+03	-0.0120666	700.0
2590	7.02085e+02	2.59000e+03	-0.0120608	700.0
2591	7.02082e+02	2.59100e+03	-0.0120551	700.0
2592	7.02081e+02	2.59200e+03	-0.0120487	700.0
2593	7.02090e+02	2.59300e+03	-0.0120441	700.0
2594	7.02088e+02	2.59400e+03	-0.012037	700.0
2595	7.02080e+02	2.59500e+03	-0.0120278	700.0
2596	7.02081e+02	2.59600e+03	-0.0120223	700.0
2597	7.02084e+02	2.59700e+03	-0.0120162	700.0
2598	7.02082e+02	2.59800e+03	-0.0120113	700.0
2599	7.02077e+02	2.59900e+03	-0.0120077	700.0
2600	7.02080e+02	2.60000e+03	-0.0120067	700.0
2601	7.02089e+02	2.60100e+03	-0.0120077	700.0
2602	7.02088e+02	2.60200e+03	-0.0120101	700.0
2603	7.02081e+02	2.60300e+03	-0.0120132	700.0
2604	7.02080e+02	2.60400e+03	-0.012023	700.0
2605	7.02075e+02	2.60500e+03	-0.0120316	700.0
2606	7.02079e+02	2.60600e+03	-0.0120429	700.0
2607	7.02081e+02	2.60700e+03	-0.0120558	700.0
2608	7.02081e+02	2.60800e+03	-0.0120675	700.0
2609	7.02086e+02	2.60900e+03	-0.0120756	700.0
2610	7.02075e+02	2.61000e+03	-0.0120804	700.0
2611	7.02077e+02	2.61100e+03	-0.0120827	700.0
2612	7.02078e+02	2.61200e+03	-0.0120749	700.0
2613	7.02075e+02	2.61300e+03	-0.0120679	700.0
2614	7.02069e+02	2.61400e+03	-0.0120607	700.0
2615	7.02074e+02	2.61500e+03	-0.0120535	700.0
2616	7.02067e+02	2.61600e+03	-0.0120445	700.0
2617	7.02073e+02	2.61700e+03	-0.0120441	700.0
2618	7.02071e+02	2.61800e+03	-0.0120491	700.0
2619	7.02074e+02	2.61900e+03	-0.0120572	700.0
2620	7.02068e+02	2.62000e+03	-0.0120858	700.0
2621	7.02070e+02	2.62100e+03	-0.0121097	700.0
2622	7.02070e+02	2.62200e+03	-0.0121349	700.0
2623	7.02066e+02	2.62300e+03	-0.0121617	700.0
2624	7.02071e+02	2.62400e+03	-0.0121971	700.0
2625	7.02073e+02	2.62500e+03	-0.0122255	700.0
2626	7.02073e+02	2.62600e+03	-0.0122507	700.0
2627	7.02066e+02	2.62700e+03	-0.012274	700.0
2628	7.02073e+02	2.62800e+03	-0.0122859	700.0
2629	7.02074e+02	2.62900e+03	-0.0122961	700.0
2630	7.02069e+02	2.63000e+03	-0.0123016	700.0
2631	7.02068e+02	2.63100e+03	-0.0123036	700.0
2632	7.02065e+02	2.63200e+03	-0.0122806	700.0
2633	7.02067e+02	2.63300e+03	-0.0122578	700.0
2634	7.02070e+02	2.63400e+03	-0.0122315	700.0
2635	7.02068e+02	2.63500e+03	-0.012203	700.0
2636	7.02060e+02	2.63600e+03	-0.0121582	700.0
2637	7.02064e+02	2.63700e+03	-0.0121262	700.0
2638	7.02070e+02	2.63800e+03	-0.0120995	700.0
2639	7.02070e+02	2.63900e+03	-0.0120755	700.0
2640	7.02073e+02	2.64000e+03	-0.0120681	700.0
2641	7.02073e+02	2.64100e+03	-0.0120607	700.0
2642	7.02068e+02	2.64200e+03	-0.0120575	700.0
2643	7.02069e+02	2.64300e+03	-0.0120575	700.0
2644	7.02066e+02	2.64400e+03	-0.0120773	700.0
2645	7.02068e+02	2.64500e+03	-0.0120905	700.0
2646	7.02075e+02	2.64600e+03	-0.0121039	700.0
2647	7.02070e+02	2.64700e+03	-0.012118	700.0
2648	7.02080e+02	2.64800e+03	-0.0121364	700.0
2649	7.02071e+02	2.64900e+03	-0.0121503	700.0
2650	7.02068e+02	2.65000e+03	-0.0121622	700.0
2651	7.02078e+02	2.65100e+03	-0.0121732	700.0
2652	7.02067e+02	2.65200e+03	-0.0121776	700.0
2653	7.02072e+02	2.65300e+03	-0.0121826	700.0
2654	7.02070e+02	2.65400e+03	-0.012186	700.0
2655	7.02071e+02	2.65500e+03	-0.012188	700.0
2656	7.02072e+02	2.65600e+03	-0.0121794	700.0
2657	7.02071e+02	2.65700e+03	-0.0121679	700.0
2658	7.02073e+02	2.65800e+03	-0.0121523	700.0
2659	7.02065e+02	2.65900e+03	-0.0121353	700.0
2660	7.02069e+02	2.66000e+03	-0.0121074	700.0
2661	7.02068e+02	2.66100e+03	-0.0120867	700.0
2662	7.02067e+02	2.66200e+03	-0.0120685	700.0
2663	7.02070e+02	2.66300e+03	-0.0120518	700.0
2664	7.02065e+02	2.66400e+03	-0.0120477	700.0
2665	7.02072e+02	2.66500e+03	-0.0120468	700.0
2666	7.02069e+02	2.66600e+03	-0.0120483	700.0
2667	7.02068e+02	2.66700e+03	-0.0120511	700.0
2668	7.02069e+02	2.66800e+03	-0.0120682	700.0
2669	7.02070e+02	2.66900e+03	-0.012073	700.0
2670	7.02068e+02	2.67000e+03	-0.0120713	700.0
2671	7.02064e+02	2.67100e+03	-0.0120672	700.0
2672	7.02054e+02	2.67200e+03	-0.0120548	700.0
2673	7.02064e+02	2.67300e+03	-0.0120471	700.0
2674	7.02069e+02	2.67400e+03	-0.0120412	700.0
2675	7.02069e+02	2.67500e+03	-0.0120363	700.0
2676	7.02066e+02	2.67600e+03	-0.0120331	700.0
2677	7.02065e+02	2.67700e+03	-0.0120317	700.0
2678	7.02065e+02	2.67800e+03	-0.0120314	700.0
2679	7.02067e+02	2.67900e+03	-0.0120314	700.0
2680	7.02067e+02	2.68000e+03	-0.0120359	700.0
2681	7.02057e+02	2.68100e+03	-0.0120369	700.0
2682	7.02064e+02	2.68200e+03	-0.0120375	700.0
2683	7.02071e+02	2.68300e+03	-0.0120382	700.0
2684	7.02074e+02	2.68400e+03	-0.0120393	700.0
2685	7.02063e+02	2.68500e+03	-0.0120467	700.0
2686	7.02065e+02	2.68600e+03	-0.0120588	700.0
2687	7.02058e+02	2.68700e+03	-0.012072	700.0
2688	7.02063e+02	2.68800e+03	-0.0120921	700.0
2689	7.02063e+02	2.68900e+03	-0.0121079	700.0
2690	7.02072e+02	2.69000e+03	-0.0121258	700.0
2691	7.02066e+02	2.69100e+03	-0.0121465	700.0
2692	7.02064e+02	2.69200e+03	-0.0121698	700.0
2693	7.02067e+02	2.69300e+03	-0.0121929	700.0
2694	7.02067e+02	2.69400e+03	-0.0122153	700.0
2695	7.02067e+02	2.69500e+03	-0.0122372	700.0
2696	7.02060e+02	2.69600e+03	-0.0122603	700.0
2697	7.02072e+02	2.69700e+03	-0.0122781	700.0
2698	7.02069e+02	2.69800e+03	-0.0122918	700.0
2699	7.02060e+02	2.69900e+03	-0.0123028	700.0
2700	7.02055e+02	2.70000e+03	-0.0122974	700.0
2701	7.02071e+02	2.70100e+03	-0.0122904	700.0
2702	7.02069e+02	2.70200e+03	-0.0122779	700.0
2703	7.02070e+02	2.70300e+03	-0.0122625	700.0
2704	7.02070e+02	2.70400e+03	-0.0122344	700.0
2705	7.02060e+02	2.70500e+03	-0.012217	700.0
2706	7.02067e+02	2.70600e+03	-0.0122044	700.0
2707	7.02066e+02	2.70700e+03	-0.0121943	700.0
2708	7.02066e+02	2.70800e+03	-0.0121957	700.0
2709	7.02065e+02	2.70900e+03	-0.0121974	700.0
2710	7.02059e+02	2.71000e+03	-0.0122018	700.0
2711	7.02063e+02	2.71100e+03	-0.0122086	700.0
2712	7.02070e+02	2.71200e+03	-0.0122177	700.0
2713	7.02070e+02	2.71300e+03	-0.0122292	700.0
2714	7.02062e+02	2.71400e+03	-0.0122394	700.0
2715	7.02067e+02	2.71500e+03	-0.0122471	700.0
2716	7.02071e+02	2.71600e+03	-0.0122522	700.0
2717	7.02066e+02	2.71700e+03	-0.012255	700.0
2718	7.02067e+02	2.71800e+03	-0.0122555	700.0
2719	7.02066e+02	2.71900e+03	-0.0122541	700.0
2720	7.02062e+02	2.72000e+03	-0.0122517	700.0
