index	ts	t	weight	tr
[#]	[°C]	[s]	[mg]	[°C]
723	1.30216e+02	7.23000e+02	2.01195e+00	1.31000e+02
724	1.30541e+02	7.24000e+02	2.01195e+00	1.31333e+02
725	1.30876e+02	7.25000e+02	2.01193e+00	1.31667e+02
726	1.31210e+02	7.26000e+02	2.01190e+00	1.32000e+02
727	1.31546e+02	7.27000e+02	2.01188e+00	1.32333e+02
728	1.31883e+02	7.28000e+02	2.01181e+00	1.32667e+02
729	1.32217e+02	7.29000e+02	2.01178e+00	1.33000e+02
730	1.32542e+02	7.30000e+02	2.01176e+00	1.33333e+02
731	1.32871e+02	7.31000e+02	2.01174e+00	1.33667e+02
732	1.33208e+02	7.32000e+02	2.01175e+00	1.34000e+02
733	1.33542e+02	7.33000e+02	2.01175e+00	1.34333e+02
734	1.33877e+02	7.34000e+02	2.01174e+00	1.34667e+02
735	1.34214e+02	7.35000e+02	2.01173e+00	1.35000e+02
736	1.34539e+02	7.36000e+02	2.01171e+00	1.35333e+02
737	1.34867e+02	7.37000e+02	2.01168e+00	1.35667e+02
738	1.35208e+02	7.38000e+02	2.01166e+00	1.36000e+02
739	1.35538e+02	7.39000e+02	2.01163e+00	1.36333e+02
740	1.35878e+02	7.40000e+02	2.01160e+00	1.36667e+02
741	1.36207e+02	7.41000e+02	2.01157e+00	1.37000e+02
742	1.36539e+02	7.42000e+02	2.01155e+00	1.37333e+02
743	1.36868e+02	7.43000e+02	2.01153e+00	1.37667e+02
744	1.37206e+02	7.44000e+02	2.01152e+00	1.38000e+02
745	1.37537e+02	7.45000e+02	2.01151e+00	1.38333e+02
746	1.37865e+02	7.46000e+02	2.01151e+00	1.38667e+02
747	1.38206e+02	7.47000e+02	2.01150e+00	1.39000e+02
748	1.38536e+02	7.48000e+02	2.01150e+00	1.39333e+02
749	1.38874e+02	7.49000e+02	2.01149e+00	1.39667e+02
750	1.39198e+02	7.50000e+02	2.01148e+00	1.40000e+02
751	1.39528e+02	7.51000e+02	2.01147e+00	1.40333e+02
752	1.39877e+02	7.52000e+02	2.01146e+00	1.40667e+02
753	1.40205e+02	7.53000e+02	2.01145e+00	1.41000e+02
754	1.40534e+02	7.54000e+02	2.01144e+00	1.41333e+02
755	1.40866e+02	7.55000e+02	2.01144e+00	1.41667e+02
756	1.41205e+02	7.56000e+02	2.01144e+00	1.42000e+02
757	1.41538e+02	7.57000e+02	2.01143e+00	1.42333e+02
758	1.41869e+02	7.58000e+02	2.01143e+00	1.42667e+02
759	1.42200e+02	7.59000e+02	2.01143e+00	1.43000e+02
760	1.42527e+02	7.60000e+02	2.01143e+00	1.43333e+02
761	1.42862e+02	7.61000e+02	2.01142e+00	1.43667e+02
762	1.43198e+02	7.62000e+02	2.01142e+00	1.44000e+02
763	1.43535e+02	7.63000e+02	2.01140e+00	1.44333e+02
764	1.43859e+02	7.64000e+02	2.01138e+00	1.44667e+02
765	1.44198e+02	7.65000e+02	2.01134e+00	1.45000e+02
766	1.44530e+02	7.66000e+02	2.01131e+00	1.45333e+02
767	1.44869e+02	7.67000e+02	2.01128e+00	1.45667e+02
768	1.45208e+02	7.68000e+02	2.01125e+00	1.46000e+02
769	1.45546e+02	7.69000e+02	2.01124e+00	1.46333e+02
770	1.45875e+02	7.70000e+02	2.01124e+00	1.46667e+02
771	1.46204e+02	7.71000e+02	2.01124e+00	1.47000e+02
772	1.46550e+02	7.72000e+02	2.01129e+00	1.47333e+02
773	1.46875e+02	7.73000e+02	2.01131e+00	1.47667e+02
774	1.47201e+02	7.74000e+02	2.01133e+00	1.48000e+02
775	1.47541e+02	7.75000e+02	2.01134e+00	1.48333e+02
776	1.47871e+02	7.76000e+02	2.01135e+00	1.48667e+02
777	1.48207e+02	7.77000e+02	2.01136e+00	1.49000e+02
778	1.48540e+02	7.78000e+02	2.01137e+00	1.49333e+02
779	1.48885e+02	7.79000e+02	2.01137e+00	1.49667e+02
780	1.49226e+02	7.80000e+02	2.01137e+00	1.50000e+02
781	1.49552e+02	7.81000e+02	2.01136e+00	1.50333e+02
782	1.49887e+02	7.82000e+02	2.01134e+00	1.50667e+02
783	1.50220e+02	7.83000e+02	2.01132e+00	1.51000e+02
784	1.50557e+02	7.84000e+02	2.01127e+00	1.51333e+02
785	1.50887e+02	7.85000e+02	2.01123e+00	1.51667e+02
786	1.51220e+02	7.86000e+02	2.01119e+00	1.52000e+02
787	1.51548e+02	7.87000e+02	2.01114e+00	1.52333e+02
788	1.51895e+02	7.88000e+02	2.01109e+00	1.52667e+02
789	1.52228e+02	7.89000e+02	2.01105e+00	1.53000e+02
790	1.52573e+02	7.90000e+02	2.01102e+00	1.53333e+02
791	1.52896e+02	7.91000e+02	2.01099e+00	1.53667e+02
792	1.53232e+02	7.92000e+02	2.01098e+00	1.54000e+02
793	1.53570e+02	7.93000e+02	2.01096e+00	1.54333e+02
794	1.53899e+02	7.94000e+02	2.01094e+00	1.54667e+02
795	1.54233e+02	7.95000e+02	2.01092e+00	1.55000e+02
796	1.54558e+02	7.96000e+02	2.01089e+00	1.55333e+02
797	1.54909e+02	7.97000e+02	2.01087e+00	1.55667e+02
798	1.55247e+02	7.98000e+02	2.01086e+00	1.56000e+02
799	1.55568e+02	7.99000e+02	2.01086e+00	1.56333e+02
800	1.55908e+02	8.00000e+02	2.01089e+00	1.56667e+02
801	1.56241e+02	8.01000e+02	2.01092e+00	1.57000e+02
802	1.56577e+02	8.02000e+02	2.01096e+00	1.57333e+02
803	1.56915e+02	8.03000e+02	2.01100e+00	1.57667e+02
804	1.57248e+02	8.04000e+02	2.01105e+00	1.58000e+02
805	1.57593e+02	8.05000e+02	2.01106e+00	1.58333e+02
806	1.57924e+02	8.06000e+02	2.01104e+00	1.58667e+02
807	1.58266e+02	8.07000e+02	2.01099e+00	1.59000e+02
808	1.58591e+02	8.08000e+02	2.01085e+00	1.59333e+02
809	1.58940e+02	8.09000e+02	2.01073e+00	1.59667e+02
810	1.59258e+02	8.10000e+02	2.01061e+00	1.60000e+02
811	1.59588e+02	8.11000e+02	2.01050e+00	1.60333e+02
812	1.59934e+02	8.12000e+02	2.01036e+00	1.60667e+02
813	1.60266e+02	8.13000e+02	2.01028e+00	1.61000e+02
814	1.60603e+02	8.14000e+02	2.01022e+00	1.61333e+02
815	1.60936e+02	8.15000e+02	2.01018e+00	1.61667e+02
816	1.61278e+02	8.16000e+02	2.01022e+00	1.62000e+02
817	1.61597e+02	8.17000e+02	2.01024e+00	1.62333e+02
818	1.61939e+02	8.18000e+02	2.01025e+00	1.62667e+02
819	1.62282e+02	8.19000e+02	2.01027e+00	1.63000e+02
820	1.62607e+02	8.20000e+02	2.01031e+00	1.63333e+02
821	1.62955e+02	8.21000e+02	2.01033e+00	1.63667e+02
822	1.63277e+02	8.22000e+02	2.01035e+00	1.64000e+02
823	1.63618e+02	8.23000e+02	2.01036e+00	1.64333e+02
824	1.63961e+02	8.24000e+02	2.01037e+00	1.64667e+02
825	1.64291e+02	8.25000e+02	2.01037e+00	1.65000e+02
826	1.64630e+02	8.26000e+02	2.01038e+00	1.65333e+02
827	1.64978e+02	8.27000e+02	2.01038e+00	1.65667e+02
828	1.65291e+02	8.28000e+02	2.01036e+00	1.66000e+02
829	1.65644e+02	8.29000e+02	2.01035e+00	1.66333e+02
830	1.65979e+02	8.30000e+02	2.01034e+00	1.66667e+02
831	1.66306e+02	8.31000e+02	2.01033e+00	1.67000e+02
832	1.66646e+02	8.32000e+02	2.01031e+00	1.67333e+02
833	1.66983e+02	8.33000e+02	2.01030e+00	1.67667e+02
834	1.67331e+02	8.34000e+02	2.01029e+00	1.68000e+02
835	1.67665e+02	8.35000e+02	2.01029e+00	1.68333e+02
836	1.67985e+02	8.36000e+02	2.01029e+00	1.68667e+02
837	1.68320e+02	8.37000e+02	2.01030e+00	1.69000e+02
838	1.68656e+02	8.38000e+02	2.01030e+00	1.69333e+02
839	1.69001e+02	8.39000e+02	2.01030e+00	1.69667e+02
840	1.69334e+02	8.40000e+02	2.01030e+00	1.70000e+02
841	1.69671e+02	8.41000e+02	2.01029e+00	1.70333e+02
842	1.70005e+02	8.42000e+02	2.01028e+00	1.70667e+02
843	1.70342e+02	8.43000e+02	2.01027e+00	1.71000e+02
844	1.70680e+02	8.44000e+02	2.01023e+00	1.71333e+02
845	1.71022e+02	8.45000e+02	2.01021e+00	1.71667e+02
846	1.71359e+02	8.46000e+02	2.01018e+00	1.72000e+02
847	1.71697e+02	8.47000e+02	2.01016e+00	1.72333e+02
848	1.72033e+02	8.48000e+02	2.01012e+00	1.72667e+02
849	1.72366e+02	8.49000e+02	2.01009e+00	1.73000e+02
850	1.72709e+02	8.50000e+02	2.01006e+00	1.73333e+02
851	1.73032e+02	8.51000e+02	2.01003e+00	1.73667e+02
852	1.73365e+02	8.52000e+02	2.00999e+00	1.74000e+02
853	1.73708e+02	8.53000e+02	2.00996e+00	1.74333e+02
854	1.74043e+02	8.54000e+02	2.00992e+00	1.74667e+02
855	1.74389e+02	8.55000e+02	2.00988e+00	1.75000e+02
856	1.74722e+02	8.56000e+02	2.00984e+00	1.75333e+02
857	1.75064e+02	8.57000e+02	2.00980e+00	1.75667e+02
858	1.75400e+02	8.58000e+02	2.00976e+00	1.76000e+02
859	1.75732e+02	8.59000e+02	2.00972e+00	1.76333e+02
860	1.76067e+02	8.60000e+02	2.00968e+00	1.76667e+02
861	1.76400e+02	8.61000e+02	2.00964e+00	1.77000e+02
862	1.76737e+02	8.62000e+02	2.00961e+00	1.77333e+02
863	1.77090e+02	8.63000e+02	2.00957e+00	1.77667e+02
864	1.77415e+02	8.64000e+02	2.00953e+00	1.78000e+02
865	1.77746e+02	8.65000e+02	2.00949e+00	1.78333e+02
866	1.78079e+02	8.66000e+02	2.00946e+00	1.78667e+02
867	1.78437e+02	8.67000e+02	2.00942e+00	1.79000e+02
868	1.78768e+02	8.68000e+02	2.00938e+00	1.79333e+02
869	1.79107e+02	8.69000e+02	2.00935e+00	1.79667e+02
870	1.79435e+02	8.70000e+02	2.00931e+00	1.80000e+02
871	1.79781e+02	8.71000e+02	2.00927e+00	1.80333e+02
872	1.80116e+02	8.72000e+02	2.00923e+00	1.80667e+02
873	1.80442e+02	8.73000e+02	2.00918e+00	1.81000e+02
874	1.80790e+02	8.74000e+02	2.00914e+00	1.81333e+02
875	1.81129e+02	8.75000e+02	2.00909e+00	1.81667e+02
876	1.81472e+02	8.76000e+02	2.00904e+00	1.82000e+02
877	1.81804e+02	8.77000e+02	2.00899e+00	1.82333e+02
878	1.82138e+02	8.78000e+02	2.00893e+00	1.82667e+02
879	1.82475e+02	8.79000e+02	2.00888e+00	1.83000e+02
880	1.82812e+02	8.80000e+02	2.00882e+00	1.83333e+02
881	1.83157e+02	8.81000e+02	2.00877e+00	1.83667e+02
882	1.83505e+02	8.82000e+02	2.00872e+00	1.84000e+02
883	1.83830e+02	8.83000e+02	2.00866e+00	1.84333e+02
884	1.84165e+02	8.84000e+02	2.00860e+00	1.84667e+02
885	1.84493e+02	8.85000e+02	2.00854e+00	1.85000e+02
886	1.84850e+02	8.86000e+02	2.00849e+00	1.85333e+02
887	1.85187e+02	8.87000e+02	2.00843e+00	1.85667e+02
888	1.85532e+02	8.88000e+02	2.00838e+00	1.86000e+02
889	1.85875e+02	8.89000e+02	2.00834e+00	1.86333e+02
890	1.86217e+02	8.90000e+02	2.00829e+00	1.86667e+02
891	1.86545e+02	8.91000e+02	2.00823e+00	1.87000e+02
892	1.86884e+02	8.92000e+02	2.00818e+00	1.87333e+02
893	1.87212e+02	8.93000e+02	2.00810e+00	1.87667e+02
894	1.87553e+02	8.94000e+02	2.00801e+00	1.88000e+02
895	1.87879e+02	8.95000e+02	2.00792e+00	1.88333e+02
896	1.88231e+02	8.96000e+02	2.00779e+00	1.88667e+02
897	1.88563e+02	8.97000e+02	2.00768e+00	1.89000e+02
898	1.88905e+02	8.98000e+02	2.00758e+00	1.89333e+02
899	1.89236e+02	8.99000e+02	2.00749e+00	1.89667e+02
900	1.89581e+02	9.00000e+02	2.00741e+00	1.90000e+02
901	1.89913e+02	9.01000e+02	2.00733e+00	1.90333e+02
902	1.90255e+02	9.02000e+02	2.00724e+00	1.90667e+02
903	1.90586e+02	9.03000e+02	2.00716e+00	1.91000e+02
904	1.90911e+02	9.04000e+02	2.00707e+00	1.91333e+02
905	1.91254e+02	9.05000e+02	2.00698e+00	1.91667e+02
906	1.91597e+02	9.06000e+02	2.00687e+00	1.92000e+02
907	1.91933e+02	9.07000e+02	2.00676e+00	1.92333e+02
908	1.92272e+02	9.08000e+02	2.00663e+00	1.92667e+02
909	1.92601e+02	9.09000e+02	2.00651e+00	1.93000e+02
910	1.92950e+02	9.10000e+02	2.00639e+00	1.93333e+02
911	1.93300e+02	9.11000e+02	2.00628e+00	1.93667e+02
912	1.93635e+02	9.12000e+02	2.00616e+00	1.94000e+02
913	1.93970e+02	9.13000e+02	2.00604e+00	1.94333e+02
914	1.94305e+02	9.14000e+02	2.00592e+00	1.94667e+02
915	1.94646e+02	9.15000e+02	2.00579e+00	1.95000e+02
916	1.94984e+02	9.16000e+02	2.00567e+00	1.95333e+02
917	1.95318e+02	9.17000e+02	2.00554e+00	1.95667e+02
918	1.95656e+02	9.18000e+02	2.00540e+00	1.96000e+02
919	1.95998e+02	9.19000e+02	2.00527e+00	1.96333e+02
920	1.96333e+02	9.20000e+02	2.00513e+00	1.96667e+02
921	1.96673e+02	9.21000e+02	2.00499e+00	1.97000e+02
922	1.97009e+02	9.22000e+02	2.00486e+00	1.97333e+02
923	1.97344e+02	9.23000e+02	2.00473e+00	1.97667e+02
924	1.97687e+02	9.24000e+02	2.00460e+00	1.98000e+02
925	1.98034e+02	9.25000e+02	2.00448e+00	1.98333e+02
926	1.98361e+02	9.26000e+02	2.00435e+00	1.98667e+02
927	1.98694e+02	9.27000e+02	2.00423e+00	1.99000e+02
928	1.99036e+02	9.28000e+02	2.00410e+00	1.99333e+02
929	1.99368e+02	9.29000e+02	2.00397e+00	1.99667e+02
930	1.99709e+02	9.30000e+02	2.00383e+00	2.00000e+02
931	2.00040e+02	9.31000e+02	2.00368e+00	2.00333e+02
932	2.00390e+02	9.32000e+02	2.00353e+00	2.00667e+02
933	2.00725e+02	9.33000e+02	2.00338e+00	2.01000e+02
934	2.01075e+02	9.34000e+02	2.00324e+00	2.01333e+02
935	2.01402e+02	9.35000e+02	2.00310e+00	2.01667e+02
936	2.01746e+02	9.36000e+02	2.00295e+00	2.02000e+02
937	2.02084e+02	9.37000e+02	2.00281e+00	2.02333e+02
938	2.02410e+02	9.38000e+02	2.00267e+00	2.02667e+02
939	2.02757e+02	9.39000e+02	2.00253e+00	2.03000e+02
940	2.03089e+02	9.40000e+02	2.00239e+00	2.03333e+02
941	2.03435e+02	9.41000e+02	2.00224e+00	2.03667e+02
942	2.03779e+02	9.42000e+02	2.00210e+00	2.04000e+02
943	2.04100e+02	9.43000e+02	2.00196e+00	2.04333e+02
944	2.04447e+02	9.44000e+02	2.00182e+00	2.04667e+02
945	2.04790e+02	9.45000e+02	2.00167e+00	2.05000e+02
946	2.05120e+02	9.46000e+02	2.00152e+00	2.05333e+02
947	2.05458e+02	9.47000e+02	2.00138e+00	2.05667e+02
948	2.05801e+02	9.48000e+02	2.00123e+00	2.06000e+02
949	2.06120e+02	9.49000e+02	2.00108e+00	2.06333e+02
950	2.06473e+02	9.50000e+02	2.00093e+00	2.06667e+02
951	2.06805e+02	9.51000e+02	2.00078e+00	2.07000e+02
952	2.07148e+02	9.52000e+02	2.00062e+00	2.07333e+02
953	2.07480e+02	9.53000e+02	2.00046e+00	2.07667e+02
954	2.07834e+02	9.54000e+02	2.00030e+00	2.08000e+02
955	2.08171e+02	9.55000e+02	2.00014e+00	2.08333e+02
956	2.08507e+02	9.56000e+02	1.99997e+00	2.08667e+02
957	2.08837e+02	9.57000e+02	1.99980e+00	2.09000e+02
958	2.09175e+02	9.58000e+02	1.99963e+00	2.09333e+02
959	2.09518e+02	9.59000e+02	1.99946e+00	2.09667e+02
960	2.09856e+02	9.60000e+02	1.99930e+00	2.10000e+02
961	2.10184e+02	9.61000e+02	1.99914e+00	2.10333e+02
962	2.10532e+02	9.62000e+02	1.99898e+00	2.10667e+02
963	2.10870e+02	9.63000e+02	1.99882e+00	2.11000e+02
964	2.11204e+02	9.64000e+02	1.99866e+00	2.11333e+02
965	2.11543e+02	9.65000e+02	1.99851e+00	2.11667e+02
966	2.11884e+02	9.66000e+02	1.99835e+00	2.12000e+02
967	2.12209e+02	9.67000e+02	1.99819e+00	2.12333e+02
968	2.12551e+02	9.68000e+02	1.99804e+00	2.12667e+02
969	2.12892e+02	9.69000e+02	1.99788e+00	2.13000e+02
970	2.13229e+02	9.70000e+02	1.99773e+00	2.13333e+02
971	2.13563e+02	9.71000e+02	1.99759e+00	2.13667e+02
972	2.13909e+02	9.72000e+02	1.99746e+00	2.14000e+02
973	2.14239e+02	9.73000e+02	1.99732e+00	2.14333e+02
974	2.14579e+02	9.74000e+02	1.99717e+00	2.14667e+02
975	2.14928e+02	9.75000e+02	1.99703e+00	2.15000e+02
976	2.15262e+02	9.76000e+02	1.99688e+00	2.15333e+02
977	2.15605e+02	9.77000e+02	1.99673e+00	2.15667e+02
978	2.15930e+02	9.78000e+02	1.99658e+00	2.16000e+02
979	2.16275e+02	9.79000e+02	1.99642e+00	2.16333e+02
980	2.16617e+02	9.80000e+02	1.99626e+00	2.16667e+02
981	2.16947e+02	9.81000e+02	1.99609e+00	2.17000e+02
982	2.17282e+02	9.82000e+02	1.99593e+00	2.17333e+02
983	2.17624e+02	9.83000e+02	1.99576e+00	2.17667e+02
984	2.17963e+02	9.84000e+02	1.99559e+00	2.18000e+02
985	2.18306e+02	9.85000e+02	1.99542e+00	2.18333e+02
986	2.18644e+02	9.86000e+02	1.99526e+00	2.18667e+02
987	2.18978e+02	9.87000e+02	1.99509e+00	2.19000e+02
988	2.19321e+02	9.88000e+02	1.99494e+00	2.19333e+02
989	2.19655e+02	9.89000e+02	1.99479e+00	2.19667e+02
990	2.19986e+02	9.90000e+02	1.99464e+00	2.20000e+02
991	2.20318e+02	9.91000e+02	1.99449e+00	2.20333e+02
992	2.20671e+02	9.92000e+02	1.99435e+00	2.20667e+02
993	2.20999e+02	9.93000e+02	1.99421e+00	2.21000e+02
994	2.21341e+02	9.94000e+02	1.99406e+00	2.21333e+02
995	2.21683e+02	9.95000e+02	1.99393e+00	2.21667e+02
996	2.22010e+02	9.96000e+02	1.99378e+00	2.22000e+02
997	2.22352e+02	9.97000e+02	1.99363e+00	2.22333e+02
998	2.22689e+02	9.98000e+02	1.99349e+00	2.22667e+02
999	2.23043e+02	9.99000e+02	1.99334e+00	2.23000e+02
1000	2.23366e+02	1.00000e+03	1.99318e+00	2.23333e+02
1001	2.23712e+02	1.00100e+03	1.99302e+00	2.23667e+02
1002	2.24046e+02	1.00200e+03	1.99285e+00	2.24000e+02
1003	2.24387e+02	1.00300e+03	1.99268e+00	2.24333e+02
1004	2.24716e+02	1.00400e+03	1.99249e+00	2.24667e+02
1005	2.25058e+02	1.00500e+03	1.99230e+00	2.25000e+02
1006	2.25387e+02	1.00600e+03	1.99210e+00	2.25333e+02
1007	2.25733e+02	1.00700e+03	1.99190e+00	2.25667e+02
1008	2.26068e+02	1.00800e+03	1.99169e+00	2.26000e+02
1009	2.26404e+02	1.00900e+03	1.99148e+00	2.26333e+02
1010	2.26735e+02	1.01000e+03	1.99127e+00	2.26667e+02
1011	2.27073e+02	1.01100e+03	1.99107e+00	2.27000e+02
1012	2.27406e+02	1.01200e+03	1.99087e+00	2.27333e+02
1013	2.27739e+02	1.01300e+03	1.99066e+00	2.27667e+02
1014	2.28081e+02	1.01400e+03	1.99046e+00	2.28000e+02
1015	2.28420e+02	1.01500e+03	1.99027e+00	2.28333e+02
1016	2.28758e+02	1.01600e+03	1.99008e+00	2.28667e+02
1017	2.29097e+02	1.01700e+03	1.98989e+00	2.29000e+02
1018	2.29434e+02	1.01800e+03	1.98971e+00	2.29333e+02
1019	2.29776e+02	1.01900e+03	1.98953e+00	2.29667e+02
1020	2.30114e+02	1.02000e+03	1.98936e+00	2.30000e+02
1021	2.30452e+02	1.02100e+03	1.98917e+00	2.30333e+02
1022	2.30792e+02	1.02200e+03	1.98897e+00	2.30667e+02
1023	2.31125e+02	1.02300e+03	1.98876e+00	2.31000e+02
1024	2.31471e+02	1.02400e+03	1.98854e+00	2.31333e+02
1025	2.31805e+02	1.02500e+03	1.98834e+00	2.31667e+02
1026	2.32141e+02	1.02600e+03	1.98814e+00	2.32000e+02
1027	2.32478e+02	1.02700e+03	1.98795e+00	2.32333e+02
1028	2.32815e+02	1.02800e+03	1.98778e+00	2.32667e+02
1029	2.33144e+02	1.02900e+03	1.98761e+00	2.33000e+02
1030	2.33486e+02	1.03000e+03	1.98745e+00	2.33333e+02
1031	2.33829e+02	1.03100e+03	1.98729e+00	2.33667e+02
1032	2.34161e+02	1.03200e+03	1.98716e+00	2.34000e+02
1033	2.34495e+02	1.03300e+03	1.98700e+00	2.34333e+02
1034	2.34845e+02	1.03400e+03	1.98684e+00	2.34667e+02
1035	2.35183e+02	1.03500e+03	1.98667e+00	2.35000e+02
1036	2.35513e+02	1.03600e+03	1.98648e+00	2.35333e+02
1037	2.35838e+02	1.03700e+03	1.98629e+00	2.35667e+02
1038	2.36185e+02	1.03800e+03	1.98609e+00	2.36000e+02
1039	2.36516e+02	1.03900e+03	1.98589e+00	2.36333e+02
1040	2.36858e+02	1.04000e+03	1.98567e+00	2.36667e+02
1041	2.37183e+02	1.04100e+03	1.98545e+00	2.37000e+02
1042	2.37526e+02	1.04200e+03	1.98524e+00	2.37333e+02
1043	2.37864e+02	1.04300e+03	1.98502e+00	2.37667e+02
1044	2.38201e+02	1.04400e+03	1.98480e+00	2.38000e+02
1045	2.38537e+02	1.04500e+03	1.98458e+00	2.38333e+02
1046	2.38877e+02	1.04600e+03	1.98436e+00	2.38667e+02
1047	2.39215e+02	1.04700e+03	1.98415e+00	2.39000e+02
1048	2.39558e+02	1.04800e+03	1.98393e+00	2.39333e+02
1049	2.39895e+02	1.04900e+03	1.98372e+00	2.39667e+02
1050	2.40222e+02	1.05000e+03	1.98351e+00	2.40000e+02
1051	2.40561e+02	1.05100e+03	1.98329e+00	2.40333e+02
1052	2.40898e+02	1.05200e+03	1.98308e+00	2.40667e+02
1053	2.41231e+02	1.05300e+03	1.98286e+00	2.41000e+02
1054	2.41574e+02	1.05400e+03	1.98265e+00	2.41333e+02
1055	2.41900e+02	1.05500e+03	1.98244e+00	2.41667e+02
1056	2.42248e+02	1.05600e+03	1.98223e+00	2.42000e+02
1057	2.42580e+02	1.05700e+03	1.98202e+00	2.42333e+02
1058	2.42915e+02	1.05800e+03	1.98182e+00	2.42667e+02
1059	2.43251e+02	1.05900e+03	1.98162e+00	2.43000e+02
1060	2.43586e+02	1.06000e+03	1.98142e+00	2.43333e+02
1061	2.43919e+02	1.06100e+03	1.98122e+00	2.43667e+02
1062	2.44258e+02	1.06200e+03	1.98101e+00	2.44000e+02
1063	2.44597e+02	1.06300e+03	1.98079e+00	2.44333e+02
1064	2.44937e+02	1.06400e+03	1.98056e+00	2.44667e+02
1065	2.45274e+02	1.06500e+03	1.98033e+00	2.45000e+02
1066	2.45610e+02	1.06600e+03	1.98012e+00	2.45333e+02
1067	2.45950e+02	1.06700e+03	1.97991e+00	2.45667e+02
1068	2.46275e+02	1.06800e+03	1.97971e+00	2.46000e+02
1069	2.46612e+02	1.06900e+03	1.97952e+00	2.46333e+02
1070	2.46947e+02	1.07000e+03	1.97934e+00	2.46667e+02
1071	2.47287e+02	1.07100e+03	1.97915e+00	2.47000e+02
1072	2.47619e+02	1.07200e+03	1.97897e+00	2.47333e+02
1073	2.47969e+02	1.07300e+03	1.97878e+00	2.47667e+02
1074	2.48305e+02	1.07400e+03	1.97857e+00	2.48000e+02
1075	2.48636e+02	1.07500e+03	1.97836e+00	2.48333e+02
1076	2.48981e+02	1.07600e+03	1.97812e+00	2.48667e+02
1077	2.49312e+02	1.07700e+03	1.97788e+00	2.49000e+02
1078	2.49652e+02	1.07800e+03	1.97765e+00	2.49333e+02
1079	2.49988e+02	1.07900e+03	1.97742e+00	2.49667e+02
1080	2.50327e+02	1.08000e+03	1.97717e+00	2.50000e+02
1081	2.50657e+02	1.08100e+03	1.97694e+00	2.50333e+02
1082	2.50998e+02	1.08200e+03	1.97670e+00	2.50667e+02
1083	2.51329e+02	1.08300e+03	1.97646e+00	2.51000e+02
1084	2.51667e+02	1.08400e+03	1.97621e+00	2.51333e+02
1085	2.52007e+02	1.08500e+03	1.97597e+00	2.51667e+02
1086	2.52342e+02	1.08600e+03	1.97573e+00	2.52000e+02
1087	2.52676e+02	1.08700e+03	1.97548e+00	2.52333e+02
1088	2.53022e+02	1.08800e+03	1.97524e+00	2.52667e+02
1089	2.53361e+02	1.08900e+03	1.97500e+00	2.53000e+02
1090	2.53698e+02	1.09000e+03	1.97476e+00	2.53333e+02
1091	2.54022e+02	1.09100e+03	1.97453e+00	2.53667e+02
1092	2.54354e+02	1.09200e+03	1.97430e+00	2.54000e+02
1093	2.54695e+02	1.09300e+03	1.97406e+00	2.54333e+02
1094	2.55018e+02	1.09400e+03	1.97383e+00	2.54667e+02
1095	2.55370e+02	1.09500e+03	1.97359e+00	2.55000e+02
1096	2.55701e+02	1.09600e+03	1.97336e+00	2.55333e+02
1097	2.56035e+02	1.09700e+03	1.97313e+00	2.55667e+02
1098	2.56377e+02	1.09800e+03	1.97290e+00	2.56000e+02
1099	2.56729e+02	1.09900e+03	1.97267e+00	2.56333e+02
1100	2.57050e+02	1.10000e+03	1.97243e+00	2.56667e+02
1101	2.57391e+02	1.10100e+03	1.97220e+00	2.57000e+02
1102	2.57730e+02	1.10200e+03	1.97196e+00	2.57333e+02
1103	2.58070e+02	1.10300e+03	1.97171e+00	2.57667e+02
1104	2.58397e+02	1.10400e+03	1.97146e+00	2.58000e+02
1105	2.58741e+02	1.10500e+03	1.97121e+00	2.58333e+02
1106	2.59076e+02	1.10600e+03	1.97096e+00	2.58667e+02
1107	2.59411e+02	1.10700e+03	1.97071e+00	2.59000e+02
1108	2.59743e+02	1.10800e+03	1.97045e+00	2.59333e+02
1109	2.60084e+02	1.10900e+03	1.97020e+00	2.59667e+02
1110	2.60420e+02	1.11000e+03	1.96995e+00	2.60000e+02
1111	2.60751e+02	1.11100e+03	1.96970e+00	2.60333e+02
1112	2.61088e+02	1.11200e+03	1.96946e+00	2.60667e+02
1113	2.61421e+02	1.11300e+03	1.96922e+00	2.61000e+02
1114	2.61763e+02	1.11400e+03	1.96898e+00	2.61333e+02
1115	2.62097e+02	1.11500e+03	1.96874e+00	2.61667e+02
1116	2.62436e+02	1.11600e+03	1.96850e+00	2.62000e+02
1117	2.62780e+02	1.11700e+03	1.96826e+00	2.62333e+02
1118	2.63114e+02	1.11800e+03	1.96801e+00	2.62667e+02
1119	2.63442e+02	1.11900e+03	1.96777e+00	2.63000e+02
1120	2.63781e+02	1.12000e+03	1.96750e+00	2.63333e+02
1121	2.64114e+02	1.12100e+03	1.96725e+00	2.63667e+02
1122	2.64453e+02	1.12200e+03	1.96699e+00	2.64000e+02
1123	2.64790e+02	1.12300e+03	1.96673e+00	2.64333e+02
1124	2.65123e+02	1.12400e+03	1.96646e+00	2.64667e+02
1125	2.65456e+02	1.12500e+03	1.96621e+00	2.65000e+02
1126	2.65789e+02	1.12600e+03	1.96595e+00	2.65333e+02
1127	2.66127e+02	1.12700e+03	1.96570e+00	2.65667e+02
1128	2.66459e+02	1.12800e+03	1.96546e+00	2.66000e+02
1129	2.66808e+02	1.12900e+03	1.96521e+00	2.66333e+02
1130	2.67135e+02	1.13000e+03	1.96496e+00	2.66667e+02
1131	2.67466e+02	1.13100e+03	1.96471e+00	2.67000e+02
1132	2.67804e+02	1.13200e+03	1.96445e+00	2.67333e+02
1133	2.68137e+02	1.13300e+03	1.96419e+00	2.67667e+02
1134	2.68472e+02	1.13400e+03	1.96393e+00	2.68000e+02
1135	2.68810e+02	1.13500e+03	1.96367e+00	2.68333e+02
1136	2.69154e+02	1.13600e+03	1.96340e+00	2.68667e+02
1137	2.69478e+02	1.13700e+03	1.96314e+00	2.69000e+02
1138	2.69814e+02	1.13800e+03	1.96288e+00	2.69333e+02
1139	2.70144e+02	1.13900e+03	1.96263e+00	2.69667e+02
1140	2.70480e+02	1.14000e+03	1.96238e+00	2.70000e+02
1141	2.70822e+02	1.14100e+03	1.96213e+00	2.70333e+02
1142	2.71154e+02	1.14200e+03	1.96188e+00	2.70667e+02
1143	2.71489e+02	1.14300e+03	1.96163e+00	2.71000e+02
1144	2.71825e+02	1.14400e+03	1.96138e+00	2.71333e+02
1145	2.72164e+02	1.14500e+03	1.96112e+00	2.71667e+02
1146	2.72499e+02	1.14600e+03	1.96086e+00	2.72000e+02
1147	2.72832e+02	1.14700e+03	1.96059e+00	2.72333e+02
1148	2.73169e+02	1.14800e+03	1.96031e+00	2.72667e+02
1149	2.73508e+02	1.14900e+03	1.96004e+00	2.73000e+02
1150	2.73850e+02	1.15000e+03	1.95976e+00	2.73333e+02
1151	2.74187e+02	1.15100e+03	1.95948e+00	2.73667e+02
1152	2.74512e+02	1.15200e+03	1.95920e+00	2.74000e+02
1153	2.74849e+02	1.15300e+03	1.95892e+00	2.74333e+02
1154	2.75182e+02	1.15400e+03	1.95864e+00	2.74667e+02
1155	2.75525e+02	1.15500e+03	1.95835e+00	2.75000e+02
1156	2.75862e+02	1.15600e+03	1.95807e+00	2.75333e+02
1157	2.76189e+02	1.15700e+03	1.95779e+00	2.75667e+02
1158	2.76526e+02	1.15800e+03	1.95751e+00	2.76000e+02
1159	2.76856e+02	1.15900e+03	1.95723e+00	2.76333e+02
1160	2.77196e+02	1.16000e+03	1.95695e+00	2.76667e+02
1161	2.77527e+02	1.16100e+03	1.95667e+00	2.77000e+02
1162	2.77857e+02	1.16200e+03	1.95639e+00	2.77333e+02
1163	2.78209e+02	1.16300e+03	1.95610e+00	2.77667e+02
1164	2.78539e+02	1.16400e+03	1.95581e+00	2.78000e+02
1165	2.78866e+02	1.16500e+03	1.95551e+00	2.78333e+02
1166	2.79200e+02	1.16600e+03	1.95522e+00	2.78667e+02
1167	2.79541e+02	1.16700e+03	1.95492e+00	2.79000e+02
1168	2.79877e+02	1.16800e+03	1.95460e+00	2.79333e+02
1169	2.80212e+02	1.16900e+03	1.95429e+00	2.79667e+02
1170	2.80551e+02	1.17000e+03	1.95398e+00	2.80000e+02
1171	2.80890e+02	1.17100e+03	1.95366e+00	2.80333e+02
1172	2.81206e+02	1.17200e+03	1.95333e+00	2.80667e+02
1173	2.81547e+02	1.17300e+03	1.95300e+00	2.81000e+02
1174	2.81880e+02	1.17400e+03	1.95266e+00	2.81333e+02
1175	2.82215e+02	1.17500e+03	1.95232e+00	2.81667e+02
1176	2.82559e+02	1.17600e+03	1.95197e+00	2.82000e+02
1177	2.82897e+02	1.17700e+03	1.95162e+00	2.82333e+02
1178	2.83227e+02	1.17800e+03	1.95127e+00	2.82667e+02
1179	2.83558e+02	1.17900e+03	1.95091e+00	2.83000e+02
1180	2.83892e+02	1.18000e+03	1.95054e+00	2.83333e+02
1181	2.84236e+02	1.18100e+03	1.95017e+00	2.83667e+02
1182	2.84570e+02	1.18200e+03	1.94978e+00	2.84000e+02
1183	2.84898e+02	1.18300e+03	1.94939e+00	2.84333e+02
1184	2.85246e+02	1.18400e+03	1.94897e+00	2.84667e+02
1185	2.85578e+02	1.18500e+03	1.94855e+00	2.85000e+02
1186	2.85906e+02	1.18600e+03	1.94814e+00	2.85333e+02
1187	2.86256e+02	1.18700e+03	1.94772e+00	2.85667e+02
1188	2.86586e+02	1.18800e+03	1.94729e+00	2.86000e+02
1189	2.86923e+02	1.18900e+03	1.94687e+00	2.86333e+02
1190	2.87257e+02	1.19000e+03	1.94645e+00	2.86667e+02
1191	2.87586e+02	1.19100e+03	1.94604e+00	2.87000e+02
1192	2.87923e+02	1.19200e+03	1.94564e+00	2.87333e+02
1193	2.88260e+02	1.19300e+03	1.94524e+00	2.87667e+02
1194	2.88591e+02	1.19400e+03	1.94484e+00	2.88000e+02
1195	2.88926e+02	1.19500e+03	1.94444e+00	2.88333e+02
1196	2.89268e+02	1.19600e+03	1.94403e+00	2.88667e+02
1197	2.89589e+02	1.19700e+03	1.94363e+00	2.89000e+02
1198	2.89932e+02	1.19800e+03	1.94322e+00	2.89333e+02
1199	2.90277e+02	1.19900e+03	1.94281e+00	2.89667e+02
1200	2.90611e+02	1.20000e+03	1.94238e+00	2.90000e+02
1201	2.90945e+02	1.20100e+03	1.94196e+00	2.90333e+02
1202	2.91271e+02	1.20200e+03	1.94154e+00	2.90667e+02
1203	2.91617e+02	1.20300e+03	1.94112e+00	2.91000e+02
1204	2.91937e+02	1.20400e+03	1.94069e+00	2.91333e+02
1205	2.92279e+02	1.20500e+03	1.94026e+00	2.91667e+02
1206	2.92616e+02	1.20600e+03	1.93983e+00	2.92000e+02
1207	2.92945e+02	1.20700e+03	1.93940e+00	2.92333e+02
1208	2.93278e+02	1.20800e+03	1.93897e+00	2.92667e+02
1209	2.93612e+02	1.20900e+03	1.93853e+00	2.93000e+02
1210	2.93951e+02	1.21000e+03	1.93809e+00	2.93333e+02
1211	2.94285e+02	1.21100e+03	1.93764e+00	2.93667e+02
1212	2.94621e+02	1.21200e+03	1.93718e+00	2.94000e+02
1213	2.94953e+02	1.21300e+03	1.93672e+00	2.94333e+02
1214	2.95290e+02	1.21400e+03	1.93626e+00	2.94667e+02
1215	2.95627e+02	1.21500e+03	1.93579e+00	2.95000e+02
1216	2.95961e+02	1.21600e+03	1.93530e+00	2.95333e+02
1217	2.96288e+02	1.21700e+03	1.93482e+00	2.95667e+02
1218	2.96629e+02	1.21800e+03	1.93433e+00	2.96000e+02
1219	2.96972e+02	1.21900e+03	1.93384e+00	2.96333e+02
1220	2.97295e+02	1.22000e+03	1.93333e+00	2.96667e+02
1221	2.97617e+02	1.22100e+03	1.93283e+00	2.97000e+02
1222	2.97959e+02	1.22200e+03	1.93233e+00	2.97333e+02
1223	2.98296e+02	1.22300e+03	1.93183e+00	2.97667e+02
1224	2.98643e+02	1.22400e+03	1.93132e+00	2.98000e+02
1225	2.98968e+02	1.22500e+03	1.93081e+00	2.98333e+02
1226	2.99300e+02	1.22600e+03	1.93030e+00	2.98667e+02
1227	2.99633e+02	1.22700e+03	1.92978e+00	2.99000e+02
1228	2.99973e+02	1.22800e+03	1.92925e+00	2.99333e+02
1229	3.00299e+02	1.22900e+03	1.92872e+00	2.99667e+02
1230	3.00639e+02	1.23000e+03	1.92819e+00	3.00000e+02
1231	3.00964e+02	1.23100e+03	1.92765e+00	3.00333e+02
1232	3.01311e+02	1.23200e+03	1.92710e+00	3.00667e+02
1233	3.01635e+02	1.23300e+03	1.92655e+00	3.01000e+02
1234	3.01980e+02	1.23400e+03	1.92600e+00	3.01333e+02
1235	3.02317e+02	1.23500e+03	1.92544e+00	3.01667e+02
1236	3.02649e+02	1.23600e+03	1.92488e+00	3.02000e+02
1237	3.02978e+02	1.23700e+03	1.92432e+00	3.02333e+02
1238	3.03316e+02	1.23800e+03	1.92375e+00	3.02667e+02
1239	3.03646e+02	1.23900e+03	1.92317e+00	3.03000e+02
1240	3.03980e+02	1.24000e+03	1.92258e+00	3.03333e+02
1241	3.04314e+02	1.24100e+03	1.92199e+00	3.03667e+02
1242	3.04646e+02	1.24200e+03	1.92140e+00	3.04000e+02
1243	3.04982e+02	1.24300e+03	1.92080e+00	3.04333e+02
1244	3.05323e+02	1.24400e+03	1.92019e+00	3.04667e+02
1245	3.05658e+02	1.24500e+03	1.91957e+00	3.05000e+02
1246	3.05980e+02	1.24600e+03	1.91895e+00	3.05333e+02
1247	3.06325e+02	1.24700e+03	1.91832e+00	3.05667e+02
1248	3.06656e+02	1.24800e+03	1.91767e+00	3.06000e+02
1249	3.06996e+02	1.24900e+03	1.91702e+00	3.06333e+02
1250	3.07324e+02	1.25000e+03	1.91637e+00	3.06667e+02
1251	3.07665e+02	1.25100e+03	1.91572e+00	3.07000e+02
1252	3.07987e+02	1.25200e+03	1.91504e+00	3.07333e+02
1253	3.08328e+02	1.25300e+03	1.91437e+00	3.07667e+02
1254	3.08659e+02	1.25400e+03	1.91370e+00	3.08000e+02
1255	3.08992e+02	1.25500e+03	1.91303e+00	3.08333e+02
1256	3.09324e+02	1.25600e+03	1.91234e+00	3.08667e+02
1257	3.09671e+02	1.25700e+03	1.91165e+00	3.09000e+02
1258	3.10002e+02	1.25800e+03	1.91096e+00	3.09333e+02
1259	3.10326e+02	1.25900e+03	1.91026e+00	3.09667e+02
1260	3.10673e+02	1.26000e+03	1.90955e+00	3.10000e+02
1261	3.11006e+02	1.26100e+03	1.90885e+00	3.10333e+02
1262	3.11331e+02	1.26200e+03	1.90814e+00	3.10667e+02
1263	3.11672e+02	1.26300e+03	1.90744e+00	3.11000e+02
1264	3.11991e+02	1.26400e+03	1.90673e+00	3.11333e+02
1265	3.12330e+02	1.26500e+03	1.90603e+00	3.11667e+02
1266	3.12664e+02	1.26600e+03	1.90532e+00	3.12000e+02
1267	3.12998e+02	1.26700e+03	1.90462e+00	3.12333e+02
1268	3.13334e+02	1.26800e+03	1.90391e+00	3.12667e+02
1269	3.13662e+02	1.26900e+03	1.90321e+00	3.13000e+02
1270	3.14013e+02	1.27000e+03	1.90250e+00	3.13333e+02
1271	3.14340e+02	1.27100e+03	1.90179e+00	3.13667e+02
1272	3.14672e+02	1.27200e+03	1.90107e+00	3.14000e+02
1273	3.15004e+02	1.27300e+03	1.90035e+00	3.14333e+02
1274	3.15339e+02	1.27400e+03	1.89963e+00	3.14667e+02
1275	3.15675e+02	1.27500e+03	1.89892e+00	3.15000e+02
1276	3.16005e+02	1.27600e+03	1.89819e+00	3.15333e+02
1277	3.16334e+02	1.27700e+03	1.89747e+00	3.15667e+02
1278	3.16672e+02	1.27800e+03	1.89674e+00	3.16000e+02
1279	3.17017e+02	1.27900e+03	1.89601e+00	3.16333e+02
1280	3.17338e+02	1.28000e+03	1.89528e+00	3.16667e+02
1281	3.17670e+02	1.28100e+03	1.89454e+00	3.17000e+02
1282	3.18013e+02	1.28200e+03	1.89380e+00	3.17333e+02
1283	3.18347e+02	1.28300e+03	1.89306e+00	3.17667e+02
1284	3.18686e+02	1.28400e+03	1.89231e+00	3.18000e+02
1285	3.19013e+02	1.28500e+03	1.89156e+00	3.18333e+02
1286	3.19348e+02	1.28600e+03	1.89081e+00	3.18667e+02
1287	3.19680e+02	1.28700e+03	1.89005e+00	3.19000e+02
1288	3.20018e+02	1.28800e+03	1.88929e+00	3.19333e+02
1289	3.20344e+02	1.28900e+03	1.88852e+00	3.19667e+02
1290	3.20689e+02	1.29000e+03	1.88775e+00	3.20000e+02
1291	3.21020e+02	1.29100e+03	1.88697e+00	3.20333e+02
1292	3.21351e+02	1.29200e+03	1.88618e+00	3.20667e+02
1293	3.21680e+02	1.29300e+03	1.88538e+00	3.21000e+02
1294	3.22013e+02	1.29400e+03	1.88459e+00	3.21333e+02
1295	3.22344e+02	1.29500e+03	1.88378e+00	3.21667e+02
1296	3.22679e+02	1.29600e+03	1.88296e+00	3.22000e+02
1297	3.23013e+02	1.29700e+03	1.88214e+00	3.22333e+02
1298	3.23345e+02	1.29800e+03	1.88132e+00	3.22667e+02
1299	3.23676e+02	1.29900e+03	1.88049e+00	3.23000e+02
1300	3.24016e+02	1.30000e+03	1.87965e+00	3.23333e+02
1301	3.24348e+02	1.30100e+03	1.87881e+00	3.23667e+02
1302	3.24684e+02	1.30200e+03	1.87797e+00	3.24000e+02
1303	3.25023e+02	1.30300e+03	1.87712e+00	3.24333e+02
1304	3.25353e+02	1.30400e+03	1.87626e+00	3.24667e+02
1305	3.25683e+02	1.30500e+03	1.87539e+00	3.25000e+02
1306	3.26007e+02	1.30600e+03	1.87451e+00	3.25333e+02
1307	3.26347e+02	1.30700e+03	1.87362e+00	3.25667e+02
1308	3.26681e+02	1.30800e+03	1.87270e+00	3.26000e+02
1309	3.27017e+02	1.30900e+03	1.87178e+00	3.26333e+02
1310	3.27357e+02	1.31000e+03	1.87085e+00	3.26667e+02
1311	3.27686e+02	1.31100e+03	1.86992e+00	3.27000e+02
1312	3.28010e+02	1.31200e+03	1.86895e+00	3.27333e+02
1313	3.28346e+02	1.31300e+03	1.86799e+00	3.27667e+02
1314	3.28685e+02	1.31400e+03	1.86702e+00	3.28000e+02
1315	3.29022e+02	1.31500e+03	1.86604e+00	3.28333e+02
1316	3.29358e+02	1.31600e+03	1.86502e+00	3.28667e+02
1317	3.29687e+02	1.31700e+03	1.86400e+00	3.29000e+02
1318	3.30024e+02	1.31800e+03	1.86297e+00	3.29333e+02
1319	3.30349e+02	1.31900e+03	1.86193e+00	3.29667e+02
1320	3.30684e+02	1.32000e+03	1.86083e+00	3.30000e+02
1321	3.31026e+02	1.32100e+03	1.85973e+00	3.30333e+02
1322	3.31358e+02	1.32200e+03	1.85862e+00	3.30667e+02
1323	3.31684e+02	1.32300e+03	1.85749e+00	3.31000e+02
1324	3.32015e+02	1.32400e+03	1.85630e+00	3.31333e+02
1325	3.32351e+02	1.32500e+03	1.85511e+00	3.31667e+02
1326	3.32691e+02	1.32600e+03	1.85390e+00	3.32000e+02
1327	3.33021e+02	1.32700e+03	1.85269e+00	3.32333e+02
1328	3.33349e+02	1.32800e+03	1.85141e+00	3.32667e+02
1329	3.33679e+02	1.32900e+03	1.85015e+00	3.33000e+02
1330	3.34008e+02	1.33000e+03	1.84887e+00	3.33333e+02
1331	3.34340e+02	1.33100e+03	1.84758e+00	3.33667e+02
1332	3.34677e+02	1.33200e+03	1.84623e+00	3.34000e+02
1333	3.35011e+02	1.33300e+03	1.84488e+00	3.34333e+02
1334	3.35341e+02	1.33400e+03	1.84351e+00	3.34667e+02
1335	3.35679e+02	1.33500e+03	1.84212e+00	3.35000e+02
1336	3.36007e+02	1.33600e+03	1.84065e+00	3.35333e+02
1337	3.36339e+02	1.33700e+03	1.83918e+00	3.35667e+02
1338	3.36669e+02	1.33800e+03	1.83769e+00	3.36000e+02
1339	3.36995e+02	1.33900e+03	1.83618e+00	3.36333e+02
1340	3.37333e+02	1.34000e+03	1.83456e+00	3.36667e+02
1341	3.37673e+02	1.34100e+03	1.83295e+00	3.37000e+02
1342	3.37999e+02	1.34200e+03	1.83132e+00	3.37333e+02
1343	3.38345e+02	1.34300e+03	1.82967e+00	3.37667e+02
1344	3.38675e+02	1.34400e+03	1.82789e+00	3.38000e+02
1345	3.38997e+02	1.34500e+03	1.82614e+00	3.38333e+02
1346	3.39340e+02	1.34600e+03	1.82435e+00	3.38667e+02
1347	3.39663e+02	1.34700e+03	1.82254e+00	3.39000e+02
1348	3.39995e+02	1.34800e+03	1.82062e+00	3.39333e+02
1349	3.40342e+02	1.34900e+03	1.81871e+00	3.39667e+02
1350	3.40663e+02	1.35000e+03	1.81677e+00	3.40000e+02
1351	3.40992e+02	1.35100e+03	1.81481e+00	3.40333e+02
1352	3.41311e+02	1.35200e+03	1.81274e+00	3.40667e+02
1353	3.41656e+02	1.35300e+03	1.81067e+00	3.41000e+02
1354	3.41990e+02	1.35400e+03	1.80857e+00	3.41333e+02
1355	3.42324e+02	1.35500e+03	1.80644e+00	3.41667e+02
1356	3.42653e+02	1.35600e+03	1.80417e+00	3.42000e+02
1357	3.42987e+02	1.35700e+03	1.80192e+00	3.42333e+02
1358	3.43325e+02	1.35800e+03	1.79962e+00	3.42667e+02
1359	3.43652e+02	1.35900e+03	1.79730e+00	3.43000e+02
1360	3.43982e+02	1.36000e+03	1.79480e+00	3.43333e+02
1361	3.44315e+02	1.36100e+03	1.79233e+00	3.43667e+02
1362	3.44648e+02	1.36200e+03	1.78982e+00	3.44000e+02
1363	3.44972e+02	1.36300e+03	1.78727e+00	3.44333e+02
1364	3.45310e+02	1.36400e+03	1.78454e+00	3.44667e+02
1365	3.45637e+02	1.36500e+03	1.78183e+00	3.45000e+02
1366	3.45967e+02	1.36600e+03	1.77908e+00	3.45333e+02
1367	3.46306e+02	1.36700e+03	1.77629e+00	3.45667e+02
1368	3.46642e+02	1.36800e+03	1.77330e+00	3.46000e+02
1369	3.46960e+02	1.36900e+03	1.77034e+00	3.46333e+02
1370	3.47285e+02	1.37000e+03	1.76733e+00	3.46667e+02
1371	3.47629e+02	1.37100e+03	1.76429e+00	3.47000e+02
1372	3.47964e+02	1.37200e+03	1.76103e+00	3.47333e+02
1373	3.48292e+02	1.37300e+03	1.75780e+00	3.47667e+02
1374	3.48622e+02	1.37400e+03	1.75452e+00	3.48000e+02
1375	3.48955e+02	1.37500e+03	1.75119e+00	3.48333e+02
1376	3.49284e+02	1.37600e+03	1.74763e+00	3.48667e+02
1377	3.49624e+02	1.37700e+03	1.74410e+00	3.49000e+02
1378	3.49953e+02	1.37800e+03	1.74052e+00	3.49333e+02
1379	3.50278e+02	1.37900e+03	1.73688e+00	3.49667e+02
1380	3.50611e+02	1.38000e+03	1.73300e+00	3.50000e+02
1381	3.50941e+02	1.38100e+03	1.72914e+00	3.50333e+02
1382	3.51262e+02	1.38200e+03	1.72522e+00	3.50667e+02
1383	3.51595e+02	1.38300e+03	1.72123e+00	3.51000e+02
1384	3.51936e+02	1.38400e+03	1.71693e+00	3.51333e+02
1385	3.52269e+02	1.38500e+03	1.71263e+00	3.51667e+02
1386	3.52589e+02	1.38600e+03	1.70823e+00	3.52000e+02
1387	3.52916e+02	1.38700e+03	1.70374e+00	3.52333e+02
1388	3.53256e+02	1.38800e+03	1.69882e+00	3.52667e+02
1389	3.53580e+02	1.38900e+03	1.69395e+00	3.53000e+02
1390	3.53911e+02	1.39000e+03	1.68897e+00	3.53333e+02
1391	3.54243e+02	1.39100e+03	1.68390e+00	3.53667e+02
1392	3.54569e+02	1.39200e+03	1.67833e+00	3.54000e+02
1393	3.54899e+02	1.39300e+03	1.67282e+00	3.54333e+02
1394	3.55226e+02	1.39400e+03	1.66720e+00	3.54667e+02
1395	3.55554e+02	1.39500e+03	1.66146e+00	3.55000e+02
1396	3.55878e+02	1.39600e+03	1.65521e+00	3.55333e+02
1397	3.56208e+02	1.39700e+03	1.64902e+00	3.55667e+02
1398	3.56560e+02	1.39800e+03	1.64274e+00	3.56000e+02
1399	3.56887e+02	1.39900e+03	1.63636e+00	3.56333e+02
1400	3.57221e+02	1.40000e+03	1.62949e+00	3.56667e+02
1401	3.57538e+02	1.40100e+03	1.62271e+00	3.57000e+02
1402	3.57868e+02	1.40200e+03	1.61584e+00	3.57333e+02
1403	3.58197e+02	1.40300e+03	1.60890e+00	3.57667e+02
1404	3.58525e+02	1.40400e+03	1.60155e+00	3.58000e+02
1405	3.58851e+02	1.40500e+03	1.59425e+00	3.58333e+02
1406	3.59188e+02	1.40600e+03	1.58688e+00	3.58667e+02
1407	3.59518e+02	1.40700e+03	1.57944e+00	3.59000e+02
1408	3.59842e+02	1.40800e+03	1.57162e+00	3.59333e+02
1409	3.60177e+02	1.40900e+03	1.56387e+00	3.59667e+02
1410	3.60508e+02	1.41000e+03	1.55604e+00	3.60000e+02
1411	3.60831e+02	1.41100e+03	1.54814e+00	3.60333e+02
1412	3.61162e+02	1.41200e+03	1.53991e+00	3.60667e+02
1413	3.61489e+02	1.41300e+03	1.53172e+00	3.61000e+02
1414	3.61821e+02	1.41400e+03	1.52345e+00	3.61333e+02
1415	3.62156e+02	1.41500e+03	1.51511e+00	3.61667e+02
1416	3.62478e+02	1.41600e+03	1.50639e+00	3.62000e+02
1417	3.62803e+02	1.41700e+03	1.49768e+00	3.62333e+02
1418	3.63123e+02	1.41800e+03	1.48886e+00	3.62667e+02
1419	3.63465e+02	1.41900e+03	1.47992e+00	3.63000e+02
1420	3.63787e+02	1.42000e+03	1.47048e+00	3.63333e+02
1421	3.64125e+02	1.42100e+03	1.46106e+00	3.63667e+02
1422	3.64455e+02	1.42200e+03	1.45152e+00	3.64000e+02
1423	3.64784e+02	1.42300e+03	1.44185e+00	3.64333e+02
1424	3.65110e+02	1.42400e+03	1.43160e+00	3.64667e+02
1425	3.65441e+02	1.42500e+03	1.42146e+00	3.65000e+02
1426	3.65765e+02	1.42600e+03	1.41123e+00	3.65333e+02
1427	3.66105e+02	1.42700e+03	1.40092e+00	3.65667e+02
1428	3.66425e+02	1.42800e+03	1.39015e+00	3.66000e+02
1429	3.66752e+02	1.42900e+03	1.37951e+00	3.66333e+02
1430	3.67084e+02	1.43000e+03	1.36882e+00	3.66667e+02
1431	3.67426e+02	1.43100e+03	1.35808e+00	3.67000e+02
1432	3.67739e+02	1.43200e+03	1.34708e+00	3.67333e+02
1433	3.68083e+02	1.43300e+03	1.33613e+00	3.67667e+02
1434	3.68409e+02	1.43400e+03	1.32515e+00	3.68000e+02
1435	3.68739e+02	1.43500e+03	1.31412e+00	3.68333e+02
1436	3.69069e+02	1.43600e+03	1.30288e+00	3.68667e+02
1437	3.69393e+02	1.43700e+03	1.29168e+00	3.69000e+02
1438	3.69721e+02	1.43800e+03	1.28044e+00	3.69333e+02
1439	3.70059e+02	1.43900e+03	1.26918e+00	3.69667e+02
1440	3.70384e+02	1.44000e+03	1.25774e+00	3.70000e+02
1441	3.70713e+02	1.44100e+03	1.24634e+00	3.70333e+02
1442	3.71043e+02	1.44200e+03	1.23493e+00	3.70667e+02
1443	3.71369e+02	1.44300e+03	1.22349e+00	3.71000e+02
1444	3.71711e+02	1.44400e+03	1.21193e+00	3.71333e+02
1445	3.72040e+02	1.44500e+03	1.20038e+00	3.71667e+02
1446	3.72366e+02	1.44600e+03	1.18880e+00	3.72000e+02
1447	3.72697e+02	1.44700e+03	1.17718e+00	3.72333e+02
1448	3.73022e+02	1.44800e+03	1.16540e+00	3.72667e+02
1449	3.73351e+02	1.44900e+03	1.15364e+00	3.73000e+02
1450	3.73688e+02	1.45000e+03	1.14185e+00	3.73333e+02
1451	3.74024e+02	1.45100e+03	1.13003e+00	3.73667e+02
1452	3.74357e+02	1.45200e+03	1.11806e+00	3.74000e+02
1453	3.74679e+02	1.45300e+03	1.10612e+00	3.74333e+02
1454	3.75012e+02	1.45400e+03	1.09418e+00	3.74667e+02
1455	3.75352e+02	1.45500e+03	1.08222e+00	3.75000e+02
1456	3.75678e+02	1.45600e+03	1.07020e+00	3.75333e+02
1457	3.76001e+02	1.45700e+03	1.05821e+00	3.75667e+02
1458	3.76321e+02	1.45800e+03	1.04622e+00	3.76000e+02
1459	3.76661e+02	1.45900e+03	1.03424e+00	3.76333e+02
1460	3.76992e+02	1.46000e+03	1.02227e+00	3.76667e+02
1461	3.77322e+02	1.46100e+03	1.01029e+00	3.77000e+02
1462	3.77651e+02	1.46200e+03	9.98318e-01	3.77333e+02
1463	3.77984e+02	1.46300e+03	9.86342e-01	3.77667e+02
1464	3.78316e+02	1.46400e+03	9.74377e-01	3.78000e+02
1465	3.78655e+02	1.46500e+03	9.62396e-01	3.78333e+02
1466	3.78979e+02	1.46600e+03	9.50405e-01	3.78667e+02
1467	3.79307e+02	1.46700e+03	9.38404e-01	3.79000e+02
1468	3.79634e+02	1.46800e+03	9.26362e-01	3.79333e+02
1469	3.79964e+02	1.46900e+03	9.14318e-01	3.79667e+02
1470	3.80306e+02	1.47000e+03	9.02256e-01	3.80000e+02
1471	3.80630e+02	1.47100e+03	8.90182e-01	3.80333e+02
1472	3.80965e+02	1.47200e+03	8.78061e-01	3.80667e+02
1473	3.81289e+02	1.47300e+03	8.65971e-01	3.81000e+02
1474	3.81608e+02	1.47400e+03	8.53891e-01	3.81333e+02
1475	3.81940e+02	1.47500e+03	8.41817e-01	3.81667e+02
1476	3.82275e+02	1.47600e+03	8.29742e-01	3.82000e+02
1477	3.82607e+02	1.47700e+03	8.17652e-01	3.82333e+02
1478	3.82932e+02	1.47800e+03	8.05534e-01	3.82667e+02
1479	3.83265e+02	1.47900e+03	7.93387e-01	3.83000e+02
1480	3.83592e+02	1.48000e+03	7.81131e-01	3.83333e+02
1481	3.83924e+02	1.48100e+03	7.68831e-01	3.83667e+02
1482	3.84258e+02	1.48200e+03	7.56481e-01	3.84000e+02
1483	3.84587e+02	1.48300e+03	7.44101e-01	3.84333e+02
1484	3.84918e+02	1.48400e+03	7.31557e-01	3.84667e+02
1485	3.85245e+02	1.48500e+03	7.19138e-01	3.85000e+02
1486	3.85580e+02	1.48600e+03	7.06788e-01	3.85333e+02
1487	3.85922e+02	1.48700e+03	6.94483e-01	3.85667e+02
1488	3.86256e+02	1.48800e+03	6.82335e-01	3.86000e+02
1489	3.86593e+02	1.48900e+03	6.70208e-01	3.86333e+02
1490	3.86919e+02	1.49000e+03	6.58131e-01	3.86667e+02
1491	3.87240e+02	1.49100e+03	6.46090e-01	3.87000e+02
1492	3.87582e+02	1.49200e+03	6.34275e-01	3.87333e+02
1493	3.87909e+02	1.49300e+03	6.22375e-01	3.87667e+02
1494	3.88241e+02	1.49400e+03	6.10477e-01	3.88000e+02
1495	3.88564e+02	1.49500e+03	5.98593e-01	3.88333e+02
1496	3.88902e+02	1.49600e+03	5.86761e-01	3.88667e+02
1497	3.89244e+02	1.49700e+03	5.74898e-01	3.89000e+02
1498	3.89566e+02	1.49800e+03	5.63017e-01	3.89333e+02
1499	3.89891e+02	1.49900e+03	5.51123e-01	3.89667e+02
1500	3.90238e+02	1.50000e+03	5.39185e-01	3.90000e+02
1501	3.90567e+02	1.50100e+03	5.27221e-01	3.90333e+02
1502	3.90898e+02	1.50200e+03	5.15232e-01	3.90667e+02
1503	3.91232e+02	1.50300e+03	5.03227e-01	3.91000e+02
1504	3.91570e+02	1.50400e+03	4.91132e-01	3.91333e+02
1505	3.91908e+02	1.50500e+03	4.79088e-01	3.91667e+02
1506	3.92229e+02	1.50600e+03	4.67068e-01	3.92000e+02
1507	3.92560e+02	1.50700e+03	4.55071e-01	3.92333e+02
1508	3.92908e+02	1.50800e+03	4.43155e-01	3.92667e+02
1509	3.93240e+02	1.50900e+03	4.31294e-01	3.93000e+02
1510	3.93576e+02	1.51000e+03	4.19512e-01	3.93333e+02
1511	3.93906e+02	1.51100e+03	4.07791e-01	3.93667e+02
1512	3.94244e+02	1.51200e+03	3.96380e-01	3.94000e+02
1513	3.94578e+02	1.51300e+03	3.84975e-01	3.94333e+02
1514	3.94899e+02	1.51400e+03	3.73681e-01	3.94667e+02
1515	3.95242e+02	1.51500e+03	3.62481e-01	3.95000e+02
1516	3.95584e+02	1.51600e+03	3.51780e-01	3.95333e+02
1517	3.95913e+02	1.51700e+03	3.41065e-01	3.95667e+02
1518	3.96257e+02	1.51800e+03	3.30503e-01	3.96000e+02
1519	3.96592e+02	1.51900e+03	3.20069e-01	3.96333e+02
1520	3.96927e+02	1.52000e+03	3.10299e-01	3.96667e+02
1521	3.97267e+02	1.52100e+03	3.00460e-01	3.97000e+02
1522	3.97600e+02	1.52200e+03	2.90771e-01	3.97333e+02
1523	3.97936e+02	1.52300e+03	2.81218e-01	3.97667e+02
1524	3.98268e+02	1.52400e+03	2.72377e-01	3.98000e+02
1525	3.98603e+02	1.52500e+03	2.63436e-01	3.98333e+02
1526	3.98944e+02	1.52600e+03	2.54639e-01	3.98667e+02
1527	3.99275e+02	1.52700e+03	2.45976e-01	3.99000e+02
1528	3.99618e+02	1.52800e+03	2.37998e-01	3.99333e+02
1529	3.99948e+02	1.52900e+03	2.29922e-01	3.99667e+02
1530	4.00289e+02	1.53000e+03	2.21979e-01	4.00000e+02
1531	4.00628e+02	1.53100e+03	2.14161e-01	4.00333e+02
1532	4.00953e+02	1.53200e+03	2.06990e-01	4.00667e+02
1533	4.01298e+02	1.53300e+03	1.99720e-01	4.01000e+02
1534	4.01630e+02	1.53400e+03	1.92578e-01	4.01333e+02
1535	4.01964e+02	1.53500e+03	1.85555e-01	4.01667e+02
1536	4.02307e+02	1.53600e+03	1.79141e-01	4.02000e+02
1537	4.02645e+02	1.53700e+03	1.72644e-01	4.02333e+02
1538	4.02977e+02	1.53800e+03	1.66268e-01	4.02667e+02
1539	4.03318e+02	1.53900e+03	1.60006e-01	4.03000e+02
1540	4.03648e+02	1.54000e+03	1.54326e-01	4.03333e+02
1541	4.03985e+02	1.54100e+03	1.48552e-01	4.03667e+02
1542	4.04321e+02	1.54200e+03	1.42888e-01	4.04000e+02
1543	4.04653e+02	1.54300e+03	1.37331e-01	4.04333e+02
1544	4.04980e+02	1.54400e+03	1.32301e-01	4.04667e+02
1545	4.05326e+02	1.54500e+03	1.27191e-01	4.05000e+02
1546	4.05672e+02	1.54600e+03	1.22182e-01	4.05333e+02
1547	4.06002e+02	1.54700e+03	1.17268e-01	4.05667e+02
1548	4.06339e+02	1.54800e+03	1.12838e-01	4.06000e+02
1549	4.06677e+02	1.54900e+03	1.08325e-01	4.06333e+02
1550	4.07017e+02	1.55000e+03	1.03896e-01	4.06667e+02
1551	4.07348e+02	1.55100e+03	9.95467e-02	4.07000e+02
1552	4.07681e+02	1.55200e+03	9.56158e-02	4.07333e+02
1553	4.08028e+02	1.55300e+03	9.16193e-02	4.07667e+02
1554	4.08367e+02	1.55400e+03	8.77085e-02	4.08000e+02
1555	4.08701e+02	1.55500e+03	8.38789e-02	4.08333e+02
1556	4.09032e+02	1.55600e+03	8.04522e-02	4.08667e+02
1557	4.09368e+02	1.55700e+03	7.69807e-02	4.09000e+02
1558	4.09711e+02	1.55800e+03	7.35980e-02	4.09333e+02
1559	4.10041e+02	1.55900e+03	7.02953e-02	4.09667e+02
1560	4.10377e+02	1.56000e+03	6.74075e-02	4.10000e+02
1561	4.10715e+02	1.56100e+03	6.44470e-02	4.10333e+02
1562	4.11041e+02	1.56200e+03	6.15530e-02	4.10667e+02
1563	4.11376e+02	1.56300e+03	5.87228e-02	4.11000e+02
1564	4.11715e+02	1.56400e+03	5.62308e-02	4.11333e+02
1565	4.12045e+02	1.56500e+03	5.36706e-02	4.11667e+02
1566	4.12375e+02	1.56600e+03	5.11660e-02	4.12000e+02
1567	4.12709e+02	1.56700e+03	4.87185e-02	4.12333e+02
1568	4.13046e+02	1.56800e+03	4.65528e-02	4.12667e+02
1569	4.13380e+02	1.56900e+03	4.43555e-02	4.13000e+02
1570	4.13715e+02	1.57000e+03	4.22194e-02	4.13333e+02
1571	4.14054e+02	1.57100e+03	4.01379e-02	4.13667e+02
1572	4.14388e+02	1.57200e+03	3.83414e-02	4.14000e+02
1573	4.14730e+02	1.57300e+03	3.64961e-02	4.14333e+02
1574	4.15055e+02	1.57400e+03	3.46997e-02	4.14667e+02
1575	4.15396e+02	1.57500e+03	3.29502e-02	4.15000e+02
1576	4.15718e+02	1.57600e+03	3.14389e-02	4.15333e+02
1577	4.16054e+02	1.57700e+03	2.98762e-02	4.15667e+02
1578	4.16387e+02	1.57800e+03	2.83437e-02	4.16000e+02
1579	4.16737e+02	1.57900e+03	2.68440e-02	4.16333e+02
1580	4.17061e+02	1.58000e+03	2.55296e-02	4.16667e+02
1581	4.17389e+02	1.58100e+03	2.41933e-02	4.17000e+02
1582	4.17724e+02	1.58200e+03	2.29021e-02	4.17333e+02
1583	4.18064e+02	1.58300e+03	2.16513e-02	4.17667e+02
1584	4.18395e+02	1.58400e+03	2.05883e-02	4.18000e+02
1585	4.18729e+02	1.58500e+03	1.95026e-02	4.18333e+02
1586	4.19059e+02	1.58600e+03	1.84503e-02	4.18667e+02
1587	4.19388e+02	1.58700e+03	1.74270e-02	4.19000e+02
1588	4.19733e+02	1.58800e+03	1.65708e-02	4.19333e+02
1589	4.20060e+02	1.58900e+03	1.56658e-02	4.19667e+02
1590	4.20391e+02	1.59000e+03	1.47752e-02	4.20000e+02
1591	4.20722e+02	1.59100e+03	1.39033e-02	4.20333e+02
1592	4.21052e+02	1.59200e+03	1.31235e-02	4.20667e+02
1593	4.21378e+02	1.59300e+03	1.23315e-02	4.21000e+02
1594	4.21722e+02	1.59400e+03	1.15595e-02	4.21333e+02
1595	4.22046e+02	1.59500e+03	1.08062e-02	4.21667e+02
1596	4.22389e+02	1.59600e+03	1.01468e-02	4.22000e+02
1597	4.22716e+02	1.59700e+03	9.47694e-03	4.22333e+02
1598	4.23040e+02	1.59800e+03	8.82646e-03	4.22667e+02
1599	4.23384e+02	1.59900e+03	8.19332e-03	4.23000e+02
1600	4.23713e+02	1.60000e+03	7.65025e-03	4.23333e+02
1601	4.24044e+02	1.60100e+03	7.08722e-03	4.23667e+02
1602	4.24373e+02	1.60200e+03	6.53729e-03	4.24000e+02
1603	4.24710e+02	1.60300e+03	6.00149e-03	4.24333e+02
1604	4.25039e+02	1.60400e+03	5.54388e-03	4.24667e+02
1605	4.25388e+02	1.60500e+03	5.08880e-03	4.25000e+02
1606	4.25722e+02	1.60600e+03	4.66521e-03	4.25333e+02
1607	4.26062e+02	1.60700e+03	4.26645e-03	4.25667e+02
1608	4.26380e+02	1.60800e+03	3.96712e-03	4.26000e+02
1609	4.26712e+02	1.60900e+03	3.63968e-03	4.26333e+02
1610	4.27043e+02	1.61000e+03	3.30903e-03	4.26667e+02
1611	4.27373e+02	1.61100e+03	2.97761e-03	4.27000e+02
1612	4.27702e+02	1.61200e+03	2.67643e-03	4.27333e+02
1613	4.28039e+02	1.61300e+03	2.33911e-03	4.27667e+02
1614	4.28362e+02	1.61400e+03	1.98985e-03	4.28000e+02
1615	4.28703e+02	1.61500e+03	1.63802e-03	4.28333e+02
1616	4.29024e+02	1.61600e+03	1.25743e-03	4.28667e+02
1617	4.29382e+02	1.61700e+03	9.05530e-04	4.29000e+02
1618	4.29677e+02	1.61800e+03	5.53770e-04	4.29333e+02
1619	4.30009e+02	1.61900e+03	1.93119e-04	4.29667e+02
1620	4.30355e+02	1.62000e+03	-1.83579e-04	4.30000e+02
1621	4.30682e+02	1.62100e+03	-5.83530e-04	4.30333e+02
1622	4.31015e+02	1.62200e+03	-9.87824e-04	4.30667e+02
1623	4.31354e+02	1.62300e+03	-1.38761e-03	4.31000e+02
1624	4.31673e+02	1.62400e+03	-1.79317e-03	4.31333e+02
1625	4.32007e+02	1.62500e+03	-2.13232e-03	4.31667e+02
1626	4.32343e+02	1.62600e+03	-2.42232e-03	4.32000e+02
1627	4.32673e+02	1.62700e+03	-2.68099e-03	4.32333e+02
1628	4.32991e+02	1.62800e+03	-2.78156e-03	4.32667e+02
1629	4.33316e+02	1.62900e+03	-2.91662e-03	4.33000e+02
1630	4.33662e+02	1.63000e+03	-3.03690e-03	4.33333e+02
1631	4.33995e+02	1.63100e+03	-3.14262e-03	4.33667e+02
1632	4.34318e+02	1.63200e+03	-3.16030e-03	4.34000e+02
1633	4.34649e+02	1.63300e+03	-3.22891e-03	4.34333e+02
1634	4.34985e+02	1.63400e+03	-3.31806e-03	4.34667e+02
1635	4.35318e+02	1.63500e+03	-3.42001e-03	4.35000e+02
1636	4.35646e+02	1.63600e+03	-3.56662e-03	4.35333e+02
1637	4.35973e+02	1.63700e+03	-3.71410e-03	4.35667e+02
1638	4.36307e+02	1.63800e+03	-3.86123e-03	4.36000e+02
1639	4.36637e+02	1.63900e+03	-4.00542e-03	4.36333e+02
1640	4.36967e+02	1.64000e+03	-4.17521e-03	4.36667e+02
1641	4.37301e+02	1.64100e+03	-4.30469e-03	4.37000e+02
1642	4.37621e+02	1.64200e+03	-4.41654e-03	4.37333e+02
1643	4.37955e+02	1.64300e+03	-4.52166e-03	4.37667e+02
1644	4.38280e+02	1.64400e+03	-4.57319e-03	4.38000e+02
1645	4.38617e+02	1.64500e+03	-4.65362e-03	4.38333e+02
1646	4.38949e+02	1.64600e+03	-4.74022e-03	4.38667e+02
1647	4.39287e+02	1.64700e+03	-4.82813e-03	4.39000e+02
1648	4.39609e+02	1.64800e+03	-4.92336e-03	4.39333e+02
1649	4.39942e+02	1.64900e+03	-5.01931e-03	4.39667e+02
1650	4.40267e+02	1.65000e+03	-5.11717e-03	4.40000e+02
1651	4.40611e+02	1.65100e+03	-5.21622e-03	4.40333e+02
1652	4.40923e+02	1.65200e+03	-5.31639e-03	4.40667e+02
1653	4.41274e+02	1.65300e+03	-5.39553e-03	4.41000e+02
1654	4.41606e+02	1.65400e+03	-5.44818e-03	4.41333e+02
1655	4.41932e+02	1.65500e+03	-5.48140e-03	4.41667e+02
1656	4.42263e+02	1.65600e+03	-5.44546e-03	4.42000e+02
1657	4.42567e+02	1.65700e+03	-5.41315e-03	4.42333e+02
1658	4.42942e+02	1.65800e+03	-5.38580e-03	4.42667e+02
1659	4.43228e+02	1.65900e+03	-5.37105e-03	4.43000e+02
1660	4.43570e+02	1.66000e+03	-5.38191e-03	4.43333e+02
1661	4.43916e+02	1.66100e+03	-5.47704e-03	4.43667e+02
1662	4.44248e+02	1.66200e+03	-5.62667e-03	4.44000e+02
1663	4.44569e+02	1.66300e+03	-5.80185e-03	4.44333e+02
1664	4.44907e+02	1.66400e+03	-6.13334e-03	4.44667e+02
1665	4.45244e+02	1.66500e+03	-6.35503e-03	4.45000e+02
1666	4.45559e+02	1.66600e+03	-6.53221e-03	4.45333e+02
1667	4.45895e+02	1.66700e+03	-6.68807e-03	4.45667e+02
1668	4.46226e+02	1.66800e+03	-6.76005e-03	4.46000e+02
1669	4.46557e+02	1.66900e+03	-6.83298e-03	4.46333e+02
1670	4.46890e+02	1.67000e+03	-6.88719e-03	4.46667e+02
1671	4.47206e+02	1.67100e+03	-6.92632e-03	4.47000e+02
1672	4.47563e+02	1.67200e+03	-6.86338e-03	4.47333e+02
1673	4.47872e+02	1.67300e+03	-6.84224e-03	4.47667e+02
1674	4.48202e+02	1.67400e+03	-6.82724e-03	4.48000e+02
1675	4.48537e+02	1.67500e+03	-6.81324e-03	4.48333e+02
1676	4.48872e+02	1.67600e+03	-6.80162e-03	4.48667e+02
1677	4.49195e+02	1.67700e+03	-6.80643e-03	4.49000e+02
1678	4.49514e+02	1.67800e+03	-6.82059e-03	4.49333e+02
1679	4.49848e+02	1.67900e+03	-6.83910e-03	4.49667e+02
1680	4.50185e+02	1.68000e+03	-6.88595e-03	4.50000e+02
1681	4.50514e+02	1.68100e+03	-6.91252e-03	4.50333e+02
1682	4.50838e+02	1.68200e+03	-6.93163e-03	4.50667e+02
1683	4.51177e+02	1.68300e+03	-6.94687e-03	4.51000e+02
1684	4.51512e+02	1.68400e+03	-6.94637e-03	4.51333e+02
1685	4.51826e+02	1.68500e+03	-6.94886e-03	4.51667e+02
1686	4.52164e+02	1.68600e+03	-6.95076e-03	4.52000e+02
1687	4.52494e+02	1.68700e+03	-6.95231e-03	4.52333e+02
1688	4.52815e+02	1.68800e+03	-6.94498e-03	4.52667e+02
1689	4.53145e+02	1.68900e+03	-6.94243e-03	4.53000e+02
1690	4.53476e+02	1.69000e+03	-6.93644e-03	4.53333e+02
1691	4.53812e+02	1.69100e+03	-6.92640e-03	4.53667e+02
1692	4.54135e+02	1.69200e+03	-6.91066e-03	4.54000e+02
1693	4.54468e+02	1.69300e+03	-6.89365e-03	4.54333e+02
1694	4.54794e+02	1.69400e+03	-6.87912e-03	4.54667e+02
1695	4.55122e+02	1.69500e+03	-6.86797e-03	4.55000e+02
1696	4.55449e+02	1.69600e+03	-6.85079e-03	4.55333e+02
1697	4.55803e+02	1.69700e+03	-6.83322e-03	4.55667e+02
1698	4.56134e+02	1.69800e+03	-6.80646e-03	4.56000e+02
1699	4.56457e+02	1.69900e+03	-6.77272e-03	4.56333e+02
1700	4.56779e+02	1.70000e+03	-6.74458e-03	4.56667e+02
1701	4.57104e+02	1.70100e+03	-6.72907e-03	4.57000e+02
1702	4.57427e+02	1.70200e+03	-6.73597e-03	4.57333e+02
1703	4.57759e+02	1.70300e+03	-6.76050e-03	4.57667e+02
1704	4.58088e+02	1.70400e+03	-6.83596e-03	4.58000e+02
1705	4.58433e+02	1.70500e+03	-6.91805e-03	4.58333e+02
1706	4.58750e+02	1.70600e+03	-7.00585e-03	4.58667e+02
1707	4.59093e+02	1.70700e+03	-7.09511e-03	4.59000e+02
1708	4.59425e+02	1.70800e+03	-7.22991e-03	4.59333e+02
1709	4.59745e+02	1.70900e+03	-7.31319e-03	4.59667e+02
1710	4.60068e+02	1.71000e+03	-7.37288e-03	4.60000e+02
1711	4.60403e+02	1.71100e+03	-7.42033e-03	4.60333e+02
1712	4.60737e+02	1.71200e+03	-7.39112e-03	4.60667e+02
1713	4.61066e+02	1.71300e+03	-7.37221e-03	4.61000e+02
1714	4.61419e+02	1.71400e+03	-7.33219e-03	4.61333e+02
1715	4.61744e+02	1.71500e+03	-7.27356e-03	4.61667e+02
1716	4.62068e+02	1.71600e+03	-7.14291e-03	4.62000e+02
1717	4.62398e+02	1.71700e+03	-7.03543e-03	4.62333e+02
1718	4.62734e+02	1.71800e+03	-6.93647e-03	4.62667e+02
1719	4.63056e+02	1.71900e+03	-6.84400e-03	4.63000e+02
1720	4.63384e+02	1.72000e+03	-6.75586e-03	4.63333e+02
1721	4.63722e+02	1.72100e+03	-6.70970e-03	4.63667e+02
1722	4.64046e+02	1.72200e+03	-6.69950e-03	4.64000e+02
1723	4.64372e+02	1.72300e+03	-6.71343e-03	4.64333e+02
1724	4.64693e+02	1.72400e+03	-6.84768e-03	4.64667e+02
1725	4.65031e+02	1.72500e+03	-6.95143e-03	4.65000e+02
1726	4.65358e+02	1.72600e+03	-7.05444e-03	4.65333e+02
1727	4.65695e+02	1.72700e+03	-7.15772e-03	4.65667e+02
1728	4.66008e+02	1.72800e+03	-7.29188e-03	4.66000e+02
1729	4.66332e+02	1.72900e+03	-7.37708e-03	4.66333e+02
1730	4.66667e+02	1.73000e+03	-7.43691e-03	4.66667e+02
1731	4.67008e+02	1.73100e+03	-7.48401e-03	4.67000e+02
1732	4.67330e+02	1.73200e+03	-7.45606e-03	4.67333e+02
1733	4.67669e+02	1.73300e+03	-7.45425e-03	4.67667e+02
1734	4.67994e+02	1.73400e+03	-7.45049e-03	4.68000e+02
1735	4.68320e+02	1.73500e+03	-7.44206e-03	4.68333e+02
1736	4.68656e+02	1.73600e+03	-7.40758e-03	4.68667e+02
1737	4.68984e+02	1.73700e+03	-7.38585e-03	4.69000e+02
1738	4.69305e+02	1.73800e+03	-7.36882e-03	4.69333e+02
1739	4.69620e+02	1.73900e+03	-7.35422e-03	4.69667e+02
1740	4.69977e+02	1.74000e+03	-7.33619e-03	4.70000e+02
1741	4.70307e+02	1.74100e+03	-7.31016e-03	4.70333e+02
1742	4.70658e+02	1.74200e+03	-7.27932e-03	4.70667e+02
1743	4.70955e+02	1.74300e+03	-7.24975e-03	4.71000e+02
1744	4.71282e+02	1.74400e+03	-7.24312e-03	4.71333e+02
1745	4.71622e+02	1.74500e+03	-7.26388e-03	4.71667e+02
1746	4.71956e+02	1.74600e+03	-7.31354e-03	4.72000e+02
1747	4.72275e+02	1.74700e+03	-7.38223e-03	4.72333e+02
1748	4.72605e+02	1.74800e+03	-7.52896e-03	4.72667e+02
1749	4.72941e+02	1.74900e+03	-7.63851e-03	4.73000e+02
1750	4.73270e+02	1.75000e+03	-7.72168e-03	4.73333e+02
1751	4.73600e+02	1.75100e+03	-7.78558e-03	4.73667e+02
1752	4.73928e+02	1.75200e+03	-7.82054e-03	4.74000e+02
1753	4.74249e+02	1.75300e+03	-7.83083e-03	4.74333e+02
1754	4.74590e+02	1.75400e+03	-7.82544e-03	4.74667e+02
1755	4.74914e+02	1.75500e+03	-7.81165e-03	4.75000e+02
1756	4.75243e+02	1.75600e+03	-7.70646e-03	4.75333e+02
1757	4.75574e+02	1.75700e+03	-7.64670e-03	4.75667e+02
1758	4.75904e+02	1.75800e+03	-7.59378e-03	4.76000e+02
1759	4.76235e+02	1.75900e+03	-7.54055e-03	4.76333e+02
1760	4.76569e+02	1.76000e+03	-7.49857e-03	4.76667e+02
1761	4.76900e+02	1.76100e+03	-7.45837e-03	4.77000e+02
1762	4.77228e+02	1.76200e+03	-7.42536e-03	4.77333e+02
1763	4.77551e+02	1.76300e+03	-7.39803e-03	4.77667e+02
1764	4.77883e+02	1.76400e+03	-7.39874e-03	4.78000e+02
1765	4.78201e+02	1.76500e+03	-7.40073e-03	4.78333e+02
1766	4.78556e+02	1.76600e+03	-7.39980e-03	4.78667e+02
1767	4.78877e+02	1.76700e+03	-7.39291e-03	4.79000e+02
1768	4.79213e+02	1.76800e+03	-7.38465e-03	4.79333e+02
1769	4.79539e+02	1.76900e+03	-7.35197e-03	4.79667e+02
1770	4.79861e+02	1.77000e+03	-7.31226e-03	4.80000e+02
1771	4.80192e+02	1.77100e+03	-7.27395e-03	4.80333e+02
1772	4.80527e+02	1.77200e+03	-7.21251e-03	4.80667e+02
1773	4.80852e+02	1.77300e+03	-7.18841e-03	4.81000e+02
1774	4.81187e+02	1.77400e+03	-7.17913e-03	4.81333e+02
1775	4.81511e+02	1.77500e+03	-7.17514e-03	4.81667e+02
1776	4.81849e+02	1.77600e+03	-7.21687e-03	4.82000e+02
1777	4.82176e+02	1.77700e+03	-7.23324e-03	4.82333e+02
1778	4.82501e+02	1.77800e+03	-7.24559e-03	4.82667e+02
1779	4.82838e+02	1.77900e+03	-7.25829e-03	4.83000e+02
1780	4.83155e+02	1.78000e+03	-7.27036e-03	4.83333e+02
1781	4.83491e+02	1.78100e+03	-7.28690e-03	4.83667e+02
1782	4.83823e+02	1.78200e+03	-7.30595e-03	4.84000e+02
1783	4.84139e+02	1.78300e+03	-7.32600e-03	4.84333e+02
1784	4.84477e+02	1.78400e+03	-7.34899e-03	4.84667e+02
1785	4.84802e+02	1.78500e+03	-7.36828e-03	4.85000e+02
1786	4.85134e+02	1.78600e+03	-7.38740e-03	4.85333e+02
1787	4.85466e+02	1.78700e+03	-7.40701e-03	4.85667e+02
1788	4.85790e+02	1.78800e+03	-7.42636e-03	4.86000e+02
1789	4.86127e+02	1.78900e+03	-7.44560e-03	4.86333e+02
1790	4.86453e+02	1.79000e+03	-7.46317e-03	4.86667e+02
1791	4.86786e+02	1.79100e+03	-7.48042e-03	4.87000e+02
1792	4.87121e+02	1.79200e+03	-7.49890e-03	4.87333e+02
1793	4.87444e+02	1.79300e+03	-7.51591e-03	4.87667e+02
1794	4.87775e+02	1.79400e+03	-7.53166e-03	4.88000e+02
1795	4.88108e+02	1.79500e+03	-7.54602e-03	4.88333e+02
1796	4.88439e+02	1.79600e+03	-7.55079e-03	4.88667e+02
1797	4.88795e+02	1.79700e+03	-7.55560e-03	4.89000e+02
1798	4.89074e+02	1.79800e+03	-7.56879e-03	4.89333e+02
1799	4.89410e+02	1.79900e+03	-7.59365e-03	4.89667e+02
1800	4.89744e+02	1.80000e+03	-7.65862e-03	4.90000e+02
1801	4.90081e+02	1.80100e+03	-7.74724e-03	4.90333e+02
1802	4.90408e+02	1.80200e+03	-7.85080e-03	4.90667e+02
1803	4.90744e+02	1.80300e+03	-7.95885e-03	4.91000e+02
1804	4.91067e+02	1.80400e+03	-8.11097e-03	4.91333e+02
1805	4.91402e+02	1.80500e+03	-8.19666e-03	4.91667e+02
1806	4.91731e+02	1.80600e+03	-8.24510e-03	4.92000e+02
1807	4.92060e+02	1.80700e+03	-8.27239e-03	4.92333e+02
1808	4.92389e+02	1.80800e+03	-8.19460e-03	4.92667e+02
1809	4.92717e+02	1.80900e+03	-8.14143e-03	4.93000e+02
1810	4.93050e+02	1.81000e+03	-8.08287e-03	4.93333e+02
1811	4.93382e+02	1.81100e+03	-8.01845e-03	4.93667e+02
1812	4.93711e+02	1.81200e+03	-7.90281e-03	4.94000e+02
1813	4.94033e+02	1.81300e+03	-7.82166e-03	4.94333e+02
1814	4.94366e+02	1.81400e+03	-7.75114e-03	4.94667e+02
1815	4.94692e+02	1.81500e+03	-7.68466e-03	4.95000e+02
1816	4.95033e+02	1.81600e+03	-7.64578e-03	4.95333e+02
1817	4.95361e+02	1.81700e+03	-7.60448e-03	4.95667e+02
1818	4.95677e+02	1.81800e+03	-7.57019e-03	4.96000e+02
1819	4.96019e+02	1.81900e+03	-7.54133e-03	4.96333e+02
1820	4.96342e+02	1.82000e+03	-7.54013e-03	4.96667e+02
1821	4.96675e+02	1.82100e+03	-7.53329e-03	4.97000e+02
1822	4.97000e+02	1.82200e+03	-7.52987e-03	4.97333e+02
1823	4.97327e+02	1.82300e+03	-7.52958e-03	4.97667e+02
1824	4.97662e+02	1.82400e+03	-7.55067e-03	4.98000e+02
1825	4.97990e+02	1.82500e+03	-7.56731e-03	4.98333e+02
1826	4.98323e+02	1.82600e+03	-7.58510e-03	4.98667e+02
1827	4.98659e+02	1.82700e+03	-7.60406e-03	4.99000e+02
1828	4.98988e+02	1.82800e+03	-7.63132e-03	4.99333e+02
1829	4.99323e+02	1.82900e+03	-7.65099e-03	4.99667e+02
1830	4.99654e+02	1.83000e+03	-7.66663e-03	5.00000e+02
1831	4.99976e+02	1.83100e+03	-7.68036e-03	5.00333e+02
1832	5.00308e+02	1.83200e+03	-7.68588e-03	5.00667e+02
1833	5.00636e+02	1.83300e+03	-7.69242e-03	5.01000e+02
1834	5.00967e+02	1.83400e+03	-7.69750e-03	5.01333e+02
1835	5.01305e+02	1.83500e+03	-7.70146e-03	5.01667e+02
1836	5.01636e+02	1.83600e+03	-7.69781e-03	5.02000e+02
1837	5.01956e+02	1.83700e+03	-7.69726e-03	5.02333e+02
1838	5.02295e+02	1.83800e+03	-7.69735e-03	5.02667e+02
1839	5.02619e+02	1.83900e+03	-7.69803e-03	5.03000e+02
1840	5.02951e+02	1.84000e+03	-7.70097e-03	5.03333e+02
1841	5.03283e+02	1.84100e+03	-7.70525e-03	5.03667e+02
1842	5.03607e+02	1.84200e+03	-7.70993e-03	5.04000e+02
1843	5.03946e+02	1.84300e+03	-7.71458e-03	5.04333e+02
1844	5.04273e+02	1.84400e+03	-7.72183e-03	5.04667e+02
1845	5.04597e+02	1.84500e+03	-7.72495e-03	5.05000e+02
1846	5.04931e+02	1.84600e+03	-7.72640e-03	5.05333e+02
1847	5.05255e+02	1.84700e+03	-7.72730e-03	5.05667e+02
1848	5.05592e+02	1.84800e+03	-7.72407e-03	5.06000e+02
1849	5.05928e+02	1.84900e+03	-7.72404e-03	5.06333e+02
1850	5.06254e+02	1.85000e+03	-7.72529e-03	5.06667e+02
1851	5.06579e+02	1.85100e+03	-7.72730e-03	5.07000e+02
1852	5.06918e+02	1.85200e+03	-7.73163e-03	5.07333e+02
1853	5.07247e+02	1.85300e+03	-7.73518e-03	5.07667e+02
1854	5.07567e+02	1.85400e+03	-7.73889e-03	5.08000e+02
1855	5.07906e+02	1.85500e+03	-7.74276e-03	5.08333e+02
1856	5.08232e+02	1.85600e+03	-7.74690e-03	5.08667e+02
1857	5.08574e+02	1.85700e+03	-7.75065e-03	5.09000e+02
1858	5.08901e+02	1.85800e+03	-7.75518e-03	5.09333e+02
1859	5.09222e+02	1.85900e+03	-7.76024e-03	5.09667e+02
1860	5.09562e+02	1.86000e+03	-7.76753e-03	5.10000e+02
1861	5.09889e+02	1.86100e+03	-7.77696e-03	5.10333e+02
1862	5.10214e+02	1.86200e+03	-7.78792e-03	5.10667e+02
1863	5.10543e+02	1.86300e+03	-7.79959e-03	5.11000e+02
1864	5.10873e+02	1.86400e+03	-7.81586e-03	5.11333e+02
1865	5.11200e+02	1.86500e+03	-7.82843e-03	5.11667e+02
1866	5.11530e+02	1.86600e+03	-7.83999e-03	5.12000e+02
1867	5.11871e+02	1.86700e+03	-7.85122e-03	5.12333e+02
1868	5.12202e+02	1.86800e+03	-7.86021e-03	5.12667e+02
1869	5.12520e+02	1.86900e+03	-7.87022e-03	5.13000e+02
1870	5.12851e+02	1.87000e+03	-7.87904e-03	5.13333e+02
1871	5.13197e+02	1.87100e+03	-7.88641e-03	5.13667e+02
1872	5.13515e+02	1.87200e+03	-7.88850e-03	5.14000e+02
1873	5.13854e+02	1.87300e+03	-7.88816e-03	5.14333e+02
1874	5.14175e+02	1.87400e+03	-7.88445e-03	5.14667e+02
1875	5.14515e+02	1.87500e+03	-7.87827e-03	5.15000e+02
1876	5.14836e+02	1.87600e+03	-7.85986e-03	5.15333e+02
1877	5.15163e+02	1.87700e+03	-7.84541e-03	5.15667e+02
1878	5.15496e+02	1.87800e+03	-7.83161e-03	5.16000e+02
1879	5.15834e+02	1.87900e+03	-7.81823e-03	5.16333e+02
1880	5.16166e+02	1.88000e+03	-7.80424e-03	5.16667e+02
1881	5.16492e+02	1.88100e+03	-7.79498e-03	5.17000e+02
1882	5.16823e+02	1.88200e+03	-7.78847e-03	5.17333e+02
1883	5.17151e+02	1.88300e+03	-7.78348e-03	5.17667e+02
1884	5.17484e+02	1.88400e+03	-7.79069e-03	5.18000e+02
1885	5.17816e+02	1.88500e+03	-7.79647e-03	5.18333e+02
1886	5.18146e+02	1.88600e+03	-7.80471e-03	5.18667e+02
1887	5.18483e+02	1.88700e+03	-7.81467e-03	5.19000e+02
1888	5.18805e+02	1.88800e+03	-7.82960e-03	5.19333e+02
1889	5.19138e+02	1.88900e+03	-7.83930e-03	5.19667e+02
1890	5.19481e+02	1.89000e+03	-7.84722e-03	5.20000e+02
1891	5.19798e+02	1.89100e+03	-7.85442e-03	5.20333e+02
1892	5.20139e+02	1.89200e+03	-7.85757e-03	5.20667e+02
1893	5.20461e+02	1.89300e+03	-7.86128e-03	5.21000e+02
1894	5.20794e+02	1.89400e+03	-7.86295e-03	5.21333e+02
1895	5.21127e+02	1.89500e+03	-7.86299e-03	5.21667e+02
1896	5.21466e+02	1.89600e+03	-7.85697e-03	5.22000e+02
1897	5.21795e+02	1.89700e+03	-7.85012e-03	5.22333e+02
1898	5.22124e+02	1.89800e+03	-7.84232e-03	5.22667e+02
1899	5.22453e+02	1.89900e+03	-7.83461e-03	5.23000e+02
1900	5.22787e+02	1.90000e+03	-7.82578e-03	5.23333e+02
1901	5.23120e+02	1.90100e+03	-7.82391e-03	5.23667e+02
1902	5.23448e+02	1.90200e+03	-7.82876e-03	5.24000e+02
1903	5.23774e+02	1.90300e+03	-7.83839e-03	5.24333e+02
1904	5.24106e+02	1.90400e+03	-7.85717e-03	5.24667e+02
1905	5.24445e+02	1.90500e+03	-7.86355e-03	5.25000e+02
1906	5.24765e+02	1.90600e+03	-7.86283e-03	5.25333e+02
1907	5.25098e+02	1.90700e+03	-7.85990e-03	5.25667e+02
1908	5.25434e+02	1.90800e+03	-7.85393e-03	5.26000e+02
1909	5.25760e+02	1.90900e+03	-7.85504e-03	5.26333e+02
1910	5.26094e+02	1.91000e+03	-7.86407e-03	5.26667e+02
1911	5.26423e+02	1.91100e+03	-7.87960e-03	5.27000e+02
1912	5.26758e+02	1.91200e+03	-7.91274e-03	5.27333e+02
1913	5.27079e+02	1.91300e+03	-7.94331e-03	5.27667e+02
1914	5.27411e+02	1.91400e+03	-7.96902e-03	5.28000e+02
1915	5.27736e+02	1.91500e+03	-7.98924e-03	5.28333e+02
1916	5.28087e+02	1.91600e+03	-8.00442e-03	5.28667e+02
1917	5.28413e+02	1.91700e+03	-8.00063e-03	5.29000e+02
1918	5.28744e+02	1.91800e+03	-7.98612e-03	5.29333e+02
1919	5.29074e+02	1.91900e+03	-7.96713e-03	5.29667e+02
1920	5.29401e+02	1.92000e+03	-7.91239e-03	5.30000e+02
1921	5.29730e+02	1.92100e+03	-7.88667e-03	5.30333e+02
1922	5.30056e+02	1.92200e+03	-7.87374e-03	5.30667e+02
1923	5.30384e+02	1.92300e+03	-7.86645e-03	5.31000e+02
1924	5.30728e+02	1.92400e+03	-7.88098e-03	5.31333e+02
1925	5.31056e+02	1.92500e+03	-7.88635e-03	5.31667e+02
1926	5.31390e+02	1.92600e+03	-7.88954e-03	5.32000e+02
1927	5.31718e+02	1.92700e+03	-7.89239e-03	5.32333e+02
1928	5.32048e+02	1.92800e+03	-7.90170e-03	5.32667e+02
1929	5.32377e+02	1.92900e+03	-7.90699e-03	5.33000e+02
1930	5.32708e+02	1.93000e+03	-7.91413e-03	5.33333e+02
1931	5.33044e+02	1.93100e+03	-7.92328e-03	5.33667e+02
1932	5.33371e+02	1.93200e+03	-7.92637e-03	5.34000e+02
1933	5.33713e+02	1.93300e+03	-7.92889e-03	5.34333e+02
1934	5.34036e+02	1.93400e+03	-7.92956e-03	5.34667e+02
1935	5.34359e+02	1.93500e+03	-7.92892e-03	5.35000e+02
1936	5.34694e+02	1.93600e+03	-7.92346e-03	5.35333e+02
1937	5.35030e+02	1.93700e+03	-7.91765e-03	5.35667e+02
1938	5.35352e+02	1.93800e+03	-7.91105e-03	5.36000e+02
1939	5.35684e+02	1.93900e+03	-7.90429e-03	5.36333e+02
1940	5.36022e+02	1.94000e+03	-7.89362e-03	5.36667e+02
1941	5.36345e+02	1.94100e+03	-7.88625e-03	5.37000e+02
1942	5.36678e+02	1.94200e+03	-7.88039e-03	5.37333e+02
1943	5.37011e+02	1.94300e+03	-7.87563e-03	5.37667e+02
1944	5.37338e+02	1.94400e+03	-7.87787e-03	5.38000e+02
1945	5.37678e+02	1.94500e+03	-7.88004e-03	5.38333e+02
1946	5.38009e+02	1.94600e+03	-7.88443e-03	5.38667e+02
1947	5.38337e+02	1.94700e+03	-7.89091e-03	5.39000e+02
1948	5.38669e+02	1.94800e+03	-7.90560e-03	5.39333e+02
1949	5.38998e+02	1.94900e+03	-7.91613e-03	5.39667e+02
1950	5.39324e+02	1.95000e+03	-7.92485e-03	5.40000e+02
1951	5.39664e+02	1.95100e+03	-7.93277e-03	5.40333e+02
1952	5.39987e+02	1.95200e+03	-7.93782e-03	5.40667e+02
1953	5.40329e+02	1.95300e+03	-7.93911e-03	5.41000e+02
1954	5.40652e+02	1.95400e+03	-7.93681e-03	5.41333e+02
1955	5.40984e+02	1.95500e+03	-7.93216e-03	5.41667e+02
1956	5.41317e+02	1.95600e+03	-7.91500e-03	5.42000e+02
1957	5.41650e+02	1.95700e+03	-7.90292e-03	5.42333e+02
1958	5.41982e+02	1.95800e+03	-7.89285e-03	5.42667e+02
1959	5.42308e+02	1.95900e+03	-7.88379e-03	5.43000e+02
1960	5.42648e+02	1.96000e+03	-7.87465e-03	5.43333e+02
1961	5.42975e+02	1.96100e+03	-7.87002e-03	5.43667e+02
1962	5.43300e+02	1.96200e+03	-7.87077e-03	5.44000e+02
1963	5.43629e+02	1.96300e+03	-7.87537e-03	5.44333e+02
1964	5.43976e+02	1.96400e+03	-7.89358e-03	5.44667e+02
1965	5.44298e+02	1.96500e+03	-7.90713e-03	5.45000e+02
1966	5.44630e+02	1.96600e+03	-7.91808e-03	5.45333e+02
1967	5.44962e+02	1.96700e+03	-7.92712e-03	5.45667e+02
1968	5.45307e+02	1.96800e+03	-7.93716e-03	5.46000e+02
1969	5.45631e+02	1.96900e+03	-7.94234e-03	5.46333e+02
1970	5.45956e+02	1.97000e+03	-7.94559e-03	5.46667e+02
1971	5.46286e+02	1.97100e+03	-7.94825e-03	5.47000e+02
1972	5.46629e+02	1.97200e+03	-7.94293e-03	5.47333e+02
1973	5.46959e+02	1.97300e+03	-7.94453e-03	5.47667e+02
1974	5.47289e+02	1.97400e+03	-7.94862e-03	5.48000e+02
1975	5.47625e+02	1.97500e+03	-7.95344e-03	5.48333e+02
1976	5.47951e+02	1.97600e+03	-7.96516e-03	5.48667e+02
1977	5.48280e+02	1.97700e+03	-7.97669e-03	5.49000e+02
1978	5.48609e+02	1.97800e+03	-7.98849e-03	5.49333e+02
1979	5.48944e+02	1.97900e+03	-7.99912e-03	5.49667e+02
1980	5.49286e+02	1.98000e+03	-8.00865e-03	5.50000e+02
1981	5.49609e+02	1.98100e+03	-8.01457e-03	5.50333e+02
1982	5.49946e+02	1.98200e+03	-8.01750e-03	5.50667e+02
1983	5.50274e+02	1.98300e+03	-8.01842e-03	5.51000e+02
1984	5.50608e+02	1.98400e+03	-8.01043e-03	5.51333e+02
1985	5.50925e+02	1.98500e+03	-8.00666e-03	5.51667e+02
1986	5.51262e+02	1.98600e+03	-8.00418e-03	5.52000e+02
1987	5.51599e+02	1.98700e+03	-8.00258e-03	5.52333e+02
1988	5.51929e+02	1.98800e+03	-8.00673e-03	5.52667e+02
1989	5.52258e+02	1.98900e+03	-8.01621e-03	5.53000e+02
1990	5.52581e+02	1.99000e+03	-8.03304e-03	5.53333e+02
1991	5.52915e+02	1.99100e+03	-8.05515e-03	5.53667e+02
1992	5.53248e+02	1.99200e+03	-8.09506e-03	5.54000e+02
1993	5.53577e+02	1.99300e+03	-8.12686e-03	5.54333e+02
1994	5.53905e+02	1.99400e+03	-8.15397e-03	5.54667e+02
1995	5.54256e+02	1.99500e+03	-8.17761e-03	5.55000e+02
1996	5.54578e+02	1.99600e+03	-8.19288e-03	5.55333e+02
1997	5.54906e+02	1.99700e+03	-8.20005e-03	5.55667e+02
1998	5.55238e+02	1.99800e+03	-8.20152e-03	5.56000e+02
1999	5.55572e+02	1.99900e+03	-8.20015e-03	5.56333e+02
2000	5.55896e+02	2.00000e+03	-8.17708e-03	5.56667e+02
2001	5.56229e+02	2.00100e+03	-8.16952e-03	5.57000e+02
2002	5.56567e+02	2.00200e+03	-8.16686e-03	5.57333e+02
2003	5.56902e+02	2.00300e+03	-8.16552e-03	5.57667e+02
2004	5.57238e+02	2.00400e+03	-8.16809e-03	5.58000e+02
2005	5.57572e+02	2.00500e+03	-8.16388e-03	5.58333e+02
2006	5.57882e+02	2.00600e+03	-8.15646e-03	5.58667e+02
2007	5.58216e+02	2.00700e+03	-8.14730e-03	5.59000e+02
2008	5.58558e+02	2.00800e+03	-8.12983e-03	5.59333e+02
2009	5.58881e+02	2.00900e+03	-8.11562e-03	5.59667e+02
2010	5.59216e+02	2.01000e+03	-8.10451e-03	5.60000e+02
2011	5.59555e+02	2.01100e+03	-8.09591e-03	5.60333e+02
2012	5.59879e+02	2.01200e+03	-8.09026e-03	5.60667e+02
2013	5.60215e+02	2.01300e+03	-8.09075e-03	5.61000e+02
2014	5.60540e+02	2.01400e+03	-8.09610e-03	5.61333e+02
2015	5.60877e+02	2.01500e+03	-8.10291e-03	5.61667e+02
2016	5.61214e+02	2.01600e+03	-8.11987e-03	5.62000e+02
2017	5.61539e+02	2.01700e+03	-8.12799e-03	5.62333e+02
2018	5.61869e+02	2.01800e+03	-8.13288e-03	5.62667e+02
2019	5.62207e+02	2.01900e+03	-8.13606e-03	5.63000e+02
2020	5.62539e+02	2.02000e+03	-8.12722e-03	5.63333e+02
2021	5.62858e+02	2.02100e+03	-8.11876e-03	5.63667e+02
2022	5.63186e+02	2.02200e+03	-8.10744e-03	5.64000e+02
2023	5.63519e+02	2.02300e+03	-8.09347e-03	5.64333e+02
2024	5.63858e+02	2.02400e+03	-8.06596e-03	5.64667e+02
2025	5.64186e+02	2.02500e+03	-8.04382e-03	5.65000e+02
2026	5.64512e+02	2.02600e+03	-8.02353e-03	5.65333e+02
2027	5.64849e+02	2.02700e+03	-8.00413e-03	5.65667e+02
2028	5.65186e+02	2.02800e+03	-7.98710e-03	5.66000e+02
2029	5.65511e+02	2.02900e+03	-7.97747e-03	5.66333e+02
2030	5.65844e+02	2.03000e+03	-7.97307e-03	5.66667e+02
2031	5.66178e+02	2.03100e+03	-7.97078e-03	5.67000e+02
2032	5.66508e+02	2.03200e+03	-7.98581e-03	5.67333e+02
2033	5.66841e+02	2.03300e+03	-7.99654e-03	5.67667e+02
2034	5.67175e+02	2.03400e+03	-8.00811e-03	5.68000e+02
2035	5.67510e+02	2.03500e+03	-8.02020e-03	5.68333e+02
2036	5.67836e+02	2.03600e+03	-8.03522e-03	5.68667e+02
2037	5.68162e+02	2.03700e+03	-8.04467e-03	5.69000e+02
2038	5.68504e+02	2.03800e+03	-8.05171e-03	5.69333e+02
2039	5.68830e+02	2.03900e+03	-8.05777e-03	5.69667e+02
2040	5.69161e+02	2.04000e+03	-8.05805e-03	5.70000e+02
2041	5.69492e+02	2.04100e+03	-8.06275e-03	5.70333e+02
2042	5.69828e+02	2.04200e+03	-8.06866e-03	5.70667e+02
2043	5.70165e+02	2.04300e+03	-8.07465e-03	5.71000e+02
2044	5.70496e+02	2.04400e+03	-8.08220e-03	5.71333e+02
2045	5.70823e+02	2.04500e+03	-8.08885e-03	5.71667e+02
2046	5.71146e+02	2.04600e+03	-8.09587e-03	5.72000e+02
2047	5.71483e+02	2.04700e+03	-8.10363e-03	5.72333e+02
2048	5.71811e+02	2.04800e+03	-8.11474e-03	5.72667e+02
2049	5.72136e+02	2.04900e+03	-8.12895e-03	5.73000e+02
2050	5.72479e+02	2.05000e+03	-8.14558e-03	5.73333e+02
2051	5.72819e+02	2.05100e+03	-8.16223e-03	5.73667e+02
2052	5.73145e+02	2.05200e+03	-8.18031e-03	5.74000e+02
2053	5.73470e+02	2.05300e+03	-8.19344e-03	5.74333e+02
2054	5.73810e+02	2.05400e+03	-8.20464e-03	5.74667e+02
2055	5.74138e+02	2.05500e+03	-8.21475e-03	5.75000e+02
2056	5.74470e+02	2.05600e+03	-8.21462e-03	5.75333e+02
2057	5.74802e+02	2.05700e+03	-8.21576e-03	5.75667e+02
2058	5.75140e+02	2.05800e+03	-8.21364e-03	5.76000e+02
2059	5.75468e+02	2.05900e+03	-8.20849e-03	5.76333e+02
2060	5.75803e+02	2.06000e+03	-8.19169e-03	5.76667e+02
2061	5.76126e+02	2.06100e+03	-8.17665e-03	5.77000e+02
2062	5.76467e+02	2.06200e+03	-8.16222e-03	5.77333e+02
2063	5.76797e+02	2.06300e+03	-8.14833e-03	5.77667e+02
2064	5.77129e+02	2.06400e+03	-8.13290e-03	5.78000e+02
2065	5.77465e+02	2.06500e+03	-8.12659e-03	5.78333e+02
2066	5.77794e+02	2.06600e+03	-8.12577e-03	5.78667e+02
2067	5.78118e+02	2.06700e+03	-8.12810e-03	5.79000e+02
2068	5.78459e+02	2.06800e+03	-8.14536e-03	5.79333e+02
2069	5.78784e+02	2.06900e+03	-8.15175e-03	5.79667e+02
2070	5.79122e+02	2.07000e+03	-8.15379e-03	5.80000e+02
2071	5.79452e+02	2.07100e+03	-8.15439e-03	5.80333e+02
2072	5.79790e+02	2.07200e+03	-8.15123e-03	5.80667e+02
2073	5.80115e+02	2.07300e+03	-8.15060e-03	5.81000e+02
2074	5.80451e+02	2.07400e+03	-8.15272e-03	5.81333e+02
2075	5.80773e+02	2.07500e+03	-8.15784e-03	5.81667e+02
2076	5.81113e+02	2.07600e+03	-8.17560e-03	5.82000e+02
2077	5.81439e+02	2.07700e+03	-8.19790e-03	5.82333e+02
2078	5.81770e+02	2.07800e+03	-8.22284e-03	5.82667e+02
2079	5.82104e+02	2.07900e+03	-8.24864e-03	5.83000e+02
2080	5.82431e+02	2.08000e+03	-8.28151e-03	5.83333e+02
2081	5.82765e+02	2.08100e+03	-8.29472e-03	5.83667e+02
2082	5.83099e+02	2.08200e+03	-8.29780e-03	5.84000e+02
2083	5.83438e+02	2.08300e+03	-8.29560e-03	5.84333e+02
2084	5.83766e+02	2.08400e+03	-8.26162e-03	5.84667e+02
2085	5.84100e+02	2.08500e+03	-8.23943e-03	5.85000e+02
2086	5.84436e+02	2.08600e+03	-8.21512e-03	5.85333e+02
2087	5.84773e+02	2.08700e+03	-8.18664e-03	5.85667e+02
2088	5.85087e+02	2.08800e+03	-8.13259e-03	5.86000e+02
2089	5.85447e+02	2.08900e+03	-8.06889e-03	5.86333e+02
2090	5.85777e+02	2.09000e+03	-7.98870e-03	5.86667e+02
2091	5.86102e+02	2.09100e+03	-7.89803e-03	5.87000e+02
2092	5.86418e+02	2.09200e+03	-7.77313e-03	5.87333e+02
2093	5.86759e+02	2.09300e+03	-7.67752e-03	5.87667e+02
2094	5.87097e+02	2.09400e+03	-7.60289e-03	5.88000e+02
2095	5.87428e+02	2.09500e+03	-7.54311e-03	5.88333e+02
2096	5.87764e+02	2.09600e+03	-7.52949e-03	5.88667e+02
2097	5.88086e+02	2.09700e+03	-7.52698e-03	5.89000e+02
2098	5.88422e+02	2.09800e+03	-7.54192e-03	5.89333e+02
2099	5.88768e+02	2.09900e+03	-7.56881e-03	5.89667e+02
2100	5.89072e+02	2.10000e+03	-7.68928e-03	5.90000e+02
2101	5.89408e+02	2.10100e+03	-7.79605e-03	5.90333e+02
2102	5.89746e+02	2.10200e+03	-7.92275e-03	5.90667e+02
2103	5.90085e+02	2.10300e+03	-8.06318e-03	5.91000e+02
2104	5.90412e+02	2.10400e+03	-8.24391e-03	5.91333e+02
2105	5.90747e+02	2.10500e+03	-8.38306e-03	5.91667e+02
2106	5.91079e+02	2.10600e+03	-8.49081e-03	5.92000e+02
2107	5.91411e+02	2.10700e+03	-8.57733e-03	5.92333e+02
2108	5.91743e+02	2.10800e+03	-8.59261e-03	5.92667e+02
2109	5.92074e+02	2.10900e+03	-8.59700e-03	5.93000e+02
2110	5.92411e+02	2.11000e+03	-8.58135e-03	5.93333e+02
2111	5.92744e+02	2.11100e+03	-8.55316e-03	5.93667e+02
2112	5.93071e+02	2.11200e+03	-8.43376e-03	5.94000e+02
2113	5.93397e+02	2.11300e+03	-8.37273e-03	5.94333e+02
2114	5.93729e+02	2.11400e+03	-8.33158e-03	5.94667e+02
2115	5.94072e+02	2.11500e+03	-8.29744e-03	5.95000e+02
2116	5.94395e+02	2.11600e+03	-8.29643e-03	5.95333e+02
2117	5.94731e+02	2.11700e+03	-8.29131e-03	5.95667e+02
2118	5.95069e+02	2.11800e+03	-8.28887e-03	5.96000e+02
2119	5.95391e+02	2.11900e+03	-8.28803e-03	5.96333e+02
2120	5.95720e+02	2.12000e+03	-8.31118e-03	5.96667e+02
2121	5.96051e+02	2.12100e+03	-8.32067e-03	5.97000e+02
2122	5.96386e+02	2.12200e+03	-8.32766e-03	5.97333e+02
2123	5.96721e+02	2.12300e+03	-8.33441e-03	5.97667e+02
2124	5.97053e+02	2.12400e+03	-8.32989e-03	5.98000e+02
2125	5.97381e+02	2.12500e+03	-8.32279e-03	5.98333e+02
2126	5.97715e+02	2.12600e+03	-8.30981e-03	5.98667e+02
2127	5.98042e+02	2.12700e+03	-8.29322e-03	5.99000e+02
2128	5.98366e+02	2.12800e+03	-8.26271e-03	5.99333e+02
2129	5.98715e+02	2.12900e+03	-8.23585e-03	5.99667e+02
2130	5.99036e+02	2.13000e+03	-8.20822e-03	6.00000e+02
2131	5.99372e+02	2.13100e+03	-8.18020e-03	6.00333e+02
2132	5.99699e+02	2.13200e+03	-8.15131e-03	6.00667e+02
2133	6.00039e+02	2.13300e+03	-8.13057e-03	6.01000e+02
2134	6.00366e+02	2.13400e+03	-8.11662e-03	6.01333e+02
2135	6.00690e+02	2.13500e+03	-8.10737e-03	6.01667e+02
2136	6.01026e+02	2.13600e+03	-8.12272e-03	6.02000e+02
2137	6.01363e+02	2.13700e+03	-8.13568e-03	6.02333e+02
2138	6.01689e+02	2.13800e+03	-8.14887e-03	6.02667e+02
2139	6.02022e+02	2.13900e+03	-8.16106e-03	6.03000e+02
2140	6.02348e+02	2.14000e+03	-8.17982e-03	6.03333e+02
2141	6.02689e+02	2.14100e+03	-8.18411e-03	6.03667e+02
2142	6.03016e+02	2.14200e+03	-8.18223e-03	6.04000e+02
2143	6.03344e+02	2.14300e+03	-8.17845e-03	6.04333e+02
2144	6.03682e+02	2.14400e+03	-8.16028e-03	6.04667e+02
2145	6.04014e+02	2.14500e+03	-8.15802e-03	6.05000e+02
2146	6.04340e+02	2.14600e+03	-8.16244e-03	6.05333e+02
2147	6.04680e+02	2.14700e+03	-8.16981e-03	6.05667e+02
2148	6.05008e+02	2.14800e+03	-8.19710e-03	6.06000e+02
2149	6.05342e+02	2.14900e+03	-8.22315e-03	6.06333e+02
2150	6.05678e+02	2.15000e+03	-8.25213e-03	6.06667e+02
2151	6.06006e+02	2.15100e+03	-8.28109e-03	6.07000e+02
2152	6.06346e+02	2.15200e+03	-8.29830e-03	6.07333e+02
2153	6.06672e+02	2.15300e+03	-8.28987e-03	6.07667e+02
2154	6.07001e+02	2.15400e+03	-8.26512e-03	6.08000e+02
2155	6.07334e+02	2.15500e+03	-8.23501e-03	6.08333e+02
2156	6.07665e+02	2.15600e+03	-8.17172e-03	6.08667e+02
2157	6.08001e+02	2.15700e+03	-8.14634e-03	6.09000e+02
2158	6.08333e+02	2.15800e+03	-8.14452e-03	6.09333e+02
2159	6.08664e+02	2.15900e+03	-8.15536e-03	6.09667e+02
2160	6.09002e+02	2.16000e+03	-8.19666e-03	6.10000e+02
2161	6.09333e+02	2.16100e+03	-8.20271e-03	6.10333e+02
2162	6.09663e+02	2.16200e+03	-8.17569e-03	6.10667e+02
2163	6.10016e+02	2.16300e+03	-8.12713e-03	6.11000e+02
2164	6.10317e+02	2.16400e+03	-8.04478e-03	6.11333e+02
2165	6.10650e+02	2.16500e+03	-7.98328e-03	6.11667e+02
2166	6.10985e+02	2.16600e+03	-7.94920e-03	6.12000e+02
2167	6.11321e+02	2.16700e+03	-7.93598e-03	6.12333e+02
2168	6.11658e+02	2.16800e+03	-7.94799e-03	6.12667e+02
2169	6.11993e+02	2.16900e+03	-7.98559e-03	6.13000e+02
2170	6.12326e+02	2.17000e+03	-8.02616e-03	6.13333e+02
2171	6.12654e+02	2.17100e+03	-8.05946e-03	6.13667e+02
2172	6.12982e+02	2.17200e+03	-8.11138e-03	6.14000e+02
2173	6.13299e+02	2.17300e+03	-8.07702e-03	6.14333e+02
2174	6.13646e+02	2.17400e+03	-8.00942e-03	6.14667e+02
2175	6.13954e+02	2.17500e+03	-7.93850e-03	6.15000e+02
2176	6.14293e+02	2.17600e+03	-7.80797e-03	6.15333e+02
2177	6.14631e+02	2.17700e+03	-7.79734e-03	6.15667e+02
2178	6.14967e+02	2.17800e+03	-7.84783e-03	6.16000e+02
2179	6.15292e+02	2.17900e+03	-7.92472e-03	6.16333e+02
2180	6.15617e+02	2.18000e+03	-8.13377e-03	6.16667e+02
2181	6.15967e+02	2.18100e+03	-8.23495e-03	6.17000e+02
2182	6.16296e+02	2.18200e+03	-8.27594e-03	6.17333e+02
2183	6.16656e+02	2.18300e+03	-8.28211e-03	6.17667e+02
2184	6.16951e+02	2.18400e+03	-8.19229e-03	6.18000e+02
2185	6.17286e+02	2.18500e+03	-8.12789e-03	6.18333e+02
2186	6.17631e+02	2.18600e+03	-8.08453e-03	6.18667e+02
2187	6.17955e+02	2.18700e+03	-8.05812e-03	6.19000e+02
2188	6.18289e+02	2.18800e+03	-8.00697e-03	6.19333e+02
2189	6.18627e+02	2.18900e+03	-8.00878e-03	6.19667e+02
2190	6.18962e+02	2.19000e+03	-8.01955e-03	6.20000e+02
2191	6.19293e+02	2.19100e+03	-8.02650e-03	6.20333e+02
2192	6.19632e+02	2.19200e+03	-8.10194e-03	6.20667e+02
2193	6.19942e+02	2.19300e+03	-8.12036e-03	6.21000e+02
2194	6.20286e+02	2.19400e+03	-8.13518e-03	6.21333e+02
2195	6.20609e+02	2.19500e+03	-8.15702e-03	6.21667e+02
2196	6.20951e+02	2.19600e+03	-8.15349e-03	6.22000e+02
2197	6.21281e+02	2.19700e+03	-8.19367e-03	6.22333e+02
2198	6.21606e+02	2.19800e+03	-8.24959e-03	6.22667e+02
2199	6.21937e+02	2.19900e+03	-8.31133e-03	6.23000e+02
2200	6.22276e+02	2.20000e+03	-8.42525e-03	6.23333e+02
2201	6.22614e+02	2.20100e+03	-8.49258e-03	6.23667e+02
2202	6.22946e+02	2.20200e+03	-8.53848e-03	6.24000e+02
2203	6.23271e+02	2.20300e+03	-8.57343e-03	6.24333e+02
2204	6.23598e+02	2.20400e+03	-8.55873e-03	6.24667e+02
2205	6.23932e+02	2.20500e+03	-8.55394e-03	6.25000e+02
2206	6.24266e+02	2.20600e+03	-8.54553e-03	6.25333e+02
2207	6.24604e+02	2.20700e+03	-8.53382e-03	6.25667e+02
2208	6.24942e+02	2.20800e+03	-8.49230e-03	6.26000e+02
2209	6.25274e+02	2.20900e+03	-8.46800e-03	6.26333e+02
2210	6.25610e+02	2.21000e+03	-8.44713e-03	6.26667e+02
2211	6.25945e+02	2.21100e+03	-8.42695e-03	6.27000e+02
2212	6.26273e+02	2.21200e+03	-8.41575e-03	6.27333e+02
2213	6.26608e+02	2.21300e+03	-8.40283e-03	6.27667e+02
2214	6.26938e+02	2.21400e+03	-8.39010e-03	6.28000e+02
2215	6.27270e+02	2.21500e+03	-8.37748e-03	6.28333e+02
2216	6.27604e+02	2.21600e+03	-8.37181e-03	6.28667e+02
2217	6.27936e+02	2.21700e+03	-8.36626e-03	6.29000e+02
2218	6.28258e+02	2.21800e+03	-8.36483e-03	6.29333e+02
2219	6.28599e+02	2.21900e+03	-8.36788e-03	6.29667e+02
2220	6.28923e+02	2.22000e+03	-8.38090e-03	6.30000e+02
2221	6.29258e+02	2.22100e+03	-8.39126e-03	6.30333e+02
2222	6.29595e+02	2.22200e+03	-8.40029e-03	6.30667e+02
2223	6.29944e+02	2.22300e+03	-8.40733e-03	6.31000e+02
2224	6.30269e+02	2.22400e+03	-8.41058e-03	6.31333e+02
2225	6.30594e+02	2.22500e+03	-8.40626e-03	6.31667e+02
2226	6.30924e+02	2.22600e+03	-8.39954e-03	6.32000e+02
2227	6.31266e+02	2.22700e+03	-8.39258e-03	6.32333e+02
2228	6.31600e+02	2.22800e+03	-8.37654e-03	6.32667e+02
2229	6.31920e+02	2.22900e+03	-8.37341e-03	6.33000e+02
2230	6.32262e+02	2.23000e+03	-8.37443e-03	6.33333e+02
2231	6.32600e+02	2.23100e+03	-8.37717e-03	6.33667e+02
2232	6.32928e+02	2.23200e+03	-8.39444e-03	6.34000e+02
2233	6.33259e+02	2.23300e+03	-8.40289e-03	6.34333e+02
2234	6.33588e+02	2.23400e+03	-8.41069e-03	6.34667e+02
2235	6.33922e+02	2.23500e+03	-8.41927e-03	6.35000e+02
2236	6.34261e+02	2.23600e+03	-8.42192e-03	6.35333e+02
2237	6.34591e+02	2.23700e+03	-8.42379e-03	6.35667e+02
2238	6.34919e+02	2.23800e+03	-8.42529e-03	6.36000e+02
2239	6.35245e+02	2.23900e+03	-8.42665e-03	6.36333e+02
2240	6.35584e+02	2.24000e+03	-8.42264e-03	6.36667e+02
2241	6.35921e+02	2.24100e+03	-8.42038e-03	6.37000e+02
2242	6.36249e+02	2.24200e+03	-8.41871e-03	6.37333e+02
2243	6.36581e+02	2.24300e+03	-8.41819e-03	6.37667e+02
2244	6.36915e+02	2.24400e+03	-8.42154e-03	6.38000e+02
2245	6.37252e+02	2.24500e+03	-8.42612e-03	6.38333e+02
2246	6.37584e+02	2.24600e+03	-8.43127e-03	6.38667e+02
2247	6.37907e+02	2.24700e+03	-8.43643e-03	6.39000e+02
2248	6.38249e+02	2.24800e+03	-8.44673e-03	6.39333e+02
2249	6.38590e+02	2.24900e+03	-8.45157e-03	6.39667e+02
2250	6.38916e+02	2.25000e+03	-8.45280e-03	6.40000e+02
2251	6.39245e+02	2.25100e+03	-8.45254e-03	6.40333e+02
2252	6.39577e+02	2.25200e+03	-8.44888e-03	6.40667e+02
2253	6.39912e+02	2.25300e+03	-8.44745e-03	6.41000e+02
2254	6.40244e+02	2.25400e+03	-8.44526e-03	6.41333e+02
2255	6.40586e+02	2.25500e+03	-8.44224e-03	6.41667e+02
2256	6.40904e+02	2.25600e+03	-8.43515e-03	6.42000e+02
2257	6.41246e+02	2.25700e+03	-8.42571e-03	6.42333e+02
2258	6.41574e+02	2.25800e+03	-8.41366e-03	6.42667e+02
2259	6.41907e+02	2.25900e+03	-8.39985e-03	6.43000e+02
2260	6.42241e+02	2.26000e+03	-8.37952e-03	6.43333e+02
2261	6.42568e+02	2.26100e+03	-8.36749e-03	6.43667e+02
2262	6.42902e+02	2.26200e+03	-8.36254e-03	6.44000e+02
2263	6.43243e+02	2.26300e+03	-8.36142e-03	6.44333e+02
2264	6.43576e+02	2.26400e+03	-8.37303e-03	6.44667e+02
2265	6.43903e+02	2.26500e+03	-8.38398e-03	6.45000e+02
2266	6.44250e+02	2.26600e+03	-8.39532e-03	6.45333e+02
2267	6.44573e+02	2.26700e+03	-8.40679e-03	6.45667e+02
2268	6.44906e+02	2.26800e+03	-8.42341e-03	6.46000e+02
2269	6.45243e+02	2.26900e+03	-8.42876e-03	6.46333e+02
2270	6.45572e+02	2.27000e+03	-8.42846e-03	6.46667e+02
2271	6.45905e+02	2.27100e+03	-8.42522e-03	6.47000e+02
2272	6.46235e+02	2.27200e+03	-8.40482e-03	6.47333e+02
2273	6.46573e+02	2.27300e+03	-8.39310e-03	6.47667e+02
2274	6.46906e+02	2.27400e+03	-8.38376e-03	6.48000e+02
2275	6.47247e+02	2.27500e+03	-8.37598e-03	6.48333e+02
2276	6.47574e+02	2.27600e+03	-8.37423e-03	6.48667e+02
2277	6.47902e+02	2.27700e+03	-8.37624e-03	6.49000e+02
2278	6.48241e+02	2.27800e+03	-8.38194e-03	6.49333e+02
2279	6.48581e+02	2.27900e+03	-8.38945e-03	6.49667e+02
2280	6.48895e+02	2.28000e+03	-8.41076e-03	6.50000e+02
2281	6.49247e+02	2.28100e+03	-8.42525e-03	6.50333e+02
2282	6.49570e+02	2.28200e+03	-8.43791e-03	6.50667e+02
2283	6.49899e+02	2.28300e+03	-8.44981e-03	6.51000e+02
2284	6.50241e+02	2.28400e+03	-8.45687e-03	6.51333e+02
2285	6.50558e+02	2.28500e+03	-8.46066e-03	6.51667e+02
2286	6.50903e+02	2.28600e+03	-8.46162e-03	6.52000e+02
2287	6.51230e+02	2.28700e+03	-8.46210e-03	6.52333e+02
2288	6.51563e+02	2.28800e+03	-8.45405e-03	6.52667e+02
2289	6.51905e+02	2.28900e+03	-8.44784e-03	6.53000e+02
2290	6.52230e+02	2.29000e+03	-8.44002e-03	6.53333e+02
2291	6.52563e+02	2.29100e+03	-8.43116e-03	6.53667e+02
2292	6.52897e+02	2.29200e+03	-8.41653e-03	6.54000e+02
2293	6.53236e+02	2.29300e+03	-8.40071e-03	6.54333e+02
2294	6.53561e+02	2.29400e+03	-8.38378e-03	6.54667e+02
2295	6.53896e+02	2.29500e+03	-8.36683e-03	6.55000e+02
2296	6.54229e+02	2.29600e+03	-8.34766e-03	6.55333e+02
2297	6.54565e+02	2.29700e+03	-8.33548e-03	6.55667e+02
2298	6.54902e+02	2.29800e+03	-8.32756e-03	6.56000e+02
2299	6.55227e+02	2.29900e+03	-8.32161e-03	6.56333e+02
2300	6.55565e+02	2.30000e+03	-8.32980e-03	6.56667e+02
2301	6.55893e+02	2.30100e+03	-8.33418e-03	6.57000e+02
2302	6.56228e+02	2.30200e+03	-8.33871e-03	6.57333e+02
2303	6.56556e+02	2.30300e+03	-8.34427e-03	6.57667e+02
2304	6.56889e+02	2.30400e+03	-8.35347e-03	6.58000e+02
2305	6.57228e+02	2.30500e+03	-8.35678e-03	6.58333e+02
2306	6.57567e+02	2.30600e+03	-8.35601e-03	6.58667e+02
2307	6.57893e+02	2.30700e+03	-8.35245e-03	6.59000e+02
2308	6.58216e+02	2.30800e+03	-8.34267e-03	6.59333e+02
2309	6.58563e+02	2.30900e+03	-8.33984e-03	6.59667e+02
2310	6.58890e+02	2.31000e+03	-8.33965e-03	6.60000e+02
2311	6.59216e+02	2.31100e+03	-8.34066e-03	6.60333e+02
2312	6.59549e+02	2.31200e+03	-8.34626e-03	6.60667e+02
2313	6.59884e+02	2.31300e+03	-8.35034e-03	6.61000e+02
2314	6.60225e+02	2.31400e+03	-8.35233e-03	6.61333e+02
2315	6.60554e+02	2.31500e+03	-8.35163e-03	6.61667e+02
2316	6.60888e+02	2.31600e+03	-8.34772e-03	6.62000e+02
2317	6.61220e+02	2.31700e+03	-8.34197e-03	6.62333e+02
2318	6.61557e+02	2.31800e+03	-8.33790e-03	6.62667e+02
2319	6.61881e+02	2.31900e+03	-8.33547e-03	6.63000e+02
2320	6.62211e+02	2.32000e+03	-8.33161e-03	6.63333e+02
2321	6.62551e+02	2.32100e+03	-8.33664e-03	6.63667e+02
2322	6.62887e+02	2.32200e+03	-8.34521e-03	6.64000e+02
2323	6.63220e+02	2.32300e+03	-8.35532e-03	6.64333e+02
2324	6.63543e+02	2.32400e+03	-8.38021e-03	6.64667e+02
2325	6.63862e+02	2.32500e+03	-8.38791e-03	6.65000e+02
2326	6.64234e+02	2.32600e+03	-8.37567e-03	6.65333e+02
2327	6.64555e+02	2.32700e+03	-8.34710e-03	6.65667e+02
2328	6.64883e+02	2.32800e+03	-8.25930e-03	6.66000e+02
2329	6.65259e+02	2.32900e+03	-8.16654e-03	6.66333e+02
2330	6.65537e+02	2.33000e+03	-8.07947e-03	6.66667e+02
2331	6.65873e+02	2.33100e+03	-8.00699e-03	6.67000e+02
2332	6.66211e+02	2.33200e+03	-7.95605e-03	6.67333e+02
2333	6.66541e+02	2.33300e+03	-7.98842e-03	6.67667e+02
2334	6.66878e+02	2.33400e+03	-8.07388e-03	6.68000e+02
2335	6.67204e+02	2.33500e+03	-8.18541e-03	6.68333e+02
2336	6.67542e+02	2.33600e+03	-8.45633e-03	6.68667e+02
2337	6.67868e+02	2.33700e+03	-8.62308e-03	6.69000e+02
2338	6.68213e+02	2.33800e+03	-8.75063e-03	6.69333e+02
2339	6.68543e+02	2.33900e+03	-8.85900e-03	6.69667e+02
2340	6.68872e+02	2.34000e+03	-8.89373e-03	6.70000e+02
2341	6.69204e+02	2.34100e+03	-8.92474e-03	6.70333e+02
2342	6.69534e+02	2.34200e+03	-8.93812e-03	6.70667e+02
2343	6.69868e+02	2.34300e+03	-8.93914e-03	6.71000e+02
2344	6.70197e+02	2.34400e+03	-8.85146e-03	6.71333e+02
2345	6.70529e+02	2.34500e+03	-8.80686e-03	6.71667e+02
2346	6.70853e+02	2.34600e+03	-8.76781e-03	6.72000e+02
2347	6.71199e+02	2.34700e+03	-8.72761e-03	6.72333e+02
2348	6.71525e+02	2.34800e+03	-8.69034e-03	6.72667e+02
2349	6.71864e+02	2.34900e+03	-8.65699e-03	6.73000e+02
2350	6.72193e+02	2.35000e+03	-8.62995e-03	6.73333e+02
2351	6.72520e+02	2.35100e+03	-8.60761e-03	6.73667e+02
2352	6.72860e+02	2.35200e+03	-8.60378e-03	6.74000e+02
2353	6.73188e+02	2.35300e+03	-8.60199e-03	6.74333e+02
2354	6.73518e+02	2.35400e+03	-8.60473e-03	6.74667e+02
2355	6.73852e+02	2.35500e+03	-8.60983e-03	6.75000e+02
2356	6.74189e+02	2.35600e+03	-8.63164e-03	6.75333e+02
2357	6.74519e+02	2.35700e+03	-8.63733e-03	6.75667e+02
2358	6.74845e+02	2.35800e+03	-8.63318e-03	6.76000e+02
2359	6.75183e+02	2.35900e+03	-8.62373e-03	6.76333e+02
2360	6.75530e+02	2.36000e+03	-8.59576e-03	6.76667e+02
2361	6.75848e+02	2.36100e+03	-8.57202e-03	6.77000e+02
2362	6.76188e+02	2.36200e+03	-8.54913e-03	6.77333e+02
2363	6.76507e+02	2.36300e+03	-8.52645e-03	6.77667e+02
2364	6.76853e+02	2.36400e+03	-8.49907e-03	6.78000e+02
2365	6.77179e+02	2.36500e+03	-8.48473e-03	6.78333e+02
2366	6.77508e+02	2.36600e+03	-8.47775e-03	6.78667e+02
2367	6.77846e+02	2.36700e+03	-8.47487e-03	6.79000e+02
2368	6.78185e+02	2.36800e+03	-8.49761e-03	6.79333e+02
2369	6.78513e+02	2.36900e+03	-8.51315e-03	6.79667e+02
2370	6.78840e+02	2.37000e+03	-8.53141e-03	6.80000e+02
2371	6.79183e+02	2.37100e+03	-8.55380e-03	6.80333e+02
2372	6.79520e+02	2.37200e+03	-8.59042e-03	6.80667e+02
2373	6.79853e+02	2.37300e+03	-8.62220e-03	6.81000e+02
2374	6.80180e+02	2.37400e+03	-8.65475e-03	6.81333e+02
2375	6.80522e+02	2.37500e+03	-8.68771e-03	6.81667e+02
2376	6.80848e+02	2.37600e+03	-8.71959e-03	6.82000e+02
2377	6.81182e+02	2.37700e+03	-8.74364e-03	6.82333e+02
2378	6.81508e+02	2.37800e+03	-8.76131e-03	6.82667e+02
2379	6.81846e+02	2.37900e+03	-8.77475e-03	6.83000e+02
2380	6.82169e+02	2.38000e+03	-8.77237e-03	6.83333e+02
2381	6.82505e+02	2.38100e+03	-8.77707e-03	6.83667e+02
2382	6.82834e+02	2.38200e+03	-8.78375e-03	6.84000e+02
2383	6.83173e+02	2.38300e+03	-8.79138e-03	6.84333e+02
2384	6.83506e+02	2.38400e+03	-8.79651e-03	6.84667e+02
2385	6.83837e+02	2.38500e+03	-8.80394e-03	6.85000e+02
2386	6.84163e+02	2.38600e+03	-8.81061e-03	6.85333e+02
2387	6.84505e+02	2.38700e+03	-8.81641e-03	6.85667e+02
2388	6.84838e+02	2.38800e+03	-8.82549e-03	6.86000e+02
2389	6.85161e+02	2.38900e+03	-8.83189e-03	6.86333e+02
2390	6.85499e+02	2.39000e+03	-8.83718e-03	6.86667e+02
2391	6.85841e+02	2.39100e+03	-8.84201e-03	6.87000e+02
2392	6.86168e+02	2.39200e+03	-8.83401e-03	6.87333e+02
2393	6.86512e+02	2.39300e+03	-8.81901e-03	6.87667e+02
2394	6.86844e+02	2.39400e+03	-8.79592e-03	6.88000e+02
2395	6.87173e+02	2.39500e+03	-8.76829e-03	6.88333e+02
2396	6.87510e+02	2.39600e+03	-8.72125e-03	6.88667e+02
2397	6.87833e+02	2.39700e+03	-8.68876e-03	6.89000e+02
2398	6.88172e+02	2.39800e+03	-8.66412e-03	6.89333e+02
2399	6.88499e+02	2.39900e+03	-8.64315e-03	6.89667e+02
2400	6.88829e+02	2.40000e+03	-8.63382e-03	6.90000e+02
2401	6.89169e+02	2.40100e+03	-8.62651e-03	6.90333e+02
2402	6.89515e+02	2.40200e+03	-8.62167e-03	6.90667e+02
2403	6.89836e+02	2.40300e+03	-8.61831e-03	6.91000e+02
2404	6.90141e+02	2.40400e+03	-8.63248e-03	6.91333e+02
2405	6.90266e+02	2.40500e+03	-8.63676e-03	6.91667e+02
2406	6.90404e+02	2.40600e+03	-8.63860e-03	6.92000e+02
2407	6.90606e+02	2.40700e+03	-8.63976e-03	6.92333e+02
2408	6.90843e+02	2.40800e+03	-8.63401e-03	6.92667e+02
2409	6.91101e+02	2.40900e+03	-8.63008e-03	6.93000e+02
2410	6.91348e+02	2.41000e+03	-8.62891e-03	6.93333e+02
2411	6.91582e+02	2.41100e+03	-8.63006e-03	6.93667e+02
2412	6.91806e+02	2.41200e+03	-8.62770e-03	6.94000e+02
2413	6.92023e+02	2.41300e+03	-8.63052e-03	6.94333e+02
2414	6.92240e+02	2.41400e+03	-8.63654e-03	6.94667e+02
2415	6.92441e+02	2.41500e+03	-8.64385e-03	6.95000e+02
2416	6.92635e+02	2.41600e+03	-8.65404e-03	6.95333e+02
2417	6.92838e+02	2.41700e+03	-8.65839e-03	6.95667e+02
2418	6.93020e+02	2.41800e+03	-8.66033e-03	6.96000e+02
2419	6.93201e+02	2.41900e+03	-8.66156e-03	6.96333e+02
2420	6.93381e+02	2.42000e+03	-8.66180e-03	6.96667e+02
2421	6.93546e+02	2.42100e+03	-8.66821e-03	6.97000e+02
2422	6.93716e+02	2.42200e+03	-8.67656e-03	6.97333e+02
2423	6.93873e+02	2.42300e+03	-8.68508e-03	6.97667e+02
2424	6.94035e+02	2.42400e+03	-8.69549e-03	6.98000e+02
2425	6.94173e+02	2.42500e+03	-8.69910e-03	6.98333e+02
2426	6.94314e+02	2.42600e+03	-8.69940e-03	6.98667e+02
2427	6.94469e+02	2.42700e+03	-8.69797e-03	6.99000e+02
2428	6.94595e+02	2.42800e+03	-8.68533e-03	6.99333e+02
2429	6.94732e+02	2.42900e+03	-8.67783e-03	6.99667e+02
2430	6.94867e+02	2.43000e+03	-8.67262e-03	7.00000e+02
