index	ts	t	weight	tr
[#]	[°C]	[s]	[mg]	[°C]
683	1.31474e+02	6.83000e+02	3.01145e+00	1.31500e+02
684	1.31974e+02	6.84000e+02	3.01142e+00	1.32000e+02
685	1.32489e+02	6.85000e+02	3.01140e+00	1.32500e+02
686	1.32993e+02	6.86000e+02	3.01138e+00	1.33000e+02
687	1.33494e+02	6.87000e+02	3.01136e+00	1.33500e+02
688	1.33998e+02	6.88000e+02	3.01135e+00	1.34000e+02
689	1.34508e+02	6.89000e+02	3.01134e+00	1.34500e+02
690	1.35017e+02	6.90000e+02	3.01132e+00	1.35000e+02
691	1.35528e+02	6.91000e+02	3.01131e+00	1.35500e+02
692	1.36036e+02	6.92000e+02	3.01128e+00	1.36000e+02
693	1.36544e+02	6.93000e+02	3.01126e+00	1.36500e+02
694	1.37054e+02	6.94000e+02	3.01124e+00	1.37000e+02
695	1.37545e+02	6.95000e+02	3.01122e+00	1.37500e+02
696	1.38061e+02	6.96000e+02	3.01118e+00	1.38000e+02
697	1.38556e+02	6.97000e+02	3.01114e+00	1.38500e+02
698	1.39067e+02	6.98000e+02	3.01110e+00	1.39000e+02
699	1.39582e+02	6.99000e+02	3.01106e+00	1.39500e+02
700	1.40082e+02	7.00000e+02	3.01101e+00	1.40000e+02
701	1.40583e+02	7.01000e+02	3.01097e+00	1.40500e+02
702	1.41084e+02	7.02000e+02	3.01094e+00	1.41000e+02
703	1.41587e+02	7.03000e+02	3.01091e+00	1.41500e+02
704	1.42099e+02	7.04000e+02	3.01090e+00	1.42000e+02
705	1.42616e+02	7.05000e+02	3.01088e+00	1.42500e+02
706	1.43104e+02	7.06000e+02	3.01086e+00	1.43000e+02
707	1.43615e+02	7.07000e+02	3.01085e+00	1.43500e+02
708	1.44130e+02	7.08000e+02	3.01083e+00	1.44000e+02
709	1.44621e+02	7.09000e+02	3.01081e+00	1.44500e+02
710	1.45125e+02	7.10000e+02	3.01077e+00	1.45000e+02
711	1.45629e+02	7.11000e+02	3.01074e+00	1.45500e+02
712	1.46144e+02	7.12000e+02	3.01068e+00	1.46000e+02
713	1.46650e+02	7.13000e+02	3.01064e+00	1.46500e+02
714	1.47149e+02	7.14000e+02	3.01060e+00	1.47000e+02
715	1.47658e+02	7.15000e+02	3.01055e+00	1.47500e+02
716	1.48172e+02	7.16000e+02	3.01052e+00	1.48000e+02
717	1.48671e+02	7.17000e+02	3.01049e+00	1.48500e+02
718	1.49165e+02	7.18000e+02	3.01046e+00	1.49000e+02
719	1.49679e+02	7.19000e+02	3.01044e+00	1.49500e+02
720	1.50182e+02	7.20000e+02	3.01044e+00	1.50000e+02
721	1.50686e+02	7.21000e+02	3.01043e+00	1.50500e+02
722	1.51202e+02	7.22000e+02	3.01041e+00	1.51000e+02
723	1.51697e+02	7.23000e+02	3.01040e+00	1.51500e+02
724	1.52204e+02	7.24000e+02	3.01037e+00	1.52000e+02
725	1.52713e+02	7.25000e+02	3.01034e+00	1.52500e+02
726	1.53215e+02	7.26000e+02	3.01031e+00	1.53000e+02
727	1.53714e+02	7.27000e+02	3.01027e+00	1.53500e+02
728	1.54220e+02	7.28000e+02	3.01021e+00	1.54000e+02
729	1.54737e+02	7.29000e+02	3.01015e+00	1.54500e+02
730	1.55247e+02	7.30000e+02	3.01010e+00	1.55000e+02
731	1.55728e+02	7.31000e+02	3.01004e+00	1.55500e+02
732	1.56262e+02	7.32000e+02	3.00998e+00	1.56000e+02
733	1.56757e+02	7.33000e+02	3.00991e+00	1.56500e+02
734	1.57268e+02	7.34000e+02	3.00984e+00	1.57000e+02
735	1.57768e+02	7.35000e+02	3.00977e+00	1.57500e+02
736	1.58269e+02	7.36000e+02	3.00969e+00	1.58000e+02
737	1.58775e+02	7.37000e+02	3.00962e+00	1.58500e+02
738	1.59290e+02	7.38000e+02	3.00956e+00	1.59000e+02
739	1.59786e+02	7.39000e+02	3.00950e+00	1.59500e+02
740	1.60297e+02	7.40000e+02	3.00945e+00	1.60000e+02
741	1.60796e+02	7.41000e+02	3.00941e+00	1.60500e+02
742	1.61309e+02	7.42000e+02	3.00936e+00	1.61000e+02
743	1.61816e+02	7.43000e+02	3.00932e+00	1.61500e+02
744	1.62324e+02	7.44000e+02	3.00929e+00	1.62000e+02
745	1.62833e+02	7.45000e+02	3.00926e+00	1.62500e+02
746	1.63326e+02	7.46000e+02	3.00923e+00	1.63000e+02
747	1.63833e+02	7.47000e+02	3.00920e+00	1.63500e+02
748	1.64349e+02	7.48000e+02	3.00918e+00	1.64000e+02
749	1.64863e+02	7.49000e+02	3.00915e+00	1.64500e+02
750	1.65369e+02	7.50000e+02	3.00913e+00	1.65000e+02
751	1.65883e+02	7.51000e+02	3.00910e+00	1.65500e+02
752	1.66394e+02	7.52000e+02	3.00906e+00	1.66000e+02
753	1.66882e+02	7.53000e+02	3.00903e+00	1.66500e+02
754	1.67401e+02	7.54000e+02	3.00898e+00	1.67000e+02
755	1.67908e+02	7.55000e+02	3.00893e+00	1.67500e+02
756	1.68418e+02	7.56000e+02	3.00886e+00	1.68000e+02
757	1.68924e+02	7.57000e+02	3.00880e+00	1.68500e+02
758	1.69427e+02	7.58000e+02	3.00873e+00	1.69000e+02
759	1.69939e+02	7.59000e+02	3.00867e+00	1.69500e+02
760	1.70449e+02	7.60000e+02	3.00860e+00	1.70000e+02
761	1.70949e+02	7.61000e+02	3.00853e+00	1.70500e+02
762	1.71465e+02	7.62000e+02	3.00846e+00	1.71000e+02
763	1.71979e+02	7.63000e+02	3.00839e+00	1.71500e+02
764	1.72490e+02	7.64000e+02	3.00832e+00	1.72000e+02
765	1.72991e+02	7.65000e+02	3.00825e+00	1.72500e+02
766	1.73503e+02	7.66000e+02	3.00818e+00	1.73000e+02
767	1.74018e+02	7.67000e+02	3.00811e+00	1.73500e+02
768	1.74514e+02	7.68000e+02	3.00804e+00	1.74000e+02
769	1.75024e+02	7.69000e+02	3.00796e+00	1.74500e+02
770	1.75533e+02	7.70000e+02	3.00789e+00	1.75000e+02
771	1.76032e+02	7.71000e+02	3.00782e+00	1.75500e+02
772	1.76545e+02	7.72000e+02	3.00775e+00	1.76000e+02
773	1.77047e+02	7.73000e+02	3.00768e+00	1.76500e+02
774	1.77571e+02	7.74000e+02	3.00762e+00	1.77000e+02
775	1.78080e+02	7.75000e+02	3.00756e+00	1.77500e+02
776	1.78573e+02	7.76000e+02	3.00751e+00	1.78000e+02
777	1.79091e+02	7.77000e+02	3.00745e+00	1.78500e+02
778	1.79595e+02	7.78000e+02	3.00740e+00	1.79000e+02
779	1.80107e+02	7.79000e+02	3.00733e+00	1.79500e+02
780	1.80613e+02	7.80000e+02	3.00727e+00	1.80000e+02
781	1.81120e+02	7.81000e+02	3.00720e+00	1.80500e+02
782	1.81639e+02	7.82000e+02	3.00712e+00	1.81000e+02
783	1.82153e+02	7.83000e+02	3.00705e+00	1.81500e+02
784	1.82658e+02	7.84000e+02	3.00696e+00	1.82000e+02
785	1.83172e+02	7.85000e+02	3.00688e+00	1.82500e+02
786	1.83674e+02	7.86000e+02	3.00680e+00	1.83000e+02
787	1.84179e+02	7.87000e+02	3.00672e+00	1.83500e+02
788	1.84688e+02	7.88000e+02	3.00663e+00	1.84000e+02
789	1.85211e+02	7.89000e+02	3.00654e+00	1.84500e+02
790	1.85707e+02	7.90000e+02	3.00644e+00	1.85000e+02
791	1.86227e+02	7.91000e+02	3.00634e+00	1.85500e+02
792	1.86724e+02	7.92000e+02	3.00621e+00	1.86000e+02
793	1.87246e+02	7.93000e+02	3.00607e+00	1.86500e+02
794	1.87752e+02	7.94000e+02	3.00593e+00	1.87000e+02
795	1.88256e+02	7.95000e+02	3.00579e+00	1.87500e+02
796	1.88769e+02	7.96000e+02	3.00561e+00	1.88000e+02
797	1.89291e+02	7.97000e+02	3.00545e+00	1.88500e+02
798	1.89789e+02	7.98000e+02	3.00529e+00	1.89000e+02
799	1.90304e+02	7.99000e+02	3.00513e+00	1.89500e+02
800	1.90805e+02	8.00000e+02	3.00497e+00	1.90000e+02
801	1.91326e+02	8.01000e+02	3.00481e+00	1.90500e+02
802	1.91834e+02	8.02000e+02	3.00464e+00	1.91000e+02
803	1.92334e+02	8.03000e+02	3.00447e+00	1.91500e+02
804	1.92855e+02	8.04000e+02	3.00428e+00	1.92000e+02
805	1.93352e+02	8.05000e+02	3.00409e+00	1.92500e+02
806	1.93861e+02	8.06000e+02	3.00390e+00	1.93000e+02
807	1.94372e+02	8.07000e+02	3.00371e+00	1.93500e+02
808	1.94877e+02	8.08000e+02	3.00349e+00	1.94000e+02
809	1.95384e+02	8.09000e+02	3.00328e+00	1.94500e+02
810	1.95900e+02	8.10000e+02	3.00308e+00	1.95000e+02
811	1.96413e+02	8.11000e+02	3.00287e+00	1.95500e+02
812	1.96915e+02	8.12000e+02	3.00267e+00	1.96000e+02
813	1.97420e+02	8.13000e+02	3.00246e+00	1.96500e+02
814	1.97935e+02	8.14000e+02	3.00226e+00	1.97000e+02
815	1.98426e+02	8.15000e+02	3.00206e+00	1.97500e+02
816	1.98939e+02	8.16000e+02	3.00186e+00	1.98000e+02
817	1.99460e+02	8.17000e+02	3.00166e+00	1.98500e+02
818	1.99965e+02	8.18000e+02	3.00145e+00	1.99000e+02
819	2.00470e+02	8.19000e+02	3.00123e+00	1.99500e+02
820	2.00988e+02	8.20000e+02	3.00099e+00	2.00000e+02
821	2.01488e+02	8.21000e+02	3.00075e+00	2.00500e+02
822	2.02001e+02	8.22000e+02	3.00049e+00	2.01000e+02
823	2.02517e+02	8.23000e+02	3.00023e+00	2.01500e+02
824	2.03019e+02	8.24000e+02	2.99993e+00	2.02000e+02
825	2.03532e+02	8.25000e+02	2.99964e+00	2.02500e+02
826	2.04034e+02	8.26000e+02	2.99935e+00	2.03000e+02
827	2.04537e+02	8.27000e+02	2.99906e+00	2.03500e+02
828	2.05051e+02	8.28000e+02	2.99876e+00	2.04000e+02
829	2.05563e+02	8.29000e+02	2.99847e+00	2.04500e+02
830	2.06073e+02	8.30000e+02	2.99818e+00	2.05000e+02
831	2.06604e+02	8.31000e+02	2.99789e+00	2.05500e+02
832	2.07105e+02	8.32000e+02	2.99759e+00	2.06000e+02
833	2.07606e+02	8.33000e+02	2.99729e+00	2.06500e+02
834	2.08110e+02	8.34000e+02	2.99698e+00	2.07000e+02
835	2.08623e+02	8.35000e+02	2.99666e+00	2.07500e+02
836	2.09133e+02	8.36000e+02	2.99633e+00	2.08000e+02
837	2.09638e+02	8.37000e+02	2.99599e+00	2.08500e+02
838	2.10150e+02	8.38000e+02	2.99565e+00	2.09000e+02
839	2.10677e+02	8.39000e+02	2.99530e+00	2.09500e+02
840	2.11179e+02	8.40000e+02	2.99492e+00	2.10000e+02
841	2.11696e+02	8.41000e+02	2.99455e+00	2.10500e+02
842	2.12193e+02	8.42000e+02	2.99418e+00	2.11000e+02
843	2.12698e+02	8.43000e+02	2.99380e+00	2.11500e+02
844	2.13211e+02	8.44000e+02	2.99341e+00	2.12000e+02
845	2.13720e+02	8.45000e+02	2.99303e+00	2.12500e+02
846	2.14232e+02	8.46000e+02	2.99266e+00	2.13000e+02
847	2.14738e+02	8.47000e+02	2.99228e+00	2.13500e+02
848	2.15253e+02	8.48000e+02	2.99192e+00	2.14000e+02
849	2.15756e+02	8.49000e+02	2.99156e+00	2.14500e+02
850	2.16275e+02	8.50000e+02	2.99120e+00	2.15000e+02
851	2.16781e+02	8.51000e+02	2.99085e+00	2.15500e+02
852	2.17298e+02	8.52000e+02	2.99052e+00	2.16000e+02
853	2.17805e+02	8.53000e+02	2.99018e+00	2.16500e+02
854	2.18318e+02	8.54000e+02	2.98985e+00	2.17000e+02
855	2.18824e+02	8.55000e+02	2.98951e+00	2.17500e+02
856	2.19346e+02	8.56000e+02	2.98919e+00	2.18000e+02
857	2.19853e+02	8.57000e+02	2.98885e+00	2.18500e+02
858	2.20376e+02	8.58000e+02	2.98852e+00	2.19000e+02
859	2.20883e+02	8.59000e+02	2.98819e+00	2.19500e+02
860	2.21398e+02	8.60000e+02	2.98785e+00	2.20000e+02
861	2.21913e+02	8.61000e+02	2.98751e+00	2.20500e+02
862	2.22433e+02	8.62000e+02	2.98716e+00	2.21000e+02
863	2.22930e+02	8.63000e+02	2.98682e+00	2.21500e+02
864	2.23439e+02	8.64000e+02	2.98647e+00	2.22000e+02
865	2.23953e+02	8.65000e+02	2.98612e+00	2.22500e+02
866	2.24476e+02	8.66000e+02	2.98577e+00	2.23000e+02
867	2.24985e+02	8.67000e+02	2.98541e+00	2.23500e+02
868	2.25500e+02	8.68000e+02	2.98506e+00	2.24000e+02
869	2.26012e+02	8.69000e+02	2.98471e+00	2.24500e+02
870	2.26522e+02	8.70000e+02	2.98435e+00	2.25000e+02
871	2.27029e+02	8.71000e+02	2.98400e+00	2.25500e+02
872	2.27531e+02	8.72000e+02	2.98363e+00	2.26000e+02
873	2.28059e+02	8.73000e+02	2.98326e+00	2.26500e+02
874	2.28557e+02	8.74000e+02	2.98289e+00	2.27000e+02
875	2.29068e+02	8.75000e+02	2.98251e+00	2.27500e+02
876	2.29579e+02	8.76000e+02	2.98211e+00	2.28000e+02
877	2.30103e+02	8.77000e+02	2.98172e+00	2.28500e+02
878	2.30617e+02	8.78000e+02	2.98133e+00	2.29000e+02
879	2.31122e+02	8.79000e+02	2.98094e+00	2.29500e+02
880	2.31634e+02	8.80000e+02	2.98055e+00	2.30000e+02
881	2.32137e+02	8.81000e+02	2.98016e+00	2.30500e+02
882	2.32652e+02	8.82000e+02	2.97977e+00	2.31000e+02
883	2.33163e+02	8.83000e+02	2.97938e+00	2.31500e+02
884	2.33691e+02	8.84000e+02	2.97900e+00	2.32000e+02
885	2.34195e+02	8.85000e+02	2.97862e+00	2.32500e+02
886	2.34705e+02	8.86000e+02	2.97824e+00	2.33000e+02
887	2.35228e+02	8.87000e+02	2.97786e+00	2.33500e+02
888	2.35742e+02	8.88000e+02	2.97749e+00	2.34000e+02
889	2.36265e+02	8.89000e+02	2.97711e+00	2.34500e+02
890	2.36781e+02	8.90000e+02	2.97673e+00	2.35000e+02
891	2.37283e+02	8.91000e+02	2.97635e+00	2.35500e+02
892	2.37801e+02	8.92000e+02	2.97596e+00	2.36000e+02
893	2.38303e+02	8.93000e+02	2.97557e+00	2.36500e+02
894	2.38825e+02	8.94000e+02	2.97518e+00	2.37000e+02
895	2.39337e+02	8.95000e+02	2.97479e+00	2.37500e+02
896	2.39839e+02	8.96000e+02	2.97439e+00	2.38000e+02
897	2.40338e+02	8.97000e+02	2.97399e+00	2.38500e+02
898	2.40847e+02	8.98000e+02	2.97358e+00	2.39000e+02
899	2.41355e+02	8.99000e+02	2.97318e+00	2.39500e+02
900	2.41871e+02	9.00000e+02	2.97278e+00	2.40000e+02
901	2.42366e+02	9.01000e+02	2.97238e+00	2.40500e+02
902	2.42869e+02	9.02000e+02	2.97197e+00	2.41000e+02
903	2.43380e+02	9.03000e+02	2.97156e+00	2.41500e+02
904	2.43893e+02	9.04000e+02	2.97115e+00	2.42000e+02
905	2.44400e+02	9.05000e+02	2.97073e+00	2.42500e+02
906	2.44896e+02	9.06000e+02	2.97031e+00	2.43000e+02
907	2.45410e+02	9.07000e+02	2.96989e+00	2.43500e+02
908	2.45912e+02	9.08000e+02	2.96945e+00	2.44000e+02
909	2.46432e+02	9.09000e+02	2.96901e+00	2.44500e+02
910	2.46931e+02	9.10000e+02	2.96856e+00	2.45000e+02
911	2.47439e+02	9.11000e+02	2.96811e+00	2.45500e+02
912	2.47966e+02	9.12000e+02	2.96765e+00	2.46000e+02
913	2.48489e+02	9.13000e+02	2.96720e+00	2.46500e+02
914	2.49000e+02	9.14000e+02	2.96675e+00	2.47000e+02
915	2.49522e+02	9.15000e+02	2.96630e+00	2.47500e+02
916	2.50023e+02	9.16000e+02	2.96586e+00	2.48000e+02
917	2.50535e+02	9.17000e+02	2.96543e+00	2.48500e+02
918	2.51038e+02	9.18000e+02	2.96499e+00	2.49000e+02
919	2.51540e+02	9.19000e+02	2.96456e+00	2.49500e+02
920	2.52046e+02	9.20000e+02	2.96414e+00	2.50000e+02
921	2.52566e+02	9.21000e+02	2.96372e+00	2.50500e+02
922	2.53072e+02	9.22000e+02	2.96328e+00	2.51000e+02
923	2.53586e+02	9.23000e+02	2.96285e+00	2.51500e+02
924	2.54099e+02	9.24000e+02	2.96240e+00	2.52000e+02
925	2.54611e+02	9.25000e+02	2.96196e+00	2.52500e+02
926	2.55126e+02	9.26000e+02	2.96151e+00	2.53000e+02
927	2.55619e+02	9.27000e+02	2.96106e+00	2.53500e+02
928	2.56129e+02	9.28000e+02	2.96061e+00	2.54000e+02
929	2.56622e+02	9.29000e+02	2.96015e+00	2.54500e+02
930	2.57138e+02	9.30000e+02	2.95969e+00	2.55000e+02
931	2.57642e+02	9.31000e+02	2.95923e+00	2.55500e+02
932	2.58161e+02	9.32000e+02	2.95876e+00	2.56000e+02
933	2.58663e+02	9.33000e+02	2.95828e+00	2.56500e+02
934	2.59174e+02	9.34000e+02	2.95781e+00	2.57000e+02
935	2.59685e+02	9.35000e+02	2.95733e+00	2.57500e+02
936	2.60187e+02	9.36000e+02	2.95685e+00	2.58000e+02
937	2.60690e+02	9.37000e+02	2.95637e+00	2.58500e+02
938	2.61204e+02	9.38000e+02	2.95588e+00	2.59000e+02
939	2.61710e+02	9.39000e+02	2.95540e+00	2.59500e+02
940	2.62209e+02	9.40000e+02	2.95492e+00	2.60000e+02
941	2.62719e+02	9.41000e+02	2.95444e+00	2.60500e+02
942	2.63226e+02	9.42000e+02	2.95395e+00	2.61000e+02
943	2.63723e+02	9.43000e+02	2.95347e+00	2.61500e+02
944	2.64223e+02	9.44000e+02	2.95299e+00	2.62000e+02
945	2.64714e+02	9.45000e+02	2.95251e+00	2.62500e+02
946	2.65209e+02	9.46000e+02	2.95203e+00	2.63000e+02
947	2.65713e+02	9.47000e+02	2.95155e+00	2.63500e+02
948	2.66220e+02	9.48000e+02	2.95108e+00	2.64000e+02
949	2.66698e+02	9.49000e+02	2.95061e+00	2.64500e+02
950	2.67217e+02	9.50000e+02	2.95014e+00	2.65000e+02
951	2.67711e+02	9.51000e+02	2.94967e+00	2.65500e+02
952	2.68223e+02	9.52000e+02	2.94921e+00	2.66000e+02
953	2.68736e+02	9.53000e+02	2.94874e+00	2.66500e+02
954	2.69224e+02	9.54000e+02	2.94826e+00	2.67000e+02
955	2.69734e+02	9.55000e+02	2.94778e+00	2.67500e+02
956	2.70243e+02	9.56000e+02	2.94729e+00	2.68000e+02
957	2.70745e+02	9.57000e+02	2.94680e+00	2.68500e+02
958	2.71246e+02	9.58000e+02	2.94630e+00	2.69000e+02
959	2.71761e+02	9.59000e+02	2.94579e+00	2.69500e+02
960	2.72257e+02	9.60000e+02	2.94525e+00	2.70000e+02
961	2.72777e+02	9.61000e+02	2.94472e+00	2.70500e+02
962	2.73290e+02	9.62000e+02	2.94419e+00	2.71000e+02
963	2.73793e+02	9.63000e+02	2.94365e+00	2.71500e+02
964	2.74297e+02	9.64000e+02	2.94309e+00	2.72000e+02
965	2.74797e+02	9.65000e+02	2.94253e+00	2.72500e+02
966	2.75291e+02	9.66000e+02	2.94196e+00	2.73000e+02
967	2.75787e+02	9.67000e+02	2.94140e+00	2.73500e+02
968	2.76258e+02	9.68000e+02	2.94081e+00	2.74000e+02
969	2.76749e+02	9.69000e+02	2.94023e+00	2.74500e+02
970	2.77255e+02	9.70000e+02	2.93964e+00	2.75000e+02
971	2.77752e+02	9.71000e+02	2.93904e+00	2.75500e+02
972	2.78258e+02	9.72000e+02	2.93841e+00	2.76000e+02
973	2.78762e+02	9.73000e+02	2.93775e+00	2.76500e+02
974	2.79259e+02	9.74000e+02	2.93707e+00	2.77000e+02
975	2.79766e+02	9.75000e+02	2.93635e+00	2.77500e+02
976	2.80269e+02	9.76000e+02	2.93552e+00	2.78000e+02
977	2.80764e+02	9.77000e+02	2.93469e+00	2.78500e+02
978	2.81264e+02	9.78000e+02	2.93383e+00	2.79000e+02
979	2.81769e+02	9.79000e+02	2.93295e+00	2.79500e+02
980	2.82258e+02	9.80000e+02	2.93195e+00	2.80000e+02
981	2.82786e+02	9.81000e+02	2.93101e+00	2.80500e+02
982	2.83295e+02	9.82000e+02	2.93009e+00	2.81000e+02
983	2.83801e+02	9.83000e+02	2.92918e+00	2.81500e+02
984	2.84306e+02	9.84000e+02	2.92830e+00	2.82000e+02
985	2.84812e+02	9.85000e+02	2.92742e+00	2.82500e+02
986	2.85322e+02	9.86000e+02	2.92656e+00	2.83000e+02
987	2.85813e+02	9.87000e+02	2.92571e+00	2.83500e+02
988	2.86325e+02	9.88000e+02	2.92492e+00	2.84000e+02
989	2.86837e+02	9.89000e+02	2.92411e+00	2.84500e+02
990	2.87344e+02	9.90000e+02	2.92329e+00	2.85000e+02
991	2.87861e+02	9.91000e+02	2.92249e+00	2.85500e+02
992	2.88365e+02	9.92000e+02	2.92170e+00	2.86000e+02
993	2.88865e+02	9.93000e+02	2.92091e+00	2.86500e+02
994	2.89376e+02	9.94000e+02	2.92012e+00	2.87000e+02
995	2.89890e+02	9.95000e+02	2.91933e+00	2.87500e+02
996	2.90413e+02	9.96000e+02	2.91857e+00	2.88000e+02
997	2.90931e+02	9.97000e+02	2.91780e+00	2.88500e+02
998	2.91447e+02	9.98000e+02	2.91703e+00	2.89000e+02
999	2.91959e+02	9.99000e+02	2.91625e+00	2.89500e+02
1000	2.92472e+02	1.00000e+03	2.91547e+00	2.90000e+02
1001	2.92982e+02	1.00100e+03	2.91467e+00	2.90500e+02
1002	2.93497e+02	1.00200e+03	2.91385e+00	2.91000e+02
1003	2.94000e+02	1.00300e+03	2.91303e+00	2.91500e+02
1004	2.94518e+02	1.00400e+03	2.91215e+00	2.92000e+02
1005	2.95022e+02	1.00500e+03	2.91127e+00	2.92500e+02
1006	2.95532e+02	1.00600e+03	2.91038e+00	2.93000e+02
1007	2.96024e+02	1.00700e+03	2.90949e+00	2.93500e+02
1008	2.96549e+02	1.00800e+03	2.90854e+00	2.94000e+02
1009	2.97047e+02	1.00900e+03	2.90761e+00	2.94500e+02
1010	2.97550e+02	1.01000e+03	2.90667e+00	2.95000e+02
1011	2.98041e+02	1.01100e+03	2.90572e+00	2.95500e+02
1012	2.98546e+02	1.01200e+03	2.90474e+00	2.96000e+02
1013	2.99037e+02	1.01300e+03	2.90376e+00	2.96500e+02
1014	2.99548e+02	1.01400e+03	2.90277e+00	2.97000e+02
1015	3.00051e+02	1.01500e+03	2.90177e+00	2.97500e+02
1016	3.00544e+02	1.01600e+03	2.90072e+00	2.98000e+02
1017	3.01077e+02	1.01700e+03	2.89968e+00	2.98500e+02
1018	3.01581e+02	1.01800e+03	2.89862e+00	2.99000e+02
1019	3.02089e+02	1.01900e+03	2.89755e+00	2.99500e+02
1020	3.02602e+02	1.02000e+03	2.89642e+00	3.00000e+02
1021	3.03092e+02	1.02100e+03	2.89531e+00	3.00500e+02
1022	3.03596e+02	1.02200e+03	2.89420e+00	3.01000e+02
1023	3.04104e+02	1.02300e+03	2.89307e+00	3.01500e+02
1024	3.04602e+02	1.02400e+03	2.89191e+00	3.02000e+02
1025	3.05126e+02	1.02500e+03	2.89076e+00	3.02500e+02
1026	3.05620e+02	1.02600e+03	2.88960e+00	3.03000e+02
1027	3.06115e+02	1.02700e+03	2.88843e+00	3.03500e+02
1028	3.06611e+02	1.02800e+03	2.88723e+00	3.04000e+02
1029	3.07111e+02	1.02900e+03	2.88602e+00	3.04500e+02
1030	3.07602e+02	1.03000e+03	2.88480e+00	3.05000e+02
1031	3.08091e+02	1.03100e+03	2.88356e+00	3.05500e+02
1032	3.08600e+02	1.03200e+03	2.88227e+00	3.06000e+02
1033	3.09106e+02	1.03300e+03	2.88098e+00	3.06500e+02
1034	3.09602e+02	1.03400e+03	2.87967e+00	3.07000e+02
1035	3.10125e+02	1.03500e+03	2.87835e+00	3.07500e+02
1036	3.10637e+02	1.03600e+03	2.87696e+00	3.08000e+02
1037	3.11127e+02	1.03700e+03	2.87558e+00	3.08500e+02
1038	3.11598e+02	1.03800e+03	2.87418e+00	3.09000e+02
1039	3.12088e+02	1.03900e+03	2.87276e+00	3.09500e+02
1040	3.12586e+02	1.04000e+03	2.87127e+00	3.10000e+02
1041	3.13074e+02	1.04100e+03	2.86978e+00	3.10500e+02
1042	3.13584e+02	1.04200e+03	2.86827e+00	3.11000e+02
1043	3.14074e+02	1.04300e+03	2.86674e+00	3.11500e+02
1044	3.14580e+02	1.04400e+03	2.86511e+00	3.12000e+02
1045	3.15075e+02	1.04500e+03	2.86349e+00	3.12500e+02
1046	3.15557e+02	1.04600e+03	2.86184e+00	3.13000e+02
1047	3.16022e+02	1.04700e+03	2.86017e+00	3.13500e+02
1048	3.16499e+02	1.04800e+03	2.85839e+00	3.14000e+02
1049	3.16940e+02	1.04900e+03	2.85662e+00	3.14500e+02
1050	3.17389e+02	1.05000e+03	2.85483e+00	3.15000e+02
1051	3.17794e+02	1.05100e+03	2.85302e+00	3.15500e+02
1052	3.18222e+02	1.05200e+03	2.85109e+00	3.16000e+02
1053	3.18634e+02	1.05300e+03	2.84919e+00	3.16500e+02
1054	3.19049e+02	1.05400e+03	2.84727e+00	3.17000e+02
1055	3.19489e+02	1.05500e+03	2.84533e+00	3.17500e+02
1056	3.19938e+02	1.05600e+03	2.84330e+00	3.18000e+02
1057	3.20391e+02	1.05700e+03	2.84128e+00	3.18500e+02
1058	3.20854e+02	1.05800e+03	2.83925e+00	3.19000e+02
1059	3.21329e+02	1.05900e+03	2.83720e+00	3.19500e+02
1060	3.21796e+02	1.06000e+03	2.83508e+00	3.20000e+02
1061	3.22283e+02	1.06100e+03	2.83297e+00	3.20500e+02
1062	3.22782e+02	1.06200e+03	2.83085e+00	3.21000e+02
1063	3.23269e+02	1.06300e+03	2.82873e+00	3.21500e+02
1064	3.23756e+02	1.06400e+03	2.82657e+00	3.22000e+02
1065	3.24256e+02	1.06500e+03	2.82443e+00	3.22500e+02
1066	3.24756e+02	1.06600e+03	2.82230e+00	3.23000e+02
1067	3.25253e+02	1.06700e+03	2.82019e+00	3.23500e+02
1068	3.25756e+02	1.06800e+03	2.81810e+00	3.24000e+02
1069	3.26247e+02	1.06900e+03	2.81601e+00	3.24500e+02
1070	3.26737e+02	1.07000e+03	2.81393e+00	3.25000e+02
1071	3.27254e+02	1.07100e+03	2.81187e+00	3.25500e+02
1072	3.27750e+02	1.07200e+03	2.80985e+00	3.26000e+02
1073	3.28252e+02	1.07300e+03	2.80782e+00	3.26500e+02
1074	3.28745e+02	1.07400e+03	2.80579e+00	3.27000e+02
1075	3.29248e+02	1.07500e+03	2.80378e+00	3.27500e+02
1076	3.29749e+02	1.07600e+03	2.80179e+00	3.28000e+02
1077	3.30254e+02	1.07700e+03	2.79979e+00	3.28500e+02
1078	3.30742e+02	1.07800e+03	2.79779e+00	3.29000e+02
1079	3.31252e+02	1.07900e+03	2.79578e+00	3.29500e+02
1080	3.31759e+02	1.08000e+03	2.79377e+00	3.30000e+02
1081	3.32256e+02	1.08100e+03	2.79174e+00	3.30500e+02
1082	3.32757e+02	1.08200e+03	2.78969e+00	3.31000e+02
1083	3.33255e+02	1.08300e+03	2.78763e+00	3.31500e+02
1084	3.33751e+02	1.08400e+03	2.78550e+00	3.32000e+02
1085	3.34260e+02	1.08500e+03	2.78337e+00	3.32500e+02
1086	3.34755e+02	1.08600e+03	2.78121e+00	3.33000e+02
1087	3.35261e+02	1.08700e+03	2.77904e+00	3.33500e+02
1088	3.35770e+02	1.08800e+03	2.77675e+00	3.34000e+02
1089	3.36263e+02	1.08900e+03	2.77448e+00	3.34500e+02
1090	3.36761e+02	1.09000e+03	2.77218e+00	3.35000e+02
1091	3.37259e+02	1.09100e+03	2.76985e+00	3.35500e+02
1092	3.37768e+02	1.09200e+03	2.76739e+00	3.36000e+02
1093	3.38257e+02	1.09300e+03	2.76494e+00	3.36500e+02
1094	3.38753e+02	1.09400e+03	2.76244e+00	3.37000e+02
1095	3.39264e+02	1.09500e+03	2.75990e+00	3.37500e+02
1096	3.39753e+02	1.09600e+03	2.75717e+00	3.38000e+02
1097	3.40250e+02	1.09700e+03	2.75443e+00	3.38500e+02
1098	3.40759e+02	1.09800e+03	2.75161e+00	3.39000e+02
1099	3.41265e+02	1.09900e+03	2.74873e+00	3.39500e+02
1100	3.41761e+02	1.10000e+03	2.74554e+00	3.40000e+02
1101	3.42260e+02	1.10100e+03	2.74237e+00	3.40500e+02
1102	3.42757e+02	1.10200e+03	2.73912e+00	3.41000e+02
1103	3.43254e+02	1.10300e+03	2.73580e+00	3.41500e+02
1104	3.43758e+02	1.10400e+03	2.73213e+00	3.42000e+02
1105	3.44245e+02	1.10500e+03	2.72849e+00	3.42500e+02
1106	3.44751e+02	1.10600e+03	2.72478e+00	3.43000e+02
1107	3.45249e+02	1.10700e+03	2.72099e+00	3.43500e+02
1108	3.45749e+02	1.10800e+03	2.71683e+00	3.44000e+02
1109	3.46238e+02	1.10900e+03	2.71272e+00	3.44500e+02
1110	3.46736e+02	1.11000e+03	2.70854e+00	3.45000e+02
1111	3.47240e+02	1.11100e+03	2.70428e+00	3.45500e+02
1112	3.47741e+02	1.11200e+03	2.69965e+00	3.46000e+02
1113	3.48226e+02	1.11300e+03	2.69508e+00	3.46500e+02
1114	3.48732e+02	1.11400e+03	2.69043e+00	3.47000e+02
1115	3.49232e+02	1.11500e+03	2.68570e+00	3.47500e+02
1116	3.49733e+02	1.11600e+03	2.68061e+00	3.48000e+02
1117	3.50229e+02	1.11700e+03	2.67554e+00	3.48500e+02
1118	3.50722e+02	1.11800e+03	2.67038e+00	3.49000e+02
1119	3.51225e+02	1.11900e+03	2.66512e+00	3.49500e+02
1120	3.51714e+02	1.12000e+03	2.65939e+00	3.50000e+02
1121	3.52210e+02	1.12100e+03	2.65369e+00	3.50500e+02
1122	3.52707e+02	1.12200e+03	2.64786e+00	3.51000e+02
1123	3.53203e+02	1.12300e+03	2.64190e+00	3.51500e+02
1124	3.53699e+02	1.12400e+03	2.63536e+00	3.52000e+02
1125	3.54188e+02	1.12500e+03	2.62887e+00	3.52500e+02
1126	3.54688e+02	1.12600e+03	2.62224e+00	3.53000e+02
1127	3.55190e+02	1.12700e+03	2.61549e+00	3.53500e+02
1128	3.55673e+02	1.12800e+03	2.60806e+00	3.54000e+02
1129	3.56171e+02	1.12900e+03	2.60068e+00	3.54500e+02
1130	3.56660e+02	1.13000e+03	2.59312e+00	3.55000e+02
1131	3.57155e+02	1.13100e+03	2.58540e+00	3.55500e+02
1132	3.57659e+02	1.13200e+03	2.57684e+00	3.56000e+02
1133	3.58150e+02	1.13300e+03	2.56831e+00	3.56500e+02
1134	3.58650e+02	1.13400e+03	2.55953e+00	3.57000e+02
1135	3.59151e+02	1.13500e+03	2.55054e+00	3.57500e+02
1136	3.59639e+02	1.13600e+03	2.54046e+00	3.58000e+02
1137	3.60142e+02	1.13700e+03	2.53049e+00	3.58500e+02
1138	3.60628e+02	1.13800e+03	2.52025e+00	3.59000e+02
1139	3.61118e+02	1.13900e+03	2.50978e+00	3.59500e+02
1140	3.61608e+02	1.14000e+03	2.49811e+00	3.60000e+02
1141	3.62111e+02	1.14100e+03	2.48658e+00	3.60500e+02
1142	3.62609e+02	1.14200e+03	2.47479e+00	3.61000e+02
1143	3.63118e+02	1.14300e+03	2.46276e+00	3.61500e+02
1144	3.63612e+02	1.14400e+03	2.44949e+00	3.62000e+02
1145	3.64113e+02	1.14500e+03	2.43637e+00	3.62500e+02
1146	3.64614e+02	1.14600e+03	2.42299e+00	3.63000e+02
1147	3.65108e+02	1.14700e+03	2.40936e+00	3.63500e+02
1148	3.65600e+02	1.14800e+03	2.39449e+00	3.64000e+02
1149	3.66083e+02	1.14900e+03	2.37981e+00	3.64500e+02
1150	3.66584e+02	1.15000e+03	2.36490e+00	3.65000e+02
1151	3.67082e+02	1.15100e+03	2.34978e+00	3.65500e+02
1152	3.67578e+02	1.15200e+03	2.33353e+00	3.66000e+02
1153	3.68069e+02	1.15300e+03	2.31748e+00	3.66500e+02
1154	3.68553e+02	1.15400e+03	2.30123e+00	3.67000e+02
1155	3.69068e+02	1.15500e+03	2.28478e+00	3.67500e+02
1156	3.69548e+02	1.15600e+03	2.26732e+00	3.68000e+02
1157	3.70035e+02	1.15700e+03	2.24997e+00	3.68500e+02
1158	3.70545e+02	1.15800e+03	2.23238e+00	3.69000e+02
1159	3.71032e+02	1.15900e+03	2.21458e+00	3.69500e+02
1160	3.71514e+02	1.16000e+03	2.19569e+00	3.70000e+02
1161	3.72003e+02	1.16100e+03	2.17692e+00	3.70500e+02
1162	3.72493e+02	1.16200e+03	2.15793e+00	3.71000e+02
1163	3.72979e+02	1.16300e+03	2.13872e+00	3.71500e+02
1164	3.73474e+02	1.16400e+03	2.11842e+00	3.72000e+02
1165	3.73959e+02	1.16500e+03	2.09831e+00	3.72500e+02
1166	3.74443e+02	1.16600e+03	2.07802e+00	3.73000e+02
1167	3.74938e+02	1.16700e+03	2.05755e+00	3.73500e+02
1168	3.75438e+02	1.16800e+03	2.03616e+00	3.74000e+02
1169	3.75924e+02	1.16900e+03	2.01495e+00	3.74500e+02
1170	3.76410e+02	1.17000e+03	1.99359e+00	3.75000e+02
1171	3.76905e+02	1.17100e+03	1.97208e+00	3.75500e+02
1172	3.77387e+02	1.17200e+03	1.94980e+00	3.76000e+02
1173	3.77883e+02	1.17300e+03	1.92763e+00	3.76500e+02
1174	3.78376e+02	1.17400e+03	1.90530e+00	3.77000e+02
1175	3.78864e+02	1.17500e+03	1.88282e+00	3.77500e+02
1176	3.79355e+02	1.17600e+03	1.85961e+00	3.78000e+02
1177	3.79850e+02	1.17700e+03	1.83652e+00	3.78500e+02
1178	3.80342e+02	1.17800e+03	1.81328e+00	3.79000e+02
1179	3.80837e+02	1.17900e+03	1.78991e+00	3.79500e+02
1180	3.81324e+02	1.18000e+03	1.76584e+00	3.80000e+02
1181	3.81823e+02	1.18100e+03	1.74187e+00	3.80500e+02
1182	3.82321e+02	1.18200e+03	1.71775e+00	3.81000e+02
1183	3.82813e+02	1.18300e+03	1.69351e+00	3.81500e+02
1184	3.83303e+02	1.18400e+03	1.66862e+00	3.82000e+02
1185	3.83784e+02	1.18500e+03	1.64387e+00	3.82500e+02
1186	3.84278e+02	1.18600e+03	1.61902e+00	3.83000e+02
1187	3.84772e+02	1.18700e+03	1.59409e+00	3.83500e+02
1188	3.85256e+02	1.18800e+03	1.56868e+00	3.84000e+02
1189	3.85750e+02	1.18900e+03	1.54339e+00	3.84500e+02
1190	3.86239e+02	1.19000e+03	1.51804e+00	3.85000e+02
1191	3.86736e+02	1.19100e+03	1.49262e+00	3.85500e+02
1192	3.87229e+02	1.19200e+03	1.46691e+00	3.86000e+02
1193	3.87721e+02	1.19300e+03	1.44128e+00	3.86500e+02
1194	3.88218e+02	1.19400e+03	1.41564e+00	3.87000e+02
1195	3.88711e+02	1.19500e+03	1.38996e+00	3.87500e+02
1196	3.89211e+02	1.19600e+03	1.36412e+00	3.88000e+02
1197	3.89714e+02	1.19700e+03	1.33832e+00	3.88500e+02
1198	3.90218e+02	1.19800e+03	1.31246e+00	3.89000e+02
1199	3.90703e+02	1.19900e+03	1.28655e+00	3.89500e+02
1200	3.91198e+02	1.20000e+03	1.26046e+00	3.90000e+02
1201	3.91690e+02	1.20100e+03	1.23433e+00	3.90500e+02
1202	3.92187e+02	1.20200e+03	1.20811e+00	3.91000e+02
1203	3.92695e+02	1.20300e+03	1.18181e+00	3.91500e+02
1204	3.93180e+02	1.20400e+03	1.15506e+00	3.92000e+02
1205	3.93692e+02	1.20500e+03	1.12827e+00	3.92500e+02
1206	3.94201e+02	1.20600e+03	1.10128e+00	3.93000e+02
1207	3.94700e+02	1.20700e+03	1.07413e+00	3.93500e+02
1208	3.95208e+02	1.20800e+03	1.04624e+00	3.94000e+02
1209	3.95703e+02	1.20900e+03	1.01848e+00	3.94500e+02
1210	3.96210e+02	1.21000e+03	9.90659e-01	3.95000e+02
1211	3.96711e+02	1.21100e+03	9.62782e-01	3.95500e+02
1212	3.97222e+02	1.21200e+03	9.34504e-01	3.96000e+02
1213	3.97724e+02	1.21300e+03	9.06574e-01	3.96500e+02
1214	3.98229e+02	1.21400e+03	8.78820e-01	3.97000e+02
1215	3.98723e+02	1.21500e+03	8.51173e-01	3.97500e+02
1216	3.99246e+02	1.21600e+03	8.24031e-01	3.98000e+02
1217	3.99772e+02	1.21700e+03	7.96929e-01	3.98500e+02
1218	4.00289e+02	1.21800e+03	7.70038e-01	3.99000e+02
1219	4.00800e+02	1.21900e+03	7.43323e-01	3.99500e+02
1220	4.01307e+02	1.22000e+03	7.17503e-01	4.00000e+02
1221	4.01820e+02	1.22100e+03	6.91637e-01	4.00500e+02
1222	4.02348e+02	1.22200e+03	6.66044e-01	4.01000e+02
1223	4.02845e+02	1.22300e+03	6.40688e-01	4.01500e+02
1224	4.03365e+02	1.22400e+03	6.16519e-01	4.02000e+02
1225	4.03883e+02	1.22500e+03	5.92284e-01	4.02500e+02
1226	4.04390e+02	1.22600e+03	5.68395e-01	4.03000e+02
1227	4.04898e+02	1.22700e+03	5.44809e-01	4.03500e+02
1228	4.05420e+02	1.22800e+03	5.22773e-01	4.04000e+02
1229	4.05928e+02	1.22900e+03	5.00625e-01	4.04500e+02
1230	4.06448e+02	1.23000e+03	4.78892e-01	4.05000e+02
1231	4.06965e+02	1.23100e+03	4.57525e-01	4.05500e+02
1232	4.07483e+02	1.23200e+03	4.38013e-01	4.06000e+02
1233	4.07993e+02	1.23300e+03	4.18292e-01	4.06500e+02
1234	4.08518e+02	1.23400e+03	3.98991e-01	4.07000e+02
1235	4.09040e+02	1.23500e+03	3.80071e-01	4.07500e+02
1236	4.09549e+02	1.23600e+03	3.63124e-01	4.08000e+02
1237	4.10071e+02	1.23700e+03	3.45922e-01	4.08500e+02
1238	4.10578e+02	1.23800e+03	3.29135e-01	4.09000e+02
1239	4.11106e+02	1.23900e+03	3.12731e-01	4.09500e+02
1240	4.11621e+02	1.24000e+03	2.98295e-01	4.10000e+02
1241	4.12142e+02	1.24100e+03	2.83575e-01	4.10500e+02
1242	4.12668e+02	1.24200e+03	2.69235e-01	4.11000e+02
1243	4.13178e+02	1.24300e+03	2.55250e-01	4.11500e+02
1244	4.13705e+02	1.24400e+03	2.43121e-01	4.12000e+02
1245	4.14237e+02	1.24500e+03	2.30693e-01	4.12500e+02
1246	4.14766e+02	1.24600e+03	2.18605e-01	4.13000e+02
1247	4.15284e+02	1.24700e+03	2.06842e-01	4.13500e+02
1248	4.15811e+02	1.24800e+03	1.96738e-01	4.14000e+02
1249	4.16320e+02	1.24900e+03	1.86370e-01	4.14500e+02
1250	4.16826e+02	1.25000e+03	1.76306e-01	4.15000e+02
1251	4.17345e+02	1.25100e+03	1.66530e-01	4.15500e+02
1252	4.17849e+02	1.25200e+03	1.58251e-01	4.16000e+02
1253	4.18357e+02	1.25300e+03	1.49734e-01	4.16500e+02
1254	4.18868e+02	1.25400e+03	1.41494e-01	4.17000e+02
1255	4.19368e+02	1.25500e+03	1.33516e-01	4.17500e+02
1256	4.19877e+02	1.25600e+03	1.26872e-01	4.18000e+02
1257	4.20389e+02	1.25700e+03	1.20000e-01	4.18500e+02
1258	4.20913e+02	1.25800e+03	1.13355e-01	4.19000e+02
1259	4.21430e+02	1.25900e+03	1.06930e-01	4.19500e+02
1260	4.21934e+02	1.26000e+03	1.01639e-01	4.20000e+02
1261	4.22442e+02	1.26100e+03	9.61347e-02	4.20500e+02
1262	4.22961e+02	1.26200e+03	9.08137e-02	4.21000e+02
1263	4.23491e+02	1.26300e+03	8.56739e-02	4.21500e+02
1264	4.24007e+02	1.26400e+03	8.14569e-02	4.22000e+02
1265	4.24519e+02	1.26500e+03	7.70713e-02	4.22500e+02
1266	4.25043e+02	1.26600e+03	7.28346e-02	4.23000e+02
1267	4.25554e+02	1.26700e+03	6.87447e-02	4.23500e+02
1268	4.26076e+02	1.26800e+03	6.54103e-02	4.24000e+02
1269	4.26581e+02	1.26900e+03	6.19292e-02	4.24500e+02
1270	4.27117e+02	1.27000e+03	5.85617e-02	4.25000e+02
1271	4.27651e+02	1.27100e+03	5.53078e-02	4.25500e+02
1272	4.28180e+02	1.27200e+03	5.26405e-02	4.26000e+02
1273	4.28691e+02	1.27300e+03	4.98563e-02	4.26500e+02
1274	4.29203e+02	1.27400e+03	4.71594e-02	4.27000e+02
1275	4.29727e+02	1.27500e+03	4.45509e-02	4.27500e+02
1276	4.30226e+02	1.27600e+03	4.23970e-02	4.28000e+02
1277	4.30746e+02	1.27700e+03	4.01585e-02	4.28500e+02
1278	4.31249e+02	1.27800e+03	3.79918e-02	4.29000e+02
1279	4.31757e+02	1.27900e+03	3.58967e-02	4.29500e+02
1280	4.32284e+02	1.28000e+03	3.41740e-02	4.30000e+02
1281	4.32802e+02	1.28100e+03	3.23843e-02	4.30500e+02
1282	4.33293e+02	1.28200e+03	3.06565e-02	4.31000e+02
1283	4.33806e+02	1.28300e+03	2.89895e-02	4.31500e+02
1284	4.34308e+02	1.28400e+03	2.76313e-02	4.32000e+02
1285	4.34832e+02	1.28500e+03	2.62145e-02	4.32500e+02
1286	4.35345e+02	1.28600e+03	2.48442e-02	4.33000e+02
1287	4.35846e+02	1.28700e+03	2.35203e-02	4.33500e+02
1288	4.36356e+02	1.28800e+03	2.24346e-02	4.34000e+02
1289	4.36856e+02	1.28900e+03	2.12938e-02	4.34500e+02
1290	4.37357e+02	1.29000e+03	2.01805e-02	4.35000e+02
1291	4.37853e+02	1.29100e+03	1.90971e-02	4.35500e+02
1292	4.38350e+02	1.29200e+03	1.81659e-02	4.36000e+02
1293	4.38862e+02	1.29300e+03	1.71938e-02	4.36500e+02
1294	4.39368e+02	1.29400e+03	1.62382e-02	4.37000e+02
1295	4.39856e+02	1.29500e+03	1.53028e-02	4.37500e+02
1296	4.40351e+02	1.29600e+03	1.44667e-02	4.38000e+02
1297	4.40844e+02	1.29700e+03	1.36186e-02	4.38500e+02
1298	4.41339e+02	1.29800e+03	1.27945e-02	4.39000e+02
1299	4.41836e+02	1.29900e+03	1.19930e-02	4.39500e+02
1300	4.42323e+02	1.30000e+03	1.13016e-02	4.40000e+02
1301	4.42828e+02	1.30100e+03	1.05990e-02	4.40500e+02
1302	4.43311e+02	1.30200e+03	9.91972e-03	4.41000e+02
1303	4.43809e+02	1.30300e+03	9.26151e-03	4.41500e+02
1304	4.44294e+02	1.30400e+03	8.71801e-03	4.42000e+02
1305	4.44782e+02	1.30500e+03	8.15024e-03	4.42500e+02
1306	4.45276e+02	1.30600e+03	7.59687e-03	4.43000e+02
1307	4.45765e+02	1.30700e+03	7.05853e-03	4.43500e+02
1308	4.46248e+02	1.30800e+03	6.60076e-03	4.44000e+02
1309	4.46744e+02	1.30900e+03	6.12300e-03	4.44500e+02
1310	4.47242e+02	1.31000e+03	5.65294e-03	4.45000e+02
1311	4.47738e+02	1.31100e+03	5.19222e-03	4.45500e+02
1312	4.48233e+02	1.31200e+03	4.78616e-03	4.46000e+02
1313	4.48723e+02	1.31300e+03	4.37209e-03	4.46500e+02
1314	4.49214e+02	1.31400e+03	3.96847e-03	4.47000e+02
1315	4.49709e+02	1.31500e+03	3.57480e-03	4.47500e+02
1316	4.50200e+02	1.31600e+03	3.23076e-03	4.48000e+02
1317	4.50704e+02	1.31700e+03	2.88080e-03	4.48500e+02
1318	4.51205e+02	1.31800e+03	2.54078e-03	4.49000e+02
1319	4.51695e+02	1.31900e+03	2.20933e-03	4.49500e+02
1320	4.52185e+02	1.32000e+03	1.92559e-03	4.50000e+02
1321	4.52683e+02	1.32100e+03	1.63515e-03	4.50500e+02
1322	4.53175e+02	1.32200e+03	1.35718e-03	4.51000e+02
1323	4.53663e+02	1.32300e+03	1.09112e-03	4.51500e+02
1324	4.54156e+02	1.32400e+03	8.75409e-04	4.52000e+02
1325	4.54651e+02	1.32500e+03	6.54414e-04	4.52500e+02
1326	4.55147e+02	1.32600e+03	4.42774e-04	4.53000e+02
1327	4.55639e+02	1.32700e+03	2.39141e-04	4.53500e+02
1328	4.56123e+02	1.32800e+03	8.24739e-05	4.54000e+02
1329	4.56618e+02	1.32900e+03	-8.79226e-05	4.54500e+02
1330	4.57121e+02	1.33000e+03	-2.50719e-04	4.55000e+02
1331	4.57613e+02	1.33100e+03	-4.04364e-04	4.55500e+02
1332	4.58110e+02	1.33200e+03	-5.23780e-04	4.56000e+02
1333	4.58596e+02	1.33300e+03	-6.43180e-04	4.56500e+02
1334	4.59089e+02	1.33400e+03	-7.51547e-04	4.57000e+02
1335	4.59586e+02	1.33500e+03	-8.50118e-04	4.57500e+02
1336	4.60083e+02	1.33600e+03	-8.94633e-04	4.58000e+02
1337	4.60568e+02	1.33700e+03	-9.47596e-04	4.58500e+02
1338	4.61068e+02	1.33800e+03	-9.95141e-04	4.59000e+02
1339	4.61552e+02	1.33900e+03	-1.03762e-03	4.59500e+02
1340	4.62045e+02	1.34000e+03	-1.04646e-03	4.60000e+02
1341	4.62533e+02	1.34100e+03	-1.07536e-03	4.60500e+02
1342	4.63021e+02	1.34200e+03	-1.11404e-03	4.61000e+02
1343	4.63525e+02	1.34300e+03	-1.15969e-03	4.61500e+02
1344	4.64011e+02	1.34400e+03	-1.23282e-03	4.62000e+02
1345	4.64501e+02	1.34500e+03	-1.30858e-03	4.62500e+02
1346	4.65000e+02	1.34600e+03	-1.38913e-03	4.63000e+02
1347	4.65493e+02	1.34700e+03	-1.47303e-03	4.63500e+02
1348	4.65984e+02	1.34800e+03	-1.58414e-03	4.64000e+02
1349	4.66468e+02	1.34900e+03	-1.67181e-03	4.64500e+02
1350	4.66965e+02	1.35000e+03	-1.75129e-03	4.65000e+02
1351	4.67457e+02	1.35100e+03	-1.82788e-03	4.65500e+02
1352	4.67945e+02	1.35200e+03	-1.88552e-03	4.66000e+02
1353	4.68446e+02	1.35300e+03	-1.95138e-03	4.66500e+02
1354	4.68945e+02	1.35400e+03	-2.01688e-03	4.67000e+02
1355	4.69439e+02	1.35500e+03	-2.08076e-03	4.67500e+02
1356	4.69937e+02	1.35600e+03	-2.13842e-03	4.68000e+02
1357	4.70427e+02	1.35700e+03	-2.19660e-03	4.68500e+02
1358	4.70908e+02	1.35800e+03	-2.25213e-03	4.69000e+02
1359	4.71390e+02	1.35900e+03	-2.30547e-03	4.69500e+02
1360	4.71870e+02	1.36000e+03	-2.35134e-03	4.70000e+02
1361	4.72354e+02	1.36100e+03	-2.39935e-03	4.70500e+02
1362	4.72853e+02	1.36200e+03	-2.44882e-03	4.71000e+02
1363	4.73343e+02	1.36300e+03	-2.49879e-03	4.71500e+02
1364	4.73824e+02	1.36400e+03	-2.54016e-03	4.72000e+02
1365	4.74309e+02	1.36500e+03	-2.58253e-03	4.72500e+02
1366	4.74799e+02	1.36600e+03	-2.62395e-03	4.73000e+02
1367	4.75284e+02	1.36700e+03	-2.66409e-03	4.73500e+02
1368	4.75774e+02	1.36800e+03	-2.69862e-03	4.74000e+02
1369	4.76255e+02	1.36900e+03	-2.73486e-03	4.74500e+02
1370	4.76741e+02	1.37000e+03	-2.77209e-03	4.75000e+02
1371	4.77225e+02	1.37100e+03	-2.80992e-03	4.75500e+02
1372	4.77721e+02	1.37200e+03	-2.84286e-03	4.76000e+02
1373	4.78207e+02	1.37300e+03	-2.87318e-03	4.76500e+02
1374	4.78690e+02	1.37400e+03	-2.90003e-03	4.77000e+02
1375	4.79171e+02	1.37500e+03	-2.92485e-03	4.77500e+02
1376	4.79663e+02	1.37600e+03	-2.94433e-03	4.78000e+02
1377	4.80159e+02	1.37700e+03	-2.96700e-03	4.78500e+02
1378	4.80650e+02	1.37800e+03	-2.98964e-03	4.79000e+02
1379	4.81136e+02	1.37900e+03	-3.01186e-03	4.79500e+02
1380	4.81619e+02	1.38000e+03	-3.03235e-03	4.80000e+02
1381	4.82113e+02	1.38100e+03	-3.05413e-03	4.80500e+02
1382	4.82602e+02	1.38200e+03	-3.07654e-03	4.81000e+02
1383	4.83096e+02	1.38300e+03	-3.09925e-03	4.81500e+02
1384	4.83591e+02	1.38400e+03	-3.12625e-03	4.82000e+02
1385	4.84085e+02	1.38500e+03	-3.15699e-03	4.82500e+02
1386	4.84574e+02	1.38600e+03	-3.19132e-03	4.83000e+02
1387	4.85075e+02	1.38700e+03	-3.22742e-03	4.83500e+02
1388	4.85561e+02	1.38800e+03	-3.27201e-03	4.84000e+02
1389	4.86055e+02	1.38900e+03	-3.31031e-03	4.84500e+02
1390	4.86551e+02	1.39000e+03	-3.34584e-03	4.85000e+02
1391	4.87041e+02	1.39100e+03	-3.37985e-03	4.85500e+02
1392	4.87524e+02	1.39200e+03	-3.40565e-03	4.86000e+02
1393	4.88024e+02	1.39300e+03	-3.43033e-03	4.86500e+02
1394	4.88520e+02	1.39400e+03	-3.45457e-03	4.87000e+02
1395	4.89016e+02	1.39500e+03	-3.47926e-03	4.87500e+02
1396	4.89500e+02	1.39600e+03	-3.49880e-03	4.88000e+02
1397	4.89987e+02	1.39700e+03	-3.52643e-03	4.88500e+02
1398	4.90480e+02	1.39800e+03	-3.55834e-03	4.89000e+02
1399	4.90982e+02	1.39900e+03	-3.59235e-03	4.89500e+02
1400	4.91472e+02	1.40000e+03	-3.63832e-03	4.90000e+02
1401	4.91965e+02	1.40100e+03	-3.67691e-03	4.90500e+02
1402	4.92455e+02	1.40200e+03	-3.71395e-03	4.91000e+02
1403	4.92943e+02	1.40300e+03	-3.75189e-03	4.91500e+02
1404	4.93432e+02	1.40400e+03	-3.79545e-03	4.92000e+02
1405	4.93934e+02	1.40500e+03	-3.84146e-03	4.92500e+02
1406	4.94411e+02	1.40600e+03	-3.89152e-03	4.93000e+02
1407	4.94895e+02	1.40700e+03	-3.94536e-03	4.93500e+02
1408	4.95375e+02	1.40800e+03	-4.01087e-03	4.94000e+02
1409	4.95850e+02	1.40900e+03	-4.07026e-03	4.94500e+02
1410	4.96340e+02	1.41000e+03	-4.12516e-03	4.95000e+02
1411	4.96817e+02	1.41100e+03	-4.17694e-03	4.95500e+02
1412	4.97297e+02	1.41200e+03	-4.22297e-03	4.96000e+02
1413	4.97781e+02	1.41300e+03	-4.26380e-03	4.96500e+02
1414	4.98255e+02	1.41400e+03	-4.29922e-03	4.97000e+02
1415	4.98752e+02	1.41500e+03	-4.33079e-03	4.97500e+02
1416	4.99232e+02	1.41600e+03	-4.33986e-03	4.98000e+02
1417	4.99718e+02	1.41700e+03	-4.35410e-03	4.98500e+02
1418	5.00202e+02	1.41800e+03	-4.36452e-03	4.99000e+02
1419	5.00692e+02	1.41900e+03	-4.37115e-03	4.99500e+02
1420	5.01175e+02	1.42000e+03	-4.36262e-03	5.00000e+02
1421	5.01657e+02	1.42100e+03	-4.35948e-03	5.00500e+02
1422	5.02155e+02	1.42200e+03	-4.35905e-03	5.01000e+02
1423	5.02646e+02	1.42300e+03	-4.36052e-03	5.01500e+02
1424	5.03133e+02	1.42400e+03	-4.36697e-03	5.02000e+02
1425	5.03624e+02	1.42500e+03	-4.38165e-03	5.02500e+02
1426	5.04122e+02	1.42600e+03	-4.40168e-03	5.03000e+02
1427	5.04603e+02	1.42700e+03	-4.42392e-03	5.03500e+02
1428	5.05085e+02	1.42800e+03	-4.46017e-03	5.04000e+02
1429	5.05580e+02	1.42900e+03	-4.48268e-03	5.04500e+02
1430	5.06060e+02	1.43000e+03	-4.50107e-03	5.05000e+02
1431	5.06553e+02	1.43100e+03	-4.51868e-03	5.05500e+02
1432	5.07047e+02	1.43200e+03	-4.52312e-03	5.06000e+02
1433	5.07527e+02	1.43300e+03	-4.53174e-03	5.06500e+02
1434	5.08014e+02	1.43400e+03	-4.54053e-03	5.07000e+02
1435	5.08503e+02	1.43500e+03	-4.54937e-03	5.07500e+02
1436	5.08990e+02	1.43600e+03	-4.55973e-03	5.08000e+02
1437	5.09483e+02	1.43700e+03	-4.57574e-03	5.08500e+02
1438	5.09966e+02	1.43800e+03	-4.59768e-03	5.09000e+02
1439	5.10457e+02	1.43900e+03	-4.62422e-03	5.09500e+02
1440	5.10942e+02	1.44000e+03	-4.67232e-03	5.10000e+02
1441	5.11438e+02	1.44100e+03	-4.71608e-03	5.10500e+02
1442	5.11931e+02	1.44200e+03	-4.75892e-03	5.11000e+02
1443	5.12414e+02	1.44300e+03	-4.80152e-03	5.11500e+02
1444	5.12907e+02	1.44400e+03	-4.85564e-03	5.12000e+02
1445	5.13400e+02	1.44500e+03	-4.90387e-03	5.12500e+02
1446	5.13887e+02	1.44600e+03	-4.95547e-03	5.13000e+02
1447	5.14377e+02	1.44700e+03	-5.01132e-03	5.13500e+02
1448	5.14864e+02	1.44800e+03	-5.07919e-03	5.14000e+02
1449	5.15353e+02	1.44900e+03	-5.14972e-03	5.14500e+02
1450	5.15855e+02	1.45000e+03	-5.21518e-03	5.15000e+02
1451	5.16346e+02	1.45100e+03	-5.27470e-03	5.15500e+02
1452	5.16821e+02	1.45200e+03	-5.31550e-03	5.16000e+02
1453	5.17314e+02	1.45300e+03	-5.32643e-03	5.16500e+02
1454	5.17806e+02	1.45400e+03	-5.31443e-03	5.17000e+02
1455	5.18298e+02	1.45500e+03	-5.28819e-03	5.17500e+02
1456	5.18791e+02	1.45600e+03	-5.16996e-03	5.18000e+02
1457	5.19280e+02	1.45700e+03	-5.08615e-03	5.18500e+02
1458	5.19757e+02	1.45800e+03	-5.00864e-03	5.19000e+02
1459	5.20254e+02	1.45900e+03	-4.93268e-03	5.19500e+02
1460	5.20745e+02	1.46000e+03	-4.86196e-03	5.20000e+02
1461	5.21239e+02	1.46100e+03	-4.81962e-03	5.20500e+02
1462	5.21740e+02	1.46200e+03	-4.79829e-03	5.21000e+02
1463	5.22212e+02	1.46300e+03	-4.78937e-03	5.21500e+02
1464	5.22706e+02	1.46400e+03	-4.85364e-03	5.22000e+02
1465	5.23197e+02	1.46500e+03	-4.89548e-03	5.22500e+02
1466	5.23682e+02	1.46600e+03	-4.93962e-03	5.23000e+02
1467	5.24176e+02	1.46700e+03	-4.98820e-03	5.23500e+02
1468	5.24663e+02	1.46800e+03	-5.06367e-03	5.24000e+02
1469	5.25156e+02	1.46900e+03	-5.12414e-03	5.24500e+02
1470	5.25649e+02	1.47000e+03	-5.18179e-03	5.25000e+02
1471	5.26137e+02	1.47100e+03	-5.23928e-03	5.25500e+02
1472	5.26632e+02	1.47200e+03	-5.29071e-03	5.26000e+02
1473	5.27117e+02	1.47300e+03	-5.34188e-03	5.26500e+02
1474	5.27613e+02	1.47400e+03	-5.39031e-03	5.27000e+02
1475	5.28098e+02	1.47500e+03	-5.43634e-03	5.27500e+02
1476	5.28588e+02	1.47600e+03	-5.46852e-03	5.28000e+02
1477	5.29084e+02	1.47700e+03	-5.49877e-03	5.28500e+02
1478	5.29577e+02	1.47800e+03	-5.52446e-03	5.29000e+02
1479	5.30068e+02	1.47900e+03	-5.54720e-03	5.29500e+02
1480	5.30555e+02	1.48000e+03	-5.55207e-03	5.30000e+02
1481	5.31044e+02	1.48100e+03	-5.56344e-03	5.30500e+02
1482	5.31530e+02	1.48200e+03	-5.57533e-03	5.31000e+02
1483	5.32012e+02	1.48300e+03	-5.58716e-03	5.31500e+02
1484	5.32509e+02	1.48400e+03	-5.59625e-03	5.32000e+02
1485	5.33005e+02	1.48500e+03	-5.60579e-03	5.32500e+02
1486	5.33486e+02	1.48600e+03	-5.61359e-03	5.33000e+02
1487	5.33978e+02	1.48700e+03	-5.62049e-03	5.33500e+02
1488	5.34462e+02	1.48800e+03	-5.62742e-03	5.34000e+02
1489	5.34953e+02	1.48900e+03	-5.63435e-03	5.34500e+02
1490	5.35462e+02	1.49000e+03	-5.64170e-03	5.35000e+02
1491	5.35942e+02	1.49100e+03	-5.64963e-03	5.35500e+02
1492	5.36422e+02	1.49200e+03	-5.66255e-03	5.36000e+02
1493	5.36910e+02	1.49300e+03	-5.68192e-03	5.36500e+02
1494	5.37397e+02	1.49400e+03	-5.70782e-03	5.37000e+02
1495	5.37889e+02	1.49500e+03	-5.73755e-03	5.37500e+02
1496	5.38373e+02	1.49600e+03	-5.78770e-03	5.38000e+02
1497	5.38854e+02	1.49700e+03	-5.83221e-03	5.38500e+02
1498	5.39359e+02	1.49800e+03	-5.87637e-03	5.39000e+02
1499	5.39849e+02	1.49900e+03	-5.92065e-03	5.39500e+02
1500	5.40336e+02	1.50000e+03	-5.96633e-03	5.40000e+02
1501	5.40824e+02	1.50100e+03	-6.00166e-03	5.40500e+02
1502	5.41306e+02	1.50200e+03	-6.02943e-03	5.41000e+02
1503	5.41788e+02	1.50300e+03	-6.05197e-03	5.41500e+02
1504	5.42297e+02	1.50400e+03	-6.04641e-03	5.42000e+02
1505	5.42784e+02	1.50500e+03	-6.04588e-03	5.42500e+02
1506	5.43264e+02	1.50600e+03	-6.04457e-03	5.43000e+02
1507	5.43754e+02	1.50700e+03	-6.04299e-03	5.43500e+02
1508	5.44244e+02	1.50800e+03	-6.03121e-03	5.44000e+02
1509	5.44729e+02	1.50900e+03	-6.03287e-03	5.44500e+02
1510	5.45236e+02	1.51000e+03	-6.04106e-03	5.45000e+02
1511	5.45722e+02	1.51100e+03	-6.05262e-03	5.45500e+02
1512	5.46213e+02	1.51200e+03	-6.08416e-03	5.46000e+02
1513	5.46714e+02	1.51300e+03	-6.10770e-03	5.46500e+02
1514	5.47205e+02	1.51400e+03	-6.12925e-03	5.47000e+02
1515	5.47691e+02	1.51500e+03	-6.15014e-03	5.47500e+02
1516	5.48184e+02	1.51600e+03	-6.17562e-03	5.48000e+02
1517	5.48674e+02	1.51700e+03	-6.19989e-03	5.48500e+02
1518	5.49165e+02	1.51800e+03	-6.22633e-03	5.49000e+02
1519	5.49659e+02	1.51900e+03	-6.25479e-03	5.49500e+02
1520	5.50159e+02	1.52000e+03	-6.28679e-03	5.50000e+02
1521	5.50645e+02	1.52100e+03	-6.32066e-03	5.50500e+02
1522	5.51142e+02	1.52200e+03	-6.35484e-03	5.51000e+02
1523	5.51639e+02	1.52300e+03	-6.38848e-03	5.51500e+02
1524	5.52130e+02	1.52400e+03	-6.42513e-03	5.52000e+02
1525	5.52632e+02	1.52500e+03	-6.45635e-03	5.52500e+02
1526	5.53126e+02	1.52600e+03	-6.48806e-03	5.53000e+02
1527	5.53621e+02	1.52700e+03	-6.52150e-03	5.53500e+02
1528	5.54117e+02	1.52800e+03	-6.55862e-03	5.54000e+02
1529	5.54613e+02	1.52900e+03	-6.60567e-03	5.54500e+02
1530	5.55110e+02	1.53000e+03	-6.65981e-03	5.55000e+02
1531	5.55616e+02	1.53100e+03	-6.71811e-03	5.55500e+02
1532	5.56110e+02	1.53200e+03	-6.79618e-03	5.56000e+02
1533	5.56602e+02	1.53300e+03	-6.85575e-03	5.56500e+02
1534	5.57090e+02	1.53400e+03	-6.90245e-03	5.57000e+02
1535	5.57576e+02	1.53500e+03	-6.94080e-03	5.57500e+02
1536	5.58082e+02	1.53600e+03	-6.93313e-03	5.58000e+02
1537	5.58569e+02	1.53700e+03	-6.91728e-03	5.58500e+02
1538	5.59053e+02	1.53800e+03	-6.88920e-03	5.59000e+02
1539	5.59546e+02	1.53900e+03	-6.85330e-03	5.59500e+02
1540	5.60044e+02	1.54000e+03	-6.76588e-03	5.60000e+02
1541	5.60541e+02	1.54100e+03	-6.71289e-03	5.60500e+02
1542	5.61026e+02	1.54200e+03	-6.66971e-03	5.61000e+02
1543	5.61505e+02	1.54300e+03	-6.63023e-03	5.61500e+02
1544	5.61995e+02	1.54400e+03	-6.62284e-03	5.62000e+02
1545	5.62489e+02	1.54500e+03	-6.61572e-03	5.62500e+02
1546	5.62987e+02	1.54600e+03	-6.61754e-03	5.63000e+02
1547	5.63475e+02	1.54700e+03	-6.62661e-03	5.63500e+02
1548	5.63964e+02	1.54800e+03	-6.67041e-03	5.64000e+02
1549	5.64467e+02	1.54900e+03	-6.70151e-03	5.64500e+02
1550	5.64952e+02	1.55000e+03	-6.73188e-03	5.65000e+02
1551	5.65455e+02	1.55100e+03	-6.76279e-03	5.65500e+02
1552	5.65937e+02	1.55200e+03	-6.79742e-03	5.66000e+02
1553	5.66430e+02	1.55300e+03	-6.82405e-03	5.66500e+02
1554	5.66925e+02	1.55400e+03	-6.84725e-03	5.67000e+02
1555	5.67408e+02	1.55500e+03	-6.86883e-03	5.67500e+02
1556	5.67900e+02	1.55600e+03	-6.87998e-03	5.68000e+02
1557	5.68397e+02	1.55700e+03	-6.89818e-03	5.68500e+02
1558	5.68886e+02	1.55800e+03	-6.91972e-03	5.69000e+02
1559	5.69373e+02	1.55900e+03	-6.94409e-03	5.69500e+02
1560	5.69871e+02	1.56000e+03	-6.98392e-03	5.70000e+02
1561	5.70356e+02	1.56100e+03	-7.02884e-03	5.70500e+02
1562	5.70846e+02	1.56200e+03	-7.07826e-03	5.71000e+02
1563	5.71331e+02	1.56300e+03	-7.12858e-03	5.71500e+02
1564	5.71820e+02	1.56400e+03	-7.19385e-03	5.72000e+02
1565	5.72317e+02	1.56500e+03	-7.24542e-03	5.72500e+02
1566	5.72813e+02	1.56600e+03	-7.29155e-03	5.73000e+02
1567	5.73286e+02	1.56700e+03	-7.33498e-03	5.73500e+02
1568	5.73774e+02	1.56800e+03	-7.36023e-03	5.74000e+02
1569	5.74278e+02	1.56900e+03	-7.38765e-03	5.74500e+02
1570	5.74777e+02	1.57000e+03	-7.40987e-03	5.75000e+02
1571	5.75265e+02	1.57100e+03	-7.42751e-03	5.75500e+02
1572	5.75755e+02	1.57200e+03	-7.42483e-03	5.76000e+02
1573	5.76248e+02	1.57300e+03	-7.42463e-03	5.76500e+02
1574	5.76753e+02	1.57400e+03	-7.42164e-03	5.77000e+02
1575	5.77245e+02	1.57500e+03	-7.41653e-03	5.77500e+02
1576	5.77732e+02	1.57600e+03	-7.39813e-03	5.78000e+02
1577	5.78237e+02	1.57700e+03	-7.38905e-03	5.78500e+02
1578	5.78731e+02	1.57800e+03	-7.38342e-03	5.79000e+02
1579	5.79232e+02	1.57900e+03	-7.37953e-03	5.79500e+02
1580	5.79727e+02	1.58000e+03	-7.38597e-03	5.80000e+02
1581	5.80213e+02	1.58100e+03	-7.39400e-03	5.80500e+02
1582	5.80702e+02	1.58200e+03	-7.40631e-03	5.81000e+02
1583	5.81199e+02	1.58300e+03	-7.42193e-03	5.81500e+02
1584	5.81707e+02	1.58400e+03	-7.45907e-03	5.82000e+02
1585	5.82205e+02	1.58500e+03	-7.49485e-03	5.82500e+02
1586	5.82692e+02	1.58600e+03	-7.53213e-03	5.83000e+02
1587	5.83195e+02	1.58700e+03	-7.56914e-03	5.83500e+02
1588	5.83704e+02	1.58800e+03	-7.61323e-03	5.84000e+02
1589	5.84183e+02	1.58900e+03	-7.64588e-03	5.84500e+02
1590	5.84689e+02	1.59000e+03	-7.67191e-03	5.85000e+02
1591	5.85193e+02	1.59100e+03	-7.69383e-03	5.85500e+02
1592	5.85698e+02	1.59200e+03	-7.69337e-03	5.86000e+02
1593	5.86185e+02	1.59300e+03	-7.69876e-03	5.86500e+02
1594	5.86695e+02	1.59400e+03	-7.70360e-03	5.87000e+02
1595	5.87200e+02	1.59500e+03	-7.70742e-03	5.87500e+02
1596	5.87713e+02	1.59600e+03	-7.70298e-03	5.88000e+02
1597	5.88208e+02	1.59700e+03	-7.70664e-03	5.88500e+02
1598	5.88709e+02	1.59800e+03	-7.71393e-03	5.89000e+02
1599	5.89216e+02	1.59900e+03	-7.72269e-03	5.89500e+02
1600	5.89723e+02	1.60000e+03	-7.74247e-03	5.90000e+02
1601	5.90215e+02	1.60100e+03	-7.76167e-03	5.90500e+02
1602	5.90717e+02	1.60200e+03	-7.78340e-03	5.91000e+02
1603	5.91221e+02	1.60300e+03	-7.80685e-03	5.91500e+02
1604	5.91717e+02	1.60400e+03	-7.83799e-03	5.92000e+02
1605	5.92212e+02	1.60500e+03	-7.86375e-03	5.92500e+02
1606	5.92706e+02	1.60600e+03	-7.88732e-03	5.93000e+02
1607	5.93201e+02	1.60700e+03	-7.90972e-03	5.93500e+02
1608	5.93713e+02	1.60800e+03	-7.92509e-03	5.94000e+02
1609	5.94202e+02	1.60900e+03	-7.93876e-03	5.94500e+02
1610	5.94705e+02	1.61000e+03	-7.95118e-03	5.95000e+02
1611	5.95190e+02	1.61100e+03	-7.96346e-03	5.95500e+02
1612	5.95697e+02	1.61200e+03	-7.96838e-03	5.96000e+02
1613	5.96192e+02	1.61300e+03	-7.97723e-03	5.96500e+02
1614	5.96690e+02	1.61400e+03	-7.98568e-03	5.97000e+02
1615	5.97188e+02	1.61500e+03	-7.99362e-03	5.97500e+02
1616	5.97692e+02	1.61600e+03	-8.00314e-03	5.98000e+02
1617	5.98186e+02	1.61700e+03	-8.01009e-03	5.98500e+02
1618	5.98666e+02	1.61800e+03	-8.01580e-03	5.99000e+02
1619	5.99147e+02	1.61900e+03	-8.02160e-03	5.99500e+02
1620	5.99644e+02	1.62000e+03	-8.02844e-03	6.00000e+02
1621	6.00149e+02	1.62100e+03	-8.03868e-03	6.00500e+02
1622	6.00640e+02	1.62200e+03	-8.05202e-03	6.01000e+02
1623	6.01144e+02	1.62300e+03	-8.06805e-03	6.01500e+02
1624	6.01643e+02	1.62400e+03	-8.09499e-03	6.02000e+02
1625	6.02143e+02	1.62500e+03	-8.12104e-03	6.02500e+02
1626	6.02637e+02	1.62600e+03	-8.15019e-03	6.03000e+02
1627	6.03132e+02	1.62700e+03	-8.18085e-03	6.03500e+02
1628	6.03614e+02	1.62800e+03	-8.21661e-03	6.04000e+02
1629	6.04115e+02	1.62900e+03	-8.24651e-03	6.04500e+02
1630	6.04627e+02	1.63000e+03	-8.27367e-03	6.05000e+02
1631	6.05118e+02	1.63100e+03	-8.29959e-03	6.05500e+02
1632	6.05612e+02	1.63200e+03	-8.32125e-03	6.06000e+02
1633	6.06111e+02	1.63300e+03	-8.34698e-03	6.06500e+02
1634	6.06606e+02	1.63400e+03	-8.37407e-03	6.07000e+02
1635	6.07106e+02	1.63500e+03	-8.40125e-03	6.07500e+02
1636	6.07597e+02	1.63600e+03	-8.42861e-03	6.08000e+02
1637	6.08089e+02	1.63700e+03	-8.45258e-03	6.08500e+02
1638	6.08585e+02	1.63800e+03	-8.47171e-03	6.09000e+02
1639	6.09080e+02	1.63900e+03	-8.48699e-03	6.09500e+02
1640	6.09566e+02	1.64000e+03	-8.48715e-03	6.10000e+02
1641	6.10061e+02	1.64100e+03	-8.48513e-03	6.10500e+02
1642	6.10571e+02	1.64200e+03	-8.47877e-03	6.11000e+02
1643	6.11064e+02	1.64300e+03	-8.46944e-03	6.11500e+02
1644	6.11558e+02	1.64400e+03	-8.44269e-03	6.12000e+02
1645	6.12070e+02	1.64500e+03	-8.42747e-03	6.12500e+02
1646	6.12559e+02	1.64600e+03	-8.41562e-03	6.13000e+02
1647	6.13054e+02	1.64700e+03	-8.40489e-03	6.13500e+02
1648	6.13540e+02	1.64800e+03	-8.40170e-03	6.14000e+02
1649	6.14045e+02	1.64900e+03	-8.39815e-03	6.14500e+02
1650	6.14559e+02	1.65000e+03	-8.39554e-03	6.15000e+02
1651	6.15067e+02	1.65100e+03	-8.39341e-03	6.15500e+02
1652	6.15567e+02	1.65200e+03	-8.39552e-03	6.16000e+02
1653	6.16068e+02	1.65300e+03	-8.39271e-03	6.16500e+02
1654	6.16574e+02	1.65400e+03	-8.38757e-03	6.17000e+02
1655	6.17078e+02	1.65500e+03	-8.38169e-03	6.17500e+02
1656	6.17564e+02	1.65600e+03	-8.37481e-03	6.18000e+02
1657	6.18057e+02	1.65700e+03	-8.37324e-03	6.18500e+02
1658	6.18526e+02	1.65800e+03	-8.37599e-03	6.19000e+02
1659	6.19015e+02	1.65900e+03	-8.38169e-03	6.19500e+02
1660	6.19512e+02	1.66000e+03	-8.40002e-03	6.20000e+02
1661	6.20009e+02	1.66100e+03	-8.41569e-03	6.20500e+02
1662	6.20505e+02	1.66200e+03	-8.43065e-03	6.21000e+02
1663	6.21009e+02	1.66300e+03	-8.44505e-03	6.21500e+02
1664	6.21497e+02	1.66400e+03	-8.46410e-03	6.22000e+02
1665	6.22002e+02	1.66500e+03	-8.47818e-03	6.22500e+02
1666	6.22495e+02	1.66600e+03	-8.49261e-03	6.23000e+02
1667	6.22985e+02	1.66700e+03	-8.50900e-03	6.23500e+02
1668	6.23480e+02	1.66800e+03	-8.52174e-03	6.24000e+02
1669	6.23976e+02	1.66900e+03	-8.53590e-03	6.24500e+02
1670	6.24462e+02	1.67000e+03	-8.54851e-03	6.25000e+02
1671	6.24954e+02	1.67100e+03	-8.56035e-03	6.25500e+02
1672	6.25451e+02	1.67200e+03	-8.57478e-03	6.26000e+02
1673	6.25950e+02	1.67300e+03	-8.58659e-03	6.26500e+02
1674	6.26440e+02	1.67400e+03	-8.59882e-03	6.27000e+02
1675	6.26919e+02	1.67500e+03	-8.61239e-03	6.27500e+02
1676	6.27419e+02	1.67600e+03	-8.62786e-03	6.28000e+02
1677	6.27925e+02	1.67700e+03	-8.64717e-03	6.28500e+02
1678	6.28416e+02	1.67800e+03	-8.66911e-03	6.29000e+02
1679	6.28914e+02	1.67900e+03	-8.69254e-03	6.29500e+02
1680	6.29409e+02	1.68000e+03	-8.72239e-03	6.30000e+02
1681	6.29910e+02	1.68100e+03	-8.74248e-03	6.30500e+02
1682	6.30407e+02	1.68200e+03	-8.75504e-03	6.31000e+02
1683	6.30910e+02	1.68300e+03	-8.76264e-03	6.31500e+02
1684	6.31388e+02	1.68400e+03	-8.75176e-03	6.32000e+02
1685	6.31892e+02	1.68500e+03	-8.74351e-03	6.32500e+02
1686	6.32395e+02	1.68600e+03	-8.73518e-03	6.33000e+02
1687	6.32903e+02	1.68700e+03	-8.72734e-03	6.33500e+02
1688	6.33403e+02	1.68800e+03	-8.71278e-03	6.34000e+02
1689	6.33910e+02	1.68900e+03	-8.70935e-03	6.34500e+02
1690	6.34412e+02	1.69000e+03	-8.70976e-03	6.35000e+02
1691	6.34915e+02	1.69100e+03	-8.71150e-03	6.35500e+02
1692	6.35420e+02	1.69200e+03	-8.72643e-03	6.36000e+02
1693	6.35935e+02	1.69300e+03	-8.73204e-03	6.36500e+02
1694	6.36433e+02	1.69400e+03	-8.73513e-03	6.37000e+02
1695	6.36937e+02	1.69500e+03	-8.73747e-03	6.37500e+02
1696	6.37425e+02	1.69600e+03	-8.73434e-03	6.38000e+02
1697	6.37933e+02	1.69700e+03	-8.73408e-03	6.38500e+02
1698	6.38443e+02	1.69800e+03	-8.73541e-03	6.39000e+02
1699	6.38947e+02	1.69900e+03	-8.73841e-03	6.39500e+02
1700	6.39446e+02	1.70000e+03	-8.74906e-03	6.40000e+02
1701	6.39945e+02	1.70100e+03	-8.76225e-03	6.40500e+02
1702	6.40458e+02	1.70200e+03	-8.77824e-03	6.41000e+02
1703	6.40962e+02	1.70300e+03	-8.79613e-03	6.41500e+02
1704	6.41465e+02	1.70400e+03	-8.82728e-03	6.42000e+02
1705	6.41960e+02	1.70500e+03	-8.85055e-03	6.42500e+02
1706	6.42467e+02	1.70600e+03	-8.87072e-03	6.43000e+02
1707	6.42967e+02	1.70700e+03	-8.88955e-03	6.43500e+02
1708	6.43465e+02	1.70800e+03	-8.90385e-03	6.44000e+02
1709	6.43971e+02	1.70900e+03	-8.91668e-03	6.44500e+02
1710	6.44470e+02	1.71000e+03	-8.92706e-03	6.45000e+02
1711	6.44959e+02	1.71100e+03	-8.93625e-03	6.45500e+02
1712	6.45457e+02	1.71200e+03	-8.93907e-03	6.46000e+02
1713	6.45973e+02	1.71300e+03	-8.94750e-03	6.46500e+02
1714	6.46469e+02	1.71400e+03	-8.96083e-03	6.47000e+02
1715	6.46966e+02	1.71500e+03	-8.97807e-03	6.47500e+02
1716	6.47468e+02	1.71600e+03	-9.01219e-03	6.48000e+02
1717	6.47975e+02	1.71700e+03	-9.05008e-03	6.48500e+02
1718	6.48492e+02	1.71800e+03	-9.09464e-03	6.49000e+02
1719	6.48979e+02	1.71900e+03	-9.14449e-03	6.49500e+02
1720	6.49486e+02	1.72000e+03	-9.22362e-03	6.50000e+02
1721	6.49993e+02	1.72100e+03	-9.28709e-03	6.50500e+02
1722	6.50484e+02	1.72200e+03	-9.34123e-03	6.51000e+02
1723	6.50977e+02	1.72300e+03	-9.38888e-03	6.51500e+02
1724	6.51480e+02	1.72400e+03	-9.40226e-03	6.52000e+02
1725	6.51971e+02	1.72500e+03	-9.39617e-03	6.52500e+02
1726	6.52471e+02	1.72600e+03	-9.36921e-03	6.53000e+02
1727	6.52975e+02	1.72700e+03	-9.32890e-03	6.53500e+02
1728	6.53476e+02	1.72800e+03	-9.20486e-03	6.54000e+02
1729	6.53965e+02	1.72900e+03	-9.10951e-03	6.54500e+02
1730	6.54456e+02	1.73000e+03	-9.01501e-03	6.55000e+02
1731	6.54960e+02	1.73100e+03	-8.91783e-03	6.55500e+02
1732	6.55463e+02	1.73200e+03	-8.80853e-03	6.56000e+02
1733	6.55969e+02	1.73300e+03	-8.72097e-03	6.56500e+02
1734	6.56472e+02	1.73400e+03	-8.64707e-03	6.57000e+02
1735	6.56971e+02	1.73500e+03	-8.58184e-03	6.57500e+02
1736	6.57487e+02	1.73600e+03	-8.56723e-03	6.58000e+02
1737	6.58003e+02	1.73700e+03	-8.54920e-03	6.58500e+02
1738	6.58503e+02	1.73800e+03	-8.54385e-03	6.59000e+02
1739	6.59010e+02	1.73900e+03	-8.54946e-03	6.59500e+02
1740	6.59519e+02	1.74000e+03	-8.61553e-03	6.60000e+02
1741	6.60015e+02	1.74100e+03	-8.66964e-03	6.60500e+02
1742	6.60529e+02	1.74200e+03	-8.72920e-03	6.61000e+02
1743	6.61024e+02	1.74300e+03	-8.79410e-03	6.61500e+02
1744	6.61548e+02	1.74400e+03	-8.88486e-03	6.62000e+02
1745	6.62053e+02	1.74500e+03	-8.95452e-03	6.62500e+02
1746	6.62562e+02	1.74600e+03	-9.01965e-03	6.63000e+02
1747	6.63079e+02	1.74700e+03	-9.08494e-03	6.63500e+02
1748	6.63593e+02	1.74800e+03	-9.13500e-03	6.64000e+02
1749	6.64112e+02	1.74900e+03	-9.18537e-03	6.64500e+02
1750	6.64623e+02	1.75000e+03	-9.22700e-03	6.65000e+02
1751	6.65121e+02	1.75100e+03	-9.26118e-03	6.65500e+02
1752	6.65627e+02	1.75200e+03	-9.26703e-03	6.66000e+02
1753	6.66137e+02	1.75300e+03	-9.26916e-03	6.66500e+02
1754	6.66646e+02	1.75400e+03	-9.26318e-03	6.67000e+02
1755	6.67153e+02	1.75500e+03	-9.25177e-03	6.67500e+02
1756	6.67671e+02	1.75600e+03	-9.20677e-03	6.68000e+02
1757	6.68183e+02	1.75700e+03	-9.18364e-03	6.68500e+02
1758	6.68686e+02	1.75800e+03	-9.16857e-03	6.69000e+02
1759	6.69176e+02	1.75900e+03	-9.15693e-03	6.69500e+02
1760	6.69680e+02	1.76000e+03	-9.16324e-03	6.70000e+02
1761	6.70183e+02	1.76100e+03	-9.16956e-03	6.70500e+02
1762	6.70685e+02	1.76200e+03	-9.17778e-03	6.71000e+02
1763	6.71178e+02	1.76300e+03	-9.18724e-03	6.71500e+02
1764	6.71674e+02	1.76400e+03	-9.21294e-03	6.72000e+02
1765	6.72162e+02	1.76500e+03	-9.22662e-03	6.72500e+02
1766	6.72662e+02	1.76600e+03	-9.23511e-03	6.73000e+02
1767	6.73176e+02	1.76700e+03	-9.24098e-03	6.73500e+02
1768	6.73676e+02	1.76800e+03	-9.23213e-03	6.74000e+02
1769	6.74184e+02	1.76900e+03	-9.22513e-03	6.74500e+02
1770	6.74668e+02	1.77000e+03	-9.21818e-03	6.75000e+02
1771	6.75170e+02	1.77100e+03	-9.21194e-03	6.75500e+02
1772	6.75677e+02	1.77200e+03	-9.20143e-03	6.76000e+02
1773	6.76174e+02	1.77300e+03	-9.20001e-03	6.76500e+02
1774	6.76679e+02	1.77400e+03	-9.20388e-03	6.77000e+02
1775	6.77187e+02	1.77500e+03	-9.21063e-03	6.77500e+02
1776	6.77701e+02	1.77600e+03	-9.23435e-03	6.78000e+02
1777	6.78227e+02	1.77700e+03	-9.25255e-03	6.78500e+02
1778	6.78735e+02	1.77800e+03	-9.27179e-03	6.79000e+02
1779	6.79247e+02	1.77900e+03	-9.29243e-03	6.79500e+02
1780	6.79771e+02	1.78000e+03	-9.31810e-03	6.80000e+02
1781	6.80290e+02	1.78100e+03	-9.34162e-03	6.80500e+02
1782	6.80817e+02	1.78200e+03	-9.36750e-03	6.81000e+02
1783	6.81315e+02	1.78300e+03	-9.39600e-03	6.81500e+02
1784	6.81824e+02	1.78400e+03	-9.43756e-03	6.82000e+02
1785	6.82327e+02	1.78500e+03	-9.48486e-03	6.82500e+02
1786	6.82841e+02	1.78600e+03	-9.53736e-03	6.83000e+02
1787	6.83338e+02	1.78700e+03	-9.59238e-03	6.83500e+02
1788	6.83842e+02	1.78800e+03	-9.65961e-03	6.84000e+02
1789	6.84330e+02	1.78900e+03	-9.70484e-03	6.84500e+02
1790	6.84830e+02	1.79000e+03	-9.73341e-03	6.85000e+02
1791	6.85328e+02	1.79100e+03	-9.75106e-03	6.85500e+02
1792	6.85818e+02	1.79200e+03	-9.70871e-03	6.86000e+02
1793	6.86300e+02	1.79300e+03	-9.66600e-03	6.86500e+02
1794	6.86776e+02	1.79400e+03	-9.61382e-03	6.87000e+02
1795	6.86890e+02	1.79500e+03	-9.55512e-03	6.87500e+02
1796	6.87016e+02	1.79600e+03	-9.45036e-03	6.88000e+02
1797	6.87283e+02	1.79700e+03	-9.38433e-03	6.88500e+02
1798	6.87627e+02	1.79800e+03	-9.33192e-03	6.89000e+02
1799	6.88006e+02	1.79900e+03	-9.28512e-03	6.89500e+02
1800	6.88362e+02	1.80000e+03	-9.28008e-03	6.90000e+02
1801	6.88679e+02	1.80100e+03	-9.27433e-03	6.90500e+02
1802	6.88998e+02	1.80200e+03	-9.28150e-03	6.91000e+02
1803	6.89322e+02	1.80300e+03	-9.29834e-03	6.91500e+02
1804	6.89611e+02	1.80400e+03	-9.35159e-03	6.92000e+02
1805	6.89891e+02	1.80500e+03	-9.38972e-03	6.92500e+02
1806	6.90166e+02	1.80600e+03	-9.42622e-03	6.93000e+02
1807	6.90438e+02	1.80700e+03	-9.46328e-03	6.93500e+02
1808	6.90706e+02	1.80800e+03	-9.50479e-03	6.94000e+02
1809	6.90951e+02	1.80900e+03	-9.53863e-03	6.94500e+02
1810	6.91227e+02	1.81000e+03	-9.56902e-03	6.95000e+02
1811	6.91484e+02	1.81100e+03	-9.59776e-03	6.95500e+02
1812	6.91737e+02	1.81200e+03	-9.61196e-03	6.96000e+02
1813	6.91969e+02	1.81300e+03	-9.62641e-03	6.96500e+02
1814	6.92198e+02	1.81400e+03	-9.63436e-03	6.97000e+02
1815	6.92425e+02	1.81500e+03	-9.63710e-03	6.97500e+02
1816	6.92646e+02	1.81600e+03	-9.61578e-03	6.98000e+02
1817	6.92840e+02	1.81700e+03	-9.59273e-03	6.98500e+02
1818	6.93038e+02	1.81800e+03	-9.56441e-03	6.99000e+02
1819	6.93239e+02	1.81900e+03	-9.53226e-03	6.99500e+02
1820	6.93422e+02	1.82000e+03	-9.47888e-03	7.00000e+02
