index	ts	t	weight	tr
[#]	[°C]	[s]	[mg]	[°C]
683	1.30867e+02	6.83000e+02	9.66141e-01	1.31500e+02
684	1.31392e+02	6.84000e+02	9.66104e-01	1.32000e+02
685	1.31888e+02	6.85000e+02	9.66076e-01	1.32500e+02
686	1.32389e+02	6.86000e+02	9.66051e-01	1.33000e+02
687	1.32872e+02	6.87000e+02	9.66028e-01	1.33500e+02
688	1.33384e+02	6.88000e+02	9.66012e-01	1.34000e+02
689	1.33888e+02	6.89000e+02	9.66001e-01	1.34500e+02
690	1.34385e+02	6.90000e+02	9.65994e-01	1.35000e+02
691	1.34888e+02	6.91000e+02	9.65989e-01	1.35500e+02
692	1.35390e+02	6.92000e+02	9.65998e-01	1.36000e+02
693	1.35889e+02	6.93000e+02	9.65998e-01	1.36500e+02
694	1.36393e+02	6.94000e+02	9.65997e-01	1.37000e+02
695	1.36892e+02	6.95000e+02	9.65994e-01	1.37500e+02
696	1.37396e+02	6.96000e+02	9.65985e-01	1.38000e+02
697	1.37895e+02	6.97000e+02	9.65976e-01	1.38500e+02
698	1.38394e+02	6.98000e+02	9.65965e-01	1.39000e+02
699	1.38895e+02	6.99000e+02	9.65953e-01	1.39500e+02
700	1.39399e+02	7.00000e+02	9.65936e-01	1.40000e+02
701	1.39897e+02	7.01000e+02	9.65926e-01	1.40500e+02
702	1.40411e+02	7.02000e+02	9.65922e-01	1.41000e+02
703	1.40899e+02	7.03000e+02	9.65922e-01	1.41500e+02
704	1.41401e+02	7.04000e+02	9.65937e-01	1.42000e+02
705	1.41900e+02	7.05000e+02	9.65951e-01	1.42500e+02
706	1.42399e+02	7.06000e+02	9.65963e-01	1.43000e+02
707	1.42902e+02	7.07000e+02	9.65975e-01	1.43500e+02
708	1.43388e+02	7.08000e+02	9.65990e-01	1.44000e+02
709	1.43900e+02	7.09000e+02	9.65994e-01	1.44500e+02
710	1.44415e+02	7.10000e+02	9.65992e-01	1.45000e+02
711	1.44913e+02	7.11000e+02	9.65988e-01	1.45500e+02
712	1.45417e+02	7.12000e+02	9.65966e-01	1.46000e+02
713	1.45918e+02	7.13000e+02	9.65957e-01	1.46500e+02
714	1.46426e+02	7.14000e+02	9.65950e-01	1.47000e+02
715	1.46913e+02	7.15000e+02	9.65946e-01	1.47500e+02
716	1.47409e+02	7.16000e+02	9.65948e-01	1.48000e+02
717	1.47912e+02	7.17000e+02	9.65947e-01	1.48500e+02
718	1.48417e+02	7.18000e+02	9.65945e-01	1.49000e+02
719	1.48917e+02	7.19000e+02	9.65944e-01	1.49500e+02
720	1.49423e+02	7.20000e+02	9.65939e-01	1.50000e+02
721	1.49919e+02	7.21000e+02	9.65931e-01	1.50500e+02
722	1.50424e+02	7.22000e+02	9.65920e-01	1.51000e+02
723	1.50916e+02	7.23000e+02	9.65908e-01	1.51500e+02
724	1.51423e+02	7.24000e+02	9.65883e-01	1.52000e+02
725	1.51925e+02	7.25000e+02	9.65863e-01	1.52500e+02
726	1.52429e+02	7.26000e+02	9.65842e-01	1.53000e+02
727	1.52935e+02	7.27000e+02	9.65823e-01	1.53500e+02
728	1.53429e+02	7.28000e+02	9.65801e-01	1.54000e+02
729	1.53941e+02	7.29000e+02	9.65782e-01	1.54500e+02
730	1.54440e+02	7.30000e+02	9.65763e-01	1.55000e+02
731	1.54936e+02	7.31000e+02	9.65745e-01	1.55500e+02
732	1.55443e+02	7.32000e+02	9.65728e-01	1.56000e+02
733	1.55936e+02	7.33000e+02	9.65708e-01	1.56500e+02
734	1.56443e+02	7.34000e+02	9.65686e-01	1.57000e+02
735	1.56938e+02	7.35000e+02	9.65663e-01	1.57500e+02
736	1.57449e+02	7.36000e+02	9.65633e-01	1.58000e+02
737	1.57942e+02	7.37000e+02	9.65604e-01	1.58500e+02
738	1.58458e+02	7.38000e+02	9.65573e-01	1.59000e+02
739	1.58952e+02	7.39000e+02	9.65542e-01	1.59500e+02
740	1.59450e+02	7.40000e+02	9.65506e-01	1.60000e+02
741	1.59946e+02	7.41000e+02	9.65472e-01	1.60500e+02
742	1.60454e+02	7.42000e+02	9.65438e-01	1.61000e+02
743	1.60952e+02	7.43000e+02	9.65404e-01	1.61500e+02
744	1.61468e+02	7.44000e+02	9.65369e-01	1.62000e+02
745	1.61964e+02	7.45000e+02	9.65335e-01	1.62500e+02
746	1.62463e+02	7.46000e+02	9.65301e-01	1.63000e+02
747	1.62974e+02	7.47000e+02	9.65269e-01	1.63500e+02
748	1.63474e+02	7.48000e+02	9.65243e-01	1.64000e+02
749	1.63976e+02	7.49000e+02	9.65219e-01	1.64500e+02
750	1.64483e+02	7.50000e+02	9.65197e-01	1.65000e+02
751	1.64990e+02	7.51000e+02	9.65177e-01	1.65500e+02
752	1.65486e+02	7.52000e+02	9.65164e-01	1.66000e+02
753	1.65988e+02	7.53000e+02	9.65147e-01	1.66500e+02
754	1.66500e+02	7.54000e+02	9.65131e-01	1.67000e+02
755	1.66989e+02	7.55000e+02	9.65115e-01	1.67500e+02
756	1.67505e+02	7.56000e+02	9.65100e-01	1.68000e+02
757	1.68007e+02	7.57000e+02	9.65087e-01	1.68500e+02
758	1.68512e+02	7.58000e+02	9.65074e-01	1.69000e+02
759	1.69016e+02	7.59000e+02	9.65063e-01	1.69500e+02
760	1.69522e+02	7.60000e+02	9.65052e-01	1.70000e+02
761	1.70027e+02	7.61000e+02	9.65036e-01	1.70500e+02
762	1.70529e+02	7.62000e+02	9.65018e-01	1.71000e+02
763	1.71037e+02	7.63000e+02	9.64998e-01	1.71500e+02
764	1.71540e+02	7.64000e+02	9.64971e-01	1.72000e+02
765	1.72039e+02	7.65000e+02	9.64946e-01	1.72500e+02
766	1.72548e+02	7.66000e+02	9.64920e-01	1.73000e+02
767	1.73036e+02	7.67000e+02	9.64894e-01	1.73500e+02
768	1.73544e+02	7.68000e+02	9.64867e-01	1.74000e+02
769	1.74056e+02	7.69000e+02	9.64843e-01	1.74500e+02
770	1.74558e+02	7.70000e+02	9.64822e-01	1.75000e+02
771	1.75068e+02	7.71000e+02	9.64803e-01	1.75500e+02
772	1.75580e+02	7.72000e+02	9.64794e-01	1.76000e+02
773	1.76068e+02	7.73000e+02	9.64786e-01	1.76500e+02
774	1.76582e+02	7.74000e+02	9.64779e-01	1.77000e+02
775	1.77087e+02	7.75000e+02	9.64773e-01	1.77500e+02
776	1.77592e+02	7.76000e+02	9.64776e-01	1.78000e+02
777	1.78090e+02	7.77000e+02	9.64771e-01	1.78500e+02
778	1.78603e+02	7.78000e+02	9.64764e-01	1.79000e+02
779	1.79108e+02	7.79000e+02	9.64754e-01	1.79500e+02
780	1.79612e+02	7.80000e+02	9.64737e-01	1.80000e+02
781	1.80111e+02	7.81000e+02	9.64723e-01	1.80500e+02
782	1.80629e+02	7.82000e+02	9.64711e-01	1.81000e+02
783	1.81118e+02	7.83000e+02	9.64702e-01	1.81500e+02
784	1.81625e+02	7.84000e+02	9.64698e-01	1.82000e+02
785	1.82126e+02	7.85000e+02	9.64698e-01	1.82500e+02
786	1.82633e+02	7.86000e+02	9.64699e-01	1.83000e+02
787	1.83137e+02	7.87000e+02	9.64699e-01	1.83500e+02
788	1.83634e+02	7.88000e+02	9.64706e-01	1.84000e+02
789	1.84151e+02	7.89000e+02	9.64700e-01	1.84500e+02
790	1.84639e+02	7.90000e+02	9.64685e-01	1.85000e+02
791	1.85147e+02	7.91000e+02	9.64666e-01	1.85500e+02
792	1.85660e+02	7.92000e+02	9.64621e-01	1.86000e+02
793	1.86162e+02	7.93000e+02	9.64581e-01	1.86500e+02
794	1.86672e+02	7.94000e+02	9.64541e-01	1.87000e+02
795	1.87170e+02	7.95000e+02	9.64499e-01	1.87500e+02
796	1.87671e+02	7.96000e+02	9.64445e-01	1.88000e+02
797	1.88185e+02	7.97000e+02	9.64399e-01	1.88500e+02
798	1.88691e+02	7.98000e+02	9.64353e-01	1.89000e+02
799	1.89192e+02	7.99000e+02	9.64306e-01	1.89500e+02
800	1.89702e+02	8.00000e+02	9.64259e-01	1.90000e+02
801	1.90206e+02	8.01000e+02	9.64207e-01	1.90500e+02
802	1.90701e+02	8.02000e+02	9.64150e-01	1.91000e+02
803	1.91220e+02	8.03000e+02	9.64090e-01	1.91500e+02
804	1.91732e+02	8.04000e+02	9.64016e-01	1.92000e+02
805	1.92227e+02	8.05000e+02	9.63945e-01	1.92500e+02
806	1.92736e+02	8.06000e+02	9.63874e-01	1.93000e+02
807	1.93225e+02	8.07000e+02	9.63802e-01	1.93500e+02
808	1.93738e+02	8.08000e+02	9.63723e-01	1.94000e+02
809	1.94243e+02	8.09000e+02	9.63650e-01	1.94500e+02
810	1.94756e+02	8.10000e+02	9.63579e-01	1.95000e+02
811	1.95269e+02	8.11000e+02	9.63509e-01	1.95500e+02
812	1.95763e+02	8.12000e+02	9.63448e-01	1.96000e+02
813	1.96276e+02	8.13000e+02	9.63387e-01	1.96500e+02
814	1.96781e+02	8.14000e+02	9.63326e-01	1.97000e+02
815	1.97283e+02	8.15000e+02	9.63265e-01	1.97500e+02
816	1.97783e+02	8.16000e+02	9.63208e-01	1.98000e+02
817	1.98297e+02	8.17000e+02	9.63144e-01	1.98500e+02
818	1.98800e+02	8.18000e+02	9.63074e-01	1.99000e+02
819	1.99298e+02	8.19000e+02	9.63001e-01	1.99500e+02
820	1.99820e+02	8.20000e+02	9.62909e-01	2.00000e+02
821	2.00331e+02	8.21000e+02	9.62818e-01	2.00500e+02
822	2.00840e+02	8.22000e+02	9.62722e-01	2.01000e+02
823	2.01336e+02	8.23000e+02	9.62625e-01	2.01500e+02
824	2.01833e+02	8.24000e+02	9.62513e-01	2.02000e+02
825	2.02351e+02	8.25000e+02	9.62413e-01	2.02500e+02
826	2.02858e+02	8.26000e+02	9.62318e-01	2.03000e+02
827	2.03351e+02	8.27000e+02	9.62225e-01	2.03500e+02
828	2.03874e+02	8.28000e+02	9.62140e-01	2.04000e+02
829	2.04386e+02	8.29000e+02	9.62050e-01	2.04500e+02
830	2.04882e+02	8.30000e+02	9.61958e-01	2.05000e+02
831	2.05397e+02	8.31000e+02	9.61863e-01	2.05500e+02
832	2.05899e+02	8.32000e+02	9.61761e-01	2.06000e+02
833	2.06413e+02	8.33000e+02	9.61653e-01	2.06500e+02
834	2.06915e+02	8.34000e+02	9.61540e-01	2.07000e+02
835	2.07415e+02	8.35000e+02	9.61425e-01	2.07500e+02
836	2.07937e+02	8.36000e+02	9.61290e-01	2.08000e+02
837	2.08437e+02	8.37000e+02	9.61160e-01	2.08500e+02
838	2.08944e+02	8.38000e+02	9.61025e-01	2.09000e+02
839	2.09447e+02	8.39000e+02	9.60885e-01	2.09500e+02
840	2.09959e+02	8.40000e+02	9.60731e-01	2.10000e+02
841	2.10457e+02	8.41000e+02	9.60580e-01	2.10500e+02
842	2.10964e+02	8.42000e+02	9.60431e-01	2.11000e+02
843	2.11478e+02	8.43000e+02	9.60286e-01	2.11500e+02
844	2.11981e+02	8.44000e+02	9.60140e-01	2.12000e+02
845	2.12492e+02	8.45000e+02	9.60006e-01	2.12500e+02
846	2.13008e+02	8.46000e+02	9.59878e-01	2.13000e+02
847	2.13514e+02	8.47000e+02	9.59755e-01	2.13500e+02
848	2.14021e+02	8.48000e+02	9.59659e-01	2.14000e+02
849	2.14529e+02	8.49000e+02	9.59551e-01	2.14500e+02
850	2.15054e+02	8.50000e+02	9.59440e-01	2.15000e+02
851	2.15558e+02	8.51000e+02	9.59327e-01	2.15500e+02
852	2.16045e+02	8.52000e+02	9.59218e-01	2.16000e+02
853	2.16562e+02	8.53000e+02	9.59104e-01	2.16500e+02
854	2.17063e+02	8.54000e+02	9.58989e-01	2.17000e+02
855	2.17562e+02	8.55000e+02	9.58875e-01	2.17500e+02
856	2.18077e+02	8.56000e+02	9.58753e-01	2.18000e+02
857	2.18593e+02	8.57000e+02	9.58634e-01	2.18500e+02
858	2.19101e+02	8.58000e+02	9.58514e-01	2.19000e+02
859	2.19617e+02	8.59000e+02	9.58395e-01	2.19500e+02
860	2.20118e+02	8.60000e+02	9.58271e-01	2.20000e+02
861	2.20628e+02	8.61000e+02	9.58146e-01	2.20500e+02
862	2.21132e+02	8.62000e+02	9.58018e-01	2.21000e+02
863	2.21647e+02	8.63000e+02	9.57888e-01	2.21500e+02
864	2.22152e+02	8.64000e+02	9.57752e-01	2.22000e+02
865	2.22660e+02	8.65000e+02	9.57619e-01	2.22500e+02
866	2.23154e+02	8.66000e+02	9.57489e-01	2.23000e+02
867	2.23664e+02	8.67000e+02	9.57359e-01	2.23500e+02
868	2.24183e+02	8.68000e+02	9.57231e-01	2.24000e+02
869	2.24696e+02	8.69000e+02	9.57104e-01	2.24500e+02
870	2.25192e+02	8.70000e+02	9.56979e-01	2.25000e+02
871	2.25709e+02	8.71000e+02	9.56853e-01	2.25500e+02
872	2.26200e+02	8.72000e+02	9.56728e-01	2.26000e+02
873	2.26715e+02	8.73000e+02	9.56600e-01	2.26500e+02
874	2.27222e+02	8.74000e+02	9.56470e-01	2.27000e+02
875	2.27729e+02	8.75000e+02	9.56337e-01	2.27500e+02
876	2.28223e+02	8.76000e+02	9.56195e-01	2.28000e+02
877	2.28731e+02	8.77000e+02	9.56049e-01	2.28500e+02
878	2.29236e+02	8.78000e+02	9.55896e-01	2.29000e+02
879	2.29740e+02	8.79000e+02	9.55738e-01	2.29500e+02
880	2.30246e+02	8.80000e+02	9.55557e-01	2.30000e+02
881	2.30748e+02	8.81000e+02	9.55383e-01	2.30500e+02
882	2.31260e+02	8.82000e+02	9.55212e-01	2.31000e+02
883	2.31762e+02	8.83000e+02	9.55043e-01	2.31500e+02
884	2.32262e+02	8.84000e+02	9.54872e-01	2.32000e+02
885	2.32767e+02	8.85000e+02	9.54714e-01	2.32500e+02
886	2.33280e+02	8.86000e+02	9.54561e-01	2.33000e+02
887	2.33778e+02	8.87000e+02	9.54411e-01	2.33500e+02
888	2.34290e+02	8.88000e+02	9.54286e-01	2.34000e+02
889	2.34796e+02	8.89000e+02	9.54151e-01	2.34500e+02
890	2.35299e+02	8.90000e+02	9.54017e-01	2.35000e+02
891	2.35806e+02	8.91000e+02	9.53885e-01	2.35500e+02
892	2.36305e+02	8.92000e+02	9.53760e-01	2.36000e+02
893	2.36803e+02	8.93000e+02	9.53633e-01	2.36500e+02
894	2.37318e+02	8.94000e+02	9.53505e-01	2.37000e+02
895	2.37816e+02	8.95000e+02	9.53376e-01	2.37500e+02
896	2.38325e+02	8.96000e+02	9.53247e-01	2.38000e+02
897	2.38829e+02	8.97000e+02	9.53113e-01	2.38500e+02
898	2.39339e+02	8.98000e+02	9.52977e-01	2.39000e+02
899	2.39848e+02	8.99000e+02	9.52840e-01	2.39500e+02
900	2.40347e+02	9.00000e+02	9.52692e-01	2.40000e+02
901	2.40841e+02	9.01000e+02	9.52545e-01	2.40500e+02
902	2.41361e+02	9.02000e+02	9.52393e-01	2.41000e+02
903	2.41873e+02	9.03000e+02	9.52238e-01	2.41500e+02
904	2.42370e+02	9.04000e+02	9.52074e-01	2.42000e+02
905	2.42885e+02	9.05000e+02	9.51910e-01	2.42500e+02
906	2.43396e+02	9.06000e+02	9.51740e-01	2.43000e+02
907	2.43911e+02	9.07000e+02	9.51565e-01	2.43500e+02
908	2.44415e+02	9.08000e+02	9.51373e-01	2.44000e+02
909	2.44932e+02	9.09000e+02	9.51185e-01	2.44500e+02
910	2.45433e+02	9.10000e+02	9.50997e-01	2.45000e+02
911	2.45944e+02	9.11000e+02	9.50809e-01	2.45500e+02
912	2.46448e+02	9.12000e+02	9.50609e-01	2.46000e+02
913	2.46950e+02	9.13000e+02	9.50415e-01	2.46500e+02
914	2.47458e+02	9.14000e+02	9.50222e-01	2.47000e+02
915	2.47972e+02	9.15000e+02	9.50029e-01	2.47500e+02
916	2.48480e+02	9.16000e+02	9.49842e-01	2.48000e+02
917	2.48995e+02	9.17000e+02	9.49657e-01	2.48500e+02
918	2.49489e+02	9.18000e+02	9.49478e-01	2.49000e+02
919	2.50012e+02	9.19000e+02	9.49303e-01	2.49500e+02
920	2.50519e+02	9.20000e+02	9.49145e-01	2.50000e+02
921	2.51016e+02	9.21000e+02	9.48987e-01	2.50500e+02
922	2.51514e+02	9.22000e+02	9.48830e-01	2.51000e+02
923	2.52022e+02	9.23000e+02	9.48674e-01	2.51500e+02
924	2.52534e+02	9.24000e+02	9.48530e-01	2.52000e+02
925	2.53035e+02	9.25000e+02	9.48378e-01	2.52500e+02
926	2.53551e+02	9.26000e+02	9.48221e-01	2.53000e+02
927	2.54056e+02	9.27000e+02	9.48062e-01	2.53500e+02
928	2.54563e+02	9.28000e+02	9.47888e-01	2.54000e+02
929	2.55069e+02	9.29000e+02	9.47714e-01	2.54500e+02
930	2.55574e+02	9.30000e+02	9.47538e-01	2.55000e+02
931	2.56083e+02	9.31000e+02	9.47361e-01	2.55500e+02
932	2.56595e+02	9.32000e+02	9.47175e-01	2.56000e+02
933	2.57096e+02	9.33000e+02	9.46995e-01	2.56500e+02
934	2.57607e+02	9.34000e+02	9.46813e-01	2.57000e+02
935	2.58118e+02	9.35000e+02	9.46630e-01	2.57500e+02
936	2.58616e+02	9.36000e+02	9.46447e-01	2.58000e+02
937	2.59129e+02	9.37000e+02	9.46260e-01	2.58500e+02
938	2.59638e+02	9.38000e+02	9.46069e-01	2.59000e+02
939	2.60147e+02	9.39000e+02	9.45875e-01	2.59500e+02
940	2.60658e+02	9.40000e+02	9.45668e-01	2.60000e+02
941	2.61166e+02	9.41000e+02	9.45463e-01	2.60500e+02
942	2.61665e+02	9.42000e+02	9.45257e-01	2.61000e+02
943	2.62184e+02	9.43000e+02	9.45050e-01	2.61500e+02
944	2.62688e+02	9.44000e+02	9.44844e-01	2.62000e+02
945	2.63203e+02	9.45000e+02	9.44646e-01	2.62500e+02
946	2.63701e+02	9.46000e+02	9.44455e-01	2.63000e+02
947	2.64216e+02	9.47000e+02	9.44267e-01	2.63500e+02
948	2.64710e+02	9.48000e+02	9.44104e-01	2.64000e+02
949	2.65224e+02	9.49000e+02	9.43939e-01	2.64500e+02
950	2.65738e+02	9.50000e+02	9.43779e-01	2.65000e+02
951	2.66246e+02	9.51000e+02	9.43619e-01	2.65500e+02
952	2.66757e+02	9.52000e+02	9.43473e-01	2.66000e+02
953	2.67264e+02	9.53000e+02	9.43315e-01	2.66500e+02
954	2.67761e+02	9.54000e+02	9.43153e-01	2.67000e+02
955	2.68280e+02	9.55000e+02	9.42987e-01	2.67500e+02
956	2.68789e+02	9.56000e+02	9.42807e-01	2.68000e+02
957	2.69292e+02	9.57000e+02	9.42627e-01	2.68500e+02
958	2.69810e+02	9.58000e+02	9.42440e-01	2.69000e+02
959	2.70310e+02	9.59000e+02	9.42250e-01	2.69500e+02
960	2.70831e+02	9.60000e+02	9.42044e-01	2.70000e+02
961	2.71348e+02	9.61000e+02	9.41841e-01	2.70500e+02
962	2.71854e+02	9.62000e+02	9.41635e-01	2.71000e+02
963	2.72363e+02	9.63000e+02	9.41428e-01	2.71500e+02
964	2.72864e+02	9.64000e+02	9.41207e-01	2.72000e+02
965	2.73385e+02	9.65000e+02	9.40989e-01	2.72500e+02
966	2.73892e+02	9.66000e+02	9.40771e-01	2.73000e+02
967	2.74395e+02	9.67000e+02	9.40554e-01	2.73500e+02
968	2.74905e+02	9.68000e+02	9.40335e-01	2.74000e+02
969	2.75413e+02	9.69000e+02	9.40122e-01	2.74500e+02
970	2.75909e+02	9.70000e+02	9.39911e-01	2.75000e+02
971	2.76412e+02	9.71000e+02	9.39702e-01	2.75500e+02
972	2.76933e+02	9.72000e+02	9.39502e-01	2.76000e+02
973	2.77443e+02	9.73000e+02	9.39292e-01	2.76500e+02
974	2.77946e+02	9.74000e+02	9.39076e-01	2.77000e+02
975	2.78448e+02	9.75000e+02	9.38857e-01	2.77500e+02
976	2.78949e+02	9.76000e+02	9.38623e-01	2.78000e+02
977	2.79468e+02	9.77000e+02	9.38387e-01	2.78500e+02
978	2.79969e+02	9.78000e+02	9.38149e-01	2.79000e+02
979	2.80473e+02	9.79000e+02	9.37908e-01	2.79500e+02
980	2.80977e+02	9.80000e+02	9.37652e-01	2.80000e+02
981	2.81487e+02	9.81000e+02	9.37405e-01	2.80500e+02
982	2.81986e+02	9.82000e+02	9.37162e-01	2.81000e+02
983	2.82497e+02	9.83000e+02	9.36919e-01	2.81500e+02
984	2.83013e+02	9.84000e+02	9.36685e-01	2.82000e+02
985	2.83526e+02	9.85000e+02	9.36451e-01	2.82500e+02
986	2.84035e+02	9.86000e+02	9.36220e-01	2.83000e+02
987	2.84538e+02	9.87000e+02	9.35994e-01	2.83500e+02
988	2.85041e+02	9.88000e+02	9.35785e-01	2.84000e+02
989	2.85546e+02	9.89000e+02	9.35571e-01	2.84500e+02
990	2.86052e+02	9.90000e+02	9.35359e-01	2.85000e+02
991	2.86560e+02	9.91000e+02	9.35148e-01	2.85500e+02
992	2.87078e+02	9.92000e+02	9.34946e-01	2.86000e+02
993	2.87582e+02	9.93000e+02	9.34733e-01	2.86500e+02
994	2.88090e+02	9.94000e+02	9.34516e-01	2.87000e+02
995	2.88581e+02	9.95000e+02	9.34296e-01	2.87500e+02
996	2.89097e+02	9.96000e+02	9.34058e-01	2.88000e+02
997	2.89607e+02	9.97000e+02	9.33821e-01	2.88500e+02
998	2.90116e+02	9.98000e+02	9.33579e-01	2.89000e+02
999	2.90620e+02	9.99000e+02	9.33335e-01	2.89500e+02
1000	2.91133e+02	1.00000e+03	9.33070e-01	2.90000e+02
1001	2.91632e+02	1.00100e+03	9.32809e-01	2.90500e+02
1002	2.92138e+02	1.00200e+03	9.32542e-01	2.91000e+02
1003	2.92633e+02	1.00300e+03	9.32270e-01	2.91500e+02
1004	2.93136e+02	1.00400e+03	9.31974e-01	2.92000e+02
1005	2.93646e+02	1.00500e+03	9.31677e-01	2.92500e+02
1006	2.94150e+02	1.00600e+03	9.31373e-01	2.93000e+02
1007	2.94653e+02	1.00700e+03	9.31061e-01	2.93500e+02
1008	2.95160e+02	1.00800e+03	9.30718e-01	2.94000e+02
1009	2.95658e+02	1.00900e+03	9.30385e-01	2.94500e+02
1010	2.96159e+02	1.01000e+03	9.30050e-01	2.95000e+02
1011	2.96653e+02	1.01100e+03	9.29714e-01	2.95500e+02
1012	2.97158e+02	1.01200e+03	9.29367e-01	2.96000e+02
1013	2.97680e+02	1.01300e+03	9.29026e-01	2.96500e+02
1014	2.98185e+02	1.01400e+03	9.28686e-01	2.97000e+02
1015	2.98673e+02	1.01500e+03	9.28345e-01	2.97500e+02
1016	2.99169e+02	1.01600e+03	9.28003e-01	2.98000e+02
1017	2.99679e+02	1.01700e+03	9.27657e-01	2.98500e+02
1018	3.00172e+02	1.01800e+03	9.27306e-01	2.99000e+02
1019	3.00674e+02	1.01900e+03	9.26954e-01	2.99500e+02
1020	3.01180e+02	1.02000e+03	9.26591e-01	3.00000e+02
1021	3.01683e+02	1.02100e+03	9.26231e-01	3.00500e+02
1022	3.02193e+02	1.02200e+03	9.25872e-01	3.01000e+02
1023	3.02691e+02	1.02300e+03	9.25512e-01	3.01500e+02
1024	3.03198e+02	1.02400e+03	9.25149e-01	3.02000e+02
1025	3.03700e+02	1.02500e+03	9.24789e-01	3.02500e+02
1026	3.04218e+02	1.02600e+03	9.24428e-01	3.03000e+02
1027	3.04717e+02	1.02700e+03	9.24064e-01	3.03500e+02
1028	3.05213e+02	1.02800e+03	9.23694e-01	3.04000e+02
1029	3.05726e+02	1.02900e+03	9.23319e-01	3.04500e+02
1030	3.06233e+02	1.03000e+03	9.22938e-01	3.05000e+02
1031	3.06732e+02	1.03100e+03	9.22553e-01	3.05500e+02
1032	3.07252e+02	1.03200e+03	9.22151e-01	3.06000e+02
1033	3.07760e+02	1.03300e+03	9.21755e-01	3.06500e+02
1034	3.08255e+02	1.03400e+03	9.21358e-01	3.07000e+02
1035	3.08760e+02	1.03500e+03	9.20957e-01	3.07500e+02
1036	3.09254e+02	1.03600e+03	9.20539e-01	3.08000e+02
1037	3.09756e+02	1.03700e+03	9.20116e-01	3.08500e+02
1038	3.10259e+02	1.03800e+03	9.19681e-01	3.09000e+02
1039	3.10776e+02	1.03900e+03	9.19237e-01	3.09500e+02
1040	3.11278e+02	1.04000e+03	9.18753e-01	3.10000e+02
1041	3.11783e+02	1.04100e+03	9.18272e-01	3.10500e+02
1042	3.12279e+02	1.04200e+03	9.17782e-01	3.11000e+02
1043	3.12779e+02	1.04300e+03	9.17285e-01	3.11500e+02
1044	3.13296e+02	1.04400e+03	9.16744e-01	3.12000e+02
1045	3.13790e+02	1.04500e+03	9.16216e-01	3.12500e+02
1046	3.14301e+02	1.04600e+03	9.15684e-01	3.13000e+02
1047	3.14809e+02	1.04700e+03	9.15147e-01	3.13500e+02
1048	3.15327e+02	1.04800e+03	9.14592e-01	3.14000e+02
1049	3.15844e+02	1.04900e+03	9.14046e-01	3.14500e+02
1050	3.16347e+02	1.05000e+03	9.13501e-01	3.15000e+02
1051	3.16854e+02	1.05100e+03	9.12956e-01	3.15500e+02
1052	3.17355e+02	1.05200e+03	9.12410e-01	3.16000e+02
1053	3.17852e+02	1.05300e+03	9.11863e-01	3.16500e+02
1054	3.18362e+02	1.05400e+03	9.11314e-01	3.17000e+02
1055	3.18891e+02	1.05500e+03	9.10764e-01	3.17500e+02
1056	3.19427e+02	1.05600e+03	9.10211e-01	3.18000e+02
1057	3.19936e+02	1.05700e+03	9.09656e-01	3.18500e+02
1058	3.20443e+02	1.05800e+03	9.09100e-01	3.19000e+02
1059	3.20958e+02	1.05900e+03	9.08542e-01	3.19500e+02
1060	3.21462e+02	1.06000e+03	9.07976e-01	3.20000e+02
1061	3.21960e+02	1.06100e+03	9.07414e-01	3.20500e+02
1062	3.22464e+02	1.06200e+03	9.06852e-01	3.21000e+02
1063	3.22982e+02	1.06300e+03	9.06291e-01	3.21500e+02
1064	3.23469e+02	1.06400e+03	9.05730e-01	3.22000e+02
1065	3.23953e+02	1.06500e+03	9.05171e-01	3.22500e+02
1066	3.24462e+02	1.06600e+03	9.04611e-01	3.23000e+02
1067	3.24957e+02	1.06700e+03	9.04052e-01	3.23500e+02
1068	3.25453e+02	1.06800e+03	9.03495e-01	3.24000e+02
1069	3.25953e+02	1.06900e+03	9.02936e-01	3.24500e+02
1070	3.26464e+02	1.07000e+03	9.02376e-01	3.25000e+02
1071	3.26963e+02	1.07100e+03	9.01815e-01	3.25500e+02
1072	3.27479e+02	1.07200e+03	9.01245e-01	3.26000e+02
1073	3.27978e+02	1.07300e+03	9.00670e-01	3.26500e+02
1074	3.28491e+02	1.07400e+03	9.00089e-01	3.27000e+02
1075	3.28987e+02	1.07500e+03	8.99501e-01	3.27500e+02
1076	3.29483e+02	1.07600e+03	8.98887e-01	3.28000e+02
1077	3.29989e+02	1.07700e+03	8.98274e-01	3.28500e+02
1078	3.30483e+02	1.07800e+03	8.97655e-01	3.29000e+02
1079	3.30994e+02	1.07900e+03	8.97030e-01	3.29500e+02
1080	3.31493e+02	1.08000e+03	8.96374e-01	3.30000e+02
1081	3.31980e+02	1.08100e+03	8.95725e-01	3.30500e+02
1082	3.32486e+02	1.08200e+03	8.95073e-01	3.31000e+02
1083	3.33004e+02	1.08300e+03	8.94417e-01	3.31500e+02
1084	3.33515e+02	1.08400e+03	8.93737e-01	3.32000e+02
1085	3.34019e+02	1.08500e+03	8.93056e-01	3.32500e+02
1086	3.34513e+02	1.08600e+03	8.92364e-01	3.33000e+02
1087	3.35009e+02	1.08700e+03	8.91663e-01	3.33500e+02
1088	3.35517e+02	1.08800e+03	8.90922e-01	3.34000e+02
1089	3.36019e+02	1.08900e+03	8.90181e-01	3.34500e+02
1090	3.36528e+02	1.09000e+03	8.89427e-01	3.35000e+02
1091	3.37031e+02	1.09100e+03	8.88664e-01	3.35500e+02
1092	3.37541e+02	1.09200e+03	8.87849e-01	3.36000e+02
1093	3.38048e+02	1.09300e+03	8.87044e-01	3.36500e+02
1094	3.38555e+02	1.09400e+03	8.86228e-01	3.37000e+02
1095	3.39048e+02	1.09500e+03	8.85402e-01	3.37500e+02
1096	3.39549e+02	1.09600e+03	8.84521e-01	3.38000e+02
1097	3.40055e+02	1.09700e+03	8.83638e-01	3.38500e+02
1098	3.40565e+02	1.09800e+03	8.82736e-01	3.39000e+02
1099	3.41053e+02	1.09900e+03	8.81817e-01	3.39500e+02
1100	3.41537e+02	1.10000e+03	8.80817e-01	3.40000e+02
1101	3.42038e+02	1.10100e+03	8.79823e-01	3.40500e+02
1102	3.42542e+02	1.10200e+03	8.78804e-01	3.41000e+02
1103	3.43044e+02	1.10300e+03	8.77764e-01	3.41500e+02
1104	3.43559e+02	1.10400e+03	8.76624e-01	3.42000e+02
1105	3.44063e+02	1.10500e+03	8.75494e-01	3.42500e+02
1106	3.44567e+02	1.10600e+03	8.74337e-01	3.43000e+02
1107	3.45075e+02	1.10700e+03	8.73158e-01	3.43500e+02
1108	3.45584e+02	1.10800e+03	8.71866e-01	3.44000e+02
1109	3.46082e+02	1.10900e+03	8.70587e-01	3.44500e+02
1110	3.46577e+02	1.11000e+03	8.69284e-01	3.45000e+02
1111	3.47084e+02	1.11100e+03	8.67957e-01	3.45500e+02
1112	3.47584e+02	1.11200e+03	8.66512e-01	3.46000e+02
1113	3.48096e+02	1.11300e+03	8.65079e-01	3.46500e+02
1114	3.48594e+02	1.11400e+03	8.63615e-01	3.47000e+02
1115	3.49100e+02	1.11500e+03	8.62122e-01	3.47500e+02
1116	3.49601e+02	1.11600e+03	8.60489e-01	3.48000e+02
1117	3.50120e+02	1.11700e+03	8.58863e-01	3.48500e+02
1118	3.50621e+02	1.11800e+03	8.57196e-01	3.49000e+02
1119	3.51128e+02	1.11900e+03	8.55495e-01	3.49500e+02
1120	3.51634e+02	1.12000e+03	8.53610e-01	3.50000e+02
1121	3.52137e+02	1.12100e+03	8.51741e-01	3.50500e+02
1122	3.52643e+02	1.12200e+03	8.49827e-01	3.51000e+02
1123	3.53141e+02	1.12300e+03	8.47872e-01	3.51500e+02
1124	3.53638e+02	1.12400e+03	8.45710e-01	3.52000e+02
1125	3.54146e+02	1.12500e+03	8.43576e-01	3.52500e+02
1126	3.54645e+02	1.12600e+03	8.41397e-01	3.53000e+02
1127	3.55144e+02	1.12700e+03	8.39176e-01	3.53500e+02
1128	3.55647e+02	1.12800e+03	8.36744e-01	3.54000e+02
1129	3.56138e+02	1.12900e+03	8.34336e-01	3.54500e+02
1130	3.56651e+02	1.13000e+03	8.31875e-01	3.55000e+02
1131	3.57153e+02	1.13100e+03	8.29365e-01	3.55500e+02
1132	3.57649e+02	1.13200e+03	8.26597e-01	3.56000e+02
1133	3.58146e+02	1.13300e+03	8.23827e-01	3.56500e+02
1134	3.58645e+02	1.13400e+03	8.20960e-01	3.57000e+02
1135	3.59151e+02	1.13500e+03	8.18011e-01	3.57500e+02
1136	3.59646e+02	1.13600e+03	8.14654e-01	3.58000e+02
1137	3.60148e+02	1.13700e+03	8.11300e-01	3.58500e+02
1138	3.60660e+02	1.13800e+03	8.07816e-01	3.59000e+02
1139	3.61173e+02	1.13900e+03	8.04224e-01	3.59500e+02
1140	3.61659e+02	1.14000e+03	8.00063e-01	3.60000e+02
1141	3.62152e+02	1.14100e+03	7.95960e-01	3.60500e+02
1142	3.62660e+02	1.14200e+03	7.91728e-01	3.61000e+02
1143	3.63166e+02	1.14300e+03	7.87384e-01	3.61500e+02
1144	3.63663e+02	1.14400e+03	7.82455e-01	3.62000e+02
1145	3.64166e+02	1.14500e+03	7.77636e-01	3.62500e+02
1146	3.64660e+02	1.14600e+03	7.72729e-01	3.63000e+02
1147	3.65157e+02	1.14700e+03	7.67734e-01	3.63500e+02
1148	3.65664e+02	1.14800e+03	7.62283e-01	3.64000e+02
1149	3.66165e+02	1.14900e+03	7.56932e-01	3.64500e+02
1150	3.66670e+02	1.15000e+03	7.51511e-01	3.65000e+02
1151	3.67168e+02	1.15100e+03	7.46020e-01	3.65500e+02
1152	3.67673e+02	1.15200e+03	7.40170e-01	3.66000e+02
1153	3.68175e+02	1.15300e+03	7.34353e-01	3.66500e+02
1154	3.68666e+02	1.15400e+03	7.28443e-01	3.67000e+02
1155	3.69163e+02	1.15500e+03	7.22448e-01	3.67500e+02
1156	3.69661e+02	1.15600e+03	7.16031e-01	3.68000e+02
1157	3.70164e+02	1.15700e+03	7.09645e-01	3.68500e+02
1158	3.70668e+02	1.15800e+03	7.03155e-01	3.69000e+02
1159	3.71160e+02	1.15900e+03	6.96576e-01	3.69500e+02
1160	3.71649e+02	1.16000e+03	6.89541e-01	3.70000e+02
1161	3.72146e+02	1.16100e+03	6.82597e-01	3.70500e+02
1162	3.72648e+02	1.16200e+03	6.75590e-01	3.71000e+02
1163	3.73144e+02	1.16300e+03	6.68516e-01	3.71500e+02
1164	3.73646e+02	1.16400e+03	6.61098e-01	3.72000e+02
1165	3.74142e+02	1.16500e+03	6.53753e-01	3.72500e+02
1166	3.74649e+02	1.16600e+03	6.46355e-01	3.73000e+02
1167	3.75151e+02	1.16700e+03	6.38901e-01	3.73500e+02
1168	3.75648e+02	1.16800e+03	6.31172e-01	3.74000e+02
1169	3.76145e+02	1.16900e+03	6.23473e-01	3.74500e+02
1170	3.76644e+02	1.17000e+03	6.15711e-01	3.75000e+02
1171	3.77148e+02	1.17100e+03	6.07890e-01	3.75500e+02
1172	3.77646e+02	1.17200e+03	5.99770e-01	3.76000e+02
1173	3.78134e+02	1.17300e+03	5.91691e-01	3.76500e+02
1174	3.78641e+02	1.17400e+03	5.83552e-01	3.77000e+02
1175	3.79131e+02	1.17500e+03	5.75359e-01	3.77500e+02
1176	3.79633e+02	1.17600e+03	5.66879e-01	3.78000e+02
1177	3.80124e+02	1.17700e+03	5.58456e-01	3.78500e+02
1178	3.80617e+02	1.17800e+03	5.49994e-01	3.79000e+02
1179	3.81116e+02	1.17900e+03	5.41494e-01	3.79500e+02
1180	3.81626e+02	1.18000e+03	5.32781e-01	3.80000e+02
1181	3.82124e+02	1.18100e+03	5.24117e-01	3.80500e+02
1182	3.82620e+02	1.18200e+03	5.15428e-01	3.81000e+02
1183	3.83120e+02	1.18300e+03	5.06711e-01	3.81500e+02
1184	3.83627e+02	1.18400e+03	4.97844e-01	3.82000e+02
1185	3.84147e+02	1.18500e+03	4.89002e-01	3.82500e+02
1186	3.84636e+02	1.18600e+03	4.80142e-01	3.83000e+02
1187	3.85133e+02	1.18700e+03	4.71264e-01	3.83500e+02
1188	3.85635e+02	1.18800e+03	4.62295e-01	3.84000e+02
1189	3.86135e+02	1.18900e+03	4.53375e-01	3.84500e+02
1190	3.86632e+02	1.19000e+03	4.44472e-01	3.85000e+02
1191	3.87145e+02	1.19100e+03	4.35579e-01	3.85500e+02
1192	3.87639e+02	1.19200e+03	4.26701e-01	3.86000e+02
1193	3.88134e+02	1.19300e+03	4.17816e-01	3.86500e+02
1194	3.88643e+02	1.19400e+03	4.08914e-01	3.87000e+02
1195	3.89130e+02	1.19500e+03	4.00000e-01	3.87500e+02
1196	3.89627e+02	1.19600e+03	3.91048e-01	3.88000e+02
1197	3.90130e+02	1.19700e+03	3.82060e-01	3.88500e+02
1198	3.90631e+02	1.19800e+03	3.73038e-01	3.89000e+02
1199	3.91127e+02	1.19900e+03	3.63997e-01	3.89500e+02
1200	3.91620e+02	1.20000e+03	3.54856e-01	3.90000e+02
1201	3.92116e+02	1.20100e+03	3.45781e-01	3.90500e+02
1202	3.92617e+02	1.20200e+03	3.36737e-01	3.91000e+02
1203	3.93119e+02	1.20300e+03	3.27713e-01	3.91500e+02
1204	3.93633e+02	1.20400e+03	3.18764e-01	3.92000e+02
1205	3.94132e+02	1.20500e+03	3.09836e-01	3.92500e+02
1206	3.94647e+02	1.20600e+03	3.00941e-01	3.93000e+02
1207	3.95165e+02	1.20700e+03	2.92069e-01	3.93500e+02
1208	3.95650e+02	1.20800e+03	2.83335e-01	3.94000e+02
1209	3.96164e+02	1.20900e+03	2.74560e-01	3.94500e+02
1210	3.96675e+02	1.21000e+03	2.65796e-01	3.95000e+02
1211	3.97173e+02	1.21100e+03	2.57049e-01	3.95500e+02
1212	3.97673e+02	1.21200e+03	2.48398e-01	3.96000e+02
1213	3.98190e+02	1.21300e+03	2.39762e-01	3.96500e+02
1214	3.98700e+02	1.21400e+03	2.31177e-01	3.97000e+02
1215	3.99202e+02	1.21500e+03	2.22638e-01	3.97500e+02
1216	3.99706e+02	1.21600e+03	2.14313e-01	3.98000e+02
1217	4.00218e+02	1.21700e+03	2.06011e-01	3.98500e+02
1218	4.00744e+02	1.21800e+03	1.97800e-01	3.99000e+02
1219	4.01279e+02	1.21900e+03	1.89664e-01	3.99500e+02
1220	4.01827e+02	1.22000e+03	1.81913e-01	4.00000e+02
1221	4.02377e+02	1.22100e+03	1.74144e-01	4.00500e+02
1222	4.02892e+02	1.22200e+03	1.66488e-01	4.01000e+02
1223	4.03383e+02	1.22300e+03	1.58930e-01	4.01500e+02
1224	4.03888e+02	1.22400e+03	1.51874e-01	4.02000e+02
1225	4.04400e+02	1.22500e+03	1.44776e-01	4.02500e+02
1226	4.04943e+02	1.22600e+03	1.37804e-01	4.03000e+02
1227	4.05458e+02	1.22700e+03	1.30945e-01	4.03500e+02
1228	4.05964e+02	1.22800e+03	1.24659e-01	4.04000e+02
1229	4.06500e+02	1.22900e+03	1.18301e-01	4.04500e+02
1230	4.07072e+02	1.23000e+03	1.12068e-01	4.05000e+02
1231	4.07623e+02	1.23100e+03	1.05950e-01	4.05500e+02
1232	4.08184e+02	1.23200e+03	1.00421e-01	4.06000e+02
1233	4.08717e+02	1.23300e+03	9.48186e-02	4.06500e+02
1234	4.09224e+02	1.23400e+03	8.93460e-02	4.07000e+02
1235	4.09724e+02	1.23500e+03	8.39930e-02	4.07500e+02
1236	4.10228e+02	1.23600e+03	7.92494e-02	4.08000e+02
1237	4.10722e+02	1.23700e+03	7.44311e-02	4.08500e+02
1238	4.11223e+02	1.23800e+03	6.97451e-02	4.09000e+02
1239	4.11707e+02	1.23900e+03	6.51793e-02	4.09500e+02
1240	4.12201e+02	1.24000e+03	6.12317e-02	4.10000e+02
1241	4.12692e+02	1.24100e+03	5.71894e-02	4.10500e+02
1242	4.13194e+02	1.24200e+03	5.32622e-02	4.11000e+02
1243	4.13708e+02	1.24300e+03	4.94429e-02	4.11500e+02
1244	4.14203e+02	1.24400e+03	4.61845e-02	4.12000e+02
1245	4.14710e+02	1.24500e+03	4.28261e-02	4.12500e+02
1246	4.15204e+02	1.24600e+03	3.95620e-02	4.13000e+02
1247	4.15695e+02	1.24700e+03	3.63904e-02	4.13500e+02
1248	4.16211e+02	1.24800e+03	3.36911e-02	4.14000e+02
1249	4.16727e+02	1.24900e+03	3.09123e-02	4.14500e+02
1250	4.17224e+02	1.25000e+03	2.82183e-02	4.15000e+02
1251	4.17711e+02	1.25100e+03	2.56063e-02	4.15500e+02
1252	4.18206e+02	1.25200e+03	2.34124e-02	4.16000e+02
1253	4.18703e+02	1.25300e+03	2.11547e-02	4.16500e+02
1254	4.19194e+02	1.25400e+03	1.89743e-02	4.17000e+02
1255	4.19667e+02	1.25500e+03	1.68661e-02	4.17500e+02
1256	4.20161e+02	1.25600e+03	1.51320e-02	4.18000e+02
1257	4.20659e+02	1.25700e+03	1.33279e-02	4.18500e+02
1258	4.21153e+02	1.25800e+03	1.15818e-02	4.19000e+02
1259	4.21643e+02	1.25900e+03	9.89250e-03	4.19500e+02
1260	4.22143e+02	1.26000e+03	8.50102e-03	4.20000e+02
1261	4.22642e+02	1.26100e+03	7.05197e-03	4.20500e+02
1262	4.23118e+02	1.26200e+03	5.65072e-03	4.21000e+02
1263	4.23619e+02	1.26300e+03	4.29701e-03	4.21500e+02
1264	4.24122e+02	1.26400e+03	3.18507e-03	4.22000e+02
1265	4.24618e+02	1.26500e+03	2.03541e-03	4.22500e+02
1266	4.25124e+02	1.26600e+03	9.27700e-04	4.23000e+02
1267	4.25648e+02	1.26700e+03	-1.40500e-04	4.23500e+02
1268	4.26158e+02	1.26800e+03	-1.00138e-03	4.24000e+02
1269	4.26658e+02	1.26900e+03	-1.90597e-03	4.24500e+02
1270	4.27175e+02	1.27000e+03	-2.78233e-03	4.25000e+02
1271	4.27668e+02	1.27100e+03	-3.62943e-03	4.25500e+02
1272	4.28157e+02	1.27200e+03	-4.32648e-03	4.26000e+02
1273	4.28650e+02	1.27300e+03	-5.05602e-03	4.26500e+02
1274	4.29137e+02	1.27400e+03	-5.76410e-03	4.27000e+02
1275	4.29624e+02	1.27500e+03	-6.44933e-03	4.27500e+02
1276	4.30136e+02	1.27600e+03	-7.01937e-03	4.28000e+02
1277	4.30631e+02	1.27700e+03	-7.60726e-03	4.28500e+02
1278	4.31144e+02	1.27800e+03	-8.17373e-03	4.29000e+02
1279	4.31634e+02	1.27900e+03	-8.71992e-03	4.29500e+02
1280	4.32133e+02	1.28000e+03	-9.16338e-03	4.30000e+02
1281	4.32639e+02	1.28100e+03	-9.62596e-03	4.30500e+02
1282	4.33143e+02	1.28200e+03	-1.00722e-02	4.31000e+02
1283	4.33652e+02	1.28300e+03	-1.05023e-02	4.31500e+02
1284	4.34169e+02	1.28400e+03	-1.08482e-02	4.32000e+02
1285	4.34663e+02	1.28500e+03	-1.12108e-02	4.32500e+02
1286	4.35152e+02	1.28600e+03	-1.15610e-02	4.33000e+02
1287	4.35645e+02	1.28700e+03	-1.18988e-02	4.33500e+02
1288	4.36141e+02	1.28800e+03	-1.21754e-02	4.34000e+02
1289	4.36639e+02	1.28900e+03	-1.24682e-02	4.34500e+02
1290	4.37141e+02	1.29000e+03	-1.27565e-02	4.35000e+02
1291	4.37636e+02	1.29100e+03	-1.30388e-02	4.35500e+02
1292	4.38139e+02	1.29200e+03	-1.32892e-02	4.36000e+02
1293	4.38639e+02	1.29300e+03	-1.35478e-02	4.36500e+02
1294	4.39125e+02	1.29400e+03	-1.38010e-02	4.37000e+02
1295	4.39618e+02	1.29500e+03	-1.40495e-02	4.37500e+02
1296	4.40113e+02	1.29600e+03	-1.42776e-02	4.38000e+02
1297	4.40634e+02	1.29700e+03	-1.45041e-02	4.38500e+02
1298	4.41139e+02	1.29800e+03	-1.47228e-02	4.39000e+02
1299	4.41621e+02	1.29900e+03	-1.49356e-02	4.39500e+02
1300	4.42128e+02	1.30000e+03	-1.51182e-02	4.40000e+02
1301	4.42637e+02	1.30100e+03	-1.53058e-02	4.40500e+02
1302	4.43147e+02	1.30200e+03	-1.54887e-02	4.41000e+02
1303	4.43636e+02	1.30300e+03	-1.56672e-02	4.41500e+02
1304	4.44135e+02	1.30400e+03	-1.58201e-02	4.42000e+02
1305	4.44635e+02	1.30500e+03	-1.59796e-02	4.42500e+02
1306	4.45143e+02	1.30600e+03	-1.61366e-02	4.43000e+02
1307	4.45657e+02	1.30700e+03	-1.62907e-02	4.43500e+02
1308	4.46152e+02	1.30800e+03	-1.64289e-02	4.44000e+02
1309	4.46676e+02	1.30900e+03	-1.65706e-02	4.44500e+02
1310	4.47194e+02	1.31000e+03	-1.67093e-02	4.45000e+02
1311	4.47722e+02	1.31100e+03	-1.68438e-02	4.45500e+02
1312	4.48224e+02	1.31200e+03	-1.69553e-02	4.46000e+02
1313	4.48722e+02	1.31300e+03	-1.70624e-02	4.46500e+02
1314	4.49171e+02	1.31400e+03	-1.71583e-02	4.47000e+02
1315	4.49692e+02	1.31500e+03	-1.72459e-02	4.47500e+02
1316	4.50205e+02	1.31600e+03	-1.72968e-02	4.48000e+02
1317	4.50717e+02	1.31700e+03	-1.73592e-02	4.48500e+02
1318	4.51365e+02	1.31800e+03	-1.74218e-02	4.49000e+02
1319	4.51906e+02	1.31900e+03	-1.74841e-02	4.49500e+02
1320	4.52417e+02	1.32000e+03	-1.75356e-02	4.50000e+02
1321	4.52955e+02	1.32100e+03	-1.75961e-02	4.50500e+02
1322	4.53378e+02	1.32200e+03	-1.76573e-02	4.51000e+02
1323	4.53869e+02	1.32300e+03	-1.77176e-02	4.51500e+02
1324	4.54349e+02	1.32400e+03	-1.77847e-02	4.52000e+02
1325	4.54798e+02	1.32500e+03	-1.78472e-02	4.52500e+02
1326	4.55262e+02	1.32600e+03	-1.79086e-02	4.53000e+02
1327	4.55745e+02	1.32700e+03	-1.79696e-02	4.53500e+02
1328	4.56251e+02	1.32800e+03	-1.80228e-02	4.54000e+02
1329	4.56723e+02	1.32900e+03	-1.80743e-02	4.54500e+02
1330	4.57176e+02	1.33000e+03	-1.81207e-02	4.55000e+02
1331	4.57632e+02	1.33100e+03	-1.81625e-02	4.55500e+02
1332	4.58093e+02	1.33200e+03	-1.81848e-02	4.56000e+02
1333	4.58552e+02	1.33300e+03	-1.82063e-02	4.56500e+02
1334	4.59032e+02	1.33400e+03	-1.82227e-02	4.57000e+02
1335	4.59494e+02	1.33500e+03	-1.82355e-02	4.57500e+02
1336	4.59968e+02	1.33600e+03	-1.82215e-02	4.58000e+02
1337	4.60412e+02	1.33700e+03	-1.82156e-02	4.58500e+02
1338	4.60875e+02	1.33800e+03	-1.82085e-02	4.59000e+02
1339	4.61343e+02	1.33900e+03	-1.81993e-02	4.59500e+02
1340	4.61791e+02	1.34000e+03	-1.81811e-02	4.60000e+02
1341	4.62255e+02	1.34100e+03	-1.81697e-02	4.60500e+02
1342	4.62694e+02	1.34200e+03	-1.81634e-02	4.61000e+02
1343	4.63167e+02	1.34300e+03	-1.81604e-02	4.61500e+02
1344	4.63644e+02	1.34400e+03	-1.81718e-02	4.62000e+02
1345	4.64114e+02	1.34500e+03	-1.81883e-02	4.62500e+02
1346	4.64588e+02	1.34600e+03	-1.82123e-02	4.63000e+02
1347	4.65072e+02	1.34700e+03	-1.82414e-02	4.63500e+02
1348	4.65555e+02	1.34800e+03	-1.82997e-02	4.64000e+02
1349	4.66035e+02	1.34900e+03	-1.83471e-02	4.64500e+02
1350	4.66522e+02	1.35000e+03	-1.83919e-02	4.65000e+02
1351	4.66996e+02	1.35100e+03	-1.84360e-02	4.65500e+02
1352	4.67497e+02	1.35200e+03	-1.84794e-02	4.66000e+02
1353	4.67977e+02	1.35300e+03	-1.85131e-02	4.66500e+02
1354	4.68457e+02	1.35400e+03	-1.85399e-02	4.67000e+02
1355	4.68956e+02	1.35500e+03	-1.85628e-02	4.67500e+02
1356	4.69431e+02	1.35600e+03	-1.85609e-02	4.68000e+02
1357	4.69915e+02	1.35700e+03	-1.85647e-02	4.68500e+02
1358	4.70391e+02	1.35800e+03	-1.85659e-02	4.69000e+02
1359	4.70883e+02	1.35900e+03	-1.85646e-02	4.69500e+02
1360	4.71366e+02	1.36000e+03	-1.85488e-02	4.70000e+02
1361	4.71852e+02	1.36100e+03	-1.85397e-02	4.70500e+02
1362	4.72336e+02	1.36200e+03	-1.85330e-02	4.71000e+02
1363	4.72821e+02	1.36300e+03	-1.85281e-02	4.71500e+02
1364	4.73305e+02	1.36400e+03	-1.85277e-02	4.72000e+02
1365	4.73792e+02	1.36500e+03	-1.85326e-02	4.72500e+02
1366	4.74275e+02	1.36600e+03	-1.85426e-02	4.73000e+02
1367	4.74767e+02	1.36700e+03	-1.85557e-02	4.73500e+02
1368	4.75261e+02	1.36800e+03	-1.85851e-02	4.74000e+02
1369	4.75745e+02	1.36900e+03	-1.86065e-02	4.74500e+02
1370	4.76229e+02	1.37000e+03	-1.86260e-02	4.75000e+02
1371	4.76730e+02	1.37100e+03	-1.86451e-02	4.75500e+02
1372	4.77217e+02	1.37200e+03	-1.86650e-02	4.76000e+02
1373	4.77710e+02	1.37300e+03	-1.86841e-02	4.76500e+02
1374	4.78204e+02	1.37400e+03	-1.87041e-02	4.77000e+02
1375	4.78696e+02	1.37500e+03	-1.87248e-02	4.77500e+02
1376	4.79185e+02	1.37600e+03	-1.87430e-02	4.78000e+02
1377	4.79681e+02	1.37700e+03	-1.87602e-02	4.78500e+02
1378	4.80174e+02	1.37800e+03	-1.87732e-02	4.79000e+02
1379	4.80657e+02	1.37900e+03	-1.87818e-02	4.79500e+02
1380	4.81151e+02	1.38000e+03	-1.87781e-02	4.80000e+02
1381	4.81649e+02	1.38100e+03	-1.87732e-02	4.80500e+02
1382	4.82149e+02	1.38200e+03	-1.87684e-02	4.81000e+02
1383	4.82627e+02	1.38300e+03	-1.87648e-02	4.81500e+02
1384	4.83122e+02	1.38400e+03	-1.87556e-02	4.82000e+02
1385	4.83608e+02	1.38500e+03	-1.87608e-02	4.82500e+02
1386	4.84097e+02	1.38600e+03	-1.87735e-02	4.83000e+02
1387	4.84600e+02	1.38700e+03	-1.87897e-02	4.83500e+02
1388	4.85082e+02	1.38800e+03	-1.88286e-02	4.84000e+02
1389	4.85588e+02	1.38900e+03	-1.88541e-02	4.84500e+02
1390	4.86086e+02	1.39000e+03	-1.88739e-02	4.85000e+02
1391	4.86578e+02	1.39100e+03	-1.88906e-02	4.85500e+02
1392	4.87065e+02	1.39200e+03	-1.88964e-02	4.86000e+02
1393	4.87554e+02	1.39300e+03	-1.88999e-02	4.86500e+02
1394	4.88034e+02	1.39400e+03	-1.89005e-02	4.87000e+02
1395	4.88521e+02	1.39500e+03	-1.88993e-02	4.87500e+02
1396	4.89018e+02	1.39600e+03	-1.88815e-02	4.88000e+02
1397	4.89505e+02	1.39700e+03	-1.88731e-02	4.88500e+02
1398	4.90016e+02	1.39800e+03	-1.88670e-02	4.89000e+02
1399	4.90502e+02	1.39900e+03	-1.88612e-02	4.89500e+02
1400	4.90990e+02	1.40000e+03	-1.88616e-02	4.90000e+02
1401	4.91489e+02	1.40100e+03	-1.88645e-02	4.90500e+02
1402	4.91980e+02	1.40200e+03	-1.88733e-02	4.91000e+02
1403	4.92467e+02	1.40300e+03	-1.88867e-02	4.91500e+02
1404	4.92968e+02	1.40400e+03	-1.89203e-02	4.92000e+02
1405	4.93477e+02	1.40500e+03	-1.89523e-02	4.92500e+02
1406	4.93993e+02	1.40600e+03	-1.89864e-02	4.93000e+02
1407	4.94517e+02	1.40700e+03	-1.90220e-02	4.93500e+02
1408	4.95046e+02	1.40800e+03	-1.90684e-02	4.94000e+02
1409	4.95545e+02	1.40900e+03	-1.91011e-02	4.94500e+02
1410	4.96040e+02	1.41000e+03	-1.91267e-02	4.95000e+02
1411	4.96555e+02	1.41100e+03	-1.91488e-02	4.95500e+02
1412	4.97072e+02	1.41200e+03	-1.91488e-02	4.96000e+02
1413	4.97579e+02	1.41300e+03	-1.91546e-02	4.96500e+02
1414	4.98078e+02	1.41400e+03	-1.91603e-02	4.97000e+02
1415	4.98599e+02	1.41500e+03	-1.91649e-02	4.97500e+02
1416	4.99124e+02	1.41600e+03	-1.91593e-02	4.98000e+02
1417	4.99678e+02	1.41700e+03	-1.91603e-02	4.98500e+02
1418	5.00191e+02	1.41800e+03	-1.91627e-02	4.99000e+02
1419	5.00681e+02	1.41900e+03	-1.91655e-02	4.99500e+02
1420	5.01168e+02	1.42000e+03	-1.91727e-02	5.00000e+02
1421	5.01660e+02	1.42100e+03	-1.91802e-02	5.00500e+02
1422	5.02144e+02	1.42200e+03	-1.91892e-02	5.01000e+02
1423	5.02634e+02	1.42300e+03	-1.91987e-02	5.01500e+02
1424	5.03134e+02	1.42400e+03	-1.92145e-02	5.02000e+02
1425	5.03649e+02	1.42500e+03	-1.92294e-02	5.02500e+02
1426	5.04117e+02	1.42600e+03	-1.92446e-02	5.03000e+02
1427	5.04598e+02	1.42700e+03	-1.92604e-02	5.03500e+02
1428	5.05079e+02	1.42800e+03	-1.92773e-02	5.04000e+02
1429	5.05551e+02	1.42900e+03	-1.92887e-02	5.04500e+02
1430	5.06028e+02	1.43000e+03	-1.92953e-02	5.05000e+02
1431	5.06520e+02	1.43100e+03	-1.92988e-02	5.05500e+02
1432	5.07010e+02	1.43200e+03	-1.92848e-02	5.06000e+02
1433	5.07486e+02	1.43300e+03	-1.92715e-02	5.06500e+02
1434	5.07980e+02	1.43400e+03	-1.92554e-02	5.07000e+02
1435	5.08471e+02	1.43500e+03	-1.92371e-02	5.07500e+02
1436	5.08952e+02	1.43600e+03	-1.92079e-02	5.08000e+02
1437	5.09422e+02	1.43700e+03	-1.91914e-02	5.08500e+02
1438	5.09895e+02	1.43800e+03	-1.91811e-02	5.09000e+02
1439	5.10383e+02	1.43900e+03	-1.91739e-02	5.09500e+02
1440	5.10873e+02	1.44000e+03	-1.91850e-02	5.10000e+02
1441	5.11357e+02	1.44100e+03	-1.91911e-02	5.10500e+02
1442	5.11842e+02	1.44200e+03	-1.91966e-02	5.11000e+02
1443	5.12336e+02	1.44300e+03	-1.92020e-02	5.11500e+02
1444	5.12838e+02	1.44400e+03	-1.92144e-02	5.12000e+02
1445	5.13317e+02	1.44500e+03	-1.92243e-02	5.12500e+02
1446	5.13801e+02	1.44600e+03	-1.92399e-02	5.13000e+02
1447	5.14289e+02	1.44700e+03	-1.92613e-02	5.13500e+02
1448	5.14784e+02	1.44800e+03	-1.93041e-02	5.14000e+02
1449	5.15277e+02	1.44900e+03	-1.93547e-02	5.14500e+02
1450	5.15765e+02	1.45000e+03	-1.94089e-02	5.15000e+02
1451	5.16258e+02	1.45100e+03	-1.94636e-02	5.15500e+02
1452	5.16752e+02	1.45200e+03	-1.95258e-02	5.16000e+02
1453	5.17231e+02	1.45300e+03	-1.95531e-02	5.16500e+02
1454	5.17716e+02	1.45400e+03	-1.95592e-02	5.17000e+02
1455	5.18208e+02	1.45500e+03	-1.95536e-02	5.17500e+02
1456	5.18701e+02	1.45600e+03	-1.94766e-02	5.18000e+02
1457	5.19189e+02	1.45700e+03	-1.94247e-02	5.18500e+02
1458	5.19684e+02	1.45800e+03	-1.93759e-02	5.19000e+02
1459	5.20174e+02	1.45900e+03	-1.93266e-02	5.19500e+02
1460	5.20667e+02	1.46000e+03	-1.92729e-02	5.20000e+02
1461	5.21158e+02	1.46100e+03	-1.92386e-02	5.20500e+02
1462	5.21654e+02	1.46200e+03	-1.92146e-02	5.21000e+02
1463	5.22141e+02	1.46300e+03	-1.91965e-02	5.21500e+02
1464	5.22636e+02	1.46400e+03	-1.92212e-02	5.22000e+02
1465	5.23132e+02	1.46500e+03	-1.92327e-02	5.22500e+02
1466	5.23638e+02	1.46600e+03	-1.92464e-02	5.23000e+02
1467	5.24126e+02	1.46700e+03	-1.92629e-02	5.23500e+02
1468	5.24630e+02	1.46800e+03	-1.92918e-02	5.24000e+02
1469	5.25119e+02	1.46900e+03	-1.93140e-02	5.24500e+02
1470	5.25618e+02	1.47000e+03	-1.93364e-02	5.25000e+02
1471	5.26110e+02	1.47100e+03	-1.93598e-02	5.25500e+02
1472	5.26610e+02	1.47200e+03	-1.93818e-02	5.26000e+02
1473	5.27101e+02	1.47300e+03	-1.94037e-02	5.26500e+02
1474	5.27593e+02	1.47400e+03	-1.94252e-02	5.27000e+02
1475	5.28075e+02	1.47500e+03	-1.94464e-02	5.27500e+02
1476	5.28557e+02	1.47600e+03	-1.94639e-02	5.28000e+02
1477	5.29056e+02	1.47700e+03	-1.94791e-02	5.28500e+02
1478	5.29542e+02	1.47800e+03	-1.94919e-02	5.29000e+02
1479	5.30037e+02	1.47900e+03	-1.95033e-02	5.29500e+02
1480	5.30534e+02	1.48000e+03	-1.95048e-02	5.30000e+02
1481	5.31016e+02	1.48100e+03	-1.95073e-02	5.30500e+02
1482	5.31514e+02	1.48200e+03	-1.95073e-02	5.31000e+02
1483	5.32002e+02	1.48300e+03	-1.95050e-02	5.31500e+02
1484	5.32495e+02	1.48400e+03	-1.94945e-02	5.32000e+02
1485	5.32972e+02	1.48500e+03	-1.94869e-02	5.32500e+02
1486	5.33462e+02	1.48600e+03	-1.94795e-02	5.33000e+02
1487	5.33949e+02	1.48700e+03	-1.94719e-02	5.33500e+02
1488	5.34438e+02	1.48800e+03	-1.94591e-02	5.34000e+02
1489	5.34928e+02	1.48900e+03	-1.94468e-02	5.34500e+02
1490	5.35418e+02	1.49000e+03	-1.94345e-02	5.35000e+02
1491	5.35907e+02	1.49100e+03	-1.94225e-02	5.35500e+02
1492	5.36390e+02	1.49200e+03	-1.94145e-02	5.36000e+02
1493	5.36887e+02	1.49300e+03	-1.94136e-02	5.36500e+02
1494	5.37385e+02	1.49400e+03	-1.94200e-02	5.37000e+02
1495	5.37874e+02	1.49500e+03	-1.94312e-02	5.37500e+02
1496	5.38357e+02	1.49600e+03	-1.94650e-02	5.38000e+02
1497	5.38850e+02	1.49700e+03	-1.94938e-02	5.38500e+02
1498	5.39332e+02	1.49800e+03	-1.95229e-02	5.39000e+02
1499	5.39836e+02	1.49900e+03	-1.95527e-02	5.39500e+02
1500	5.40323e+02	1.50000e+03	-1.95885e-02	5.40000e+02
1501	5.40801e+02	1.50100e+03	-1.96120e-02	5.40500e+02
1502	5.41304e+02	1.50200e+03	-1.96279e-02	5.41000e+02
1503	5.41804e+02	1.50300e+03	-1.96394e-02	5.41500e+02
1504	5.42292e+02	1.50400e+03	-1.96268e-02	5.42000e+02
1505	5.42787e+02	1.50500e+03	-1.96190e-02	5.42500e+02
1506	5.43292e+02	1.50600e+03	-1.96089e-02	5.43000e+02
1507	5.43791e+02	1.50700e+03	-1.95971e-02	5.43500e+02
1508	5.44289e+02	1.50800e+03	-1.95736e-02	5.44000e+02
1509	5.44791e+02	1.50900e+03	-1.95596e-02	5.44500e+02
1510	5.45284e+02	1.51000e+03	-1.95507e-02	5.45000e+02
1511	5.45778e+02	1.51100e+03	-1.95447e-02	5.45500e+02
1512	5.46287e+02	1.51200e+03	-1.95536e-02	5.46000e+02
1513	5.46772e+02	1.51300e+03	-1.95625e-02	5.46500e+02
1514	5.47273e+02	1.51400e+03	-1.95741e-02	5.47000e+02
1515	5.47763e+02	1.51500e+03	-1.95876e-02	5.47500e+02
1516	5.48270e+02	1.51600e+03	-1.96146e-02	5.48000e+02
1517	5.48771e+02	1.51700e+03	-1.96328e-02	5.48500e+02
1518	5.49284e+02	1.51800e+03	-1.96481e-02	5.49000e+02
1519	5.49805e+02	1.51900e+03	-1.96617e-02	5.49500e+02
1520	5.50322e+02	1.52000e+03	-1.96675e-02	5.50000e+02
1521	5.50850e+02	1.52100e+03	-1.96735e-02	5.50500e+02
1522	5.51369e+02	1.52200e+03	-1.96787e-02	5.51000e+02
1523	5.51884e+02	1.52300e+03	-1.96837e-02	5.51500e+02
1524	5.52398e+02	1.52400e+03	-1.96844e-02	5.52000e+02
1525	5.52984e+02	1.52500e+03	-1.96896e-02	5.52500e+02
1526	5.53551e+02	1.52600e+03	-1.96963e-02	5.53000e+02
1527	5.54235e+02	1.52700e+03	-1.97037e-02	5.53500e+02
1528	5.55948e+02	1.52800e+03	-1.97233e-02	5.54000e+02
1529	5.56122e+02	1.52900e+03	-1.97447e-02	5.54500e+02
1530	5.56480e+02	1.53000e+03	-1.97693e-02	5.55000e+02
1531	5.56888e+02	1.53100e+03	-1.97961e-02	5.55500e+02
1532	5.57317e+02	1.53200e+03	-1.98319e-02	5.56000e+02
1533	5.57757e+02	1.53300e+03	-1.98543e-02	5.56500e+02
1534	5.58194e+02	1.53400e+03	-1.98655e-02	5.57000e+02
1535	5.58651e+02	1.53500e+03	-1.98694e-02	5.57500e+02
1536	5.59120e+02	1.53600e+03	-1.98323e-02	5.58000e+02
1537	5.59588e+02	1.53700e+03	-1.97928e-02	5.58500e+02
1538	5.60063e+02	1.53800e+03	-1.97474e-02	5.59000e+02
1539	5.60553e+02	1.53900e+03	-1.96981e-02	5.59500e+02
1540	5.61026e+02	1.54000e+03	-1.96165e-02	5.60000e+02
1541	5.61503e+02	1.54100e+03	-1.95665e-02	5.60500e+02
1542	5.61975e+02	1.54200e+03	-1.95297e-02	5.61000e+02
1543	5.62468e+02	1.54300e+03	-1.94991e-02	5.61500e+02
1544	5.62947e+02	1.54400e+03	-1.95138e-02	5.62000e+02
1545	5.63429e+02	1.54500e+03	-1.95203e-02	5.62500e+02
1546	5.63919e+02	1.54600e+03	-1.95305e-02	5.63000e+02
1547	5.64393e+02	1.54700e+03	-1.95442e-02	5.63500e+02
1548	5.64871e+02	1.54800e+03	-1.95836e-02	5.64000e+02
1549	5.65356e+02	1.54900e+03	-1.96069e-02	5.64500e+02
1550	5.65841e+02	1.55000e+03	-1.96239e-02	5.65000e+02
1551	5.66328e+02	1.55100e+03	-1.96375e-02	5.65500e+02
1552	5.66815e+02	1.55200e+03	-1.96346e-02	5.66000e+02
1553	5.67295e+02	1.55300e+03	-1.96305e-02	5.66500e+02
1554	5.67773e+02	1.55400e+03	-1.96234e-02	5.67000e+02
1555	5.68256e+02	1.55500e+03	-1.96154e-02	5.67500e+02
1556	5.68749e+02	1.55600e+03	-1.95964e-02	5.68000e+02
1557	5.69239e+02	1.55700e+03	-1.95908e-02	5.68500e+02
1558	5.69729e+02	1.55800e+03	-1.95918e-02	5.69000e+02
1559	5.70218e+02	1.55900e+03	-1.95959e-02	5.69500e+02
1560	5.70712e+02	1.56000e+03	-1.96168e-02	5.70000e+02
1561	5.71196e+02	1.56100e+03	-1.96311e-02	5.70500e+02
1562	5.71681e+02	1.56200e+03	-1.96451e-02	5.71000e+02
1563	5.72185e+02	1.56300e+03	-1.96593e-02	5.71500e+02
1564	5.72671e+02	1.56400e+03	-1.96757e-02	5.72000e+02
1565	5.73166e+02	1.56500e+03	-1.96888e-02	5.72500e+02
1566	5.73651e+02	1.56600e+03	-1.97014e-02	5.73000e+02
1567	5.74141e+02	1.56700e+03	-1.97139e-02	5.73500e+02
1568	5.74632e+02	1.56800e+03	-1.97190e-02	5.74000e+02
1569	5.75129e+02	1.56900e+03	-1.97231e-02	5.74500e+02
1570	5.75619e+02	1.57000e+03	-1.97233e-02	5.75000e+02
1571	5.76118e+02	1.57100e+03	-1.97207e-02	5.75500e+02
1572	5.76604e+02	1.57200e+03	-1.97053e-02	5.76000e+02
1573	5.77103e+02	1.57300e+03	-1.96898e-02	5.76500e+02
1574	5.77600e+02	1.57400e+03	-1.96713e-02	5.77000e+02
1575	5.78089e+02	1.57500e+03	-1.96507e-02	5.77500e+02
1576	5.78583e+02	1.57600e+03	-1.96188e-02	5.78000e+02
1577	5.79074e+02	1.57700e+03	-1.95959e-02	5.78500e+02
1578	5.79580e+02	1.57800e+03	-1.95778e-02	5.79000e+02
1579	5.80066e+02	1.57900e+03	-1.95627e-02	5.79500e+02
1580	5.80565e+02	1.58000e+03	-1.95616e-02	5.80000e+02
1581	5.81063e+02	1.58100e+03	-1.95622e-02	5.80500e+02
1582	5.81560e+02	1.58200e+03	-1.95669e-02	5.81000e+02
1583	5.82057e+02	1.58300e+03	-1.95745e-02	5.81500e+02
1584	5.82547e+02	1.58400e+03	-1.95994e-02	5.82000e+02
1585	5.83049e+02	1.58500e+03	-1.96145e-02	5.82500e+02
1586	5.83534e+02	1.58600e+03	-1.96262e-02	5.83000e+02
1587	5.84029e+02	1.58700e+03	-1.96361e-02	5.83500e+02
1588	5.84515e+02	1.58800e+03	-1.96381e-02	5.84000e+02
1589	5.85005e+02	1.58900e+03	-1.96370e-02	5.84500e+02
1590	5.85501e+02	1.59000e+03	-1.96323e-02	5.85000e+02
1591	5.85987e+02	1.59100e+03	-1.96251e-02	5.85500e+02
1592	5.86482e+02	1.59200e+03	-1.96029e-02	5.86000e+02
1593	5.86967e+02	1.59300e+03	-1.95886e-02	5.86500e+02
1594	5.87462e+02	1.59400e+03	-1.95773e-02	5.87000e+02
1595	5.87959e+02	1.59500e+03	-1.95675e-02	5.87500e+02
1596	5.88448e+02	1.59600e+03	-1.95634e-02	5.88000e+02
1597	5.88941e+02	1.59700e+03	-1.95629e-02	5.88500e+02
1598	5.89430e+02	1.59800e+03	-1.95658e-02	5.89000e+02
1599	5.89907e+02	1.59900e+03	-1.95710e-02	5.89500e+02
1600	5.90402e+02	1.60000e+03	-1.95912e-02	5.90000e+02
1601	5.90896e+02	1.60100e+03	-1.96057e-02	5.90500e+02
1602	5.91379e+02	1.60200e+03	-1.96199e-02	5.91000e+02
1603	5.91866e+02	1.60300e+03	-1.96344e-02	5.91500e+02
1604	5.92354e+02	1.60400e+03	-1.96510e-02	5.92000e+02
1605	5.92842e+02	1.60500e+03	-1.96648e-02	5.92500e+02
1606	5.93335e+02	1.60600e+03	-1.96769e-02	5.93000e+02
1607	5.93827e+02	1.60700e+03	-1.96883e-02	5.93500e+02
1608	5.94313e+02	1.60800e+03	-1.96964e-02	5.94000e+02
1609	5.94798e+02	1.60900e+03	-1.97073e-02	5.94500e+02
1610	5.95282e+02	1.61000e+03	-1.97209e-02	5.95000e+02
1611	5.95775e+02	1.61100e+03	-1.97366e-02	5.95500e+02
1612	5.96260e+02	1.61200e+03	-1.97557e-02	5.96000e+02
1613	5.96753e+02	1.61300e+03	-1.97739e-02	5.96500e+02
1614	5.97259e+02	1.61400e+03	-1.97913e-02	5.97000e+02
1615	5.97740e+02	1.61500e+03	-1.98078e-02	5.97500e+02
1616	5.98233e+02	1.61600e+03	-1.98243e-02	5.98000e+02
1617	5.98738e+02	1.61700e+03	-1.98378e-02	5.98500e+02
1618	5.99223e+02	1.61800e+03	-1.98509e-02	5.99000e+02
1619	5.99711e+02	1.61900e+03	-1.98643e-02	5.99500e+02
1620	6.00209e+02	1.62000e+03	-1.98750e-02	6.00000e+02
1621	6.00704e+02	1.62100e+03	-1.98907e-02	6.00500e+02
1622	6.01206e+02	1.62200e+03	-1.99076e-02	6.01000e+02
1623	6.01694e+02	1.62300e+03	-1.99244e-02	6.01500e+02
1624	6.02198e+02	1.62400e+03	-1.99442e-02	6.02000e+02
1625	6.02688e+02	1.62500e+03	-1.99578e-02	6.02500e+02
1626	6.03199e+02	1.62600e+03	-1.99670e-02	6.03000e+02
1627	6.03686e+02	1.62700e+03	-1.99732e-02	6.03500e+02
1628	6.04191e+02	1.62800e+03	-1.99642e-02	6.04000e+02
1629	6.04677e+02	1.62900e+03	-1.99574e-02	6.04500e+02
1630	6.05163e+02	1.63000e+03	-1.99500e-02	6.05000e+02
1631	6.05663e+02	1.63100e+03	-1.99420e-02	6.05500e+02
1632	6.06163e+02	1.63200e+03	-1.99256e-02	6.06000e+02
1633	6.06663e+02	1.63300e+03	-1.99165e-02	6.06500e+02
1634	6.07164e+02	1.63400e+03	-1.99109e-02	6.07000e+02
1635	6.07660e+02	1.63500e+03	-1.99070e-02	6.07500e+02
1636	6.08164e+02	1.63600e+03	-1.99118e-02	6.08000e+02
1637	6.08662e+02	1.63700e+03	-1.99143e-02	6.08500e+02
1638	6.09167e+02	1.63800e+03	-1.99167e-02	6.09000e+02
1639	6.09669e+02	1.63900e+03	-1.99193e-02	6.09500e+02
1640	6.10152e+02	1.64000e+03	-1.99242e-02	6.10000e+02
1641	6.10647e+02	1.64100e+03	-1.99259e-02	6.10500e+02
1642	6.11136e+02	1.64200e+03	-1.99261e-02	6.11000e+02
1643	6.11642e+02	1.64300e+03	-1.99252e-02	6.11500e+02
1644	6.12135e+02	1.64400e+03	-1.99193e-02	6.12000e+02
1645	6.12619e+02	1.64500e+03	-1.99155e-02	6.12500e+02
1646	6.13113e+02	1.64600e+03	-1.99118e-02	6.13000e+02
1647	6.13610e+02	1.64700e+03	-1.99077e-02	6.13500e+02
1648	6.14095e+02	1.64800e+03	-1.98993e-02	6.14000e+02
1649	6.14593e+02	1.64900e+03	-1.98896e-02	6.14500e+02
1650	6.15093e+02	1.65000e+03	-1.98774e-02	6.15000e+02
1651	6.15604e+02	1.65100e+03	-1.98631e-02	6.15500e+02
1652	6.16103e+02	1.65200e+03	-1.98392e-02	6.16000e+02
1653	6.16597e+02	1.65300e+03	-1.98176e-02	6.16500e+02
1654	6.17074e+02	1.65400e+03	-1.97969e-02	6.17000e+02
1655	6.17566e+02	1.65500e+03	-1.97772e-02	6.17500e+02
1656	6.18058e+02	1.65600e+03	-1.97584e-02	6.18000e+02
1657	6.18552e+02	1.65700e+03	-1.97465e-02	6.18500e+02
1658	6.19033e+02	1.65800e+03	-1.97403e-02	6.19000e+02
1659	6.19527e+02	1.65900e+03	-1.97378e-02	6.19500e+02
1660	6.20018e+02	1.66000e+03	-1.97579e-02	6.20000e+02
1661	6.20501e+02	1.66100e+03	-1.97749e-02	6.20500e+02
1662	6.20985e+02	1.66200e+03	-1.97954e-02	6.21000e+02
1663	6.21470e+02	1.66300e+03	-1.98190e-02	6.21500e+02
1664	6.21954e+02	1.66400e+03	-1.98583e-02	6.22000e+02
1665	6.22434e+02	1.66500e+03	-1.98892e-02	6.22500e+02
1666	6.22912e+02	1.66600e+03	-1.99184e-02	6.23000e+02
1667	6.23384e+02	1.66700e+03	-1.99472e-02	6.23500e+02
1668	6.23874e+02	1.66800e+03	-1.99697e-02	6.24000e+02
1669	6.24363e+02	1.66900e+03	-1.99872e-02	6.24500e+02
1670	6.24858e+02	1.67000e+03	-1.99984e-02	6.25000e+02
1671	6.25342e+02	1.67100e+03	-2.00057e-02	6.25500e+02
1672	6.25824e+02	1.67200e+03	-1.99946e-02	6.26000e+02
1673	6.26312e+02	1.67300e+03	-1.99890e-02	6.26500e+02
1674	6.26796e+02	1.67400e+03	-1.99846e-02	6.27000e+02
1675	6.27279e+02	1.67500e+03	-1.99807e-02	6.27500e+02
1676	6.27758e+02	1.67600e+03	-1.99743e-02	6.28000e+02
1677	6.28238e+02	1.67700e+03	-1.99749e-02	6.28500e+02
1678	6.28726e+02	1.67800e+03	-1.99791e-02	6.29000e+02
1679	6.29202e+02	1.67900e+03	-1.99851e-02	6.29500e+02
1680	6.29690e+02	1.68000e+03	-2.00023e-02	6.30000e+02
1681	6.30186e+02	1.68100e+03	-2.00132e-02	6.30500e+02
1682	6.30683e+02	1.68200e+03	-2.00221e-02	6.31000e+02
1683	6.31157e+02	1.68300e+03	-2.00296e-02	6.31500e+02
1684	6.31645e+02	1.68400e+03	-2.00297e-02	6.32000e+02
1685	6.32144e+02	1.68500e+03	-2.00281e-02	6.32500e+02
1686	6.32633e+02	1.68600e+03	-2.00249e-02	6.33000e+02
1687	6.33121e+02	1.68700e+03	-2.00209e-02	6.33500e+02
1688	6.33612e+02	1.68800e+03	-2.00068e-02	6.34000e+02
1689	6.34104e+02	1.68900e+03	-1.99989e-02	6.34500e+02
1690	6.34592e+02	1.69000e+03	-1.99935e-02	6.35000e+02
1691	6.35099e+02	1.69100e+03	-1.99896e-02	6.35500e+02
1692	6.35604e+02	1.69200e+03	-1.99921e-02	6.36000e+02
1693	6.36090e+02	1.69300e+03	-1.99947e-02	6.36500e+02
1694	6.36587e+02	1.69400e+03	-1.99980e-02	6.37000e+02
1695	6.37070e+02	1.69500e+03	-2.00017e-02	6.37500e+02
1696	6.37557e+02	1.69600e+03	-2.00097e-02	6.38000e+02
1697	6.38045e+02	1.69700e+03	-2.00138e-02	6.38500e+02
1698	6.38536e+02	1.69800e+03	-2.00167e-02	6.39000e+02
1699	6.39021e+02	1.69900e+03	-2.00188e-02	6.39500e+02
1700	6.39516e+02	1.70000e+03	-2.00169e-02	6.40000e+02
1701	6.40003e+02	1.70100e+03	-2.00163e-02	6.40500e+02
1702	6.40492e+02	1.70200e+03	-2.00146e-02	6.41000e+02
1703	6.40987e+02	1.70300e+03	-2.00117e-02	6.41500e+02
1704	6.41472e+02	1.70400e+03	-2.00058e-02	6.42000e+02
1705	6.41952e+02	1.70500e+03	-2.00010e-02	6.42500e+02
1706	6.42447e+02	1.70600e+03	-1.99968e-02	6.43000e+02
1707	6.42940e+02	1.70700e+03	-1.99929e-02	6.43500e+02
1708	6.43435e+02	1.70800e+03	-1.99901e-02	6.44000e+02
1709	6.43922e+02	1.70900e+03	-1.99909e-02	6.44500e+02
1710	6.44414e+02	1.71000e+03	-1.99950e-02	6.45000e+02
1711	6.44908e+02	1.71100e+03	-2.00016e-02	6.45500e+02
1712	6.45390e+02	1.71200e+03	-2.00205e-02	6.46000e+02
1713	6.45879e+02	1.71300e+03	-2.00389e-02	6.46500e+02
1714	6.46368e+02	1.71400e+03	-2.00603e-02	6.47000e+02
1715	6.46846e+02	1.71500e+03	-2.00836e-02	6.47500e+02
1716	6.47332e+02	1.71600e+03	-2.01220e-02	6.48000e+02
1717	6.47826e+02	1.71700e+03	-2.01587e-02	6.48500e+02
1718	6.48311e+02	1.71800e+03	-2.01987e-02	6.49000e+02
1719	6.48807e+02	1.71900e+03	-2.02412e-02	6.49500e+02
1720	6.49284e+02	1.72000e+03	-2.02963e-02	6.50000e+02
1721	6.49774e+02	1.72100e+03	-2.03427e-02	6.50500e+02
1722	6.50256e+02	1.72200e+03	-2.03799e-02	6.51000e+02
1723	6.50749e+02	1.72300e+03	-2.04102e-02	6.51500e+02
1724	6.51233e+02	1.72400e+03	-2.04067e-02	6.52000e+02
1725	6.51738e+02	1.72500e+03	-2.03891e-02	6.52500e+02
1726	6.52216e+02	1.72600e+03	-2.03559e-02	6.53000e+02
1727	6.52708e+02	1.72700e+03	-2.03129e-02	6.53500e+02
1728	6.53197e+02	1.72800e+03	-2.02028e-02	6.54000e+02
1729	6.53687e+02	1.72900e+03	-2.01225e-02	6.54500e+02
1730	6.54176e+02	1.73000e+03	-2.00466e-02	6.55000e+02
1731	6.54670e+02	1.73100e+03	-1.99688e-02	6.55500e+02
1732	6.55164e+02	1.73200e+03	-1.98906e-02	6.56000e+02
1733	6.55656e+02	1.73300e+03	-1.98233e-02	6.56500e+02
1734	6.56140e+02	1.73400e+03	-1.97634e-02	6.57000e+02
1735	6.56642e+02	1.73500e+03	-1.97086e-02	6.57500e+02
1736	6.57121e+02	1.73600e+03	-1.96910e-02	6.58000e+02
1737	6.57611e+02	1.73700e+03	-1.96733e-02	6.58500e+02
1738	6.58097e+02	1.73800e+03	-1.96667e-02	6.59000e+02
1739	6.58582e+02	1.73900e+03	-1.96696e-02	6.59500e+02
1740	6.59069e+02	1.74000e+03	-1.97212e-02	6.60000e+02
1741	6.59565e+02	1.74100e+03	-1.97625e-02	6.60500e+02
1742	6.60044e+02	1.74200e+03	-1.98067e-02	6.61000e+02
1743	6.60531e+02	1.74300e+03	-1.98541e-02	6.61500e+02
1744	6.61012e+02	1.74400e+03	-1.99234e-02	6.62000e+02
1745	6.61492e+02	1.74500e+03	-1.99765e-02	6.62500e+02
1746	6.61981e+02	1.74600e+03	-2.00246e-02	6.63000e+02
1747	6.62470e+02	1.74700e+03	-2.00710e-02	6.63500e+02
1748	6.62966e+02	1.74800e+03	-2.01022e-02	6.64000e+02
1749	6.63455e+02	1.74900e+03	-2.01343e-02	6.64500e+02
1750	6.63954e+02	1.75000e+03	-2.01603e-02	6.65000e+02
1751	6.64442e+02	1.75100e+03	-2.01807e-02	6.65500e+02
1752	6.64932e+02	1.75200e+03	-2.01729e-02	6.66000e+02
1753	6.65426e+02	1.75300e+03	-2.01624e-02	6.66500e+02
1754	6.65911e+02	1.75400e+03	-2.01455e-02	6.67000e+02
1755	6.66397e+02	1.75500e+03	-2.01250e-02	6.67500e+02
1756	6.66879e+02	1.75600e+03	-2.00788e-02	6.68000e+02
1757	6.67364e+02	1.75700e+03	-2.00524e-02	6.68500e+02
1758	6.67845e+02	1.75800e+03	-2.00364e-02	6.69000e+02
1759	6.68332e+02	1.75900e+03	-2.00261e-02	6.69500e+02
1760	6.68835e+02	1.76000e+03	-2.00402e-02	6.70000e+02
1761	6.69321e+02	1.76100e+03	-2.00519e-02	6.70500e+02
1762	6.69801e+02	1.76200e+03	-2.00664e-02	6.71000e+02
1763	6.70292e+02	1.76300e+03	-2.00832e-02	6.71500e+02
1764	6.70778e+02	1.76400e+03	-2.01187e-02	6.72000e+02
1765	6.71276e+02	1.76500e+03	-2.01394e-02	6.72500e+02
1766	6.71755e+02	1.76600e+03	-2.01548e-02	6.73000e+02
1767	6.72247e+02	1.76700e+03	-2.01683e-02	6.73500e+02
1768	6.72733e+02	1.76800e+03	-2.01665e-02	6.74000e+02
1769	6.73231e+02	1.76900e+03	-2.01672e-02	6.74500e+02
1770	6.73722e+02	1.77000e+03	-2.01672e-02	6.75000e+02
1771	6.74215e+02	1.77100e+03	-2.01666e-02	6.75500e+02
1772	6.74708e+02	1.77200e+03	-2.01582e-02	6.76000e+02
1773	6.75201e+02	1.77300e+03	-2.01558e-02	6.76500e+02
1774	6.75688e+02	1.77400e+03	-2.01564e-02	6.77000e+02
1775	6.76187e+02	1.77500e+03	-2.01583e-02	6.77500e+02
1776	6.76680e+02	1.77600e+03	-2.01691e-02	6.78000e+02
1777	6.77170e+02	1.77700e+03	-2.01788e-02	6.78500e+02
1778	6.77663e+02	1.77800e+03	-2.01891e-02	6.79000e+02
1779	6.78162e+02	1.77900e+03	-2.01999e-02	6.79500e+02
1780	6.78654e+02	1.78000e+03	-2.02143e-02	6.80000e+02
1781	6.79153e+02	1.78100e+03	-2.02250e-02	6.80500e+02
1782	6.79642e+02	1.78200e+03	-2.02364e-02	6.81000e+02
1783	6.80135e+02	1.78300e+03	-2.02496e-02	6.81500e+02
1784	6.80636e+02	1.78400e+03	-2.02686e-02	6.82000e+02
1785	6.81126e+02	1.78500e+03	-2.02933e-02	6.82500e+02
1786	6.81620e+02	1.78600e+03	-2.03216e-02	6.83000e+02
1787	6.82117e+02	1.78700e+03	-2.03516e-02	6.83500e+02
1788	6.82608e+02	1.78800e+03	-2.03908e-02	6.84000e+02
1789	6.83107e+02	1.78900e+03	-2.04130e-02	6.84500e+02
1790	6.83596e+02	1.79000e+03	-2.04224e-02	6.85000e+02
1791	6.84092e+02	1.79100e+03	-2.04237e-02	6.85500e+02
1792	6.84582e+02	1.79200e+03	-2.03744e-02	6.86000e+02
1793	6.85087e+02	1.79300e+03	-2.03222e-02	6.86500e+02
1794	6.85583e+02	1.79400e+03	-2.02591e-02	6.87000e+02
1795	6.85748e+02	1.79500e+03	-2.01887e-02	6.87500e+02
1796	6.85896e+02	1.79600e+03	-2.00710e-02	6.88000e+02
1797	6.86192e+02	1.79700e+03	-1.99835e-02	6.88500e+02
1798	6.86551e+02	1.79800e+03	-1.99053e-02	6.89000e+02
1799	6.86919e+02	1.79900e+03	-1.98322e-02	6.89500e+02
1800	6.87291e+02	1.80000e+03	-1.97879e-02	6.90000e+02
1801	6.87646e+02	1.80100e+03	-1.97490e-02	6.90500e+02
1802	6.87987e+02	1.80200e+03	-1.97241e-02	6.91000e+02
1803	6.88305e+02	1.80300e+03	-1.97097e-02	6.91500e+02
1804	6.88626e+02	1.80400e+03	-1.97360e-02	6.92000e+02
1805	6.88938e+02	1.80500e+03	-1.97490e-02	6.92500e+02
1806	6.89236e+02	1.80600e+03	-1.97639e-02	6.93000e+02
1807	6.89519e+02	1.80700e+03	-1.97817e-02	6.93500e+02
1808	6.89794e+02	1.80800e+03	-1.98166e-02	6.94000e+02
1809	6.90067e+02	1.80900e+03	-1.98443e-02	6.94500e+02
1810	6.90321e+02	1.81000e+03	-1.98718e-02	6.95000e+02
1811	6.90574e+02	1.81100e+03	-1.98998e-02	6.95500e+02
1812	6.90827e+02	1.81200e+03	-1.99269e-02	6.96000e+02
1813	6.91065e+02	1.81300e+03	-1.99511e-02	6.96500e+02
1814	6.91287e+02	1.81400e+03	-1.99715e-02	6.97000e+02
1815	6.91518e+02	1.81500e+03	-1.99890e-02	6.97500e+02
1816	6.91729e+02	1.81600e+03	-1.99940e-02	6.98000e+02
1817	6.91937e+02	1.81700e+03	-1.99979e-02	6.98500e+02
1818	6.92145e+02	1.81800e+03	-1.99971e-02	6.99000e+02
1819	6.92335e+02	1.81900e+03	-1.99924e-02	6.99500e+02
1820	6.92528e+02	1.82000e+03	-1.99731e-02	7.00000e+02
