index	ts	t	weight	tr
[#]	[°C]	[s]	[mg]	[°C]
683	1.31110e+02	6.83000e+02	3.02485e+00	1.31500e+02
684	1.31609e+02	6.84000e+02	3.02483e+00	1.32000e+02
685	1.32117e+02	6.85000e+02	3.02481e+00	1.32500e+02
686	1.32613e+02	6.86000e+02	3.02480e+00	1.33000e+02
687	1.33113e+02	6.87000e+02	3.02478e+00	1.33500e+02
688	1.33619e+02	6.88000e+02	3.02478e+00	1.34000e+02
689	1.34115e+02	6.89000e+02	3.02477e+00	1.34500e+02
690	1.34618e+02	6.90000e+02	3.02477e+00	1.35000e+02
691	1.35118e+02	6.91000e+02	3.02476e+00	1.35500e+02
692	1.35613e+02	6.92000e+02	3.02476e+00	1.36000e+02
693	1.36117e+02	6.93000e+02	3.02475e+00	1.36500e+02
694	1.36624e+02	6.94000e+02	3.02474e+00	1.37000e+02
695	1.37122e+02	6.95000e+02	3.02472e+00	1.37500e+02
696	1.37623e+02	6.96000e+02	3.02468e+00	1.38000e+02
697	1.38117e+02	6.97000e+02	3.02465e+00	1.38500e+02
698	1.38631e+02	6.98000e+02	3.02461e+00	1.39000e+02
699	1.39130e+02	6.99000e+02	3.02457e+00	1.39500e+02
700	1.39640e+02	7.00000e+02	3.02451e+00	1.40000e+02
701	1.40131e+02	7.01000e+02	3.02447e+00	1.40500e+02
702	1.40631e+02	7.02000e+02	3.02443e+00	1.41000e+02
703	1.41134e+02	7.03000e+02	3.02439e+00	1.41500e+02
704	1.41629e+02	7.04000e+02	3.02437e+00	1.42000e+02
705	1.42128e+02	7.05000e+02	3.02435e+00	1.42500e+02
706	1.42637e+02	7.06000e+02	3.02433e+00	1.43000e+02
707	1.43137e+02	7.07000e+02	3.02431e+00	1.43500e+02
708	1.43650e+02	7.08000e+02	3.02430e+00	1.44000e+02
709	1.44148e+02	7.09000e+02	3.02428e+00	1.44500e+02
710	1.44642e+02	7.10000e+02	3.02426e+00	1.45000e+02
711	1.45139e+02	7.11000e+02	3.02424e+00	1.45500e+02
712	1.45657e+02	7.12000e+02	3.02422e+00	1.46000e+02
713	1.46160e+02	7.13000e+02	3.02420e+00	1.46500e+02
714	1.46665e+02	7.14000e+02	3.02417e+00	1.47000e+02
715	1.47163e+02	7.15000e+02	3.02415e+00	1.47500e+02
716	1.47672e+02	7.16000e+02	3.02412e+00	1.48000e+02
717	1.48167e+02	7.17000e+02	3.02409e+00	1.48500e+02
718	1.48669e+02	7.18000e+02	3.02406e+00	1.49000e+02
719	1.49173e+02	7.19000e+02	3.02403e+00	1.49500e+02
720	1.49679e+02	7.20000e+02	3.02399e+00	1.50000e+02
721	1.50187e+02	7.21000e+02	3.02395e+00	1.50500e+02
722	1.50685e+02	7.22000e+02	3.02391e+00	1.51000e+02
723	1.51201e+02	7.23000e+02	3.02387e+00	1.51500e+02
724	1.51693e+02	7.24000e+02	3.02382e+00	1.52000e+02
725	1.52201e+02	7.25000e+02	3.02377e+00	1.52500e+02
726	1.52708e+02	7.26000e+02	3.02372e+00	1.53000e+02
727	1.53220e+02	7.27000e+02	3.02367e+00	1.53500e+02
728	1.53716e+02	7.28000e+02	3.02362e+00	1.54000e+02
729	1.54213e+02	7.29000e+02	3.02357e+00	1.54500e+02
730	1.54727e+02	7.30000e+02	3.02352e+00	1.55000e+02
731	1.55236e+02	7.31000e+02	3.02346e+00	1.55500e+02
732	1.55725e+02	7.32000e+02	3.02341e+00	1.56000e+02
733	1.56234e+02	7.33000e+02	3.02335e+00	1.56500e+02
734	1.56732e+02	7.34000e+02	3.02329e+00	1.57000e+02
735	1.57241e+02	7.35000e+02	3.02323e+00	1.57500e+02
736	1.57750e+02	7.36000e+02	3.02316e+00	1.58000e+02
737	1.58252e+02	7.37000e+02	3.02308e+00	1.58500e+02
738	1.58749e+02	7.38000e+02	3.02300e+00	1.59000e+02
739	1.59258e+02	7.39000e+02	3.02291e+00	1.59500e+02
740	1.59762e+02	7.40000e+02	3.02280e+00	1.60000e+02
741	1.60267e+02	7.41000e+02	3.02269e+00	1.60500e+02
742	1.60780e+02	7.42000e+02	3.02258e+00	1.61000e+02
743	1.61277e+02	7.43000e+02	3.02247e+00	1.61500e+02
744	1.61778e+02	7.44000e+02	3.02234e+00	1.62000e+02
745	1.62286e+02	7.45000e+02	3.02223e+00	1.62500e+02
746	1.62795e+02	7.46000e+02	3.02212e+00	1.63000e+02
747	1.63294e+02	7.47000e+02	3.02201e+00	1.63500e+02
748	1.63804e+02	7.48000e+02	3.02191e+00	1.64000e+02
749	1.64317e+02	7.49000e+02	3.02181e+00	1.64500e+02
750	1.64823e+02	7.50000e+02	3.02170e+00	1.65000e+02
751	1.65306e+02	7.51000e+02	3.02159e+00	1.65500e+02
752	1.65819e+02	7.52000e+02	3.02148e+00	1.66000e+02
753	1.66331e+02	7.53000e+02	3.02136e+00	1.66500e+02
754	1.66825e+02	7.54000e+02	3.02123e+00	1.67000e+02
755	1.67341e+02	7.55000e+02	3.02110e+00	1.67500e+02
756	1.67849e+02	7.56000e+02	3.02094e+00	1.68000e+02
757	1.68350e+02	7.57000e+02	3.02079e+00	1.68500e+02
758	1.68853e+02	7.58000e+02	3.02063e+00	1.69000e+02
759	1.69381e+02	7.59000e+02	3.02047e+00	1.69500e+02
760	1.69873e+02	7.60000e+02	3.02028e+00	1.70000e+02
761	1.70372e+02	7.61000e+02	3.02010e+00	1.70500e+02
762	1.70879e+02	7.62000e+02	3.01992e+00	1.71000e+02
763	1.71396e+02	7.63000e+02	3.01974e+00	1.71500e+02
764	1.71894e+02	7.64000e+02	3.01954e+00	1.72000e+02
765	1.72404e+02	7.65000e+02	3.01936e+00	1.72500e+02
766	1.72910e+02	7.66000e+02	3.01918e+00	1.73000e+02
767	1.73424e+02	7.67000e+02	3.01900e+00	1.73500e+02
768	1.73923e+02	7.68000e+02	3.01883e+00	1.74000e+02
769	1.74433e+02	7.69000e+02	3.01865e+00	1.74500e+02
770	1.74948e+02	7.70000e+02	3.01847e+00	1.75000e+02
771	1.75435e+02	7.71000e+02	3.01828e+00	1.75500e+02
772	1.75952e+02	7.72000e+02	3.01809e+00	1.76000e+02
773	1.76444e+02	7.73000e+02	3.01789e+00	1.76500e+02
774	1.76962e+02	7.74000e+02	3.01768e+00	1.77000e+02
775	1.77466e+02	7.75000e+02	3.01747e+00	1.77500e+02
776	1.77977e+02	7.76000e+02	3.01722e+00	1.78000e+02
777	1.78481e+02	7.77000e+02	3.01696e+00	1.78500e+02
778	1.78990e+02	7.78000e+02	3.01669e+00	1.79000e+02
779	1.79498e+02	7.79000e+02	3.01641e+00	1.79500e+02
780	1.80005e+02	7.80000e+02	3.01607e+00	1.80000e+02
781	1.80509e+02	7.81000e+02	3.01575e+00	1.80500e+02
782	1.81012e+02	7.82000e+02	3.01542e+00	1.81000e+02
783	1.81542e+02	7.83000e+02	3.01508e+00	1.81500e+02
784	1.82039e+02	7.84000e+02	3.01472e+00	1.82000e+02
785	1.82550e+02	7.85000e+02	3.01436e+00	1.82500e+02
786	1.83055e+02	7.86000e+02	3.01400e+00	1.83000e+02
787	1.83561e+02	7.87000e+02	3.01363e+00	1.83500e+02
788	1.84073e+02	7.88000e+02	3.01324e+00	1.84000e+02
789	1.84576e+02	7.89000e+02	3.01283e+00	1.84500e+02
790	1.85083e+02	7.90000e+02	3.01242e+00	1.85000e+02
791	1.85580e+02	7.91000e+02	3.01199e+00	1.85500e+02
792	1.86100e+02	7.92000e+02	3.01150e+00	1.86000e+02
793	1.86608e+02	7.93000e+02	3.01103e+00	1.86500e+02
794	1.87108e+02	7.94000e+02	3.01053e+00	1.87000e+02
795	1.87620e+02	7.95000e+02	3.01003e+00	1.87500e+02
796	1.88130e+02	7.96000e+02	3.00948e+00	1.88000e+02
797	1.88644e+02	7.97000e+02	3.00893e+00	1.88500e+02
798	1.89150e+02	7.98000e+02	3.00838e+00	1.89000e+02
799	1.89650e+02	7.99000e+02	3.00782e+00	1.89500e+02
800	1.90171e+02	8.00000e+02	3.00721e+00	1.90000e+02
801	1.90670e+02	8.01000e+02	3.00661e+00	1.90500e+02
802	1.91191e+02	8.02000e+02	3.00600e+00	1.91000e+02
803	1.91694e+02	8.03000e+02	3.00537e+00	1.91500e+02
804	1.92200e+02	8.04000e+02	3.00470e+00	1.92000e+02
805	1.92712e+02	8.05000e+02	3.00403e+00	1.92500e+02
806	1.93226e+02	8.06000e+02	3.00335e+00	1.93000e+02
807	1.93730e+02	8.07000e+02	3.00267e+00	1.93500e+02
808	1.94236e+02	8.08000e+02	3.00193e+00	1.94000e+02
809	1.94743e+02	8.09000e+02	3.00121e+00	1.94500e+02
810	1.95259e+02	8.10000e+02	3.00047e+00	1.95000e+02
811	1.95767e+02	8.11000e+02	2.99974e+00	1.95500e+02
812	1.96277e+02	8.12000e+02	2.99896e+00	1.96000e+02
813	1.96797e+02	8.13000e+02	2.99820e+00	1.96500e+02
814	1.97299e+02	8.14000e+02	2.99743e+00	1.97000e+02
815	1.97815e+02	8.15000e+02	2.99666e+00	1.97500e+02
816	1.98320e+02	8.16000e+02	2.99586e+00	1.98000e+02
817	1.98832e+02	8.17000e+02	2.99507e+00	1.98500e+02
818	1.99343e+02	8.18000e+02	2.99427e+00	1.99000e+02
819	1.99842e+02	8.19000e+02	2.99347e+00	1.99500e+02
820	2.00356e+02	8.20000e+02	2.99263e+00	2.00000e+02
821	2.00870e+02	8.21000e+02	2.99180e+00	2.00500e+02
822	2.01376e+02	8.22000e+02	2.99096e+00	2.01000e+02
823	2.01882e+02	8.23000e+02	2.99011e+00	2.01500e+02
824	2.02397e+02	8.24000e+02	2.98923e+00	2.02000e+02
825	2.02915e+02	8.25000e+02	2.98837e+00	2.02500e+02
826	2.03419e+02	8.26000e+02	2.98750e+00	2.03000e+02
827	2.03925e+02	8.27000e+02	2.98664e+00	2.03500e+02
828	2.04435e+02	8.28000e+02	2.98577e+00	2.04000e+02
829	2.04942e+02	8.29000e+02	2.98490e+00	2.04500e+02
830	2.05456e+02	8.30000e+02	2.98404e+00	2.05000e+02
831	2.05967e+02	8.31000e+02	2.98318e+00	2.05500e+02
832	2.06486e+02	8.32000e+02	2.98232e+00	2.06000e+02
833	2.07004e+02	8.33000e+02	2.98145e+00	2.06500e+02
834	2.07508e+02	8.34000e+02	2.98059e+00	2.07000e+02
835	2.08016e+02	8.35000e+02	2.97973e+00	2.07500e+02
836	2.08534e+02	8.36000e+02	2.97887e+00	2.08000e+02
837	2.09044e+02	8.37000e+02	2.97802e+00	2.08500e+02
838	2.09548e+02	8.38000e+02	2.97717e+00	2.09000e+02
839	2.10066e+02	8.39000e+02	2.97632e+00	2.09500e+02
840	2.10572e+02	8.40000e+02	2.97549e+00	2.10000e+02
841	2.11083e+02	8.41000e+02	2.97465e+00	2.10500e+02
842	2.11593e+02	8.42000e+02	2.97382e+00	2.11000e+02
843	2.12101e+02	8.43000e+02	2.97300e+00	2.11500e+02
844	2.12613e+02	8.44000e+02	2.97219e+00	2.12000e+02
845	2.13120e+02	8.45000e+02	2.97139e+00	2.12500e+02
846	2.13636e+02	8.46000e+02	2.97059e+00	2.13000e+02
847	2.14155e+02	8.47000e+02	2.96981e+00	2.13500e+02
848	2.14657e+02	8.48000e+02	2.96905e+00	2.14000e+02
849	2.15165e+02	8.49000e+02	2.96830e+00	2.14500e+02
850	2.15687e+02	8.50000e+02	2.96756e+00	2.15000e+02
851	2.16185e+02	8.51000e+02	2.96682e+00	2.15500e+02
852	2.16703e+02	8.52000e+02	2.96614e+00	2.16000e+02
853	2.17209e+02	8.53000e+02	2.96544e+00	2.16500e+02
854	2.17713e+02	8.54000e+02	2.96476e+00	2.17000e+02
855	2.18239e+02	8.55000e+02	2.96408e+00	2.17500e+02
856	2.18748e+02	8.56000e+02	2.96345e+00	2.18000e+02
857	2.19247e+02	8.57000e+02	2.96281e+00	2.18500e+02
858	2.19752e+02	8.58000e+02	2.96218e+00	2.19000e+02
859	2.20268e+02	8.59000e+02	2.96156e+00	2.19500e+02
860	2.20776e+02	8.60000e+02	2.96097e+00	2.20000e+02
861	2.21294e+02	8.61000e+02	2.96037e+00	2.20500e+02
862	2.21800e+02	8.62000e+02	2.95977e+00	2.21000e+02
863	2.22295e+02	8.63000e+02	2.95919e+00	2.21500e+02
864	2.22812e+02	8.64000e+02	2.95862e+00	2.22000e+02
865	2.23316e+02	8.65000e+02	2.95806e+00	2.22500e+02
866	2.23833e+02	8.66000e+02	2.95750e+00	2.23000e+02
867	2.24332e+02	8.67000e+02	2.95694e+00	2.23500e+02
868	2.24834e+02	8.68000e+02	2.95641e+00	2.24000e+02
869	2.25343e+02	8.69000e+02	2.95588e+00	2.24500e+02
870	2.25832e+02	8.70000e+02	2.95536e+00	2.25000e+02
871	2.26331e+02	8.71000e+02	2.95484e+00	2.25500e+02
872	2.26827e+02	8.72000e+02	2.95434e+00	2.26000e+02
873	2.27338e+02	8.73000e+02	2.95383e+00	2.26500e+02
874	2.27821e+02	8.74000e+02	2.95332e+00	2.27000e+02
875	2.28334e+02	8.75000e+02	2.95282e+00	2.27500e+02
876	2.28833e+02	8.76000e+02	2.95232e+00	2.28000e+02
877	2.29333e+02	8.77000e+02	2.95183e+00	2.28500e+02
878	2.29841e+02	8.78000e+02	2.95133e+00	2.29000e+02
879	2.30328e+02	8.79000e+02	2.95084e+00	2.29500e+02
880	2.30841e+02	8.80000e+02	2.95036e+00	2.30000e+02
881	2.31345e+02	8.81000e+02	2.94987e+00	2.30500e+02
882	2.31842e+02	8.82000e+02	2.94940e+00	2.31000e+02
883	2.32335e+02	8.83000e+02	2.94892e+00	2.31500e+02
884	2.32847e+02	8.84000e+02	2.94847e+00	2.32000e+02
885	2.33358e+02	8.85000e+02	2.94801e+00	2.32500e+02
886	2.33870e+02	8.86000e+02	2.94756e+00	2.33000e+02
887	2.34363e+02	8.87000e+02	2.94712e+00	2.33500e+02
888	2.34870e+02	8.88000e+02	2.94670e+00	2.34000e+02
889	2.35383e+02	8.89000e+02	2.94627e+00	2.34500e+02
890	2.35886e+02	8.90000e+02	2.94585e+00	2.35000e+02
891	2.36386e+02	8.91000e+02	2.94543e+00	2.35500e+02
892	2.36890e+02	8.92000e+02	2.94503e+00	2.36000e+02
893	2.37391e+02	8.93000e+02	2.94463e+00	2.36500e+02
894	2.37906e+02	8.94000e+02	2.94424e+00	2.37000e+02
895	2.38399e+02	8.95000e+02	2.94385e+00	2.37500e+02
896	2.38906e+02	8.96000e+02	2.94349e+00	2.38000e+02
897	2.39414e+02	8.97000e+02	2.94313e+00	2.38500e+02
898	2.39923e+02	8.98000e+02	2.94277e+00	2.39000e+02
899	2.40422e+02	8.99000e+02	2.94241e+00	2.39500e+02
900	2.40937e+02	9.00000e+02	2.94207e+00	2.40000e+02
901	2.41432e+02	9.01000e+02	2.94172e+00	2.40500e+02
902	2.41937e+02	9.02000e+02	2.94136e+00	2.41000e+02
903	2.42455e+02	9.03000e+02	2.94101e+00	2.41500e+02
904	2.42954e+02	9.04000e+02	2.94065e+00	2.42000e+02
905	2.43458e+02	9.05000e+02	2.94029e+00	2.42500e+02
906	2.43972e+02	9.06000e+02	2.93993e+00	2.43000e+02
907	2.44486e+02	9.07000e+02	2.93958e+00	2.43500e+02
908	2.44983e+02	9.08000e+02	2.93922e+00	2.44000e+02
909	2.45480e+02	9.09000e+02	2.93887e+00	2.44500e+02
910	2.45991e+02	9.10000e+02	2.93852e+00	2.45000e+02
911	2.46506e+02	9.11000e+02	2.93817e+00	2.45500e+02
912	2.47008e+02	9.12000e+02	2.93783e+00	2.46000e+02
913	2.47512e+02	9.13000e+02	2.93749e+00	2.46500e+02
914	2.48009e+02	9.14000e+02	2.93716e+00	2.47000e+02
915	2.48510e+02	9.15000e+02	2.93683e+00	2.47500e+02
916	2.49020e+02	9.16000e+02	2.93651e+00	2.48000e+02
917	2.49522e+02	9.17000e+02	2.93619e+00	2.48500e+02
918	2.50022e+02	9.18000e+02	2.93588e+00	2.49000e+02
919	2.50526e+02	9.19000e+02	2.93556e+00	2.49500e+02
920	2.51034e+02	9.20000e+02	2.93526e+00	2.50000e+02
921	2.51548e+02	9.21000e+02	2.93496e+00	2.50500e+02
922	2.52057e+02	9.22000e+02	2.93466e+00	2.51000e+02
923	2.52559e+02	9.23000e+02	2.93437e+00	2.51500e+02
924	2.53077e+02	9.24000e+02	2.93407e+00	2.52000e+02
925	2.53571e+02	9.25000e+02	2.93377e+00	2.52500e+02
926	2.54087e+02	9.26000e+02	2.93347e+00	2.53000e+02
927	2.54579e+02	9.27000e+02	2.93316e+00	2.53500e+02
928	2.55100e+02	9.28000e+02	2.93285e+00	2.54000e+02
929	2.55603e+02	9.29000e+02	2.93253e+00	2.54500e+02
930	2.56104e+02	9.30000e+02	2.93222e+00	2.55000e+02
931	2.56602e+02	9.31000e+02	2.93190e+00	2.55500e+02
932	2.57112e+02	9.32000e+02	2.93159e+00	2.56000e+02
933	2.57613e+02	9.33000e+02	2.93127e+00	2.56500e+02
934	2.58129e+02	9.34000e+02	2.93095e+00	2.57000e+02
935	2.58621e+02	9.35000e+02	2.93064e+00	2.57500e+02
936	2.59134e+02	9.36000e+02	2.93032e+00	2.58000e+02
937	2.59635e+02	9.37000e+02	2.93000e+00	2.58500e+02
938	2.60149e+02	9.38000e+02	2.92968e+00	2.59000e+02
939	2.60654e+02	9.39000e+02	2.92935e+00	2.59500e+02
940	2.61163e+02	9.40000e+02	2.92902e+00	2.60000e+02
941	2.61651e+02	9.41000e+02	2.92870e+00	2.60500e+02
942	2.62152e+02	9.42000e+02	2.92838e+00	2.61000e+02
943	2.62659e+02	9.43000e+02	2.92806e+00	2.61500e+02
944	2.63165e+02	9.44000e+02	2.92774e+00	2.62000e+02
945	2.63683e+02	9.45000e+02	2.92743e+00	2.62500e+02
946	2.64200e+02	9.46000e+02	2.92712e+00	2.63000e+02
947	2.64680e+02	9.47000e+02	2.92681e+00	2.63500e+02
948	2.65173e+02	9.48000e+02	2.92651e+00	2.64000e+02
949	2.65672e+02	9.49000e+02	2.92621e+00	2.64500e+02
950	2.66181e+02	9.50000e+02	2.92591e+00	2.65000e+02
951	2.66698e+02	9.51000e+02	2.92561e+00	2.65500e+02
952	2.67195e+02	9.52000e+02	2.92530e+00	2.66000e+02
953	2.67703e+02	9.53000e+02	2.92499e+00	2.66500e+02
954	2.68211e+02	9.54000e+02	2.92467e+00	2.67000e+02
955	2.68710e+02	9.55000e+02	2.92435e+00	2.67500e+02
956	2.69223e+02	9.56000e+02	2.92400e+00	2.68000e+02
957	2.69717e+02	9.57000e+02	2.92366e+00	2.68500e+02
958	2.70235e+02	9.58000e+02	2.92332e+00	2.69000e+02
959	2.70739e+02	9.59000e+02	2.92297e+00	2.69500e+02
960	2.71244e+02	9.60000e+02	2.92261e+00	2.70000e+02
961	2.71749e+02	9.61000e+02	2.92226e+00	2.70500e+02
962	2.72269e+02	9.62000e+02	2.92190e+00	2.71000e+02
963	2.72781e+02	9.63000e+02	2.92154e+00	2.71500e+02
964	2.73291e+02	9.64000e+02	2.92117e+00	2.72000e+02
965	2.73792e+02	9.65000e+02	2.92079e+00	2.72500e+02
966	2.74299e+02	9.66000e+02	2.92040e+00	2.73000e+02
967	2.74791e+02	9.67000e+02	2.92001e+00	2.73500e+02
968	2.75307e+02	9.68000e+02	2.91958e+00	2.74000e+02
969	2.75817e+02	9.69000e+02	2.91916e+00	2.74500e+02
970	2.76322e+02	9.70000e+02	2.91873e+00	2.75000e+02
971	2.76844e+02	9.71000e+02	2.91830e+00	2.75500e+02
972	2.77362e+02	9.72000e+02	2.91783e+00	2.76000e+02
973	2.77865e+02	9.73000e+02	2.91736e+00	2.76500e+02
974	2.78364e+02	9.74000e+02	2.91689e+00	2.77000e+02
975	2.78873e+02	9.75000e+02	2.91642e+00	2.77500e+02
976	2.79398e+02	9.76000e+02	2.91592e+00	2.78000e+02
977	2.79914e+02	9.77000e+02	2.91543e+00	2.78500e+02
978	2.80432e+02	9.78000e+02	2.91493e+00	2.79000e+02
979	2.80953e+02	9.79000e+02	2.91443e+00	2.79500e+02
980	2.81466e+02	9.80000e+02	2.91392e+00	2.80000e+02
981	2.81980e+02	9.81000e+02	2.91342e+00	2.80500e+02
982	2.82508e+02	9.82000e+02	2.91291e+00	2.81000e+02
983	2.83002e+02	9.83000e+02	2.91239e+00	2.81500e+02
984	2.83503e+02	9.84000e+02	2.91185e+00	2.82000e+02
985	2.83995e+02	9.85000e+02	2.91130e+00	2.82500e+02
986	2.84524e+02	9.86000e+02	2.91074e+00	2.83000e+02
987	2.85040e+02	9.87000e+02	2.91018e+00	2.83500e+02
988	2.85551e+02	9.88000e+02	2.90957e+00	2.84000e+02
989	2.86080e+02	9.89000e+02	2.90897e+00	2.84500e+02
990	2.86609e+02	9.90000e+02	2.90836e+00	2.85000e+02
991	2.87120e+02	9.91000e+02	2.90775e+00	2.85500e+02
992	2.87614e+02	9.92000e+02	2.90709e+00	2.86000e+02
993	2.88127e+02	9.93000e+02	2.90645e+00	2.86500e+02
994	2.88612e+02	9.94000e+02	2.90579e+00	2.87000e+02
995	2.89106e+02	9.95000e+02	2.90512e+00	2.87500e+02
996	2.89618e+02	9.96000e+02	2.90441e+00	2.88000e+02
997	2.90115e+02	9.97000e+02	2.90371e+00	2.88500e+02
998	2.90628e+02	9.98000e+02	2.90299e+00	2.89000e+02
999	2.91149e+02	9.99000e+02	2.90226e+00	2.89500e+02
1000	2.91636e+02	1.00000e+03	2.90147e+00	2.90000e+02
1001	2.92140e+02	1.00100e+03	2.90068e+00	2.90500e+02
1002	2.92647e+02	1.00200e+03	2.89988e+00	2.91000e+02
1003	2.93135e+02	1.00300e+03	2.89906e+00	2.91500e+02
1004	2.93652e+02	1.00400e+03	2.89817e+00	2.92000e+02
1005	2.94129e+02	1.00500e+03	2.89729e+00	2.92500e+02
1006	2.94646e+02	1.00600e+03	2.89640e+00	2.93000e+02
1007	2.95154e+02	1.00700e+03	2.89549e+00	2.93500e+02
1008	2.95647e+02	1.00800e+03	2.89452e+00	2.94000e+02
1009	2.96163e+02	1.00900e+03	2.89357e+00	2.94500e+02
1010	2.96674e+02	1.01000e+03	2.89259e+00	2.95000e+02
1011	2.97181e+02	1.01100e+03	2.89161e+00	2.95500e+02
1012	2.97688e+02	1.01200e+03	2.89056e+00	2.96000e+02
1013	2.98189e+02	1.01300e+03	2.88952e+00	2.96500e+02
1014	2.98718e+02	1.01400e+03	2.88846e+00	2.97000e+02
1015	2.99217e+02	1.01500e+03	2.88739e+00	2.97500e+02
1016	2.99718e+02	1.01600e+03	2.88624e+00	2.98000e+02
1017	3.00220e+02	1.01700e+03	2.88510e+00	2.98500e+02
1018	3.00707e+02	1.01800e+03	2.88394e+00	2.99000e+02
1019	3.01212e+02	1.01900e+03	2.88277e+00	2.99500e+02
1020	3.01713e+02	1.02000e+03	2.88153e+00	3.00000e+02
1021	3.02216e+02	1.02100e+03	2.88031e+00	3.00500e+02
1022	3.02709e+02	1.02200e+03	2.87907e+00	3.01000e+02
1023	3.03212e+02	1.02300e+03	2.87783e+00	3.01500e+02
1024	3.03729e+02	1.02400e+03	2.87654e+00	3.02000e+02
1025	3.04222e+02	1.02500e+03	2.87526e+00	3.02500e+02
1026	3.04728e+02	1.02600e+03	2.87396e+00	3.03000e+02
1027	3.05233e+02	1.02700e+03	2.87265e+00	3.03500e+02
1028	3.05740e+02	1.02800e+03	2.87128e+00	3.04000e+02
1029	3.06244e+02	1.02900e+03	2.86990e+00	3.04500e+02
1030	3.06760e+02	1.03000e+03	2.86850e+00	3.05000e+02
1031	3.07246e+02	1.03100e+03	2.86709e+00	3.05500e+02
1032	3.07753e+02	1.03200e+03	2.86559e+00	3.06000e+02
1033	3.08250e+02	1.03300e+03	2.86411e+00	3.06500e+02
1034	3.08763e+02	1.03400e+03	2.86261e+00	3.07000e+02
1035	3.09257e+02	1.03500e+03	2.86111e+00	3.07500e+02
1036	3.09750e+02	1.03600e+03	2.85954e+00	3.08000e+02
1037	3.10259e+02	1.03700e+03	2.85800e+00	3.08500e+02
1038	3.10755e+02	1.03800e+03	2.85644e+00	3.09000e+02
1039	3.11275e+02	1.03900e+03	2.85488e+00	3.09500e+02
1040	3.11781e+02	1.04000e+03	2.85327e+00	3.10000e+02
1041	3.12280e+02	1.04100e+03	2.85167e+00	3.10500e+02
1042	3.12779e+02	1.04200e+03	2.85005e+00	3.11000e+02
1043	3.13272e+02	1.04300e+03	2.84842e+00	3.11500e+02
1044	3.13772e+02	1.04400e+03	2.84674e+00	3.12000e+02
1045	3.14287e+02	1.04500e+03	2.84507e+00	3.12500e+02
1046	3.14801e+02	1.04600e+03	2.84339e+00	3.13000e+02
1047	3.15312e+02	1.04700e+03	2.84171e+00	3.13500e+02
1048	3.15825e+02	1.04800e+03	2.83999e+00	3.14000e+02
1049	3.16329e+02	1.04900e+03	2.83828e+00	3.14500e+02
1050	3.16826e+02	1.05000e+03	2.83657e+00	3.15000e+02
1051	3.17329e+02	1.05100e+03	2.83486e+00	3.15500e+02
1052	3.17829e+02	1.05200e+03	2.83313e+00	3.16000e+02
1053	3.18344e+02	1.05300e+03	2.83140e+00	3.16500e+02
1054	3.18851e+02	1.05400e+03	2.82968e+00	3.17000e+02
1055	3.19350e+02	1.05500e+03	2.82796e+00	3.17500e+02
1056	3.19869e+02	1.05600e+03	2.82622e+00	3.18000e+02
1057	3.20379e+02	1.05700e+03	2.82449e+00	3.18500e+02
1058	3.20876e+02	1.05800e+03	2.82276e+00	3.19000e+02
1059	3.21384e+02	1.05900e+03	2.82103e+00	3.19500e+02
1060	3.21892e+02	1.06000e+03	2.81930e+00	3.20000e+02
1061	3.22406e+02	1.06100e+03	2.81757e+00	3.20500e+02
1062	3.22904e+02	1.06200e+03	2.81585e+00	3.21000e+02
1063	3.23418e+02	1.06300e+03	2.81412e+00	3.21500e+02
1064	3.23914e+02	1.06400e+03	2.81241e+00	3.22000e+02
1065	3.24438e+02	1.06500e+03	2.81069e+00	3.22500e+02
1066	3.24961e+02	1.06600e+03	2.80897e+00	3.23000e+02
1067	3.25503e+02	1.06700e+03	2.80725e+00	3.23500e+02
1068	3.26025e+02	1.06800e+03	2.80552e+00	3.24000e+02
1069	3.26528e+02	1.06900e+03	2.80379e+00	3.24500e+02
1070	3.27054e+02	1.07000e+03	2.80203e+00	3.25000e+02
1071	3.27583e+02	1.07100e+03	2.80027e+00	3.25500e+02
1072	3.28079e+02	1.07200e+03	2.79846e+00	3.26000e+02
1073	3.28611e+02	1.07300e+03	2.79665e+00	3.26500e+02
1074	3.29138e+02	1.07400e+03	2.79482e+00	3.27000e+02
1075	3.29657e+02	1.07500e+03	2.79298e+00	3.27500e+02
1076	3.30168e+02	1.07600e+03	2.79106e+00	3.28000e+02
1077	3.30673e+02	1.07700e+03	2.78915e+00	3.28500e+02
1078	3.31172e+02	1.07800e+03	2.78721e+00	3.29000e+02
1079	3.31702e+02	1.07900e+03	2.78525e+00	3.29500e+02
1080	3.32205e+02	1.08000e+03	2.78319e+00	3.30000e+02
1081	3.32708e+02	1.08100e+03	2.78113e+00	3.30500e+02
1082	3.33221e+02	1.08200e+03	2.77902e+00	3.31000e+02
1083	3.33719e+02	1.08300e+03	2.77689e+00	3.31500e+02
1084	3.34204e+02	1.08400e+03	2.77459e+00	3.32000e+02
1085	3.34715e+02	1.08500e+03	2.77230e+00	3.32500e+02
1086	3.35215e+02	1.08600e+03	2.76997e+00	3.33000e+02
1087	3.35708e+02	1.08700e+03	2.76760e+00	3.33500e+02
1088	3.36207e+02	1.08800e+03	2.76504e+00	3.34000e+02
1089	3.36722e+02	1.08900e+03	2.76251e+00	3.34500e+02
1090	3.37217e+02	1.09000e+03	2.75993e+00	3.35000e+02
1091	3.37725e+02	1.09100e+03	2.75731e+00	3.35500e+02
1092	3.38233e+02	1.09200e+03	2.75448e+00	3.36000e+02
1093	3.38743e+02	1.09300e+03	2.75166e+00	3.36500e+02
1094	3.39241e+02	1.09400e+03	2.74879e+00	3.37000e+02
1095	3.39747e+02	1.09500e+03	2.74586e+00	3.37500e+02
1096	3.40264e+02	1.09600e+03	2.74267e+00	3.38000e+02
1097	3.40764e+02	1.09700e+03	2.73950e+00	3.38500e+02
1098	3.41265e+02	1.09800e+03	2.73626e+00	3.39000e+02
1099	3.41746e+02	1.09900e+03	2.73297e+00	3.39500e+02
1100	3.42262e+02	1.10000e+03	2.72935e+00	3.40000e+02
1101	3.42761e+02	1.10100e+03	2.72576e+00	3.40500e+02
1102	3.43283e+02	1.10200e+03	2.72209e+00	3.41000e+02
1103	3.43798e+02	1.10300e+03	2.71835e+00	3.41500e+02
1104	3.44295e+02	1.10400e+03	2.71425e+00	3.42000e+02
1105	3.44791e+02	1.10500e+03	2.71018e+00	3.42500e+02
1106	3.45304e+02	1.10600e+03	2.70602e+00	3.43000e+02
1107	3.45812e+02	1.10700e+03	2.70177e+00	3.43500e+02
1108	3.46319e+02	1.10800e+03	2.69709e+00	3.44000e+02
1109	3.46810e+02	1.10900e+03	2.69246e+00	3.44500e+02
1110	3.47300e+02	1.11000e+03	2.68771e+00	3.45000e+02
1111	3.47792e+02	1.11100e+03	2.68286e+00	3.45500e+02
1112	3.48301e+02	1.11200e+03	2.67751e+00	3.46000e+02
1113	3.48791e+02	1.11300e+03	2.67222e+00	3.46500e+02
1114	3.49308e+02	1.11400e+03	2.66681e+00	3.47000e+02
1115	3.49802e+02	1.11500e+03	2.66129e+00	3.47500e+02
1116	3.50306e+02	1.11600e+03	2.65520e+00	3.48000e+02
1117	3.50799e+02	1.11700e+03	2.64917e+00	3.48500e+02
1118	3.51295e+02	1.11800e+03	2.64298e+00	3.49000e+02
1119	3.51798e+02	1.11900e+03	2.63666e+00	3.49500e+02
1120	3.52295e+02	1.12000e+03	2.62968e+00	3.50000e+02
1121	3.52796e+02	1.12100e+03	2.62277e+00	3.50500e+02
1122	3.53282e+02	1.12200e+03	2.61569e+00	3.51000e+02
1123	3.53773e+02	1.12300e+03	2.60847e+00	3.51500e+02
1124	3.54274e+02	1.12400e+03	2.60051e+00	3.52000e+02
1125	3.54767e+02	1.12500e+03	2.59264e+00	3.52500e+02
1126	3.55263e+02	1.12600e+03	2.58461e+00	3.53000e+02
1127	3.55762e+02	1.12700e+03	2.57642e+00	3.53500e+02
1128	3.56260e+02	1.12800e+03	2.56747e+00	3.54000e+02
1129	3.56742e+02	1.12900e+03	2.55860e+00	3.54500e+02
1130	3.57235e+02	1.13000e+03	2.54954e+00	3.55000e+02
1131	3.57721e+02	1.13100e+03	2.54033e+00	3.55500e+02
1132	3.58224e+02	1.13200e+03	2.53026e+00	3.56000e+02
1133	3.58719e+02	1.13300e+03	2.52029e+00	3.56500e+02
1134	3.59209e+02	1.13400e+03	2.51011e+00	3.57000e+02
1135	3.59702e+02	1.13500e+03	2.49974e+00	3.57500e+02
1136	3.60198e+02	1.13600e+03	2.48842e+00	3.58000e+02
1137	3.60696e+02	1.13700e+03	2.47721e+00	3.58500e+02
1138	3.61176e+02	1.13800e+03	2.46579e+00	3.59000e+02
1139	3.61679e+02	1.13900e+03	2.45416e+00	3.59500e+02
1140	3.62195e+02	1.14000e+03	2.44152e+00	3.60000e+02
1141	3.62681e+02	1.14100e+03	2.42900e+00	3.60500e+02
1142	3.63172e+02	1.14200e+03	2.41625e+00	3.61000e+02
1143	3.63697e+02	1.14300e+03	2.40330e+00	3.61500e+02
1144	3.64185e+02	1.14400e+03	2.38927e+00	3.62000e+02
1145	3.64680e+02	1.14500e+03	2.37539e+00	3.62500e+02
1146	3.65177e+02	1.14600e+03	2.36128e+00	3.63000e+02
1147	3.65690e+02	1.14700e+03	2.34696e+00	3.63500e+02
1148	3.66176e+02	1.14800e+03	2.33155e+00	3.64000e+02
1149	3.66660e+02	1.14900e+03	2.31629e+00	3.64500e+02
1150	3.67155e+02	1.15000e+03	2.30081e+00	3.65000e+02
1151	3.67639e+02	1.15100e+03	2.28511e+00	3.65500e+02
1152	3.68133e+02	1.15200e+03	2.26832e+00	3.66000e+02
1153	3.68630e+02	1.15300e+03	2.25166e+00	3.66500e+02
1154	3.69124e+02	1.15400e+03	2.23476e+00	3.67000e+02
1155	3.69624e+02	1.15500e+03	2.21764e+00	3.67500e+02
1156	3.70129e+02	1.15600e+03	2.19938e+00	3.68000e+02
1157	3.70638e+02	1.15700e+03	2.18127e+00	3.68500e+02
1158	3.71111e+02	1.15800e+03	2.16292e+00	3.69000e+02
1159	3.71628e+02	1.15900e+03	2.14435e+00	3.69500e+02
1160	3.72138e+02	1.16000e+03	2.12463e+00	3.70000e+02
1161	3.72651e+02	1.16100e+03	2.10507e+00	3.70500e+02
1162	3.73154e+02	1.16200e+03	2.08527e+00	3.71000e+02
1163	3.73639e+02	1.16300e+03	2.06525e+00	3.71500e+02
1164	3.74198e+02	1.16400e+03	2.04413e+00	3.72000e+02
1165	3.74677e+02	1.16500e+03	2.02316e+00	3.72500e+02
1166	3.75185e+02	1.16600e+03	2.00197e+00	3.73000e+02
1167	3.75651e+02	1.16700e+03	1.98058e+00	3.73500e+02
1168	3.76168e+02	1.16800e+03	1.95814e+00	3.74000e+02
1169	3.76668e+02	1.16900e+03	1.93585e+00	3.74500e+02
1170	3.77133e+02	1.17000e+03	1.91335e+00	3.75000e+02
1171	3.77592e+02	1.17100e+03	1.89065e+00	3.75500e+02
1172	3.78075e+02	1.17200e+03	1.86699e+00	3.76000e+02
1173	3.78552e+02	1.17300e+03	1.84351e+00	3.76500e+02
1174	3.79051e+02	1.17400e+03	1.81990e+00	3.77000e+02
1175	3.79545e+02	1.17500e+03	1.79614e+00	3.77500e+02
1176	3.80040e+02	1.17600e+03	1.77163e+00	3.78000e+02
1177	3.80540e+02	1.17700e+03	1.74729e+00	3.78500e+02
1178	3.81031e+02	1.17800e+03	1.72285e+00	3.79000e+02
1179	3.81538e+02	1.17900e+03	1.69830e+00	3.79500e+02
1180	3.82036e+02	1.18000e+03	1.67328e+00	3.80000e+02
1181	3.82517e+02	1.18100e+03	1.64839e+00	3.80500e+02
1182	3.83029e+02	1.18200e+03	1.62342e+00	3.81000e+02
1183	3.83524e+02	1.18300e+03	1.59835e+00	3.81500e+02
1184	3.84019e+02	1.18400e+03	1.57278e+00	3.82000e+02
1185	3.84517e+02	1.18500e+03	1.54713e+00	3.82500e+02
1186	3.85020e+02	1.18600e+03	1.52123e+00	3.83000e+02
1187	3.85518e+02	1.18700e+03	1.49513e+00	3.83500e+02
1188	3.86050e+02	1.18800e+03	1.46813e+00	3.84000e+02
1189	3.86557e+02	1.18900e+03	1.44125e+00	3.84500e+02
1190	3.87070e+02	1.19000e+03	1.41420e+00	3.85000e+02
1191	3.87571e+02	1.19100e+03	1.38699e+00	3.85500e+02
1192	3.88077e+02	1.19200e+03	1.35887e+00	3.86000e+02
1193	3.88596e+02	1.19300e+03	1.33094e+00	3.86500e+02
1194	3.89113e+02	1.19400e+03	1.30292e+00	3.87000e+02
1195	3.89641e+02	1.19500e+03	1.27479e+00	3.87500e+02
1196	3.90129e+02	1.19600e+03	1.24619e+00	3.88000e+02
1197	3.90653e+02	1.19700e+03	1.21786e+00	3.88500e+02
1198	3.91176e+02	1.19800e+03	1.18964e+00	3.89000e+02
1199	3.91694e+02	1.19900e+03	1.16150e+00	3.89500e+02
1200	3.92205e+02	1.20000e+03	1.13363e+00	3.90000e+02
1201	3.92734e+02	1.20100e+03	1.10591e+00	3.90500e+02
1202	3.93268e+02	1.20200e+03	1.07840e+00	3.91000e+02
1203	3.93772e+02	1.20300e+03	1.05106e+00	3.91500e+02
1204	3.94297e+02	1.20400e+03	1.02454e+00	3.92000e+02
1205	3.94818e+02	1.20500e+03	9.97922e-01	3.92500e+02
1206	3.95343e+02	1.20600e+03	9.71502e-01	3.93000e+02
1207	3.95891e+02	1.20700e+03	9.45266e-01	3.93500e+02
1208	3.96431e+02	1.20800e+03	9.19943e-01	3.94000e+02
1209	3.96982e+02	1.20900e+03	8.94541e-01	3.94500e+02
1210	3.97512e+02	1.21000e+03	8.69369e-01	3.95000e+02
1211	3.98037e+02	1.21100e+03	8.44402e-01	3.95500e+02
1212	3.98568e+02	1.21200e+03	8.20480e-01	3.96000e+02
1213	3.99093e+02	1.21300e+03	7.96441e-01	3.96500e+02
1214	3.99643e+02	1.21400e+03	7.72650e-01	3.97000e+02
1215	4.00196e+02	1.21500e+03	7.49087e-01	3.97500e+02
1216	4.00726e+02	1.21600e+03	7.26687e-01	3.98000e+02
1217	4.01266e+02	1.21700e+03	7.04173e-01	3.98500e+02
1218	4.01783e+02	1.21800e+03	6.81942e-01	3.99000e+02
1219	4.02302e+02	1.21900e+03	6.59962e-01	3.99500e+02
1220	4.02825e+02	1.22000e+03	6.39278e-01	4.00000e+02
1221	4.03344e+02	1.22100e+03	6.18439e-01	4.00500e+02
1222	4.03843e+02	1.22200e+03	5.97889e-01	4.01000e+02
1223	4.04355e+02	1.22300e+03	5.77604e-01	4.01500e+02
1224	4.04867e+02	1.22400e+03	5.58682e-01	4.02000e+02
1225	4.05409e+02	1.22500e+03	5.39599e-01	4.02500e+02
1226	4.05914e+02	1.22600e+03	5.20821e-01	4.03000e+02
1227	4.06442e+02	1.22700e+03	5.02320e-01	4.03500e+02
1228	4.06975e+02	1.22800e+03	4.85230e-01	4.04000e+02
1229	4.07513e+02	1.22900e+03	4.67950e-01	4.04500e+02
1230	4.08029e+02	1.23000e+03	4.50968e-01	4.05000e+02
1231	4.08522e+02	1.23100e+03	4.34262e-01	4.05500e+02
1232	4.09019e+02	1.23200e+03	4.18978e-01	4.06000e+02
1233	4.09529e+02	1.23300e+03	4.03503e-01	4.06500e+02
1234	4.10054e+02	1.23400e+03	3.88321e-01	4.07000e+02
1235	4.10566e+02	1.23500e+03	3.73408e-01	4.07500e+02
1236	4.11064e+02	1.23600e+03	3.59887e-01	4.08000e+02
1237	4.11570e+02	1.23700e+03	3.46153e-01	4.08500e+02
1238	4.12072e+02	1.23800e+03	3.32681e-01	4.09000e+02
1239	4.12595e+02	1.23900e+03	3.19457e-01	4.09500e+02
1240	4.13097e+02	1.24000e+03	3.07529e-01	4.10000e+02
1241	4.13599e+02	1.24100e+03	2.95411e-01	4.10500e+02
1242	4.14097e+02	1.24200e+03	2.83548e-01	4.11000e+02
1243	4.14611e+02	1.24300e+03	2.71924e-01	4.11500e+02
1244	4.15128e+02	1.24400e+03	2.61512e-01	4.12000e+02
1245	4.15637e+02	1.24500e+03	2.50920e-01	4.12500e+02
1246	4.16153e+02	1.24600e+03	2.40560e-01	4.13000e+02
1247	4.16670e+02	1.24700e+03	2.30420e-01	4.13500e+02
1248	4.17194e+02	1.24800e+03	2.21409e-01	4.14000e+02
1249	4.17688e+02	1.24900e+03	2.12217e-01	4.14500e+02
1250	4.18220e+02	1.25000e+03	2.03236e-01	4.15000e+02
1251	4.18760e+02	1.25100e+03	1.94456e-01	4.15500e+02
1252	4.19262e+02	1.25200e+03	1.86708e-01	4.16000e+02
1253	4.19778e+02	1.25300e+03	1.78803e-01	4.16500e+02
1254	4.20284e+02	1.25400e+03	1.71092e-01	4.17000e+02
1255	4.20805e+02	1.25500e+03	1.63565e-01	4.17500e+02
1256	4.21324e+02	1.25600e+03	1.56980e-01	4.18000e+02
1257	4.21827e+02	1.25700e+03	1.50237e-01	4.18500e+02
1258	4.22329e+02	1.25800e+03	1.43664e-01	4.19000e+02
1259	4.22823e+02	1.25900e+03	1.37253e-01	4.19500e+02
1260	4.23321e+02	1.26000e+03	1.31669e-01	4.20000e+02
1261	4.23828e+02	1.26100e+03	1.25951e-01	4.20500e+02
1262	4.24350e+02	1.26200e+03	1.20383e-01	4.21000e+02
1263	4.24856e+02	1.26300e+03	1.14957e-01	4.21500e+02
1264	4.25352e+02	1.26400e+03	1.10261e-01	4.22000e+02
1265	4.25845e+02	1.26500e+03	1.05440e-01	4.22500e+02
1266	4.26335e+02	1.26600e+03	1.00746e-01	4.23000e+02
1267	4.26807e+02	1.26700e+03	9.61756e-02	4.23500e+02
1268	4.27319e+02	1.26800e+03	9.22375e-02	4.24000e+02
1269	4.27808e+02	1.26900e+03	8.81899e-02	4.24500e+02
1270	4.28309e+02	1.27000e+03	8.42506e-02	4.25000e+02
1271	4.28805e+02	1.27100e+03	8.04168e-02	4.25500e+02
1272	4.29297e+02	1.27200e+03	7.71261e-02	4.26000e+02
1273	4.29787e+02	1.27300e+03	7.37407e-02	4.26500e+02
1274	4.30280e+02	1.27400e+03	7.04482e-02	4.27000e+02
1275	4.30776e+02	1.27500e+03	6.72458e-02	4.27500e+02
1276	4.31263e+02	1.27600e+03	6.45092e-02	4.28000e+02
1277	4.31749e+02	1.27700e+03	6.16960e-02	4.28500e+02
1278	4.32246e+02	1.27800e+03	5.89639e-02	4.29000e+02
1279	4.32747e+02	1.27900e+03	5.63089e-02	4.29500e+02
1280	4.33249e+02	1.28000e+03	5.40508e-02	4.30000e+02
1281	4.33748e+02	1.28100e+03	5.17172e-02	4.30500e+02
1282	4.34244e+02	1.28200e+03	4.94460e-02	4.31000e+02
1283	4.34742e+02	1.28300e+03	4.72370e-02	4.31500e+02
1284	4.35233e+02	1.28400e+03	4.53506e-02	4.32000e+02
1285	4.35748e+02	1.28500e+03	4.34074e-02	4.32500e+02
1286	4.36243e+02	1.28600e+03	4.15192e-02	4.33000e+02
1287	4.36739e+02	1.28700e+03	3.96844e-02	4.33500e+02
1288	4.37226e+02	1.28800e+03	3.81199e-02	4.34000e+02
1289	4.37714e+02	1.28900e+03	3.65041e-02	4.34500e+02
1290	4.38207e+02	1.29000e+03	3.49317e-02	4.35000e+02
1291	4.38708e+02	1.29100e+03	3.34031e-02	4.35500e+02
1292	4.39199e+02	1.29200e+03	3.20922e-02	4.36000e+02
1293	4.39687e+02	1.29300e+03	3.07364e-02	4.36500e+02
1294	4.40169e+02	1.29400e+03	2.94105e-02	4.37000e+02
1295	4.40652e+02	1.29500e+03	2.81157e-02	4.37500e+02
1296	4.41151e+02	1.29600e+03	2.69861e-02	4.38000e+02
1297	4.41635e+02	1.29700e+03	2.58243e-02	4.38500e+02
1298	4.42124e+02	1.29800e+03	2.46874e-02	4.39000e+02
1299	4.42609e+02	1.29900e+03	2.35755e-02	4.39500e+02
1300	4.43096e+02	1.30000e+03	2.25909e-02	4.40000e+02
1301	4.43574e+02	1.30100e+03	2.15848e-02	4.40500e+02
1302	4.44055e+02	1.30200e+03	2.06028e-02	4.41000e+02
1303	4.44544e+02	1.30300e+03	1.96434e-02	4.41500e+02
1304	4.45042e+02	1.30400e+03	1.87973e-02	4.42000e+02
1305	4.45536e+02	1.30500e+03	1.79343e-02	4.42500e+02
1306	4.46045e+02	1.30600e+03	1.70932e-02	4.43000e+02
1307	4.46564e+02	1.30700e+03	1.62732e-02	4.43500e+02
1308	4.47053e+02	1.30800e+03	1.55635e-02	4.44000e+02
1309	4.47550e+02	1.30900e+03	1.48362e-02	4.44500e+02
1310	4.48048e+02	1.31000e+03	1.41271e-02	4.45000e+02
1311	4.48544e+02	1.31100e+03	1.34355e-02	4.45500e+02
1312	4.49035e+02	1.31200e+03	1.28401e-02	4.46000e+02
1313	4.49520e+02	1.31300e+03	1.22254e-02	4.46500e+02
1314	4.50018e+02	1.31400e+03	1.16244e-02	4.47000e+02
1315	4.50509e+02	1.31500e+03	1.10379e-02	4.47500e+02
1316	4.51000e+02	1.31600e+03	1.05289e-02	4.48000e+02
1317	4.51499e+02	1.31700e+03	1.00110e-02	4.48500e+02
1318	4.51986e+02	1.31800e+03	9.51113e-03	4.49000e+02
1319	4.52485e+02	1.31900e+03	9.02744e-03	4.49500e+02
1320	4.52992e+02	1.32000e+03	8.62475e-03	4.50000e+02
1321	4.53495e+02	1.32100e+03	8.21440e-03	4.50500e+02
1322	4.53995e+02	1.32200e+03	7.82351e-03	4.51000e+02
1323	4.54494e+02	1.32300e+03	7.44979e-03	4.51500e+02
1324	4.54987e+02	1.32400e+03	7.16052e-03	4.52000e+02
1325	4.55475e+02	1.32500e+03	6.85536e-03	4.52500e+02
1326	4.55973e+02	1.32600e+03	6.56505e-03	4.53000e+02
1327	4.56469e+02	1.32700e+03	6.28954e-03	4.53500e+02
1328	4.56967e+02	1.32800e+03	6.08621e-03	4.54000e+02
1329	4.57460e+02	1.32900e+03	5.86897e-03	4.54500e+02
1330	4.57959e+02	1.33000e+03	5.66143e-03	4.55000e+02
1331	4.58449e+02	1.33100e+03	5.46344e-03	4.55500e+02
1332	4.58956e+02	1.33200e+03	5.32478e-03	4.56000e+02
1333	4.59468e+02	1.33300e+03	5.17600e-03	4.56500e+02
1334	4.59968e+02	1.33400e+03	5.03734e-03	4.57000e+02
1335	4.60465e+02	1.33500e+03	4.90852e-03	4.57500e+02
1336	4.60992e+02	1.33600e+03	4.82883e-03	4.58000e+02
1337	4.61480e+02	1.33700e+03	4.74204e-03	4.58500e+02
1338	4.61968e+02	1.33800e+03	4.66459e-03	4.59000e+02
1339	4.62460e+02	1.33900e+03	4.59556e-03	4.59500e+02
1340	4.62966e+02	1.34000e+03	4.56779e-03	4.60000e+02
1341	4.63453e+02	1.34100e+03	4.52841e-03	4.60500e+02
1342	4.63958e+02	1.34200e+03	4.49117e-03	4.61000e+02
1343	4.64456e+02	1.34300e+03	4.45676e-03	4.61500e+02
1344	4.64947e+02	1.34400e+03	4.43572e-03	4.62000e+02
1345	4.65442e+02	1.34500e+03	4.40403e-03	4.62500e+02
1346	4.65935e+02	1.34600e+03	4.36928e-03	4.63000e+02
1347	4.66438e+02	1.34700e+03	4.33322e-03	4.63500e+02
1348	4.66944e+02	1.34800e+03	4.28670e-03	4.64000e+02
1349	4.67430e+02	1.34900e+03	4.24351e-03	4.64500e+02
1350	4.67913e+02	1.35000e+03	4.20269e-03	4.65000e+02
1351	4.68389e+02	1.35100e+03	4.16391e-03	4.65500e+02
1352	4.68882e+02	1.35200e+03	4.12839e-03	4.66000e+02
1353	4.69365e+02	1.35300e+03	4.09579e-03	4.66500e+02
1354	4.69863e+02	1.35400e+03	4.06334e-03	4.67000e+02
1355	4.70343e+02	1.35500e+03	4.03054e-03	4.67500e+02
1356	4.70853e+02	1.35600e+03	4.00561e-03	4.68000e+02
1357	4.71342e+02	1.35700e+03	3.97340e-03	4.68500e+02
1358	4.71828e+02	1.35800e+03	3.93771e-03	4.69000e+02
1359	4.72310e+02	1.35900e+03	3.90022e-03	4.69500e+02
1360	4.72853e+02	1.36000e+03	3.85604e-03	4.70000e+02
1361	4.73378e+02	1.36100e+03	3.81712e-03	4.70500e+02
1362	4.73855e+02	1.36200e+03	3.78034e-03	4.71000e+02
1363	4.74338e+02	1.36300e+03	3.74461e-03	4.71500e+02
1364	4.74828e+02	1.36400e+03	3.71394e-03	4.72000e+02
1365	4.75324e+02	1.36500e+03	3.68587e-03	4.72500e+02
1366	4.75801e+02	1.36600e+03	3.66227e-03	4.73000e+02
1367	4.76284e+02	1.36700e+03	3.64184e-03	4.73500e+02
1368	4.76764e+02	1.36800e+03	3.63285e-03	4.74000e+02
1369	4.77252e+02	1.36900e+03	3.61990e-03	4.74500e+02
1370	4.77754e+02	1.37000e+03	3.60730e-03	4.75000e+02
1371	4.78245e+02	1.37100e+03	3.59573e-03	4.75500e+02
1372	4.78754e+02	1.37200e+03	3.58917e-03	4.76000e+02
1373	4.79259e+02	1.37300e+03	3.57787e-03	4.76500e+02
1374	4.79750e+02	1.37400e+03	3.56372e-03	4.77000e+02
1375	4.80246e+02	1.37500e+03	3.54799e-03	4.77500e+02
1376	4.80722e+02	1.37600e+03	3.52434e-03	4.78000e+02
1377	4.81211e+02	1.37700e+03	3.49980e-03	4.78500e+02
1378	4.81701e+02	1.37800e+03	3.47305e-03	4.79000e+02
1379	4.82201e+02	1.37900e+03	3.44512e-03	4.79500e+02
1380	4.82704e+02	1.38000e+03	3.41125e-03	4.80000e+02
1381	4.83183e+02	1.38100e+03	3.38295e-03	4.80500e+02
1382	4.83689e+02	1.38200e+03	3.35609e-03	4.81000e+02
1383	4.84184e+02	1.38300e+03	3.32985e-03	4.81500e+02
1384	4.84676e+02	1.38400e+03	3.30974e-03	4.82000e+02
1385	4.85155e+02	1.38500e+03	3.28713e-03	4.82500e+02
1386	4.85654e+02	1.38600e+03	3.26325e-03	4.83000e+02
1387	4.86127e+02	1.38700e+03	3.23859e-03	4.83500e+02
1388	4.86592e+02	1.38800e+03	3.21313e-03	4.84000e+02
1389	4.87098e+02	1.38900e+03	3.18805e-03	4.84500e+02
1390	4.87577e+02	1.39000e+03	3.16464e-03	4.85000e+02
1391	4.88048e+02	1.39100e+03	3.14248e-03	4.85500e+02
1392	4.88522e+02	1.39200e+03	3.12642e-03	4.86000e+02
1393	4.89016e+02	1.39300e+03	3.11561e-03	4.86500e+02
1394	4.89496e+02	1.39400e+03	3.11004e-03	4.87000e+02
1395	4.89979e+02	1.39500e+03	3.10821e-03	4.87500e+02
1396	4.90473e+02	1.39600e+03	3.12538e-03	4.88000e+02
1397	4.90962e+02	1.39700e+03	3.13442e-03	4.88500e+02
1398	4.91455e+02	1.39800e+03	3.14052e-03	4.89000e+02
1399	4.91950e+02	1.39900e+03	3.14514e-03	4.89500e+02
1400	4.92445e+02	1.40000e+03	3.14327e-03	4.90000e+02
1401	4.92943e+02	1.40100e+03	3.13211e-03	4.90500e+02
1402	4.93419e+02	1.40200e+03	3.11220e-03	4.91000e+02
1403	4.93891e+02	1.40300e+03	3.08671e-03	4.91500e+02
1404	4.94367e+02	1.40400e+03	3.03182e-03	4.92000e+02
1405	4.94849e+02	1.40500e+03	2.98777e-03	4.92500e+02
1406	4.95335e+02	1.40600e+03	2.94614e-03	4.93000e+02
1407	4.95814e+02	1.40700e+03	2.90503e-03	4.93500e+02
1408	4.96305e+02	1.40800e+03	2.86175e-03	4.94000e+02
1409	4.96774e+02	1.40900e+03	2.82643e-03	4.94500e+02
1410	4.97253e+02	1.41000e+03	2.79432e-03	4.95000e+02
1411	4.97746e+02	1.41100e+03	2.76365e-03	4.95500e+02
1412	4.98232e+02	1.41200e+03	2.75288e-03	4.96000e+02
1413	4.98717e+02	1.41300e+03	2.73790e-03	4.96500e+02
1414	4.99193e+02	1.41400e+03	2.72497e-03	4.97000e+02
1415	4.99694e+02	1.41500e+03	2.71427e-03	4.97500e+02
1416	5.00177e+02	1.41600e+03	2.71278e-03	4.98000e+02
1417	5.00674e+02	1.41700e+03	2.70936e-03	4.98500e+02
1418	5.01155e+02	1.41800e+03	2.70686e-03	4.99000e+02
1419	5.01637e+02	1.41900e+03	2.70440e-03	4.99500e+02
1420	5.02126e+02	1.42000e+03	2.70506e-03	5.00000e+02
1421	5.02633e+02	1.42100e+03	2.70293e-03	5.00500e+02
1422	5.03121e+02	1.42200e+03	2.69820e-03	5.01000e+02
1423	5.03607e+02	1.42300e+03	2.69120e-03	5.01500e+02
1424	5.04099e+02	1.42400e+03	2.67289e-03	5.02000e+02
1425	5.04585e+02	1.42500e+03	2.65364e-03	5.02500e+02
1426	5.05080e+02	1.42600e+03	2.63337e-03	5.03000e+02
1427	5.05559e+02	1.42700e+03	2.61238e-03	5.03500e+02
1428	5.06052e+02	1.42800e+03	2.58209e-03	5.04000e+02
1429	5.06545e+02	1.42900e+03	2.56246e-03	5.04500e+02
1430	5.07036e+02	1.43000e+03	2.54949e-03	5.05000e+02
1431	5.07535e+02	1.43100e+03	2.54035e-03	5.05500e+02
1432	5.08024e+02	1.43200e+03	2.55201e-03	5.06000e+02
1433	5.08496e+02	1.43300e+03	2.56257e-03	5.06500e+02
1434	5.08994e+02	1.43400e+03	2.57591e-03	5.07000e+02
1435	5.09478e+02	1.43500e+03	2.59108e-03	5.07500e+02
1436	5.09955e+02	1.43600e+03	2.61784e-03	5.08000e+02
1437	5.10451e+02	1.43700e+03	2.63085e-03	5.08500e+02
1438	5.10947e+02	1.43800e+03	2.63741e-03	5.09000e+02
1439	5.11428e+02	1.43900e+03	2.64138e-03	5.09500e+02
1440	5.11912e+02	1.44000e+03	2.62649e-03	5.10000e+02
1441	5.12385e+02	1.44100e+03	2.61445e-03	5.10500e+02
1442	5.12896e+02	1.44200e+03	2.59890e-03	5.11000e+02
1443	5.13366e+02	1.44300e+03	2.58021e-03	5.11500e+02
1444	5.13849e+02	1.44400e+03	2.54347e-03	5.12000e+02
1445	5.14337e+02	1.44500e+03	2.50603e-03	5.12500e+02
1446	5.14823e+02	1.44600e+03	2.46104e-03	5.13000e+02
1447	5.15314e+02	1.44700e+03	2.41053e-03	5.13500e+02
1448	5.15795e+02	1.44800e+03	2.33343e-03	5.14000e+02
1449	5.16287e+02	1.44900e+03	2.26495e-03	5.14500e+02
1450	5.16770e+02	1.45000e+03	2.20317e-03	5.15000e+02
1451	5.17261e+02	1.45100e+03	2.14660e-03	5.15500e+02
1452	5.17739e+02	1.45200e+03	2.11408e-03	5.16000e+02
1453	5.18226e+02	1.45300e+03	2.10772e-03	5.16500e+02
1454	5.18715e+02	1.45400e+03	2.12370e-03	5.17000e+02
1455	5.19208e+02	1.45500e+03	2.15362e-03	5.17500e+02
1456	5.19682e+02	1.45600e+03	2.27136e-03	5.18000e+02
1457	5.20165e+02	1.45700e+03	2.35662e-03	5.18500e+02
1458	5.20638e+02	1.45800e+03	2.43556e-03	5.19000e+02
1459	5.21129e+02	1.45900e+03	2.51251e-03	5.19500e+02
1460	5.21609e+02	1.46000e+03	2.58320e-03	5.20000e+02
1461	5.22100e+02	1.46100e+03	2.62759e-03	5.20500e+02
1462	5.22595e+02	1.46200e+03	2.65542e-03	5.21000e+02
1463	5.23070e+02	1.46300e+03	2.67397e-03	5.21500e+02
1464	5.23568e+02	1.46400e+03	2.62755e-03	5.22000e+02
1465	5.24058e+02	1.46500e+03	2.60788e-03	5.22500e+02
1466	5.24548e+02	1.46600e+03	2.59086e-03	5.23000e+02
1467	5.25015e+02	1.46700e+03	2.57216e-03	5.23500e+02
1468	5.25525e+02	1.46800e+03	2.54377e-03	5.24000e+02
1469	5.26031e+02	1.46900e+03	2.52241e-03	5.24500e+02
1470	5.26538e+02	1.47000e+03	2.50295e-03	5.25000e+02
1471	5.27045e+02	1.47100e+03	2.48408e-03	5.25500e+02
1472	5.27591e+02	1.47200e+03	2.47162e-03	5.26000e+02
1473	5.28146e+02	1.47300e+03	2.45807e-03	5.26500e+02
1474	5.28646e+02	1.47400e+03	2.44674e-03	5.27000e+02
1475	5.29117e+02	1.47500e+03	2.43680e-03	5.27500e+02
1476	5.29589e+02	1.47600e+03	2.43518e-03	5.28000e+02
1477	5.30127e+02	1.47700e+03	2.43452e-03	5.28500e+02
1478	5.30565e+02	1.47800e+03	2.43465e-03	5.29000e+02
1479	5.30991e+02	1.47900e+03	2.43481e-03	5.29500e+02
1480	5.31485e+02	1.48000e+03	2.43941e-03	5.30000e+02
1481	5.31921e+02	1.48100e+03	2.43651e-03	5.30500e+02
1482	5.32349e+02	1.48200e+03	2.43019e-03	5.31000e+02
1483	5.32767e+02	1.48300e+03	2.42249e-03	5.31500e+02
1484	5.33237e+02	1.48400e+03	2.40514e-03	5.32000e+02
1485	5.33718e+02	1.48500e+03	2.39331e-03	5.32500e+02
1486	5.34220e+02	1.48600e+03	2.38396e-03	5.33000e+02
1487	5.34668e+02	1.48700e+03	2.37612e-03	5.33500e+02
1488	5.35127e+02	1.48800e+03	2.37264e-03	5.34000e+02
1489	5.35561e+02	1.48900e+03	2.36999e-03	5.34500e+02
1490	5.36014e+02	1.49000e+03	2.36924e-03	5.35000e+02
1491	5.36481e+02	1.49100e+03	2.36998e-03	5.35500e+02
1492	5.36966e+02	1.49200e+03	2.37624e-03	5.36000e+02
1493	5.37461e+02	1.49300e+03	2.37723e-03	5.36500e+02
1494	5.37986e+02	1.49400e+03	2.37518e-03	5.37000e+02
1495	5.38475e+02	1.49500e+03	2.37074e-03	5.37500e+02
1496	5.38955e+02	1.49600e+03	2.35364e-03	5.38000e+02
1497	5.39437e+02	1.49700e+03	2.33485e-03	5.38500e+02
1498	5.39894e+02	1.49800e+03	2.31277e-03	5.39000e+02
1499	5.40380e+02	1.49900e+03	2.28860e-03	5.39500e+02
1500	5.40858e+02	1.50000e+03	2.25415e-03	5.40000e+02
1501	5.41355e+02	1.50100e+03	2.23191e-03	5.40500e+02
1502	5.41839e+02	1.50200e+03	2.21733e-03	5.41000e+02
1503	5.42306e+02	1.50300e+03	2.20738e-03	5.41500e+02
1504	5.42758e+02	1.50400e+03	2.21787e-03	5.42000e+02
1505	5.43224e+02	1.50500e+03	2.22673e-03	5.42500e+02
1506	5.43693e+02	1.50600e+03	2.23765e-03	5.43000e+02
1507	5.44155e+02	1.50700e+03	2.24971e-03	5.43500e+02
1508	5.44616e+02	1.50800e+03	2.27422e-03	5.44000e+02
1509	5.45080e+02	1.50900e+03	2.28584e-03	5.44500e+02
1510	5.45551e+02	1.51000e+03	2.29215e-03	5.45000e+02
1511	5.46021e+02	1.51100e+03	2.29712e-03	5.45500e+02
1512	5.46495e+02	1.51200e+03	2.28954e-03	5.46000e+02
1513	5.46983e+02	1.51300e+03	2.28617e-03	5.46500e+02
1514	5.47467e+02	1.51400e+03	2.28270e-03	5.47000e+02
1515	5.47938e+02	1.51500e+03	2.27871e-03	5.47500e+02
1516	5.48428e+02	1.51600e+03	2.27023e-03	5.48000e+02
1517	5.48925e+02	1.51700e+03	2.26171e-03	5.48500e+02
1518	5.49416e+02	1.51800e+03	2.25158e-03	5.49000e+02
1519	5.49907e+02	1.51900e+03	2.24062e-03	5.49500e+02
1520	5.50404e+02	1.52000e+03	2.22988e-03	5.50000e+02
1521	5.50891e+02	1.52100e+03	2.22275e-03	5.50500e+02
1522	5.51379e+02	1.52200e+03	2.21842e-03	5.51000e+02
1523	5.51875e+02	1.52300e+03	2.21600e-03	5.51500e+02
1524	5.52360e+02	1.52400e+03	2.21923e-03	5.52000e+02
1525	5.52844e+02	1.52500e+03	2.21752e-03	5.52500e+02
1526	5.53326e+02	1.52600e+03	2.21012e-03	5.53000e+02
1527	5.53813e+02	1.52700e+03	2.19788e-03	5.53500e+02
1528	5.54314e+02	1.52800e+03	2.16395e-03	5.54000e+02
1529	5.54794e+02	1.52900e+03	2.12040e-03	5.54500e+02
1530	5.55272e+02	1.53000e+03	2.06572e-03	5.55000e+02
1531	5.55750e+02	1.53100e+03	2.00404e-03	5.55500e+02
1532	5.56247e+02	1.53200e+03	1.90606e-03	5.56000e+02
1533	5.56735e+02	1.53300e+03	1.83495e-03	5.56500e+02
1534	5.57215e+02	1.53400e+03	1.77890e-03	5.57000e+02
1535	5.57707e+02	1.53500e+03	1.73221e-03	5.57500e+02
1536	5.58222e+02	1.53600e+03	1.73636e-03	5.58000e+02
1537	5.58741e+02	1.53700e+03	1.75118e-03	5.58500e+02
1538	5.59255e+02	1.53800e+03	1.78032e-03	5.59000e+02
1539	5.59777e+02	1.53900e+03	1.81869e-03	5.59500e+02
1540	5.60319e+02	1.54000e+03	1.91917e-03	5.60000e+02
1541	5.60820e+02	1.54100e+03	1.97883e-03	5.60500e+02
1542	5.61322e+02	1.54200e+03	2.02599e-03	5.61000e+02
1543	5.61814e+02	1.54300e+03	2.06832e-03	5.61500e+02
1544	5.62304e+02	1.54400e+03	2.07784e-03	5.62000e+02
1545	5.62789e+02	1.54500e+03	2.09058e-03	5.62500e+02
1546	5.63282e+02	1.54600e+03	2.09839e-03	5.63000e+02
1547	5.63756e+02	1.54700e+03	2.10210e-03	5.63500e+02
1548	5.64222e+02	1.54800e+03	2.07855e-03	5.64000e+02
1549	5.64676e+02	1.54900e+03	2.06785e-03	5.64500e+02
1550	5.65175e+02	1.55000e+03	2.05859e-03	5.65000e+02
1551	5.65656e+02	1.55100e+03	2.04872e-03	5.65500e+02
1552	5.66093e+02	1.55200e+03	2.04273e-03	5.66000e+02
1553	5.66562e+02	1.55300e+03	2.03875e-03	5.66500e+02
1554	5.67030e+02	1.55400e+03	2.03721e-03	5.67000e+02
1555	5.67522e+02	1.55500e+03	2.03800e-03	5.67500e+02
1556	5.68005e+02	1.55600e+03	2.05026e-03	5.68000e+02
1557	5.68494e+02	1.55700e+03	2.06033e-03	5.68500e+02
1558	5.68988e+02	1.55800e+03	2.06988e-03	5.69000e+02
1559	5.69468e+02	1.55900e+03	2.07888e-03	5.69500e+02
1560	5.69950e+02	1.56000e+03	2.08637e-03	5.70000e+02
1561	5.70417e+02	1.56100e+03	2.08567e-03	5.70500e+02
1562	5.70905e+02	1.56200e+03	2.07920e-03	5.71000e+02
1563	5.71420e+02	1.56300e+03	2.06952e-03	5.71500e+02
1564	5.71893e+02	1.56400e+03	2.04528e-03	5.72000e+02
1565	5.72378e+02	1.56500e+03	2.03104e-03	5.72500e+02
1566	5.72851e+02	1.56600e+03	2.01962e-03	5.73000e+02
1567	5.73346e+02	1.56700e+03	2.00870e-03	5.73500e+02
1568	5.73824e+02	1.56800e+03	2.00200e-03	5.74000e+02
1569	5.74309e+02	1.56900e+03	1.99520e-03	5.74500e+02
1570	5.74762e+02	1.57000e+03	1.98913e-03	5.75000e+02
1571	5.75233e+02	1.57100e+03	1.98345e-03	5.75500e+02
1572	5.75719e+02	1.57200e+03	1.98369e-03	5.76000e+02
1573	5.76207e+02	1.57300e+03	1.98363e-03	5.76500e+02
1574	5.76700e+02	1.57400e+03	1.98517e-03	5.77000e+02
1575	5.77198e+02	1.57500e+03	1.98802e-03	5.77500e+02
1576	5.77723e+02	1.57600e+03	1.99705e-03	5.78000e+02
1577	5.78254e+02	1.57700e+03	2.00614e-03	5.78500e+02
1578	5.78771e+02	1.57800e+03	2.01682e-03	5.79000e+02
1579	5.79284e+02	1.57900e+03	2.02819e-03	5.79500e+02
1580	5.79804e+02	1.58000e+03	2.04372e-03	5.80000e+02
1581	5.80327e+02	1.58100e+03	2.05590e-03	5.80500e+02
1582	5.80840e+02	1.58200e+03	2.06598e-03	5.81000e+02
1583	5.81359e+02	1.58300e+03	2.07448e-03	5.81500e+02
1584	5.81888e+02	1.58400e+03	2.07572e-03	5.82000e+02
1585	5.82418e+02	1.58500e+03	2.07650e-03	5.82500e+02
1586	5.82927e+02	1.58600e+03	2.07622e-03	5.83000e+02
1587	5.83396e+02	1.58700e+03	2.07544e-03	5.83500e+02
1588	5.83872e+02	1.58800e+03	2.07006e-03	5.84000e+02
1589	5.84385e+02	1.58900e+03	2.07025e-03	5.84500e+02
1590	5.84932e+02	1.59000e+03	2.07213e-03	5.85000e+02
1591	5.85455e+02	1.59100e+03	2.07445e-03	5.85500e+02
1592	5.85996e+02	1.59200e+03	2.08319e-03	5.86000e+02
1593	5.86465e+02	1.59300e+03	2.08814e-03	5.86500e+02
1594	5.87870e+02	1.59400e+03	2.09112e-03	5.87000e+02
1595	5.87813e+02	1.59500e+03	2.09294e-03	5.87500e+02
1596	5.88224e+02	1.59600e+03	2.09000e-03	5.88000e+02
1597	5.88707e+02	1.59700e+03	2.08616e-03	5.88500e+02
1598	5.89171e+02	1.59800e+03	2.08054e-03	5.89000e+02
1599	5.89636e+02	1.59900e+03	2.07346e-03	5.89500e+02
1600	5.90079e+02	1.60000e+03	2.05687e-03	5.90000e+02
1601	5.90553e+02	1.60100e+03	2.04365e-03	5.90500e+02
1602	5.91036e+02	1.60200e+03	2.03035e-03	5.91000e+02
1603	5.91517e+02	1.60300e+03	2.01604e-03	5.91500e+02
1604	5.92009e+02	1.60400e+03	1.99772e-03	5.92000e+02
1605	5.92491e+02	1.60500e+03	1.97991e-03	5.92500e+02
1606	5.92971e+02	1.60600e+03	1.95959e-03	5.93000e+02
1607	5.93456e+02	1.60700e+03	1.93726e-03	5.93500e+02
1608	5.93941e+02	1.60800e+03	1.90746e-03	5.94000e+02
1609	5.94424e+02	1.60900e+03	1.87643e-03	5.94500e+02
1610	5.94902e+02	1.61000e+03	1.84580e-03	5.95000e+02
1611	5.95389e+02	1.61100e+03	1.81620e-03	5.95500e+02
1612	5.95872e+02	1.61200e+03	1.78322e-03	5.96000e+02
1613	5.96360e+02	1.61300e+03	1.75818e-03	5.96500e+02
1614	5.96843e+02	1.61400e+03	1.73894e-03	5.97000e+02
1615	5.97338e+02	1.61500e+03	1.72356e-03	5.97500e+02
1616	5.97822e+02	1.61600e+03	1.72504e-03	5.98000e+02
1617	5.98317e+02	1.61700e+03	1.72129e-03	5.98500e+02
1618	5.98801e+02	1.61800e+03	1.71651e-03	5.99000e+02
1619	5.99306e+02	1.61900e+03	1.71141e-03	5.99500e+02
1620	5.99797e+02	1.62000e+03	1.71041e-03	6.00000e+02
1621	6.00285e+02	1.62100e+03	1.70377e-03	6.00500e+02
1622	6.00768e+02	1.62200e+03	1.69494e-03	6.01000e+02
1623	6.01266e+02	1.62300e+03	1.68506e-03	6.01500e+02
1624	6.01742e+02	1.62400e+03	1.66719e-03	6.02000e+02
1625	6.02239e+02	1.62500e+03	1.65368e-03	6.02500e+02
1626	6.02729e+02	1.62600e+03	1.64108e-03	6.03000e+02
1627	6.03235e+02	1.62700e+03	1.62839e-03	6.03500e+02
1628	6.03729e+02	1.62800e+03	1.61945e-03	6.04000e+02
1629	6.04231e+02	1.62900e+03	1.61323e-03	6.04500e+02
1630	6.04729e+02	1.63000e+03	1.60904e-03	6.05000e+02
1631	6.05233e+02	1.63100e+03	1.60588e-03	6.05500e+02
1632	6.05719e+02	1.63200e+03	1.60986e-03	6.06000e+02
1633	6.06220e+02	1.63300e+03	1.61021e-03	6.06500e+02
1634	6.06713e+02	1.63400e+03	1.60916e-03	6.07000e+02
1635	6.07205e+02	1.63500e+03	1.60712e-03	6.07500e+02
1636	6.07696e+02	1.63600e+03	1.60233e-03	6.08000e+02
1637	6.08184e+02	1.63700e+03	1.59665e-03	6.08500e+02
1638	6.08670e+02	1.63800e+03	1.59022e-03	6.09000e+02
1639	6.09173e+02	1.63900e+03	1.58337e-03	6.09500e+02
1640	6.09658e+02	1.64000e+03	1.57422e-03	6.10000e+02
1641	6.10151e+02	1.64100e+03	1.57022e-03	6.10500e+02
1642	6.10639e+02	1.64200e+03	1.56867e-03	6.11000e+02
1643	6.11123e+02	1.64300e+03	1.56781e-03	6.11500e+02
1644	6.11614e+02	1.64400e+03	1.57073e-03	6.12000e+02
1645	6.12108e+02	1.64500e+03	1.56920e-03	6.12500e+02
1646	6.12610e+02	1.64600e+03	1.56553e-03	6.13000e+02
1647	6.13105e+02	1.64700e+03	1.56090e-03	6.13500e+02
1648	6.13595e+02	1.64800e+03	1.55315e-03	6.14000e+02
1649	6.14096e+02	1.64900e+03	1.54803e-03	6.14500e+02
1650	6.14587e+02	1.65000e+03	1.54405e-03	6.15000e+02
1651	6.15067e+02	1.65100e+03	1.54056e-03	6.15500e+02
1652	6.15569e+02	1.65200e+03	1.54043e-03	6.16000e+02
1653	6.16070e+02	1.65300e+03	1.54079e-03	6.16500e+02
1654	6.16576e+02	1.65400e+03	1.54166e-03	6.17000e+02
1655	6.17096e+02	1.65500e+03	1.54318e-03	6.17500e+02
1656	6.17616e+02	1.65600e+03	1.54751e-03	6.18000e+02
1657	6.18139e+02	1.65700e+03	1.54690e-03	6.18500e+02
1658	6.18652e+02	1.65800e+03	1.54162e-03	6.19000e+02
1659	6.19181e+02	1.65900e+03	1.53328e-03	6.19500e+02
1660	6.19686e+02	1.66000e+03	1.51352e-03	6.20000e+02
1661	6.20219e+02	1.66100e+03	1.49347e-03	6.20500e+02
1662	6.20747e+02	1.66200e+03	1.47066e-03	6.21000e+02
1663	6.21278e+02	1.66300e+03	1.44604e-03	6.21500e+02
1664	6.21831e+02	1.66400e+03	1.41220e-03	6.22000e+02
1665	6.22369e+02	1.66500e+03	1.38715e-03	6.22500e+02
1666	6.22927e+02	1.66600e+03	1.36638e-03	6.23000e+02
1667	6.23453e+02	1.66700e+03	1.34778e-03	6.23500e+02
1668	6.23972e+02	1.66800e+03	1.34095e-03	6.24000e+02
1669	6.24504e+02	1.66900e+03	1.33276e-03	6.24500e+02
1670	6.25125e+02	1.67000e+03	1.32555e-03	6.25000e+02
1671	6.25685e+02	1.67100e+03	1.31928e-03	6.25500e+02
1672	6.26311e+02	1.67200e+03	1.32171e-03	6.26000e+02
1673	6.26968e+02	1.67300e+03	1.31888e-03	6.26500e+02
1674	6.27515e+02	1.67400e+03	1.31385e-03	6.27000e+02
1675	6.28084e+02	1.67500e+03	1.30756e-03	6.27500e+02
1676	6.28627e+02	1.67600e+03	1.29441e-03	6.28000e+02
1677	6.29101e+02	1.67700e+03	1.28003e-03	6.28500e+02
1678	6.29565e+02	1.67800e+03	1.26366e-03	6.29000e+02
1679	6.30032e+02	1.67900e+03	1.24634e-03	6.29500e+02
1680	6.30480e+02	1.68000e+03	1.22361e-03	6.30000e+02
1681	6.30932e+02	1.68100e+03	1.20580e-03	6.30500e+02
1682	6.31415e+02	1.68200e+03	1.18903e-03	6.31000e+02
1683	6.31904e+02	1.68300e+03	1.17278e-03	6.31500e+02
1684	6.32407e+02	1.68400e+03	1.16238e-03	6.32000e+02
1685	6.32906e+02	1.68500e+03	1.14987e-03	6.32500e+02
1686	6.33405e+02	1.68600e+03	1.13787e-03	6.33000e+02
1687	6.33927e+02	1.68700e+03	1.12714e-03	6.33500e+02
1688	6.34435e+02	1.68800e+03	1.12142e-03	6.34000e+02
1689	6.34930e+02	1.68900e+03	1.11641e-03	6.34500e+02
1690	6.35424e+02	1.69000e+03	1.11375e-03	6.35000e+02
1691	6.35911e+02	1.69100e+03	1.11288e-03	6.35500e+02
1692	6.36412e+02	1.69200e+03	1.12215e-03	6.36000e+02
1693	6.36912e+02	1.69300e+03	1.13150e-03	6.36500e+02
1694	6.37392e+02	1.69400e+03	1.14354e-03	6.37000e+02
1695	6.37896e+02	1.69500e+03	1.15747e-03	6.37500e+02
1696	6.38377e+02	1.69600e+03	1.18241e-03	6.38000e+02
1697	6.38854e+02	1.69700e+03	1.20310e-03	6.38500e+02
1698	6.39329e+02	1.69800e+03	1.22145e-03	6.39000e+02
1699	6.39820e+02	1.69900e+03	1.23769e-03	6.39500e+02
1700	6.40310e+02	1.70000e+03	1.24632e-03	6.40000e+02
1701	6.40813e+02	1.70100e+03	1.24820e-03	6.40500e+02
1702	6.41307e+02	1.70200e+03	1.24401e-03	6.41000e+02
1703	6.41822e+02	1.70300e+03	1.23621e-03	6.41500e+02
1704	6.42321e+02	1.70400e+03	1.20666e-03	6.42000e+02
1705	6.42814e+02	1.70500e+03	1.18681e-03	6.42500e+02
1706	6.43325e+02	1.70600e+03	1.16879e-03	6.43000e+02
1707	6.43823e+02	1.70700e+03	1.15125e-03	6.43500e+02
1708	6.44334e+02	1.70800e+03	1.13263e-03	6.44000e+02
1709	6.44849e+02	1.70900e+03	1.11648e-03	6.44500e+02
1710	6.45353e+02	1.71000e+03	1.10140e-03	6.45000e+02
1711	6.45858e+02	1.71100e+03	1.08661e-03	6.45500e+02
1712	6.46370e+02	1.71200e+03	1.07612e-03	6.46000e+02
1713	6.46873e+02	1.71300e+03	1.06200e-03	6.46500e+02
1714	6.47383e+02	1.71400e+03	1.04571e-03	6.47000e+02
1715	6.47897e+02	1.71500e+03	1.02834e-03	6.47500e+02
1716	6.48387e+02	1.71600e+03	1.00171e-03	6.48000e+02
1717	6.48901e+02	1.71700e+03	9.70555e-04	6.48500e+02
1718	6.49430e+02	1.71800e+03	9.32668e-04	6.49000e+02
1719	6.49930e+02	1.71900e+03	8.90108e-04	6.49500e+02
1720	6.50437e+02	1.72000e+03	8.25034e-04	6.50000e+02
1721	6.50943e+02	1.72100e+03	7.69845e-04	6.50500e+02
1722	6.51455e+02	1.72200e+03	7.22816e-04	6.51000e+02
1723	6.51957e+02	1.72300e+03	6.82179e-04	6.51500e+02
1724	6.52479e+02	1.72400e+03	6.69482e-04	6.52000e+02
1725	6.52987e+02	1.72500e+03	6.77021e-04	6.52500e+02
1726	6.53496e+02	1.72600e+03	7.04250e-04	6.53000e+02
1727	6.54012e+02	1.72700e+03	7.43986e-04	6.53500e+02
1728	6.54515e+02	1.72800e+03	8.64242e-04	6.54000e+02
1729	6.55016e+02	1.72900e+03	9.56937e-04	6.54500e+02
1730	6.55512e+02	1.73000e+03	1.04828e-03	6.55000e+02
1731	6.56022e+02	1.73100e+03	1.14192e-03	6.55500e+02
1732	6.56526e+02	1.73200e+03	1.24422e-03	6.56000e+02
1733	6.57016e+02	1.73300e+03	1.32352e-03	6.56500e+02
1734	6.57519e+02	1.73400e+03	1.38823e-03	6.57000e+02
1735	6.58027e+02	1.73500e+03	1.44423e-03	6.57500e+02
1736	6.58532e+02	1.73600e+03	1.44465e-03	6.58000e+02
1737	6.59043e+02	1.73700e+03	1.44996e-03	6.58500e+02
1738	6.59554e+02	1.73800e+03	1.44563e-03	6.59000e+02
1739	6.60047e+02	1.73900e+03	1.43343e-03	6.59500e+02
1740	6.60558e+02	1.74000e+03	1.36931e-03	6.60000e+02
1741	6.61067e+02	1.74100e+03	1.32241e-03	6.60500e+02
1742	6.61584e+02	1.74200e+03	1.27555e-03	6.61000e+02
1743	6.62097e+02	1.74300e+03	1.22677e-03	6.61500e+02
1744	6.62589e+02	1.74400e+03	1.16682e-03	6.62000e+02
1745	6.63105e+02	1.74500e+03	1.11648e-03	6.62500e+02
1746	6.63615e+02	1.74600e+03	1.06954e-03	6.63000e+02
1747	6.64130e+02	1.74700e+03	1.02405e-03	6.63500e+02
1748	6.64620e+02	1.74800e+03	9.92822e-04	6.64000e+02
1749	6.65141e+02	1.74900e+03	9.61074e-04	6.64500e+02
1750	6.65664e+02	1.75000e+03	9.34337e-04	6.65000e+02
1751	6.66187e+02	1.75100e+03	9.12594e-04	6.65500e+02
1752	6.66687e+02	1.75200e+03	9.17664e-04	6.66000e+02
1753	6.67200e+02	1.75300e+03	9.24325e-04	6.66500e+02
1754	6.67705e+02	1.75400e+03	9.37520e-04	6.67000e+02
1755	6.68229e+02	1.75500e+03	9.55309e-04	6.67500e+02
1756	6.68726e+02	1.75600e+03	1.00231e-03	6.68000e+02
1757	6.69232e+02	1.75700e+03	1.03502e-03	6.68500e+02
1758	6.69746e+02	1.75800e+03	1.06464e-03	6.69000e+02
1759	6.70246e+02	1.75900e+03	1.09330e-03	6.69500e+02
1760	6.70753e+02	1.76000e+03	1.11235e-03	6.70000e+02
1761	6.71245e+02	1.76100e+03	1.12511e-03	6.70500e+02
1762	6.71754e+02	1.76200e+03	1.13095e-03	6.71000e+02
1763	6.72269e+02	1.76300e+03	1.13223e-03	6.71500e+02
1764	6.72766e+02	1.76400e+03	1.10719e-03	6.72000e+02
1765	6.73279e+02	1.76500e+03	1.08977e-03	6.72500e+02
1766	6.73789e+02	1.76600e+03	1.07290e-03	6.73000e+02
1767	6.74309e+02	1.76700e+03	1.05618e-03	6.73500e+02
1768	6.74781e+02	1.76800e+03	1.03743e-03	6.74000e+02
1769	6.75283e+02	1.76900e+03	1.02916e-03	6.74500e+02
1770	6.75792e+02	1.77000e+03	1.02782e-03	6.75000e+02
1771	6.76289e+02	1.77100e+03	1.02996e-03	6.75500e+02
1772	6.76786e+02	1.77200e+03	1.04906e-03	6.76000e+02
1773	6.77297e+02	1.77300e+03	1.05795e-03	6.76500e+02
1774	6.77804e+02	1.77400e+03	1.06248e-03	6.77000e+02
1775	6.78306e+02	1.77500e+03	1.06401e-03	6.77500e+02
1776	6.78807e+02	1.77600e+03	1.05466e-03	6.78000e+02
1777	6.79320e+02	1.77700e+03	1.04106e-03	6.78500e+02
1778	6.79824e+02	1.77800e+03	1.02442e-03	6.79000e+02
1779	6.80337e+02	1.77900e+03	1.00753e-03	6.79500e+02
1780	6.80830e+02	1.78000e+03	9.80141e-04	6.80000e+02
1781	6.81341e+02	1.78100e+03	9.64350e-04	6.80500e+02
1782	6.81861e+02	1.78200e+03	9.49604e-04	6.81000e+02
1783	6.82370e+02	1.78300e+03	9.32872e-04	6.81500e+02
1784	6.82886e+02	1.78400e+03	9.11803e-04	6.82000e+02
1785	6.83387e+02	1.78500e+03	8.77051e-04	6.82500e+02
1786	6.83907e+02	1.78600e+03	8.34101e-04	6.83000e+02
1787	6.84424e+02	1.78700e+03	7.86930e-04	6.83500e+02
1788	6.84939e+02	1.78800e+03	7.15949e-04	6.84000e+02
1789	6.85437e+02	1.78900e+03	6.67822e-04	6.84500e+02
1790	6.85951e+02	1.79000e+03	6.33107e-04	6.85000e+02
1791	6.86454e+02	1.79100e+03	6.06630e-04	6.85500e+02
1792	6.86958e+02	1.79200e+03	6.33671e-04	6.86000e+02
1793	6.87475e+02	1.79300e+03	6.69953e-04	6.86500e+02
1794	6.88034e+02	1.79400e+03	7.23251e-04	6.87000e+02
1795	6.88251e+02	1.79500e+03	7.88504e-04	6.87500e+02
1796	6.88424e+02	1.79600e+03	9.22201e-04	6.88000e+02
1797	6.88717e+02	1.79700e+03	1.02184e-03	6.88500e+02
1798	6.89075e+02	1.79800e+03	1.11490e-03	6.89000e+02
1799	6.89458e+02	1.79900e+03	1.20584e-03	6.89500e+02
1800	6.89812e+02	1.80000e+03	1.27938e-03	6.90000e+02
1801	6.90187e+02	1.80100e+03	1.33625e-03	6.90500e+02
1802	6.90530e+02	1.80200e+03	1.37271e-03	6.91000e+02
1803	6.90875e+02	1.80300e+03	1.39509e-03	6.91500e+02
1804	6.91169e+02	1.80400e+03	1.36159e-03	6.92000e+02
1805	6.91485e+02	1.80500e+03	1.34271e-03	6.92500e+02
1806	6.91839e+02	1.80600e+03	1.32003e-03	6.93000e+02
1807	6.92176e+02	1.80700e+03	1.29320e-03	6.93500e+02
1808	6.92501e+02	1.80800e+03	1.23924e-03	6.94000e+02
1809	6.93001e+02	1.80900e+03	1.20245e-03	6.94500e+02
1810	6.93516e+02	1.81000e+03	1.17200e-03	6.95000e+02
1811	6.94073e+02	1.81100e+03	1.14462e-03	6.95500e+02
1812	6.93789e+02	1.81200e+03	1.13256e-03	6.96000e+02
1813	6.93993e+02	1.81300e+03	1.12172e-03	6.96500e+02
1814	6.94149e+02	1.81400e+03	1.11681e-03	6.97000e+02
1815	6.94308e+02	1.81500e+03	1.11649e-03	6.97500e+02
1816	6.94526e+02	1.81600e+03	1.13797e-03	6.98000e+02
1817	6.94776e+02	1.81700e+03	1.15127e-03	6.98500e+02
1818	6.94930e+02	1.81800e+03	1.16306e-03	6.99000e+02
1819	6.95125e+02	1.81900e+03	1.17479e-03	6.99500e+02
1820	6.95329e+02	1.82000e+03	1.18839e-03	7.00000e+02
