index	ts	t	weight	tr
[#]	[°C]	[s]	[mg]	[°C]
683	1.30780e+02	6.83000e+02	1.97511e+00	1.31500e+02
684	1.31269e+02	6.84000e+02	1.97509e+00	1.32000e+02
685	1.31763e+02	6.85000e+02	1.97507e+00	1.32500e+02
686	1.32258e+02	6.86000e+02	1.97505e+00	1.33000e+02
687	1.32769e+02	6.87000e+02	1.97502e+00	1.33500e+02
688	1.33263e+02	6.88000e+02	1.97500e+00	1.34000e+02
689	1.33769e+02	6.89000e+02	1.97498e+00	1.34500e+02
690	1.34270e+02	6.90000e+02	1.97496e+00	1.35000e+02
691	1.34762e+02	6.91000e+02	1.97493e+00	1.35500e+02
692	1.35259e+02	6.92000e+02	1.97489e+00	1.36000e+02
693	1.35751e+02	6.93000e+02	1.97485e+00	1.36500e+02
694	1.36262e+02	6.94000e+02	1.97481e+00	1.37000e+02
695	1.36760e+02	6.95000e+02	1.97476e+00	1.37500e+02
696	1.37267e+02	6.96000e+02	1.97469e+00	1.38000e+02
697	1.37771e+02	6.97000e+02	1.97462e+00	1.38500e+02
698	1.38263e+02	6.98000e+02	1.97456e+00	1.39000e+02
699	1.38768e+02	6.99000e+02	1.97449e+00	1.39500e+02
700	1.39263e+02	7.00000e+02	1.97442e+00	1.40000e+02
701	1.39767e+02	7.01000e+02	1.97434e+00	1.40500e+02
702	1.40260e+02	7.02000e+02	1.97427e+00	1.41000e+02
703	1.40761e+02	7.03000e+02	1.97420e+00	1.41500e+02
704	1.41261e+02	7.04000e+02	1.97412e+00	1.42000e+02
705	1.41753e+02	7.05000e+02	1.97406e+00	1.42500e+02
706	1.42265e+02	7.06000e+02	1.97399e+00	1.43000e+02
707	1.42765e+02	7.07000e+02	1.97392e+00	1.43500e+02
708	1.43265e+02	7.08000e+02	1.97386e+00	1.44000e+02
709	1.43762e+02	7.09000e+02	1.97380e+00	1.44500e+02
710	1.44263e+02	7.10000e+02	1.97373e+00	1.45000e+02
711	1.44775e+02	7.11000e+02	1.97365e+00	1.45500e+02
712	1.45273e+02	7.12000e+02	1.97357e+00	1.46000e+02
713	1.45765e+02	7.13000e+02	1.97350e+00	1.46500e+02
714	1.46267e+02	7.14000e+02	1.97342e+00	1.47000e+02
715	1.46776e+02	7.15000e+02	1.97334e+00	1.47500e+02
716	1.47276e+02	7.16000e+02	1.97326e+00	1.48000e+02
717	1.47774e+02	7.17000e+02	1.97318e+00	1.48500e+02
718	1.48269e+02	7.18000e+02	1.97309e+00	1.49000e+02
719	1.48780e+02	7.19000e+02	1.97300e+00	1.49500e+02
720	1.49281e+02	7.20000e+02	1.97290e+00	1.50000e+02
721	1.49784e+02	7.21000e+02	1.97279e+00	1.50500e+02
722	1.50282e+02	7.22000e+02	1.97267e+00	1.51000e+02
723	1.50766e+02	7.23000e+02	1.97255e+00	1.51500e+02
724	1.51286e+02	7.24000e+02	1.97241e+00	1.52000e+02
725	1.51781e+02	7.25000e+02	1.97227e+00	1.52500e+02
726	1.52280e+02	7.26000e+02	1.97213e+00	1.53000e+02
727	1.52786e+02	7.27000e+02	1.97198e+00	1.53500e+02
728	1.53291e+02	7.28000e+02	1.97183e+00	1.54000e+02
729	1.53785e+02	7.29000e+02	1.97168e+00	1.54500e+02
730	1.54290e+02	7.30000e+02	1.97152e+00	1.55000e+02
731	1.54806e+02	7.31000e+02	1.97136e+00	1.55500e+02
732	1.55304e+02	7.32000e+02	1.97120e+00	1.56000e+02
733	1.55811e+02	7.33000e+02	1.97104e+00	1.56500e+02
734	1.56299e+02	7.34000e+02	1.97088e+00	1.57000e+02
735	1.56807e+02	7.35000e+02	1.97071e+00	1.57500e+02
736	1.57313e+02	7.36000e+02	1.97055e+00	1.58000e+02
737	1.57818e+02	7.37000e+02	1.97038e+00	1.58500e+02
738	1.58311e+02	7.38000e+02	1.97021e+00	1.59000e+02
739	1.58830e+02	7.39000e+02	1.97004e+00	1.59500e+02
740	1.59330e+02	7.40000e+02	1.96987e+00	1.60000e+02
741	1.59829e+02	7.41000e+02	1.96969e+00	1.60500e+02
742	1.60333e+02	7.42000e+02	1.96950e+00	1.61000e+02
743	1.60827e+02	7.43000e+02	1.96932e+00	1.61500e+02
744	1.61342e+02	7.44000e+02	1.96912e+00	1.62000e+02
745	1.61840e+02	7.45000e+02	1.96893e+00	1.62500e+02
746	1.62336e+02	7.46000e+02	1.96874e+00	1.63000e+02
747	1.62847e+02	7.47000e+02	1.96854e+00	1.63500e+02
748	1.63359e+02	7.48000e+02	1.96835e+00	1.64000e+02
749	1.63846e+02	7.49000e+02	1.96815e+00	1.64500e+02
750	1.64351e+02	7.50000e+02	1.96794e+00	1.65000e+02
751	1.64859e+02	7.51000e+02	1.96774e+00	1.65500e+02
752	1.65363e+02	7.52000e+02	1.96752e+00	1.66000e+02
753	1.65868e+02	7.53000e+02	1.96730e+00	1.66500e+02
754	1.66370e+02	7.54000e+02	1.96708e+00	1.67000e+02
755	1.66864e+02	7.55000e+02	1.96685e+00	1.67500e+02
756	1.67383e+02	7.56000e+02	1.96660e+00	1.68000e+02
757	1.67891e+02	7.57000e+02	1.96635e+00	1.68500e+02
758	1.68391e+02	7.58000e+02	1.96610e+00	1.69000e+02
759	1.68886e+02	7.59000e+02	1.96583e+00	1.69500e+02
760	1.69392e+02	7.60000e+02	1.96553e+00	1.70000e+02
761	1.69902e+02	7.61000e+02	1.96524e+00	1.70500e+02
762	1.70411e+02	7.62000e+02	1.96495e+00	1.71000e+02
763	1.70909e+02	7.63000e+02	1.96465e+00	1.71500e+02
764	1.71416e+02	7.64000e+02	1.96433e+00	1.72000e+02
765	1.71933e+02	7.65000e+02	1.96402e+00	1.72500e+02
766	1.72438e+02	7.66000e+02	1.96371e+00	1.73000e+02
767	1.72945e+02	7.67000e+02	1.96339e+00	1.73500e+02
768	1.73444e+02	7.68000e+02	1.96305e+00	1.74000e+02
769	1.73949e+02	7.69000e+02	1.96271e+00	1.74500e+02
770	1.74459e+02	7.70000e+02	1.96236e+00	1.75000e+02
771	1.74963e+02	7.71000e+02	1.96199e+00	1.75500e+02
772	1.75475e+02	7.72000e+02	1.96159e+00	1.76000e+02
773	1.75977e+02	7.73000e+02	1.96118e+00	1.76500e+02
774	1.76474e+02	7.74000e+02	1.96076e+00	1.77000e+02
775	1.76975e+02	7.75000e+02	1.96033e+00	1.77500e+02
776	1.77487e+02	7.76000e+02	1.95984e+00	1.78000e+02
777	1.77995e+02	7.77000e+02	1.95935e+00	1.78500e+02
778	1.78494e+02	7.78000e+02	1.95884e+00	1.79000e+02
779	1.78995e+02	7.79000e+02	1.95831e+00	1.79500e+02
780	1.79509e+02	7.80000e+02	1.95770e+00	1.80000e+02
781	1.80003e+02	7.81000e+02	1.95711e+00	1.80500e+02
782	1.80512e+02	7.82000e+02	1.95650e+00	1.81000e+02
783	1.81017e+02	7.83000e+02	1.95588e+00	1.81500e+02
784	1.81524e+02	7.84000e+02	1.95519e+00	1.82000e+02
785	1.82031e+02	7.85000e+02	1.95451e+00	1.82500e+02
786	1.82530e+02	7.86000e+02	1.95381e+00	1.83000e+02
787	1.83040e+02	7.87000e+02	1.95311e+00	1.83500e+02
788	1.83540e+02	7.88000e+02	1.95233e+00	1.84000e+02
789	1.84041e+02	7.89000e+02	1.95155e+00	1.84500e+02
790	1.84557e+02	7.90000e+02	1.95076e+00	1.85000e+02
791	1.85064e+02	7.91000e+02	1.94994e+00	1.85500e+02
792	1.85554e+02	7.92000e+02	1.94904e+00	1.86000e+02
793	1.86059e+02	7.93000e+02	1.94816e+00	1.86500e+02
794	1.86573e+02	7.94000e+02	1.94725e+00	1.87000e+02
795	1.87073e+02	7.95000e+02	1.94633e+00	1.87500e+02
796	1.87580e+02	7.96000e+02	1.94534e+00	1.88000e+02
797	1.88092e+02	7.97000e+02	1.94435e+00	1.88500e+02
798	1.88597e+02	7.98000e+02	1.94336e+00	1.89000e+02
799	1.89099e+02	7.99000e+02	1.94235e+00	1.89500e+02
800	1.89609e+02	8.00000e+02	1.94128e+00	1.90000e+02
801	1.90118e+02	8.01000e+02	1.94024e+00	1.90500e+02
802	1.90614e+02	8.02000e+02	1.93919e+00	1.91000e+02
803	1.91129e+02	8.03000e+02	1.93813e+00	1.91500e+02
804	1.91648e+02	8.04000e+02	1.93705e+00	1.92000e+02
805	1.92148e+02	8.05000e+02	1.93598e+00	1.92500e+02
806	1.92650e+02	8.06000e+02	1.93491e+00	1.93000e+02
807	1.93161e+02	8.07000e+02	1.93384e+00	1.93500e+02
808	1.93658e+02	8.08000e+02	1.93276e+00	1.94000e+02
809	1.94168e+02	8.09000e+02	1.93168e+00	1.94500e+02
810	1.94670e+02	8.10000e+02	1.93060e+00	1.95000e+02
811	1.95180e+02	8.11000e+02	1.92952e+00	1.95500e+02
812	1.95695e+02	8.12000e+02	1.92844e+00	1.96000e+02
813	1.96203e+02	8.13000e+02	1.92737e+00	1.96500e+02
814	1.96703e+02	8.14000e+02	1.92630e+00	1.97000e+02
815	1.97212e+02	8.15000e+02	1.92525e+00	1.97500e+02
816	1.97721e+02	8.16000e+02	1.92422e+00	1.98000e+02
817	1.98229e+02	8.17000e+02	1.92319e+00	1.98500e+02
818	1.98735e+02	8.18000e+02	1.92217e+00	1.99000e+02
819	1.99242e+02	8.19000e+02	1.92117e+00	1.99500e+02
820	1.99756e+02	8.20000e+02	1.92020e+00	2.00000e+02
821	2.00255e+02	8.21000e+02	1.91923e+00	2.00500e+02
822	2.00763e+02	8.22000e+02	1.91828e+00	2.01000e+02
823	2.01269e+02	8.23000e+02	1.91734e+00	2.01500e+02
824	2.01780e+02	8.24000e+02	1.91645e+00	2.02000e+02
825	2.02289e+02	8.25000e+02	1.91556e+00	2.02500e+02
826	2.02785e+02	8.26000e+02	1.91469e+00	2.03000e+02
827	2.03305e+02	8.27000e+02	1.91383e+00	2.03500e+02
828	2.03815e+02	8.28000e+02	1.91305e+00	2.04000e+02
829	2.04329e+02	8.29000e+02	1.91227e+00	2.04500e+02
830	2.04833e+02	8.30000e+02	1.91151e+00	2.05000e+02
831	2.05337e+02	8.31000e+02	1.91077e+00	2.05500e+02
832	2.05855e+02	8.32000e+02	1.91012e+00	2.06000e+02
833	2.06360e+02	8.33000e+02	1.90945e+00	2.06500e+02
834	2.06873e+02	8.34000e+02	1.90880e+00	2.07000e+02
835	2.07376e+02	8.35000e+02	1.90816e+00	2.07500e+02
836	2.07880e+02	8.36000e+02	1.90760e+00	2.08000e+02
837	2.08390e+02	8.37000e+02	1.90702e+00	2.08500e+02
838	2.08900e+02	8.38000e+02	1.90645e+00	2.09000e+02
839	2.09408e+02	8.39000e+02	1.90590e+00	2.09500e+02
840	2.09917e+02	8.40000e+02	1.90541e+00	2.10000e+02
841	2.10425e+02	8.41000e+02	1.90491e+00	2.10500e+02
842	2.10937e+02	8.42000e+02	1.90443e+00	2.11000e+02
843	2.11448e+02	8.43000e+02	1.90396e+00	2.11500e+02
844	2.11953e+02	8.44000e+02	1.90356e+00	2.12000e+02
845	2.12466e+02	8.45000e+02	1.90315e+00	2.12500e+02
846	2.12972e+02	8.46000e+02	1.90275e+00	2.13000e+02
847	2.13476e+02	8.47000e+02	1.90237e+00	2.13500e+02
848	2.13986e+02	8.48000e+02	1.90206e+00	2.14000e+02
849	2.14511e+02	8.49000e+02	1.90174e+00	2.14500e+02
850	2.15006e+02	8.50000e+02	1.90143e+00	2.15000e+02
851	2.15513e+02	8.51000e+02	1.90112e+00	2.15500e+02
852	2.16028e+02	8.52000e+02	1.90087e+00	2.16000e+02
853	2.16543e+02	8.53000e+02	1.90060e+00	2.16500e+02
854	2.17043e+02	8.54000e+02	1.90034e+00	2.17000e+02
855	2.17557e+02	8.55000e+02	1.90008e+00	2.17500e+02
856	2.18065e+02	8.56000e+02	1.89985e+00	2.18000e+02
857	2.18576e+02	8.57000e+02	1.89961e+00	2.18500e+02
858	2.19083e+02	8.58000e+02	1.89938e+00	2.19000e+02
859	2.19590e+02	8.59000e+02	1.89914e+00	2.19500e+02
860	2.20101e+02	8.60000e+02	1.89891e+00	2.20000e+02
861	2.20612e+02	8.61000e+02	1.89868e+00	2.20500e+02
862	2.21115e+02	8.62000e+02	1.89845e+00	2.21000e+02
863	2.21626e+02	8.63000e+02	1.89821e+00	2.21500e+02
864	2.22131e+02	8.64000e+02	1.89798e+00	2.22000e+02
865	2.22641e+02	8.65000e+02	1.89775e+00	2.22500e+02
866	2.23158e+02	8.66000e+02	1.89752e+00	2.23000e+02
867	2.23651e+02	8.67000e+02	1.89729e+00	2.23500e+02
868	2.24159e+02	8.68000e+02	1.89706e+00	2.24000e+02
869	2.24666e+02	8.69000e+02	1.89683e+00	2.24500e+02
870	2.25185e+02	8.70000e+02	1.89660e+00	2.25000e+02
871	2.25687e+02	8.71000e+02	1.89636e+00	2.25500e+02
872	2.26198e+02	8.72000e+02	1.89612e+00	2.26000e+02
873	2.26708e+02	8.73000e+02	1.89587e+00	2.26500e+02
874	2.27213e+02	8.74000e+02	1.89562e+00	2.27000e+02
875	2.27731e+02	8.75000e+02	1.89536e+00	2.27500e+02
876	2.28244e+02	8.76000e+02	1.89508e+00	2.28000e+02
877	2.28752e+02	8.77000e+02	1.89480e+00	2.28500e+02
878	2.29267e+02	8.78000e+02	1.89452e+00	2.29000e+02
879	2.29772e+02	8.79000e+02	1.89424e+00	2.29500e+02
880	2.30279e+02	8.80000e+02	1.89394e+00	2.30000e+02
881	2.30786e+02	8.81000e+02	1.89364e+00	2.30500e+02
882	2.31299e+02	8.82000e+02	1.89335e+00	2.31000e+02
883	2.31809e+02	8.83000e+02	1.89306e+00	2.31500e+02
884	2.32316e+02	8.84000e+02	1.89277e+00	2.32000e+02
885	2.32835e+02	8.85000e+02	1.89249e+00	2.32500e+02
886	2.33348e+02	8.86000e+02	1.89221e+00	2.33000e+02
887	2.33846e+02	8.87000e+02	1.89194e+00	2.33500e+02
888	2.34345e+02	8.88000e+02	1.89168e+00	2.34000e+02
889	2.34850e+02	8.89000e+02	1.89142e+00	2.34500e+02
890	2.35364e+02	8.90000e+02	1.89117e+00	2.35000e+02
891	2.35874e+02	8.91000e+02	1.89091e+00	2.35500e+02
892	2.36381e+02	8.92000e+02	1.89068e+00	2.36000e+02
893	2.36879e+02	8.93000e+02	1.89043e+00	2.36500e+02
894	2.37389e+02	8.94000e+02	1.89019e+00	2.37000e+02
895	2.37889e+02	8.95000e+02	1.88995e+00	2.37500e+02
896	2.38394e+02	8.96000e+02	1.88972e+00	2.38000e+02
897	2.38901e+02	8.97000e+02	1.88948e+00	2.38500e+02
898	2.39402e+02	8.98000e+02	1.88925e+00	2.39000e+02
899	2.39898e+02	8.99000e+02	1.88901e+00	2.39500e+02
900	2.40405e+02	9.00000e+02	1.88879e+00	2.40000e+02
901	2.40901e+02	9.01000e+02	1.88857e+00	2.40500e+02
902	2.41417e+02	9.02000e+02	1.88835e+00	2.41000e+02
903	2.41910e+02	9.03000e+02	1.88813e+00	2.41500e+02
904	2.42422e+02	9.04000e+02	1.88792e+00	2.42000e+02
905	2.42929e+02	9.05000e+02	1.88770e+00	2.42500e+02
906	2.43431e+02	9.06000e+02	1.88748e+00	2.43000e+02
907	2.43956e+02	9.07000e+02	1.88726e+00	2.43500e+02
908	2.44457e+02	9.08000e+02	1.88704e+00	2.44000e+02
909	2.44966e+02	9.09000e+02	1.88682e+00	2.44500e+02
910	2.45465e+02	9.10000e+02	1.88660e+00	2.45000e+02
911	2.45960e+02	9.11000e+02	1.88638e+00	2.45500e+02
912	2.46477e+02	9.12000e+02	1.88617e+00	2.46000e+02
913	2.46972e+02	9.13000e+02	1.88596e+00	2.46500e+02
914	2.47486e+02	9.14000e+02	1.88575e+00	2.47000e+02
915	2.47987e+02	9.15000e+02	1.88554e+00	2.47500e+02
916	2.48497e+02	9.16000e+02	1.88535e+00	2.48000e+02
917	2.48997e+02	9.17000e+02	1.88516e+00	2.48500e+02
918	2.49502e+02	9.18000e+02	1.88497e+00	2.49000e+02
919	2.50011e+02	9.19000e+02	1.88480e+00	2.49500e+02
920	2.50526e+02	9.20000e+02	1.88465e+00	2.50000e+02
921	2.51043e+02	9.21000e+02	1.88450e+00	2.50500e+02
922	2.51540e+02	9.22000e+02	1.88435e+00	2.51000e+02
923	2.52058e+02	9.23000e+02	1.88421e+00	2.51500e+02
924	2.52549e+02	9.24000e+02	1.88408e+00	2.52000e+02
925	2.53051e+02	9.25000e+02	1.88394e+00	2.52500e+02
926	2.53565e+02	9.26000e+02	1.88380e+00	2.53000e+02
927	2.54073e+02	9.27000e+02	1.88366e+00	2.53500e+02
928	2.54576e+02	9.28000e+02	1.88350e+00	2.54000e+02
929	2.55075e+02	9.29000e+02	1.88335e+00	2.54500e+02
930	2.55577e+02	9.30000e+02	1.88319e+00	2.55000e+02
931	2.56088e+02	9.31000e+02	1.88304e+00	2.55500e+02
932	2.56603e+02	9.32000e+02	1.88287e+00	2.56000e+02
933	2.57100e+02	9.33000e+02	1.88271e+00	2.56500e+02
934	2.57617e+02	9.34000e+02	1.88254e+00	2.57000e+02
935	2.58131e+02	9.35000e+02	1.88238e+00	2.57500e+02
936	2.58630e+02	9.36000e+02	1.88222e+00	2.58000e+02
937	2.59143e+02	9.37000e+02	1.88206e+00	2.58500e+02
938	2.59653e+02	9.38000e+02	1.88190e+00	2.59000e+02
939	2.60165e+02	9.39000e+02	1.88174e+00	2.59500e+02
940	2.60670e+02	9.40000e+02	1.88160e+00	2.60000e+02
941	2.61176e+02	9.41000e+02	1.88146e+00	2.60500e+02
942	2.61681e+02	9.42000e+02	1.88132e+00	2.61000e+02
943	2.62176e+02	9.43000e+02	1.88118e+00	2.61500e+02
944	2.62681e+02	9.44000e+02	1.88107e+00	2.62000e+02
945	2.63205e+02	9.45000e+02	1.88095e+00	2.62500e+02
946	2.63709e+02	9.46000e+02	1.88083e+00	2.63000e+02
947	2.64216e+02	9.47000e+02	1.88072e+00	2.63500e+02
948	2.64714e+02	9.48000e+02	1.88061e+00	2.64000e+02
949	2.65218e+02	9.49000e+02	1.88050e+00	2.64500e+02
950	2.65736e+02	9.50000e+02	1.88038e+00	2.65000e+02
951	2.66246e+02	9.51000e+02	1.88026e+00	2.65500e+02
952	2.66749e+02	9.52000e+02	1.88012e+00	2.66000e+02
953	2.67265e+02	9.53000e+02	1.87998e+00	2.66500e+02
954	2.67774e+02	9.54000e+02	1.87983e+00	2.67000e+02
955	2.68288e+02	9.55000e+02	1.87967e+00	2.67500e+02
956	2.68802e+02	9.56000e+02	1.87949e+00	2.68000e+02
957	2.69310e+02	9.57000e+02	1.87932e+00	2.68500e+02
958	2.69822e+02	9.58000e+02	1.87915e+00	2.69000e+02
959	2.70339e+02	9.59000e+02	1.87899e+00	2.69500e+02
960	2.70848e+02	9.60000e+02	1.87881e+00	2.70000e+02
961	2.71358e+02	9.61000e+02	1.87864e+00	2.70500e+02
962	2.71860e+02	9.62000e+02	1.87847e+00	2.71000e+02
963	2.72375e+02	9.63000e+02	1.87829e+00	2.71500e+02
964	2.72882e+02	9.64000e+02	1.87809e+00	2.72000e+02
965	2.73371e+02	9.65000e+02	1.87790e+00	2.72500e+02
966	2.73877e+02	9.66000e+02	1.87770e+00	2.73000e+02
967	2.74377e+02	9.67000e+02	1.87749e+00	2.73500e+02
968	2.74878e+02	9.68000e+02	1.87726e+00	2.74000e+02
969	2.75388e+02	9.69000e+02	1.87703e+00	2.74500e+02
970	2.75892e+02	9.70000e+02	1.87680e+00	2.75000e+02
971	2.76391e+02	9.71000e+02	1.87656e+00	2.75500e+02
972	2.76907e+02	9.72000e+02	1.87631e+00	2.76000e+02
973	2.77421e+02	9.73000e+02	1.87605e+00	2.76500e+02
974	2.77928e+02	9.74000e+02	1.87579e+00	2.77000e+02
975	2.78434e+02	9.75000e+02	1.87552e+00	2.77500e+02
976	2.78949e+02	9.76000e+02	1.87524e+00	2.78000e+02
977	2.79471e+02	9.77000e+02	1.87495e+00	2.78500e+02
978	2.80009e+02	9.78000e+02	1.87467e+00	2.79000e+02
979	2.80590e+02	9.79000e+02	1.87438e+00	2.79500e+02
980	2.81139e+02	9.80000e+02	1.87409e+00	2.80000e+02
981	2.81655e+02	9.81000e+02	1.87379e+00	2.80500e+02
982	2.82160e+02	9.82000e+02	1.87349e+00	2.81000e+02
983	2.82695e+02	9.83000e+02	1.87319e+00	2.81500e+02
984	2.83278e+02	9.84000e+02	1.87288e+00	2.82000e+02
985	2.83836e+02	9.85000e+02	1.87256e+00	2.82500e+02
986	2.84362e+02	9.86000e+02	1.87224e+00	2.83000e+02
987	2.84869e+02	9.87000e+02	1.87191e+00	2.83500e+02
988	2.85398e+02	9.88000e+02	1.87155e+00	2.84000e+02
989	2.85906e+02	9.89000e+02	1.87118e+00	2.84500e+02
990	2.86434e+02	9.90000e+02	1.87081e+00	2.85000e+02
991	2.86953e+02	9.91000e+02	1.87043e+00	2.85500e+02
992	2.87472e+02	9.92000e+02	1.87001e+00	2.86000e+02
993	2.87987e+02	9.93000e+02	1.86960e+00	2.86500e+02
994	2.88510e+02	9.94000e+02	1.86918e+00	2.87000e+02
995	2.89011e+02	9.95000e+02	1.86875e+00	2.87500e+02
996	2.89518e+02	9.96000e+02	1.86828e+00	2.88000e+02
997	2.90024e+02	9.97000e+02	1.86781e+00	2.88500e+02
998	2.90545e+02	9.98000e+02	1.86732e+00	2.89000e+02
999	2.91076e+02	9.99000e+02	1.86682e+00	2.89500e+02
1000	2.91579e+02	1.00000e+03	1.86625e+00	2.90000e+02
1001	2.92095e+02	1.00100e+03	1.86568e+00	2.90500e+02
1002	2.92599e+02	1.00200e+03	1.86509e+00	2.91000e+02
1003	2.93111e+02	1.00300e+03	1.86449e+00	2.91500e+02
1004	2.93621e+02	1.00400e+03	1.86381e+00	2.92000e+02
1005	2.94125e+02	1.00500e+03	1.86314e+00	2.92500e+02
1006	2.94649e+02	1.00600e+03	1.86245e+00	2.93000e+02
1007	2.95153e+02	1.00700e+03	1.86175e+00	2.93500e+02
1008	2.95672e+02	1.00800e+03	1.86099e+00	2.94000e+02
1009	2.96197e+02	1.00900e+03	1.86024e+00	2.94500e+02
1010	2.96693e+02	1.01000e+03	1.85948e+00	2.95000e+02
1011	2.97187e+02	1.01100e+03	1.85870e+00	2.95500e+02
1012	2.97704e+02	1.01200e+03	1.85788e+00	2.96000e+02
1013	2.98223e+02	1.01300e+03	1.85707e+00	2.96500e+02
1014	2.98745e+02	1.01400e+03	1.85623e+00	2.97000e+02
1015	2.99260e+02	1.01500e+03	1.85539e+00	2.97500e+02
1016	2.99743e+02	1.01600e+03	1.85449e+00	2.98000e+02
1017	3.00257e+02	1.01700e+03	1.85359e+00	2.98500e+02
1018	3.00753e+02	1.01800e+03	1.85268e+00	2.99000e+02
1019	3.01268e+02	1.01900e+03	1.85175e+00	2.99500e+02
1020	3.01778e+02	1.02000e+03	1.85076e+00	3.00000e+02
1021	3.02284e+02	1.02100e+03	1.84978e+00	3.00500e+02
1022	3.02816e+02	1.02200e+03	1.84878e+00	3.01000e+02
1023	3.03343e+02	1.02300e+03	1.84778e+00	3.01500e+02
1024	3.03835e+02	1.02400e+03	1.84672e+00	3.02000e+02
1025	3.04330e+02	1.02500e+03	1.84566e+00	3.02500e+02
1026	3.04835e+02	1.02600e+03	1.84459e+00	3.03000e+02
1027	3.05333e+02	1.02700e+03	1.84351e+00	3.03500e+02
1028	3.05833e+02	1.02800e+03	1.84237e+00	3.04000e+02
1029	3.06334e+02	1.02900e+03	1.84124e+00	3.04500e+02
1030	3.06860e+02	1.03000e+03	1.84010e+00	3.05000e+02
1031	3.07359e+02	1.03100e+03	1.83895e+00	3.05500e+02
1032	3.07873e+02	1.03200e+03	1.83774e+00	3.06000e+02
1033	3.08380e+02	1.03300e+03	1.83654e+00	3.06500e+02
1034	3.08901e+02	1.03400e+03	1.83534e+00	3.07000e+02
1035	3.09403e+02	1.03500e+03	1.83412e+00	3.07500e+02
1036	3.09936e+02	1.03600e+03	1.83285e+00	3.08000e+02
1037	3.10440e+02	1.03700e+03	1.83160e+00	3.08500e+02
1038	3.10969e+02	1.03800e+03	1.83033e+00	3.09000e+02
1039	3.11463e+02	1.03900e+03	1.82905e+00	3.09500e+02
1040	3.11961e+02	1.04000e+03	1.82773e+00	3.10000e+02
1041	3.12444e+02	1.04100e+03	1.82641e+00	3.10500e+02
1042	3.12931e+02	1.04200e+03	1.82508e+00	3.11000e+02
1043	3.13428e+02	1.04300e+03	1.82374e+00	3.11500e+02
1044	3.13927e+02	1.04400e+03	1.82236e+00	3.12000e+02
1045	3.14432e+02	1.04500e+03	1.82100e+00	3.12500e+02
1046	3.14926e+02	1.04600e+03	1.81962e+00	3.13000e+02
1047	3.15422e+02	1.04700e+03	1.81825e+00	3.13500e+02
1048	3.15920e+02	1.04800e+03	1.81684e+00	3.14000e+02
1049	3.16413e+02	1.04900e+03	1.81545e+00	3.14500e+02
1050	3.16911e+02	1.05000e+03	1.81405e+00	3.15000e+02
1051	3.17412e+02	1.05100e+03	1.81265e+00	3.15500e+02
1052	3.17908e+02	1.05200e+03	1.81124e+00	3.16000e+02
1053	3.18405e+02	1.05300e+03	1.80983e+00	3.16500e+02
1054	3.18908e+02	1.05400e+03	1.80842e+00	3.17000e+02
1055	3.19401e+02	1.05500e+03	1.80701e+00	3.17500e+02
1056	3.19892e+02	1.05600e+03	1.80559e+00	3.18000e+02
1057	3.20401e+02	1.05700e+03	1.80418e+00	3.18500e+02
1058	3.20905e+02	1.05800e+03	1.80276e+00	3.19000e+02
1059	3.21404e+02	1.05900e+03	1.80134e+00	3.19500e+02
1060	3.21904e+02	1.06000e+03	1.79993e+00	3.20000e+02
1061	3.22398e+02	1.06100e+03	1.79851e+00	3.20500e+02
1062	3.22899e+02	1.06200e+03	1.79710e+00	3.21000e+02
1063	3.23425e+02	1.06300e+03	1.79569e+00	3.21500e+02
1064	3.23966e+02	1.06400e+03	1.79429e+00	3.22000e+02
1065	3.24468e+02	1.06500e+03	1.79287e+00	3.22500e+02
1066	3.24966e+02	1.06600e+03	1.79145e+00	3.23000e+02
1067	3.25460e+02	1.06700e+03	1.79002e+00	3.23500e+02
1068	3.25947e+02	1.06800e+03	1.78857e+00	3.24000e+02
1069	3.26442e+02	1.06900e+03	1.78711e+00	3.24500e+02
1070	3.26957e+02	1.07000e+03	1.78563e+00	3.25000e+02
1071	3.27468e+02	1.07100e+03	1.78415e+00	3.25500e+02
1072	3.27973e+02	1.07200e+03	1.78259e+00	3.26000e+02
1073	3.28494e+02	1.07300e+03	1.78104e+00	3.26500e+02
1074	3.29056e+02	1.07400e+03	1.77947e+00	3.27000e+02
1075	3.29602e+02	1.07500e+03	1.77787e+00	3.27500e+02
1076	3.30118e+02	1.07600e+03	1.77618e+00	3.28000e+02
1077	3.30601e+02	1.07700e+03	1.77449e+00	3.28500e+02
1078	3.31097e+02	1.07800e+03	1.77277e+00	3.29000e+02
1079	3.31606e+02	1.07900e+03	1.77102e+00	3.29500e+02
1080	3.32110e+02	1.08000e+03	1.76913e+00	3.30000e+02
1081	3.32622e+02	1.08100e+03	1.76726e+00	3.30500e+02
1082	3.33120e+02	1.08200e+03	1.76535e+00	3.31000e+02
1083	3.33620e+02	1.08300e+03	1.76341e+00	3.31500e+02
1084	3.34113e+02	1.08400e+03	1.76130e+00	3.32000e+02
1085	3.34611e+02	1.08500e+03	1.75920e+00	3.32500e+02
1086	3.35103e+02	1.08600e+03	1.75707e+00	3.33000e+02
1087	3.35607e+02	1.08700e+03	1.75490e+00	3.33500e+02
1088	3.36103e+02	1.08800e+03	1.75254e+00	3.34000e+02
1089	3.36602e+02	1.08900e+03	1.75021e+00	3.34500e+02
1090	3.37096e+02	1.09000e+03	1.74783e+00	3.35000e+02
1091	3.37591e+02	1.09100e+03	1.74541e+00	3.35500e+02
1092	3.38092e+02	1.09200e+03	1.74277e+00	3.36000e+02
1093	3.38579e+02	1.09300e+03	1.74015e+00	3.36500e+02
1094	3.39093e+02	1.09400e+03	1.73746e+00	3.37000e+02
1095	3.39581e+02	1.09500e+03	1.73473e+00	3.37500e+02
1096	3.40070e+02	1.09600e+03	1.73172e+00	3.38000e+02
1097	3.40565e+02	1.09700e+03	1.72873e+00	3.38500e+02
1098	3.41060e+02	1.09800e+03	1.72568e+00	3.39000e+02
1099	3.41559e+02	1.09900e+03	1.72257e+00	3.39500e+02
1100	3.42058e+02	1.10000e+03	1.71913e+00	3.40000e+02
1101	3.42535e+02	1.10100e+03	1.71572e+00	3.40500e+02
1102	3.43030e+02	1.10200e+03	1.71224e+00	3.41000e+02
1103	3.43533e+02	1.10300e+03	1.70868e+00	3.41500e+02
1104	3.44026e+02	1.10400e+03	1.70475e+00	3.42000e+02
1105	3.44535e+02	1.10500e+03	1.70087e+00	3.42500e+02
1106	3.45038e+02	1.10600e+03	1.69689e+00	3.43000e+02
1107	3.45535e+02	1.10700e+03	1.69285e+00	3.43500e+02
1108	3.46033e+02	1.10800e+03	1.68839e+00	3.44000e+02
1109	3.46525e+02	1.10900e+03	1.68398e+00	3.44500e+02
1110	3.47031e+02	1.11000e+03	1.67947e+00	3.45000e+02
1111	3.47523e+02	1.11100e+03	1.67487e+00	3.45500e+02
1112	3.48020e+02	1.11200e+03	1.66983e+00	3.46000e+02
1113	3.48521e+02	1.11300e+03	1.66484e+00	3.46500e+02
1114	3.49012e+02	1.11400e+03	1.65975e+00	3.47000e+02
1115	3.49515e+02	1.11500e+03	1.65456e+00	3.47500e+02
1116	3.49991e+02	1.11600e+03	1.64889e+00	3.48000e+02
1117	3.50473e+02	1.11700e+03	1.64327e+00	3.48500e+02
1118	3.50980e+02	1.11800e+03	1.63754e+00	3.49000e+02
1119	3.51481e+02	1.11900e+03	1.63170e+00	3.49500e+02
1120	3.51973e+02	1.12000e+03	1.62532e+00	3.50000e+02
1121	3.52475e+02	1.12100e+03	1.61900e+00	3.50500e+02
1122	3.52974e+02	1.12200e+03	1.61255e+00	3.51000e+02
1123	3.53452e+02	1.12300e+03	1.60600e+00	3.51500e+02
1124	3.53947e+02	1.12400e+03	1.59887e+00	3.52000e+02
1125	3.54438e+02	1.12500e+03	1.59181e+00	3.52500e+02
1126	3.54910e+02	1.12600e+03	1.58464e+00	3.53000e+02
1127	3.55412e+02	1.12700e+03	1.57735e+00	3.53500e+02
1128	3.55907e+02	1.12800e+03	1.56949e+00	3.54000e+02
1129	3.56433e+02	1.12900e+03	1.56170e+00	3.54500e+02
1130	3.56925e+02	1.13000e+03	1.55379e+00	3.55000e+02
1131	3.57416e+02	1.13100e+03	1.54576e+00	3.55500e+02
1132	3.57905e+02	1.13200e+03	1.53713e+00	3.56000e+02
1133	3.58391e+02	1.13300e+03	1.52858e+00	3.56500e+02
1134	3.58897e+02	1.13400e+03	1.51989e+00	3.57000e+02
1135	3.59382e+02	1.13500e+03	1.51108e+00	3.57500e+02
1136	3.59891e+02	1.13600e+03	1.50163e+00	3.58000e+02
1137	3.60379e+02	1.13700e+03	1.49227e+00	3.58500e+02
1138	3.60887e+02	1.13800e+03	1.48278e+00	3.59000e+02
1139	3.61393e+02	1.13900e+03	1.47316e+00	3.59500e+02
1140	3.61910e+02	1.14000e+03	1.46291e+00	3.60000e+02
1141	3.62407e+02	1.14100e+03	1.45275e+00	3.60500e+02
1142	3.62915e+02	1.14200e+03	1.44247e+00	3.61000e+02
1143	3.63421e+02	1.14300e+03	1.43207e+00	3.61500e+02
1144	3.63890e+02	1.14400e+03	1.42106e+00	3.62000e+02
1145	3.64393e+02	1.14500e+03	1.41013e+00	3.62500e+02
1146	3.64872e+02	1.14600e+03	1.39908e+00	3.63000e+02
1147	3.65391e+02	1.14700e+03	1.38792e+00	3.63500e+02
1148	3.65922e+02	1.14800e+03	1.37617e+00	3.64000e+02
1149	3.66408e+02	1.14900e+03	1.36453e+00	3.64500e+02
1150	3.66885e+02	1.15000e+03	1.35277e+00	3.65000e+02
1151	3.67369e+02	1.15100e+03	1.34091e+00	3.65500e+02
1152	3.67883e+02	1.15200e+03	1.32851e+00	3.66000e+02
1153	3.68373e+02	1.15300e+03	1.31618e+00	3.66500e+02
1154	3.68863e+02	1.15400e+03	1.30372e+00	3.67000e+02
1155	3.69354e+02	1.15500e+03	1.29116e+00	3.67500e+02
1156	3.69834e+02	1.15600e+03	1.27805e+00	3.68000e+02
1157	3.70316e+02	1.15700e+03	1.26502e+00	3.68500e+02
1158	3.70823e+02	1.15800e+03	1.25187e+00	3.69000e+02
1159	3.71310e+02	1.15900e+03	1.23862e+00	3.69500e+02
1160	3.71833e+02	1.16000e+03	1.22484e+00	3.70000e+02
1161	3.72322e+02	1.16100e+03	1.21113e+00	3.70500e+02
1162	3.72789e+02	1.16200e+03	1.19731e+00	3.71000e+02
1163	3.73303e+02	1.16300e+03	1.18340e+00	3.71500e+02
1164	3.73807e+02	1.16400e+03	1.16899e+00	3.72000e+02
1165	3.74294e+02	1.16500e+03	1.15467e+00	3.72500e+02
1166	3.74799e+02	1.16600e+03	1.14026e+00	3.73000e+02
1167	3.75295e+02	1.16700e+03	1.12577e+00	3.73500e+02
1168	3.75805e+02	1.16800e+03	1.11086e+00	3.74000e+02
1169	3.76290e+02	1.16900e+03	1.09603e+00	3.74500e+02
1170	3.76797e+02	1.17000e+03	1.08113e+00	3.75000e+02
1171	3.77287e+02	1.17100e+03	1.06616e+00	3.75500e+02
1172	3.77765e+02	1.17200e+03	1.05087e+00	3.76000e+02
1173	3.78251e+02	1.17300e+03	1.03567e+00	3.76500e+02
1174	3.78754e+02	1.17400e+03	1.02043e+00	3.77000e+02
1175	3.79225e+02	1.17500e+03	1.00516e+00	3.77500e+02
1176	3.79722e+02	1.17600e+03	9.89671e-01	3.78000e+02
1177	3.80233e+02	1.17700e+03	9.74206e-01	3.78500e+02
1178	3.80718e+02	1.17800e+03	9.58659e-01	3.79000e+02
1179	3.81258e+02	1.17900e+03	9.43030e-01	3.79500e+02
1180	3.81764e+02	1.18000e+03	9.27056e-01	3.80000e+02
1181	3.82257e+02	1.18100e+03	9.11042e-01	3.80500e+02
1182	3.82759e+02	1.18200e+03	8.94907e-01	3.81000e+02
1183	3.83251e+02	1.18300e+03	8.78685e-01	3.81500e+02
1184	3.83791e+02	1.18400e+03	8.61987e-01	3.82000e+02
1185	3.84308e+02	1.18500e+03	8.45470e-01	3.82500e+02
1186	3.84790e+02	1.18600e+03	8.28971e-01	3.83000e+02
1187	3.85271e+02	1.18700e+03	8.12470e-01	3.83500e+02
1188	3.85810e+02	1.18800e+03	7.95900e-01	3.84000e+02
1189	3.86319e+02	1.18900e+03	7.79439e-01	3.84500e+02
1190	3.86772e+02	1.19000e+03	7.63051e-01	3.85000e+02
1191	3.87249e+02	1.19100e+03	7.46707e-01	3.85500e+02
1192	3.87737e+02	1.19200e+03	7.30596e-01	3.86000e+02
1193	3.88216e+02	1.19300e+03	7.14467e-01	3.86500e+02
1194	3.88699e+02	1.19400e+03	6.98400e-01	3.87000e+02
1195	3.89201e+02	1.19500e+03	6.82386e-01	3.87500e+02
1196	3.89701e+02	1.19600e+03	6.66649e-01	3.88000e+02
1197	3.90200e+02	1.19700e+03	6.50880e-01	3.88500e+02
1198	3.90688e+02	1.19800e+03	6.35188e-01	3.89000e+02
1199	3.91187e+02	1.19900e+03	6.19569e-01	3.89500e+02
1200	3.91687e+02	1.20000e+03	6.04293e-01	3.90000e+02
1201	3.92188e+02	1.20100e+03	5.89015e-01	3.90500e+02
1202	3.92696e+02	1.20200e+03	5.73846e-01	3.91000e+02
1203	3.93185e+02	1.20300e+03	5.58773e-01	3.91500e+02
1204	3.93701e+02	1.20400e+03	5.44175e-01	3.92000e+02
1205	3.94206e+02	1.20500e+03	5.29526e-01	3.92500e+02
1206	3.94722e+02	1.20600e+03	5.14993e-01	3.93000e+02
1207	3.95223e+02	1.20700e+03	5.00567e-01	3.93500e+02
1208	3.95743e+02	1.20800e+03	4.86691e-01	3.94000e+02
1209	3.96258e+02	1.20900e+03	4.72771e-01	3.94500e+02
1210	3.96773e+02	1.21000e+03	4.58998e-01	3.95000e+02
1211	3.97294e+02	1.21100e+03	4.45352e-01	3.95500e+02
1212	3.97818e+02	1.21200e+03	4.32361e-01	3.96000e+02
1213	3.98353e+02	1.21300e+03	4.19301e-01	3.96500e+02
1214	3.98866e+02	1.21400e+03	4.06394e-01	3.97000e+02
1215	3.99352e+02	1.21500e+03	3.93624e-01	3.97500e+02
1216	3.99877e+02	1.21600e+03	3.81579e-01	3.98000e+02
1217	4.00373e+02	1.21700e+03	3.69455e-01	3.98500e+02
1218	4.00870e+02	1.21800e+03	3.57496e-01	3.99000e+02
1219	4.01369e+02	1.21900e+03	3.45689e-01	3.99500e+02
1220	4.01887e+02	1.22000e+03	3.34648e-01	4.00000e+02
1221	4.02400e+02	1.22100e+03	3.23512e-01	4.00500e+02
1222	4.02902e+02	1.22200e+03	3.12541e-01	4.01000e+02
1223	4.03416e+02	1.22300e+03	3.01720e-01	4.01500e+02
1224	4.03930e+02	1.22400e+03	2.91677e-01	4.02000e+02
1225	4.04438e+02	1.22500e+03	2.81531e-01	4.02500e+02
1226	4.04931e+02	1.22600e+03	2.71554e-01	4.03000e+02
1227	4.05449e+02	1.22700e+03	2.61731e-01	4.03500e+02
1228	4.05960e+02	1.22800e+03	2.52697e-01	4.04000e+02
1229	4.06460e+02	1.22900e+03	2.43567e-01	4.04500e+02
1230	4.06980e+02	1.23000e+03	2.34605e-01	4.05000e+02
1231	4.07498e+02	1.23100e+03	2.25797e-01	4.05500e+02
1232	4.08003e+02	1.23200e+03	2.17781e-01	4.06000e+02
1233	4.08516e+02	1.23300e+03	2.09643e-01	4.06500e+02
1234	4.09017e+02	1.23400e+03	2.01660e-01	4.07000e+02
1235	4.09517e+02	1.23500e+03	1.93825e-01	4.07500e+02
1236	4.10023e+02	1.23600e+03	1.86735e-01	4.08000e+02
1237	4.10527e+02	1.23700e+03	1.79544e-01	4.08500e+02
1238	4.11038e+02	1.23800e+03	1.72505e-01	4.09000e+02
1239	4.11544e+02	1.23900e+03	1.65609e-01	4.09500e+02
1240	4.12041e+02	1.24000e+03	1.59429e-01	4.10000e+02
1241	4.12549e+02	1.24100e+03	1.53134e-01	4.10500e+02
1242	4.13043e+02	1.24200e+03	1.46975e-01	4.11000e+02
1243	4.13545e+02	1.24300e+03	1.40943e-01	4.11500e+02
1244	4.14053e+02	1.24400e+03	1.35572e-01	4.12000e+02
1245	4.14563e+02	1.24500e+03	1.30103e-01	4.12500e+02
1246	4.15091e+02	1.24600e+03	1.24764e-01	4.13000e+02
1247	4.15597e+02	1.24700e+03	1.19545e-01	4.13500e+02
1248	4.16108e+02	1.24800e+03	1.14942e-01	4.14000e+02
1249	4.16616e+02	1.24900e+03	1.10243e-01	4.14500e+02
1250	4.17131e+02	1.25000e+03	1.05657e-01	4.15000e+02
1251	4.17644e+02	1.25100e+03	1.01180e-01	4.15500e+02
1252	4.18181e+02	1.25200e+03	9.72637e-02	4.16000e+02
1253	4.18710e+02	1.25300e+03	9.32583e-02	4.16500e+02
1254	4.19188e+02	1.25400e+03	8.93570e-02	4.17000e+02
1255	4.19696e+02	1.25500e+03	8.55549e-02	4.17500e+02
1256	4.20202e+02	1.25600e+03	8.22579e-02	4.18000e+02
1257	4.20711e+02	1.25700e+03	7.88787e-02	4.18500e+02
1258	4.21220e+02	1.25800e+03	7.55899e-02	4.19000e+02
1259	4.21733e+02	1.25900e+03	7.23879e-02	4.19500e+02
1260	4.22249e+02	1.26000e+03	6.96369e-02	4.20000e+02
1261	4.22731e+02	1.26100e+03	6.68121e-02	4.20500e+02
1262	4.23245e+02	1.26200e+03	6.40701e-02	4.21000e+02
1263	4.23751e+02	1.26300e+03	6.14070e-02	4.21500e+02
1264	4.24270e+02	1.26400e+03	5.91470e-02	4.22000e+02
1265	4.24778e+02	1.26500e+03	5.68232e-02	4.22500e+02
1266	4.25285e+02	1.26600e+03	5.45719e-02	4.23000e+02
1267	4.25788e+02	1.26700e+03	5.23895e-02	4.23500e+02
1268	4.26289e+02	1.26800e+03	5.05682e-02	4.24000e+02
1269	4.26799e+02	1.26900e+03	4.86840e-02	4.24500e+02
1270	4.27300e+02	1.27000e+03	4.68619e-02	4.25000e+02
1271	4.27809e+02	1.27100e+03	4.51000e-02	4.25500e+02
1272	4.28313e+02	1.27200e+03	4.36408e-02	4.26000e+02
1273	4.28802e+02	1.27300e+03	4.21256e-02	4.26500e+02
1274	4.29309e+02	1.27400e+03	4.06587e-02	4.27000e+02
1275	4.29810e+02	1.27500e+03	3.92395e-02	4.27500e+02
1276	4.30338e+02	1.27600e+03	3.80689e-02	4.28000e+02
1277	4.30859e+02	1.27700e+03	3.68524e-02	4.28500e+02
1278	4.31367e+02	1.27800e+03	3.56753e-02	4.29000e+02
1279	4.31870e+02	1.27900e+03	3.45372e-02	4.29500e+02
1280	4.32357e+02	1.28000e+03	3.36020e-02	4.30000e+02
1281	4.32882e+02	1.28100e+03	3.26309e-02	4.30500e+02
1282	4.33390e+02	1.28200e+03	3.16934e-02	4.31000e+02
1283	4.33899e+02	1.28300e+03	3.07885e-02	4.31500e+02
1284	4.34393e+02	1.28400e+03	3.00549e-02	4.32000e+02
1285	4.34904e+02	1.28500e+03	2.92920e-02	4.32500e+02
1286	4.35414e+02	1.28600e+03	2.85570e-02	4.33000e+02
1287	4.35929e+02	1.28700e+03	2.78491e-02	4.33500e+02
1288	4.36552e+02	1.28800e+03	2.72810e-02	4.34000e+02
1289	4.37151e+02	1.28900e+03	2.66821e-02	4.34500e+02
1290	4.37689e+02	1.29000e+03	2.61007e-02	4.35000e+02
1291	4.38236e+02	1.29100e+03	2.55381e-02	4.35500e+02
1292	4.38722e+02	1.29200e+03	2.50730e-02	4.36000e+02
1293	4.39217e+02	1.29300e+03	2.45867e-02	4.36500e+02
1294	4.39725e+02	1.29400e+03	2.41140e-02	4.37000e+02
1295	4.40243e+02	1.29500e+03	2.36552e-02	4.37500e+02
1296	4.40778e+02	1.29600e+03	2.32663e-02	4.38000e+02
1297	4.41263e+02	1.29700e+03	2.28641e-02	4.38500e+02
1298	4.41734e+02	1.29800e+03	2.24712e-02	4.39000e+02
1299	4.42238e+02	1.29900e+03	2.20877e-02	4.39500e+02
1300	4.42734e+02	1.30000e+03	2.17566e-02	4.40000e+02
1301	4.43236e+02	1.30100e+03	2.14131e-02	4.40500e+02
1302	4.43720e+02	1.30200e+03	2.10783e-02	4.41000e+02
1303	4.44234e+02	1.30300e+03	2.07537e-02	4.41500e+02
1304	4.44743e+02	1.30400e+03	2.04765e-02	4.42000e+02
1305	4.45266e+02	1.30500e+03	2.01999e-02	4.42500e+02
1306	4.45764e+02	1.30600e+03	1.99407e-02	4.43000e+02
1307	4.46277e+02	1.30700e+03	1.96972e-02	4.43500e+02
1308	4.46790e+02	1.30800e+03	1.95307e-02	4.44000e+02
1309	4.47299e+02	1.30900e+03	1.93585e-02	4.44500e+02
1310	4.47800e+02	1.31000e+03	1.92034e-02	4.45000e+02
1311	4.48303e+02	1.31100e+03	1.90627e-02	4.45500e+02
1312	4.48817e+02	1.31200e+03	1.89964e-02	4.46000e+02
1313	4.49363e+02	1.31300e+03	1.89044e-02	4.46500e+02
1314	4.49895e+02	1.31400e+03	1.88126e-02	4.47000e+02
1315	4.50437e+02	1.31500e+03	1.87243e-02	4.47500e+02
1316	4.50930e+02	1.31600e+03	1.86578e-02	4.48000e+02
1317	4.51405e+02	1.31700e+03	1.85790e-02	4.48500e+02
1318	4.51869e+02	1.31800e+03	1.84990e-02	4.49000e+02
1319	4.52358e+02	1.31900e+03	1.84199e-02	4.49500e+02
1320	4.52869e+02	1.32000e+03	1.83388e-02	4.50000e+02
1321	4.53409e+02	1.32100e+03	1.82623e-02	4.50500e+02
1322	4.53899e+02	1.32200e+03	1.81892e-02	4.51000e+02
1323	4.54421e+02	1.32300e+03	1.81179e-02	4.51500e+02
1324	4.54916e+02	1.32400e+03	1.80551e-02	4.52000e+02
1325	4.55403e+02	1.32500e+03	1.79912e-02	4.52500e+02
1326	4.55868e+02	1.32600e+03	1.79289e-02	4.53000e+02
1327	4.56253e+02	1.32700e+03	1.78683e-02	4.53500e+02
1328	4.56675e+02	1.32800e+03	1.78159e-02	4.54000e+02
1329	4.57097e+02	1.32900e+03	1.77615e-02	4.54500e+02
1330	4.57524e+02	1.33000e+03	1.77082e-02	4.55000e+02
1331	4.57947e+02	1.33100e+03	1.76561e-02	4.55500e+02
1332	4.58383e+02	1.33200e+03	1.76146e-02	4.56000e+02
1333	4.58836e+02	1.33300e+03	1.75758e-02	4.56500e+02
1334	4.59285e+02	1.33400e+03	1.75417e-02	4.57000e+02
1335	4.59756e+02	1.33500e+03	1.75105e-02	4.57500e+02
1336	4.60233e+02	1.33600e+03	1.74942e-02	4.58000e+02
1337	4.60708e+02	1.33700e+03	1.74714e-02	4.58500e+02
1338	4.61188e+02	1.33800e+03	1.74482e-02	4.59000e+02
1339	4.61701e+02	1.33900e+03	1.74258e-02	4.59500e+02
1340	4.62221e+02	1.34000e+03	1.74094e-02	4.60000e+02
1341	4.62691e+02	1.34100e+03	1.73936e-02	4.60500e+02
1342	4.63175e+02	1.34200e+03	1.73820e-02	4.61000e+02
1343	4.63680e+02	1.34300e+03	1.73741e-02	4.61500e+02
1344	4.64145e+02	1.34400e+03	1.73771e-02	4.62000e+02
1345	4.64629e+02	1.34500e+03	1.73806e-02	4.62500e+02
1346	4.65089e+02	1.34600e+03	1.73852e-02	4.63000e+02
1347	4.65561e+02	1.34700e+03	1.73896e-02	4.63500e+02
1348	4.66034e+02	1.34800e+03	1.73993e-02	4.64000e+02
1349	4.66518e+02	1.34900e+03	1.73989e-02	4.64500e+02
1350	4.67048e+02	1.35000e+03	1.73924e-02	4.65000e+02
1351	4.67558e+02	1.35100e+03	1.73824e-02	4.65500e+02
1352	4.68459e+02	1.35200e+03	1.73546e-02	4.66000e+02
1353	4.68924e+02	1.35300e+03	1.73309e-02	4.66500e+02
1354	4.69380e+02	1.35400e+03	1.73035e-02	4.67000e+02
1355	4.69842e+02	1.35500e+03	1.72721e-02	4.67500e+02
1356	4.70292e+02	1.35600e+03	1.72229e-02	4.68000e+02
1357	4.70748e+02	1.35700e+03	1.71776e-02	4.68500e+02
1358	4.71201e+02	1.35800e+03	1.71343e-02	4.69000e+02
1359	4.71673e+02	1.35900e+03	1.70932e-02	4.69500e+02
1360	4.72141e+02	1.36000e+03	1.70556e-02	4.70000e+02
1361	4.72641e+02	1.36100e+03	1.70320e-02	4.70500e+02
1362	4.73136e+02	1.36200e+03	1.70204e-02	4.71000e+02
1363	4.73619e+02	1.36300e+03	1.70167e-02	4.71500e+02
1364	4.74102e+02	1.36400e+03	1.70538e-02	4.72000e+02
1365	4.74589e+02	1.36500e+03	1.70805e-02	4.72500e+02
1366	4.75081e+02	1.36600e+03	1.71082e-02	4.73000e+02
1367	4.75568e+02	1.36700e+03	1.71371e-02	4.73500e+02
1368	4.76056e+02	1.36800e+03	1.71754e-02	4.74000e+02
1369	4.76559e+02	1.36900e+03	1.71967e-02	4.74500e+02
1370	4.77052e+02	1.37000e+03	1.72087e-02	4.75000e+02
1371	4.77543e+02	1.37100e+03	1.72152e-02	4.75500e+02
1372	4.78032e+02	1.37200e+03	1.71912e-02	4.76000e+02
1373	4.78519e+02	1.37300e+03	1.71729e-02	4.76500e+02
1374	4.79014e+02	1.37400e+03	1.71496e-02	4.77000e+02
1375	4.79503e+02	1.37500e+03	1.71219e-02	4.77500e+02
1376	4.79989e+02	1.37600e+03	1.70704e-02	4.78000e+02
1377	4.80478e+02	1.37700e+03	1.70267e-02	4.78500e+02
1378	4.80969e+02	1.37800e+03	1.69846e-02	4.79000e+02
1379	4.81455e+02	1.37900e+03	1.69434e-02	4.79500e+02
1380	4.81941e+02	1.38000e+03	1.69031e-02	4.80000e+02
1381	4.82437e+02	1.38100e+03	1.68717e-02	4.80500e+02
1382	4.82926e+02	1.38200e+03	1.68458e-02	4.81000e+02
1383	4.83403e+02	1.38300e+03	1.68230e-02	4.81500e+02
1384	4.83899e+02	1.38400e+03	1.68200e-02	4.82000e+02
1385	4.84381e+02	1.38500e+03	1.68085e-02	4.82500e+02
1386	4.84875e+02	1.38600e+03	1.67964e-02	4.83000e+02
1387	4.85358e+02	1.38700e+03	1.67845e-02	4.83500e+02
1388	4.85860e+02	1.38800e+03	1.67762e-02	4.84000e+02
1389	4.86362e+02	1.38900e+03	1.67676e-02	4.84500e+02
1390	4.86860e+02	1.39000e+03	1.67609e-02	4.85000e+02
1391	4.87365e+02	1.39100e+03	1.67560e-02	4.85500e+02
1392	4.87877e+02	1.39200e+03	1.67569e-02	4.86000e+02
1393	4.88378e+02	1.39300e+03	1.67589e-02	4.86500e+02
1394	4.88901e+02	1.39400e+03	1.67625e-02	4.87000e+02
1395	4.89424e+02	1.39500e+03	1.67670e-02	4.87500e+02
1396	4.89931e+02	1.39600e+03	1.67772e-02	4.88000e+02
1397	4.90468e+02	1.39700e+03	1.67817e-02	4.88500e+02
1398	4.90986e+02	1.39800e+03	1.67828e-02	4.89000e+02
1399	4.91494e+02	1.39900e+03	1.67812e-02	4.89500e+02
1400	4.92009e+02	1.40000e+03	1.67649e-02	4.90000e+02
1401	4.92479e+02	1.40100e+03	1.67473e-02	4.90500e+02
1402	4.92975e+02	1.40200e+03	1.67255e-02	4.91000e+02
1403	4.93440e+02	1.40300e+03	1.67007e-02	4.91500e+02
1404	4.93942e+02	1.40400e+03	1.66568e-02	4.92000e+02
1405	4.94431e+02	1.40500e+03	1.66217e-02	4.92500e+02
1406	4.94929e+02	1.40600e+03	1.65906e-02	4.93000e+02
1407	4.95360e+02	1.40700e+03	1.65616e-02	4.93500e+02
1408	4.95883e+02	1.40800e+03	1.65408e-02	4.94000e+02
1409	4.96406e+02	1.40900e+03	1.65265e-02	4.94500e+02
1410	4.96954e+02	1.41000e+03	1.65177e-02	4.95000e+02
1411	4.97376e+02	1.41100e+03	1.65122e-02	4.95500e+02
1412	4.97900e+02	1.41200e+03	1.65282e-02	4.96000e+02
1413	4.98405e+02	1.41300e+03	1.65312e-02	4.96500e+02
1414	4.98899e+02	1.41400e+03	1.65290e-02	4.97000e+02
1415	4.99322e+02	1.41500e+03	1.65241e-02	4.97500e+02
1416	4.99763e+02	1.41600e+03	1.65113e-02	4.98000e+02
1417	5.00294e+02	1.41700e+03	1.64977e-02	4.98500e+02
1418	5.00764e+02	1.41800e+03	1.64834e-02	4.99000e+02
1419	5.01202e+02	1.41900e+03	1.64689e-02	4.99500e+02
1420	5.01626e+02	1.42000e+03	1.64458e-02	5.00000e+02
1421	5.02053e+02	1.42100e+03	1.64288e-02	5.00500e+02
1422	5.02503e+02	1.42200e+03	1.64139e-02	5.01000e+02
1423	5.02941e+02	1.42300e+03	1.64001e-02	5.01500e+02
1424	5.03387e+02	1.42400e+03	1.63920e-02	5.02000e+02
1425	5.03868e+02	1.42500e+03	1.63829e-02	5.02500e+02
1426	5.04352e+02	1.42600e+03	1.63755e-02	5.03000e+02
1427	5.04815e+02	1.42700e+03	1.63695e-02	5.03500e+02
1428	5.05270e+02	1.42800e+03	1.63708e-02	5.04000e+02
1429	5.05732e+02	1.42900e+03	1.63735e-02	5.04500e+02
1430	5.06221e+02	1.43000e+03	1.63787e-02	5.05000e+02
1431	5.06689e+02	1.43100e+03	1.63862e-02	5.05500e+02
1432	5.07138e+02	1.43200e+03	1.64091e-02	5.06000e+02
1433	5.07579e+02	1.43300e+03	1.64289e-02	5.06500e+02
1434	5.08046e+02	1.43400e+03	1.64500e-02	5.07000e+02
1435	5.08507e+02	1.43500e+03	1.64723e-02	5.07500e+02
1436	5.08976e+02	1.43600e+03	1.64956e-02	5.08000e+02
1437	5.09450e+02	1.43700e+03	1.65086e-02	5.08500e+02
1438	5.09937e+02	1.43800e+03	1.65133e-02	5.09000e+02
1439	5.10418e+02	1.43900e+03	1.65127e-02	5.09500e+02
1440	5.10895e+02	1.44000e+03	1.64866e-02	5.10000e+02
1441	5.11374e+02	1.44100e+03	1.64657e-02	5.10500e+02
1442	5.11849e+02	1.44200e+03	1.64431e-02	5.11000e+02
1443	5.12328e+02	1.44300e+03	1.64187e-02	5.11500e+02
1444	5.12808e+02	1.44400e+03	1.63787e-02	5.12000e+02
1445	5.13293e+02	1.44500e+03	1.63449e-02	5.12500e+02
1446	5.13771e+02	1.44600e+03	1.63080e-02	5.13000e+02
1447	5.14260e+02	1.44700e+03	1.62676e-02	5.13500e+02
1448	5.14749e+02	1.44800e+03	1.62160e-02	5.14000e+02
1449	5.15226e+02	1.44900e+03	1.61655e-02	5.14500e+02
1450	5.15728e+02	1.45000e+03	1.61197e-02	5.15000e+02
1451	5.16216e+02	1.45100e+03	1.60791e-02	5.15500e+02
1452	5.16699e+02	1.45200e+03	1.60604e-02	5.16000e+02
1453	5.17175e+02	1.45300e+03	1.60643e-02	5.16500e+02
1454	5.17657e+02	1.45400e+03	1.60869e-02	5.17000e+02
1455	5.18138e+02	1.45500e+03	1.61212e-02	5.17500e+02
1456	5.18614e+02	1.45600e+03	1.62319e-02	5.18000e+02
1457	5.19085e+02	1.45700e+03	1.63125e-02	5.18500e+02
1458	5.19581e+02	1.45800e+03	1.63869e-02	5.19000e+02
1459	5.20068e+02	1.45900e+03	1.64595e-02	5.19500e+02
1460	5.20547e+02	1.46000e+03	1.65216e-02	5.20000e+02
1461	5.21033e+02	1.46100e+03	1.65613e-02	5.20500e+02
1462	5.21511e+02	1.46200e+03	1.65856e-02	5.21000e+02
1463	5.21991e+02	1.46300e+03	1.66015e-02	5.21500e+02
1464	5.22471e+02	1.46400e+03	1.65578e-02	5.22000e+02
1465	5.22944e+02	1.46500e+03	1.65377e-02	5.22500e+02
1466	5.23431e+02	1.46600e+03	1.65195e-02	5.23000e+02
1467	5.23915e+02	1.46700e+03	1.64997e-02	5.23500e+02
1468	5.24396e+02	1.46800e+03	1.64708e-02	5.24000e+02
1469	5.24880e+02	1.46900e+03	1.64490e-02	5.24500e+02
1470	5.25368e+02	1.47000e+03	1.64287e-02	5.25000e+02
1471	5.25850e+02	1.47100e+03	1.64089e-02	5.25500e+02
1472	5.26338e+02	1.47200e+03	1.63969e-02	5.26000e+02
1473	5.26815e+02	1.47300e+03	1.63832e-02	5.26500e+02
1474	5.27307e+02	1.47400e+03	1.63717e-02	5.27000e+02
1475	5.27785e+02	1.47500e+03	1.63624e-02	5.27500e+02
1476	5.28274e+02	1.47600e+03	1.63629e-02	5.28000e+02
1477	5.28745e+02	1.47700e+03	1.63640e-02	5.28500e+02
1478	5.29227e+02	1.47800e+03	1.63658e-02	5.29000e+02
1479	5.29706e+02	1.47900e+03	1.63677e-02	5.29500e+02
1480	5.30180e+02	1.48000e+03	1.63766e-02	5.30000e+02
1481	5.30657e+02	1.48100e+03	1.63774e-02	5.30500e+02
1482	5.31135e+02	1.48200e+03	1.63745e-02	5.31000e+02
1483	5.31614e+02	1.48300e+03	1.63701e-02	5.31500e+02
1484	5.32086e+02	1.48400e+03	1.63552e-02	5.32000e+02
1485	5.32574e+02	1.48500e+03	1.63441e-02	5.32500e+02
1486	5.33062e+02	1.48600e+03	1.63335e-02	5.33000e+02
1487	5.33542e+02	1.48700e+03	1.63231e-02	5.33500e+02
1488	5.34030e+02	1.48800e+03	1.63127e-02	5.34000e+02
1489	5.34501e+02	1.48900e+03	1.63045e-02	5.34500e+02
1490	5.34980e+02	1.49000e+03	1.62973e-02	5.35000e+02
1491	5.35462e+02	1.49100e+03	1.62908e-02	5.35500e+02
1492	5.35938e+02	1.49200e+03	1.62891e-02	5.36000e+02
1493	5.36433e+02	1.49300e+03	1.62838e-02	5.36500e+02
1494	5.36920e+02	1.49400e+03	1.62761e-02	5.37000e+02
1495	5.37393e+02	1.49500e+03	1.62670e-02	5.37500e+02
1496	5.37870e+02	1.49600e+03	1.62489e-02	5.38000e+02
1497	5.38349e+02	1.49700e+03	1.62280e-02	5.38500e+02
1498	5.38825e+02	1.49800e+03	1.62036e-02	5.39000e+02
1499	5.39301e+02	1.49900e+03	1.61771e-02	5.39500e+02
1500	5.39773e+02	1.50000e+03	1.61405e-02	5.40000e+02
1501	5.40246e+02	1.50100e+03	1.61130e-02	5.40500e+02
1502	5.40745e+02	1.50200e+03	1.60907e-02	5.41000e+02
1503	5.41230e+02	1.50300e+03	1.60723e-02	5.41500e+02
1504	5.41716e+02	1.50400e+03	1.60694e-02	5.42000e+02
1505	5.42218e+02	1.50500e+03	1.60686e-02	5.42500e+02
1506	5.42709e+02	1.50600e+03	1.60718e-02	5.43000e+02
1507	5.43211e+02	1.50700e+03	1.60770e-02	5.43500e+02
1508	5.43728e+02	1.50800e+03	1.60975e-02	5.44000e+02
1509	5.44257e+02	1.50900e+03	1.61052e-02	5.44500e+02
1510	5.44779e+02	1.51000e+03	1.61072e-02	5.45000e+02
1511	5.45287e+02	1.51100e+03	1.61063e-02	5.45500e+02
1512	5.45800e+02	1.51200e+03	1.60912e-02	5.46000e+02
1513	5.46303e+02	1.51300e+03	1.60789e-02	5.46500e+02
1514	5.46811e+02	1.51400e+03	1.60671e-02	5.47000e+02
1515	5.47315e+02	1.51500e+03	1.60559e-02	5.47500e+02
1516	5.47802e+02	1.51600e+03	1.60392e-02	5.48000e+02
1517	5.48302e+02	1.51700e+03	1.60295e-02	5.48500e+02
1518	5.48831e+02	1.51800e+03	1.60225e-02	5.49000e+02
1519	5.49349e+02	1.51900e+03	1.60159e-02	5.49500e+02
1520	5.49866e+02	1.52000e+03	1.60183e-02	5.50000e+02
1521	5.50378e+02	1.52100e+03	1.60174e-02	5.50500e+02
1522	5.50890e+02	1.52200e+03	1.60168e-02	5.51000e+02
1523	5.51394e+02	1.52300e+03	1.60166e-02	5.51500e+02
1524	5.51903e+02	1.52400e+03	1.60174e-02	5.52000e+02
1525	5.52449e+02	1.52500e+03	1.60163e-02	5.52500e+02
1526	5.52976e+02	1.52600e+03	1.60112e-02	5.53000e+02
1527	5.53483e+02	1.52700e+03	1.60024e-02	5.53500e+02
1528	5.53991e+02	1.52800e+03	1.59738e-02	5.54000e+02
1529	5.54476e+02	1.52900e+03	1.59363e-02	5.54500e+02
1530	5.55014e+02	1.53000e+03	1.58891e-02	5.55000e+02
1531	5.55530e+02	1.53100e+03	1.58357e-02	5.55500e+02
1532	5.56008e+02	1.53200e+03	1.57513e-02	5.56000e+02
1533	5.56500e+02	1.53300e+03	1.56917e-02	5.56500e+02
1534	5.57031e+02	1.53400e+03	1.56473e-02	5.57000e+02
1535	5.57527e+02	1.53500e+03	1.56124e-02	5.57500e+02
1536	5.57973e+02	1.53600e+03	1.56284e-02	5.58000e+02
1537	5.58465e+02	1.53700e+03	1.56546e-02	5.58500e+02
1538	5.58986e+02	1.53800e+03	1.56952e-02	5.59000e+02
1539	5.59488e+02	1.53900e+03	1.57449e-02	5.59500e+02
1540	5.60015e+02	1.54000e+03	1.58551e-02	5.60000e+02
1541	5.60535e+02	1.54100e+03	1.59245e-02	5.60500e+02
1542	5.61034e+02	1.54200e+03	1.59803e-02	5.61000e+02
1543	5.61540e+02	1.54300e+03	1.60307e-02	5.61500e+02
1544	5.62043e+02	1.54400e+03	1.60454e-02	5.62000e+02
1545	5.62576e+02	1.54500e+03	1.60616e-02	5.62500e+02
1546	5.63077e+02	1.54600e+03	1.60717e-02	5.63000e+02
1547	5.63607e+02	1.54700e+03	1.60774e-02	5.63500e+02
1548	5.64067e+02	1.54800e+03	1.60521e-02	5.64000e+02
1549	5.64503e+02	1.54900e+03	1.60440e-02	5.64500e+02
1550	5.64937e+02	1.55000e+03	1.60408e-02	5.65000e+02
1551	5.65340e+02	1.55100e+03	1.60394e-02	5.65500e+02
1552	5.65792e+02	1.55200e+03	1.60486e-02	5.66000e+02
1553	5.66260e+02	1.55300e+03	1.60586e-02	5.66500e+02
1554	5.66720e+02	1.55400e+03	1.60699e-02	5.67000e+02
1555	5.67201e+02	1.55500e+03	1.60815e-02	5.67500e+02
1556	5.67667e+02	1.55600e+03	1.60997e-02	5.68000e+02
1557	5.68134e+02	1.55700e+03	1.61096e-02	5.68500e+02
1558	5.68610e+02	1.55800e+03	1.61149e-02	5.69000e+02
1559	5.69098e+02	1.55900e+03	1.61171e-02	5.69500e+02
1560	5.69585e+02	1.56000e+03	1.61024e-02	5.70000e+02
1561	5.70074e+02	1.56100e+03	1.60902e-02	5.70500e+02
1562	5.70565e+02	1.56200e+03	1.60762e-02	5.71000e+02
1563	5.71049e+02	1.56300e+03	1.60610e-02	5.71500e+02
1564	5.71533e+02	1.56400e+03	1.60390e-02	5.72000e+02
1565	5.72017e+02	1.56500e+03	1.60246e-02	5.72500e+02
1566	5.72489e+02	1.56600e+03	1.60136e-02	5.73000e+02
1567	5.72969e+02	1.56700e+03	1.60045e-02	5.73500e+02
1568	5.73454e+02	1.56800e+03	1.60064e-02	5.74000e+02
1569	5.73945e+02	1.56900e+03	1.60054e-02	5.74500e+02
1570	5.74425e+02	1.57000e+03	1.60046e-02	5.75000e+02
1571	5.74917e+02	1.57100e+03	1.60041e-02	5.75500e+02
1572	5.75393e+02	1.57200e+03	1.60083e-02	5.76000e+02
1573	5.75868e+02	1.57300e+03	1.60091e-02	5.76500e+02
1574	5.76373e+02	1.57400e+03	1.60093e-02	5.77000e+02
1575	5.76854e+02	1.57500e+03	1.60098e-02	5.77500e+02
1576	5.77349e+02	1.57600e+03	1.60083e-02	5.78000e+02
1577	5.77834e+02	1.57700e+03	1.60071e-02	5.78500e+02
1578	5.78326e+02	1.57800e+03	1.60050e-02	5.79000e+02
1579	5.78830e+02	1.57900e+03	1.60018e-02	5.79500e+02
1580	5.79320e+02	1.58000e+03	1.59927e-02	5.80000e+02
1581	5.79806e+02	1.58100e+03	1.59820e-02	5.80500e+02
1582	5.80303e+02	1.58200e+03	1.59700e-02	5.81000e+02
1583	5.80793e+02	1.58300e+03	1.59571e-02	5.81500e+02
1584	5.81275e+02	1.58400e+03	1.59373e-02	5.82000e+02
1585	5.81761e+02	1.58500e+03	1.59234e-02	5.82500e+02
1586	5.82249e+02	1.58600e+03	1.59124e-02	5.83000e+02
1587	5.82738e+02	1.58700e+03	1.59030e-02	5.83500e+02
1588	5.83239e+02	1.58800e+03	1.59006e-02	5.84000e+02
1589	5.83736e+02	1.58900e+03	1.58969e-02	5.84500e+02
1590	5.84251e+02	1.59000e+03	1.58938e-02	5.85000e+02
1591	5.84750e+02	1.59100e+03	1.58914e-02	5.85500e+02
1592	5.85249e+02	1.59200e+03	1.58967e-02	5.86000e+02
1593	5.85731e+02	1.59300e+03	1.59017e-02	5.86500e+02
1594	5.86234e+02	1.59400e+03	1.59083e-02	5.87000e+02
1595	5.86745e+02	1.59500e+03	1.59160e-02	5.87500e+02
1596	5.87270e+02	1.59600e+03	1.59293e-02	5.88000e+02
1597	5.87749e+02	1.59700e+03	1.59398e-02	5.88500e+02
1598	5.88323e+02	1.59800e+03	1.59488e-02	5.89000e+02
1599	5.88940e+02	1.59900e+03	1.59572e-02	5.89500e+02
1600	5.89470e+02	1.60000e+03	1.59631e-02	5.90000e+02
1601	5.89973e+02	1.60100e+03	1.59656e-02	5.90500e+02
1602	5.90581e+02	1.60200e+03	1.59644e-02	5.91000e+02
1603	5.91101e+02	1.60300e+03	1.59609e-02	5.91500e+02
1604	5.91671e+02	1.60400e+03	1.59466e-02	5.92000e+02
1605	5.92190e+02	1.60500e+03	1.59352e-02	5.92500e+02
1606	5.92728e+02	1.60600e+03	1.59238e-02	5.93000e+02
1607	5.93162e+02	1.60700e+03	1.59123e-02	5.93500e+02
1608	5.93609e+02	1.60800e+03	1.58989e-02	5.94000e+02
1609	5.94065e+02	1.60900e+03	1.58889e-02	5.94500e+02
1610	5.94538e+02	1.61000e+03	1.58785e-02	5.95000e+02
1611	5.95029e+02	1.61100e+03	1.58668e-02	5.95500e+02
1612	5.95552e+02	1.61200e+03	1.58563e-02	5.96000e+02
1613	5.96040e+02	1.61300e+03	1.58426e-02	5.96500e+02
1614	5.96519e+02	1.61400e+03	1.58280e-02	5.97000e+02
1615	5.97004e+02	1.61500e+03	1.58137e-02	5.97500e+02
1616	5.97483e+02	1.61600e+03	1.57960e-02	5.98000e+02
1617	5.97961e+02	1.61700e+03	1.57837e-02	5.98500e+02
1618	5.98443e+02	1.61800e+03	1.57733e-02	5.99000e+02
1619	5.98940e+02	1.61900e+03	1.57631e-02	5.99500e+02
1620	5.99420e+02	1.62000e+03	1.57561e-02	6.00000e+02
1621	5.99906e+02	1.62100e+03	1.57445e-02	6.00500e+02
1622	6.00398e+02	1.62200e+03	1.57312e-02	6.01000e+02
1623	6.00897e+02	1.62300e+03	1.57175e-02	6.01500e+02
1624	6.01388e+02	1.62400e+03	1.57012e-02	6.02000e+02
1625	6.01876e+02	1.62500e+03	1.56899e-02	6.02500e+02
1626	6.02371e+02	1.62600e+03	1.56818e-02	6.03000e+02
1627	6.02859e+02	1.62700e+03	1.56754e-02	6.03500e+02
1628	6.03371e+02	1.62800e+03	1.56779e-02	6.04000e+02
1629	6.03863e+02	1.62900e+03	1.56786e-02	6.04500e+02
1630	6.04365e+02	1.63000e+03	1.56798e-02	6.05000e+02
1631	6.04860e+02	1.63100e+03	1.56817e-02	6.05500e+02
1632	6.05367e+02	1.63200e+03	1.56889e-02	6.06000e+02
1633	6.05881e+02	1.63300e+03	1.56929e-02	6.06500e+02
1634	6.06375e+02	1.63400e+03	1.56964e-02	6.07000e+02
1635	6.06858e+02	1.63500e+03	1.56995e-02	6.07500e+02
1636	6.07357e+02	1.63600e+03	1.56999e-02	6.08000e+02
1637	6.07857e+02	1.63700e+03	1.57016e-02	6.08500e+02
1638	6.08368e+02	1.63800e+03	1.57047e-02	6.09000e+02
1639	6.08870e+02	1.63900e+03	1.57087e-02	6.09500e+02
1640	6.09363e+02	1.64000e+03	1.57131e-02	6.10000e+02
1641	6.09868e+02	1.64100e+03	1.57172e-02	6.10500e+02
1642	6.10369e+02	1.64200e+03	1.57200e-02	6.11000e+02
1643	6.10858e+02	1.64300e+03	1.57218e-02	6.11500e+02
1644	6.11366e+02	1.64400e+03	1.57199e-02	6.12000e+02
1645	6.11862e+02	1.64500e+03	1.57151e-02	6.12500e+02
1646	6.12358e+02	1.64600e+03	1.57083e-02	6.13000e+02
1647	6.12855e+02	1.64700e+03	1.57003e-02	6.13500e+02
1648	6.13349e+02	1.64800e+03	1.56836e-02	6.14000e+02
1649	6.13843e+02	1.64900e+03	1.56729e-02	6.14500e+02
1650	6.14347e+02	1.65000e+03	1.56648e-02	6.15000e+02
1651	6.14841e+02	1.65100e+03	1.56583e-02	6.15500e+02
1652	6.15333e+02	1.65200e+03	1.56595e-02	6.16000e+02
1653	6.15837e+02	1.65300e+03	1.56630e-02	6.16500e+02
1654	6.16331e+02	1.65400e+03	1.56700e-02	6.17000e+02
1655	6.16817e+02	1.65500e+03	1.56791e-02	6.17500e+02
1656	6.17311e+02	1.65600e+03	1.56970e-02	6.18000e+02
1657	6.17803e+02	1.65700e+03	1.57084e-02	6.18500e+02
1658	6.18313e+02	1.65800e+03	1.57174e-02	6.19000e+02
1659	6.18801e+02	1.65900e+03	1.57251e-02	6.19500e+02
1660	6.19292e+02	1.66000e+03	1.57239e-02	6.20000e+02
1661	6.19770e+02	1.66100e+03	1.57211e-02	6.20500e+02
1662	6.20275e+02	1.66200e+03	1.57152e-02	6.21000e+02
1663	6.20767e+02	1.66300e+03	1.57068e-02	6.21500e+02
1664	6.21264e+02	1.66400e+03	1.56866e-02	6.22000e+02
1665	6.21765e+02	1.66500e+03	1.56723e-02	6.22500e+02
1666	6.22258e+02	1.66600e+03	1.56604e-02	6.23000e+02
1667	6.22758e+02	1.66700e+03	1.56496e-02	6.23500e+02
1668	6.23246e+02	1.66800e+03	1.56429e-02	6.24000e+02
1669	6.23746e+02	1.66900e+03	1.56389e-02	6.24500e+02
1670	6.24250e+02	1.67000e+03	1.56364e-02	6.25000e+02
1671	6.24749e+02	1.67100e+03	1.56340e-02	6.25500e+02
1672	6.25247e+02	1.67200e+03	1.56358e-02	6.26000e+02
1673	6.25744e+02	1.67300e+03	1.56303e-02	6.26500e+02
1674	6.26249e+02	1.67400e+03	1.56219e-02	6.27000e+02
1675	6.26737e+02	1.67500e+03	1.56126e-02	6.27500e+02
1676	6.27238e+02	1.67600e+03	1.55946e-02	6.28000e+02
1677	6.27738e+02	1.67700e+03	1.55820e-02	6.28500e+02
1678	6.28241e+02	1.67800e+03	1.55710e-02	6.29000e+02
1679	6.28738e+02	1.67900e+03	1.55608e-02	6.29500e+02
1680	6.29239e+02	1.68000e+03	1.55547e-02	6.30000e+02
1681	6.29732e+02	1.68100e+03	1.55490e-02	6.30500e+02
1682	6.30223e+02	1.68200e+03	1.55445e-02	6.31000e+02
1683	6.30721e+02	1.68300e+03	1.55411e-02	6.31500e+02
1684	6.31214e+02	1.68400e+03	1.55457e-02	6.32000e+02
1685	6.31722e+02	1.68500e+03	1.55487e-02	6.32500e+02
1686	6.32222e+02	1.68600e+03	1.55524e-02	6.33000e+02
1687	6.32712e+02	1.68700e+03	1.55564e-02	6.33500e+02
1688	6.33210e+02	1.68800e+03	1.55639e-02	6.34000e+02
1689	6.33714e+02	1.68900e+03	1.55692e-02	6.34500e+02
1690	6.34207e+02	1.69000e+03	1.55744e-02	6.35000e+02
1691	6.34719e+02	1.69100e+03	1.55795e-02	6.35500e+02
1692	6.35207e+02	1.69200e+03	1.55845e-02	6.36000e+02
1693	6.35712e+02	1.69300e+03	1.55912e-02	6.36500e+02
1694	6.36213e+02	1.69400e+03	1.55998e-02	6.37000e+02
1695	6.36704e+02	1.69500e+03	1.56099e-02	6.37500e+02
1696	6.37201e+02	1.69600e+03	1.56262e-02	6.38000e+02
1697	6.37702e+02	1.69700e+03	1.56421e-02	6.38500e+02
1698	6.38198e+02	1.69800e+03	1.56586e-02	6.39000e+02
1699	6.38699e+02	1.69900e+03	1.56752e-02	6.39500e+02
1700	6.39204e+02	1.70000e+03	1.56932e-02	6.40000e+02
1701	6.39696e+02	1.70100e+03	1.57065e-02	6.40500e+02
1702	6.40198e+02	1.70200e+03	1.57171e-02	6.41000e+02
1703	6.40705e+02	1.70300e+03	1.57260e-02	6.41500e+02
1704	6.41198e+02	1.70400e+03	1.57220e-02	6.42000e+02
1705	6.41699e+02	1.70500e+03	1.57176e-02	6.42500e+02
1706	6.42182e+02	1.70600e+03	1.57090e-02	6.43000e+02
1707	6.42679e+02	1.70700e+03	1.56974e-02	6.43500e+02
1708	6.43166e+02	1.70800e+03	1.56723e-02	6.44000e+02
1709	6.43660e+02	1.70900e+03	1.56534e-02	6.44500e+02
1710	6.44158e+02	1.71000e+03	1.56371e-02	6.45000e+02
1711	6.44645e+02	1.71100e+03	1.56223e-02	6.45500e+02
1712	6.45136e+02	1.71200e+03	1.56095e-02	6.46000e+02
1713	6.45628e+02	1.71300e+03	1.56010e-02	6.46500e+02
1714	6.46126e+02	1.71400e+03	1.55952e-02	6.47000e+02
1715	6.46630e+02	1.71500e+03	1.55901e-02	6.47500e+02
1716	6.47116e+02	1.71600e+03	1.55864e-02	6.48000e+02
1717	6.47620e+02	1.71700e+03	1.55696e-02	6.48500e+02
1718	6.48110e+02	1.71800e+03	1.55413e-02	6.49000e+02
1719	6.48613e+02	1.71900e+03	1.55053e-02	6.49500e+02
1720	6.49119e+02	1.72000e+03	1.54356e-02	6.50000e+02
1721	6.49620e+02	1.72100e+03	1.53756e-02	6.50500e+02
1722	6.50116e+02	1.72200e+03	1.53214e-02	6.51000e+02
1723	6.50621e+02	1.72300e+03	1.52722e-02	6.51500e+02
1724	6.51111e+02	1.72400e+03	1.52412e-02	6.52000e+02
1725	6.51632e+02	1.72500e+03	1.52379e-02	6.52500e+02
1726	6.52142e+02	1.72600e+03	1.52569e-02	6.53000e+02
1727	6.52630e+02	1.72700e+03	1.52896e-02	6.53500e+02
1728	6.53134e+02	1.72800e+03	1.54074e-02	6.54000e+02
1729	6.53641e+02	1.72900e+03	1.54943e-02	6.54500e+02
1730	6.54145e+02	1.73000e+03	1.55788e-02	6.55000e+02
1731	6.54642e+02	1.73100e+03	1.56648e-02	6.55500e+02
1732	6.55132e+02	1.73200e+03	1.57584e-02	6.56000e+02
1733	6.55616e+02	1.73300e+03	1.58300e-02	6.56500e+02
1734	6.56114e+02	1.73400e+03	1.58878e-02	6.57000e+02
1735	6.56606e+02	1.73500e+03	1.59374e-02	6.57500e+02
1736	6.57093e+02	1.73600e+03	1.59330e-02	6.58000e+02
1737	6.57592e+02	1.73700e+03	1.59352e-02	6.58500e+02
1738	6.58083e+02	1.73800e+03	1.59282e-02	6.59000e+02
1739	6.58571e+02	1.73900e+03	1.59133e-02	6.59500e+02
1740	6.59057e+02	1.74000e+03	1.58518e-02	6.60000e+02
1741	6.59567e+02	1.74100e+03	1.58073e-02	6.60500e+02
1742	6.60061e+02	1.74200e+03	1.57646e-02	6.61000e+02
1743	6.60546e+02	1.74300e+03	1.57207e-02	6.61500e+02
1744	6.61034e+02	1.74400e+03	1.56686e-02	6.62000e+02
1745	6.61524e+02	1.74500e+03	1.56247e-02	6.62500e+02
1746	6.62011e+02	1.74600e+03	1.55827e-02	6.63000e+02
1747	6.62504e+02	1.74700e+03	1.55412e-02	6.63500e+02
1748	6.62995e+02	1.74800e+03	1.55070e-02	6.64000e+02
1749	6.63495e+02	1.74900e+03	1.54690e-02	6.64500e+02
1750	6.63986e+02	1.75000e+03	1.54357e-02	6.65000e+02
1751	6.64477e+02	1.75100e+03	1.54079e-02	6.65500e+02
1752	6.64973e+02	1.75200e+03	1.53984e-02	6.66000e+02
1753	6.65466e+02	1.75300e+03	1.53979e-02	6.66500e+02
1754	6.65969e+02	1.75400e+03	1.54074e-02	6.67000e+02
1755	6.66452e+02	1.75500e+03	1.54232e-02	6.67500e+02
1756	6.66937e+02	1.75600e+03	1.54743e-02	6.68000e+02
1757	6.67438e+02	1.75700e+03	1.55058e-02	6.68500e+02
1758	6.67928e+02	1.75800e+03	1.55316e-02	6.69000e+02
1759	6.68416e+02	1.75900e+03	1.55553e-02	6.69500e+02
1760	6.68908e+02	1.76000e+03	1.55673e-02	6.70000e+02
1761	6.69388e+02	1.76100e+03	1.55752e-02	6.70500e+02
1762	6.69891e+02	1.76200e+03	1.55781e-02	6.71000e+02
1763	6.70374e+02	1.76300e+03	1.55775e-02	6.71500e+02
1764	6.70862e+02	1.76400e+03	1.55553e-02	6.72000e+02
1765	6.71352e+02	1.76500e+03	1.55420e-02	6.72500e+02
1766	6.71841e+02	1.76600e+03	1.55297e-02	6.73000e+02
1767	6.72339e+02	1.76700e+03	1.55174e-02	6.73500e+02
1768	6.72832e+02	1.76800e+03	1.55071e-02	6.74000e+02
1769	6.73326e+02	1.76900e+03	1.55007e-02	6.74500e+02
1770	6.73817e+02	1.77000e+03	1.54965e-02	6.75000e+02
1771	6.74302e+02	1.77100e+03	1.54935e-02	6.75500e+02
1772	6.74800e+02	1.77200e+03	1.54986e-02	6.76000e+02
1773	6.75289e+02	1.77300e+03	1.54976e-02	6.76500e+02
1774	6.75778e+02	1.77400e+03	1.54935e-02	6.77000e+02
1775	6.76277e+02	1.77500e+03	1.54878e-02	6.77500e+02
1776	6.76771e+02	1.77600e+03	1.54753e-02	6.78000e+02
1777	6.77261e+02	1.77700e+03	1.54636e-02	6.78500e+02
1778	6.77754e+02	1.77800e+03	1.54520e-02	6.79000e+02
1779	6.78256e+02	1.77900e+03	1.54408e-02	6.79500e+02
1780	6.78746e+02	1.78000e+03	1.54274e-02	6.80000e+02
1781	6.79231e+02	1.78100e+03	1.54168e-02	6.80500e+02
1782	6.79739e+02	1.78200e+03	1.54044e-02	6.81000e+02
1783	6.80236e+02	1.78300e+03	1.53894e-02	6.81500e+02
1784	6.80731e+02	1.78400e+03	1.53645e-02	6.82000e+02
1785	6.81223e+02	1.78500e+03	1.53303e-02	6.82500e+02
1786	6.81720e+02	1.78600e+03	1.52899e-02	6.83000e+02
1787	6.82218e+02	1.78700e+03	1.52466e-02	6.83500e+02
1788	6.82700e+02	1.78800e+03	1.51866e-02	6.84000e+02
1789	6.83202e+02	1.78900e+03	1.51505e-02	6.84500e+02
1790	6.83696e+02	1.79000e+03	1.51314e-02	6.85000e+02
1791	6.84186e+02	1.79100e+03	1.51239e-02	6.85500e+02
1792	6.84694e+02	1.79200e+03	1.51777e-02	6.86000e+02
1793	6.85185e+02	1.79300e+03	1.52324e-02	6.86500e+02
1794	6.85680e+02	1.79400e+03	1.52969e-02	6.87000e+02
1795	6.85840e+02	1.79500e+03	1.53682e-02	6.87500e+02
1796	6.85979e+02	1.79600e+03	1.54873e-02	6.88000e+02
1797	6.86255e+02	1.79700e+03	1.55648e-02	6.88500e+02
1798	6.86603e+02	1.79800e+03	1.56272e-02	6.89000e+02
1799	6.86978e+02	1.79900e+03	1.56836e-02	6.89500e+02
1800	6.87346e+02	1.80000e+03	1.57034e-02	6.90000e+02
1801	6.87678e+02	1.80100e+03	1.57313e-02	6.90500e+02
1802	6.88008e+02	1.80200e+03	1.57498e-02	6.91000e+02
1803	6.88325e+02	1.80300e+03	1.57593e-02	6.91500e+02
1804	6.88633e+02	1.80400e+03	1.57416e-02	6.92000e+02
1805	6.88928e+02	1.80500e+03	1.57276e-02	6.92500e+02
1806	6.89215e+02	1.80600e+03	1.57072e-02	6.93000e+02
1807	6.89492e+02	1.80700e+03	1.56809e-02	6.93500e+02
1808	6.89762e+02	1.80800e+03	1.56295e-02	6.94000e+02
1809	6.90020e+02	1.80900e+03	1.55889e-02	6.94500e+02
1810	6.90272e+02	1.81000e+03	1.55513e-02	6.95000e+02
1811	6.90527e+02	1.81100e+03	1.55155e-02	6.95500e+02
1812	6.90765e+02	1.81200e+03	1.54855e-02	6.96000e+02
1813	6.90999e+02	1.81300e+03	1.54652e-02	6.96500e+02
1814	6.91221e+02	1.81400e+03	1.54535e-02	6.97000e+02
1815	6.91436e+02	1.81500e+03	1.54472e-02	6.97500e+02
1816	6.91650e+02	1.81600e+03	1.54734e-02	6.98000e+02
1817	6.91854e+02	1.81700e+03	1.54929e-02	6.98500e+02
1818	6.92051e+02	1.81800e+03	1.55159e-02	6.99000e+02
1819	6.92254e+02	1.81900e+03	1.55427e-02	6.99500e+02
1820	6.92449e+02	1.82000e+03	1.55878e-02	7.00000e+02
