index	ts	t	weight	tr
[#]	[°C]	[s]	[mg]	[°C]
683	1.31328e+02	6.83000e+02	2.95275e+00	1.31500e+02
684	1.31829e+02	6.84000e+02	2.95267e+00	1.32000e+02
685	1.32340e+02	6.85000e+02	2.95261e+00	1.32500e+02
686	1.32855e+02	6.86000e+02	2.95254e+00	1.33000e+02
687	1.33348e+02	6.87000e+02	2.95248e+00	1.33500e+02
688	1.33852e+02	6.88000e+02	2.95241e+00	1.34000e+02
689	1.34359e+02	6.89000e+02	2.95234e+00	1.34500e+02
690	1.34866e+02	6.90000e+02	2.95228e+00	1.35000e+02
691	1.35374e+02	6.91000e+02	2.95222e+00	1.35500e+02
692	1.35875e+02	6.92000e+02	2.95215e+00	1.36000e+02
693	1.36388e+02	6.93000e+02	2.95208e+00	1.36500e+02
694	1.36892e+02	6.94000e+02	2.95200e+00	1.37000e+02
695	1.37400e+02	6.95000e+02	2.95192e+00	1.37500e+02
696	1.37903e+02	6.96000e+02	2.95183e+00	1.38000e+02
697	1.38411e+02	6.97000e+02	2.95173e+00	1.38500e+02
698	1.38925e+02	6.98000e+02	2.95164e+00	1.39000e+02
699	1.39421e+02	6.99000e+02	2.95154e+00	1.39500e+02
700	1.39936e+02	7.00000e+02	2.95143e+00	1.40000e+02
701	1.40447e+02	7.01000e+02	2.95132e+00	1.40500e+02
702	1.40935e+02	7.02000e+02	2.95122e+00	1.41000e+02
703	1.41448e+02	7.03000e+02	2.95113e+00	1.41500e+02
704	1.41950e+02	7.04000e+02	2.95103e+00	1.42000e+02
705	1.42460e+02	7.05000e+02	2.95094e+00	1.42500e+02
706	1.42964e+02	7.06000e+02	2.95084e+00	1.43000e+02
707	1.43479e+02	7.07000e+02	2.95074e+00	1.43500e+02
708	1.43980e+02	7.08000e+02	2.95063e+00	1.44000e+02
709	1.44475e+02	7.09000e+02	2.95052e+00	1.44500e+02
710	1.44988e+02	7.10000e+02	2.95041e+00	1.45000e+02
711	1.45486e+02	7.11000e+02	2.95029e+00	1.45500e+02
712	1.45989e+02	7.12000e+02	2.95015e+00	1.46000e+02
713	1.46496e+02	7.13000e+02	2.95002e+00	1.46500e+02
714	1.47000e+02	7.14000e+02	2.94989e+00	1.47000e+02
715	1.47499e+02	7.15000e+02	2.94976e+00	1.47500e+02
716	1.48011e+02	7.16000e+02	2.94962e+00	1.48000e+02
717	1.48509e+02	7.17000e+02	2.94948e+00	1.48500e+02
718	1.49017e+02	7.18000e+02	2.94932e+00	1.49000e+02
719	1.49532e+02	7.19000e+02	2.94917e+00	1.49500e+02
720	1.50036e+02	7.20000e+02	2.94898e+00	1.50000e+02
721	1.50546e+02	7.21000e+02	2.94880e+00	1.50500e+02
722	1.51045e+02	7.22000e+02	2.94862e+00	1.51000e+02
723	1.51545e+02	7.23000e+02	2.94843e+00	1.51500e+02
724	1.52054e+02	7.24000e+02	2.94822e+00	1.52000e+02
725	1.52561e+02	7.25000e+02	2.94803e+00	1.52500e+02
726	1.53060e+02	7.26000e+02	2.94783e+00	1.53000e+02
727	1.53568e+02	7.27000e+02	2.94764e+00	1.53500e+02
728	1.54071e+02	7.28000e+02	2.94745e+00	1.54000e+02
729	1.54571e+02	7.29000e+02	2.94725e+00	1.54500e+02
730	1.55085e+02	7.30000e+02	2.94705e+00	1.55000e+02
731	1.55594e+02	7.31000e+02	2.94684e+00	1.55500e+02
732	1.56094e+02	7.32000e+02	2.94662e+00	1.56000e+02
733	1.56614e+02	7.33000e+02	2.94640e+00	1.56500e+02
734	1.57120e+02	7.34000e+02	2.94618e+00	1.57000e+02
735	1.57624e+02	7.35000e+02	2.94595e+00	1.57500e+02
736	1.58133e+02	7.36000e+02	2.94571e+00	1.58000e+02
737	1.58635e+02	7.37000e+02	2.94548e+00	1.58500e+02
738	1.59142e+02	7.38000e+02	2.94525e+00	1.59000e+02
739	1.59647e+02	7.39000e+02	2.94502e+00	1.59500e+02
740	1.60149e+02	7.40000e+02	2.94477e+00	1.60000e+02
741	1.60655e+02	7.41000e+02	2.94452e+00	1.60500e+02
742	1.61166e+02	7.42000e+02	2.94427e+00	1.61000e+02
743	1.61674e+02	7.43000e+02	2.94401e+00	1.61500e+02
744	1.62172e+02	7.44000e+02	2.94374e+00	1.62000e+02
745	1.62683e+02	7.45000e+02	2.94346e+00	1.62500e+02
746	1.63187e+02	7.46000e+02	2.94320e+00	1.63000e+02
747	1.63697e+02	7.47000e+02	2.94293e+00	1.63500e+02
748	1.64208e+02	7.48000e+02	2.94267e+00	1.64000e+02
749	1.64711e+02	7.49000e+02	2.94241e+00	1.64500e+02
750	1.65209e+02	7.50000e+02	2.94215e+00	1.65000e+02
751	1.65718e+02	7.51000e+02	2.94189e+00	1.65500e+02
752	1.66233e+02	7.52000e+02	2.94163e+00	1.66000e+02
753	1.66744e+02	7.53000e+02	2.94136e+00	1.66500e+02
754	1.67236e+02	7.54000e+02	2.94108e+00	1.67000e+02
755	1.67752e+02	7.55000e+02	2.94079e+00	1.67500e+02
756	1.68256e+02	7.56000e+02	2.94046e+00	1.68000e+02
757	1.68774e+02	7.57000e+02	2.94013e+00	1.68500e+02
758	1.69280e+02	7.58000e+02	2.93979e+00	1.69000e+02
759	1.69781e+02	7.59000e+02	2.93945e+00	1.69500e+02
760	1.70294e+02	7.60000e+02	2.93905e+00	1.70000e+02
761	1.70798e+02	7.61000e+02	2.93867e+00	1.70500e+02
762	1.71302e+02	7.62000e+02	2.93828e+00	1.71000e+02
763	1.71805e+02	7.63000e+02	2.93790e+00	1.71500e+02
764	1.72330e+02	7.64000e+02	2.93749e+00	1.72000e+02
765	1.72818e+02	7.65000e+02	2.93709e+00	1.72500e+02
766	1.73319e+02	7.66000e+02	2.93669e+00	1.73000e+02
767	1.73830e+02	7.67000e+02	2.93628e+00	1.73500e+02
768	1.74328e+02	7.68000e+02	2.93587e+00	1.74000e+02
769	1.74830e+02	7.69000e+02	2.93543e+00	1.74500e+02
770	1.75351e+02	7.70000e+02	2.93499e+00	1.75000e+02
771	1.75852e+02	7.71000e+02	2.93453e+00	1.75500e+02
772	1.76362e+02	7.72000e+02	2.93401e+00	1.76000e+02
773	1.76872e+02	7.73000e+02	2.93350e+00	1.76500e+02
774	1.77366e+02	7.74000e+02	2.93298e+00	1.77000e+02
775	1.77876e+02	7.75000e+02	2.93244e+00	1.77500e+02
776	1.78391e+02	7.76000e+02	2.93186e+00	1.78000e+02
777	1.78903e+02	7.77000e+02	2.93130e+00	1.78500e+02
778	1.79410e+02	7.78000e+02	2.93073e+00	1.79000e+02
779	1.79906e+02	7.79000e+02	2.93016e+00	1.79500e+02
780	1.80404e+02	7.80000e+02	2.92956e+00	1.80000e+02
781	1.80908e+02	7.81000e+02	2.92895e+00	1.80500e+02
782	1.81418e+02	7.82000e+02	2.92831e+00	1.81000e+02
783	1.81919e+02	7.83000e+02	2.92764e+00	1.81500e+02
784	1.82423e+02	7.84000e+02	2.92685e+00	1.82000e+02
785	1.82922e+02	7.85000e+02	2.92604e+00	1.82500e+02
786	1.83437e+02	7.86000e+02	2.92518e+00	1.83000e+02
787	1.83936e+02	7.87000e+02	2.92427e+00	1.83500e+02
788	1.84443e+02	7.88000e+02	2.92316e+00	1.84000e+02
789	1.84949e+02	7.89000e+02	2.92209e+00	1.84500e+02
790	1.85445e+02	7.90000e+02	2.92099e+00	1.85000e+02
791	1.85955e+02	7.91000e+02	2.91987e+00	1.85500e+02
792	1.86454e+02	7.92000e+02	2.91857e+00	1.86000e+02
793	1.86958e+02	7.93000e+02	2.91731e+00	1.86500e+02
794	1.87464e+02	7.94000e+02	2.91602e+00	1.87000e+02
795	1.87960e+02	7.95000e+02	2.91472e+00	1.87500e+02
796	1.88477e+02	7.96000e+02	2.91330e+00	1.88000e+02
797	1.88989e+02	7.97000e+02	2.91194e+00	1.88500e+02
798	1.89491e+02	7.98000e+02	2.91058e+00	1.89000e+02
799	1.89997e+02	7.99000e+02	2.90921e+00	1.89500e+02
800	1.90508e+02	8.00000e+02	2.90783e+00	1.90000e+02
801	1.91001e+02	8.01000e+02	2.90645e+00	1.90500e+02
802	1.91509e+02	8.02000e+02	2.90507e+00	1.91000e+02
803	1.92013e+02	8.03000e+02	2.90369e+00	1.91500e+02
804	1.92528e+02	8.04000e+02	2.90227e+00	1.92000e+02
805	1.93035e+02	8.05000e+02	2.90084e+00	1.92500e+02
806	1.93548e+02	8.06000e+02	2.89938e+00	1.93000e+02
807	1.94056e+02	8.07000e+02	2.89791e+00	1.93500e+02
808	1.94569e+02	8.08000e+02	2.89636e+00	1.94000e+02
809	1.95065e+02	8.09000e+02	2.89484e+00	1.94500e+02
810	1.95566e+02	8.10000e+02	2.89332e+00	1.95000e+02
811	1.96085e+02	8.11000e+02	2.89180e+00	1.95500e+02
812	1.96596e+02	8.12000e+02	2.89025e+00	1.96000e+02
813	1.97098e+02	8.13000e+02	2.88873e+00	1.96500e+02
814	1.97597e+02	8.14000e+02	2.88720e+00	1.97000e+02
815	1.98112e+02	8.15000e+02	2.88569e+00	1.97500e+02
816	1.98615e+02	8.16000e+02	2.88420e+00	1.98000e+02
817	1.99122e+02	8.17000e+02	2.88271e+00	1.98500e+02
818	1.99629e+02	8.18000e+02	2.88123e+00	1.99000e+02
819	2.00131e+02	8.19000e+02	2.87976e+00	1.99500e+02
820	2.00643e+02	8.20000e+02	2.87833e+00	2.00000e+02
821	2.01162e+02	8.21000e+02	2.87690e+00	2.00500e+02
822	2.01660e+02	8.22000e+02	2.87549e+00	2.01000e+02
823	2.02164e+02	8.23000e+02	2.87409e+00	2.01500e+02
824	2.02680e+02	8.24000e+02	2.87277e+00	2.02000e+02
825	2.03178e+02	8.25000e+02	2.87144e+00	2.02500e+02
826	2.03695e+02	8.26000e+02	2.87013e+00	2.03000e+02
827	2.04203e+02	8.27000e+02	2.86884e+00	2.03500e+02
828	2.04721e+02	8.28000e+02	2.86766e+00	2.04000e+02
829	2.05219e+02	8.29000e+02	2.86647e+00	2.04500e+02
830	2.05730e+02	8.30000e+02	2.86531e+00	2.05000e+02
831	2.06229e+02	8.31000e+02	2.86417e+00	2.05500e+02
832	2.06739e+02	8.32000e+02	2.86315e+00	2.06000e+02
833	2.07249e+02	8.33000e+02	2.86212e+00	2.06500e+02
834	2.07756e+02	8.34000e+02	2.86111e+00	2.07000e+02
835	2.08269e+02	8.35000e+02	2.86013e+00	2.07500e+02
836	2.08772e+02	8.36000e+02	2.85927e+00	2.08000e+02
837	2.09265e+02	8.37000e+02	2.85839e+00	2.08500e+02
838	2.09796e+02	8.38000e+02	2.85753e+00	2.09000e+02
839	2.10296e+02	8.39000e+02	2.85669e+00	2.09500e+02
840	2.10826e+02	8.40000e+02	2.85596e+00	2.10000e+02
841	2.11333e+02	8.41000e+02	2.85521e+00	2.10500e+02
842	2.11834e+02	8.42000e+02	2.85448e+00	2.11000e+02
843	2.12335e+02	8.43000e+02	2.85378e+00	2.11500e+02
844	2.12850e+02	8.44000e+02	2.85317e+00	2.12000e+02
845	2.13357e+02	8.45000e+02	2.85255e+00	2.12500e+02
846	2.13874e+02	8.46000e+02	2.85196e+00	2.13000e+02
847	2.14383e+02	8.47000e+02	2.85138e+00	2.13500e+02
848	2.14891e+02	8.48000e+02	2.85091e+00	2.14000e+02
849	2.15405e+02	8.49000e+02	2.85043e+00	2.14500e+02
850	2.15918e+02	8.50000e+02	2.84996e+00	2.15000e+02
851	2.16442e+02	8.51000e+02	2.84950e+00	2.15500e+02
852	2.16952e+02	8.52000e+02	2.84913e+00	2.16000e+02
853	2.17472e+02	8.53000e+02	2.84874e+00	2.16500e+02
854	2.17979e+02	8.54000e+02	2.84835e+00	2.17000e+02
855	2.18489e+02	8.55000e+02	2.84797e+00	2.17500e+02
856	2.18997e+02	8.56000e+02	2.84764e+00	2.18000e+02
857	2.19512e+02	8.57000e+02	2.84728e+00	2.18500e+02
858	2.20039e+02	8.58000e+02	2.84693e+00	2.19000e+02
859	2.20541e+02	8.59000e+02	2.84658e+00	2.19500e+02
860	2.21057e+02	8.60000e+02	2.84624e+00	2.20000e+02
861	2.21579e+02	8.61000e+02	2.84589e+00	2.20500e+02
862	2.22099e+02	8.62000e+02	2.84554e+00	2.21000e+02
863	2.22596e+02	8.63000e+02	2.84519e+00	2.21500e+02
864	2.23113e+02	8.64000e+02	2.84485e+00	2.22000e+02
865	2.23631e+02	8.65000e+02	2.84450e+00	2.22500e+02
866	2.24138e+02	8.66000e+02	2.84416e+00	2.23000e+02
867	2.24664e+02	8.67000e+02	2.84382e+00	2.23500e+02
868	2.25194e+02	8.68000e+02	2.84349e+00	2.24000e+02
869	2.25695e+02	8.69000e+02	2.84316e+00	2.24500e+02
870	2.26192e+02	8.70000e+02	2.84282e+00	2.25000e+02
871	2.26696e+02	8.71000e+02	2.84248e+00	2.25500e+02
872	2.27220e+02	8.72000e+02	2.84214e+00	2.26000e+02
873	2.27730e+02	8.73000e+02	2.84179e+00	2.26500e+02
874	2.28241e+02	8.74000e+02	2.84144e+00	2.27000e+02
875	2.28743e+02	8.75000e+02	2.84109e+00	2.27500e+02
876	2.29249e+02	8.76000e+02	2.84074e+00	2.28000e+02
877	2.29760e+02	8.77000e+02	2.84038e+00	2.28500e+02
878	2.30273e+02	8.78000e+02	2.84002e+00	2.29000e+02
879	2.30766e+02	8.79000e+02	2.83966e+00	2.29500e+02
880	2.31263e+02	8.80000e+02	2.83929e+00	2.30000e+02
881	2.31778e+02	8.81000e+02	2.83892e+00	2.30500e+02
882	2.32279e+02	8.82000e+02	2.83855e+00	2.31000e+02
883	2.32791e+02	8.83000e+02	2.83817e+00	2.31500e+02
884	2.33315e+02	8.84000e+02	2.83779e+00	2.32000e+02
885	2.33839e+02	8.85000e+02	2.83741e+00	2.32500e+02
886	2.34343e+02	8.86000e+02	2.83704e+00	2.33000e+02
887	2.34845e+02	8.87000e+02	2.83666e+00	2.33500e+02
888	2.35360e+02	8.88000e+02	2.83630e+00	2.34000e+02
889	2.35865e+02	8.89000e+02	2.83593e+00	2.34500e+02
890	2.36378e+02	8.90000e+02	2.83557e+00	2.35000e+02
891	2.36885e+02	8.91000e+02	2.83522e+00	2.35500e+02
892	2.37404e+02	8.92000e+02	2.83487e+00	2.36000e+02
893	2.37906e+02	8.93000e+02	2.83453e+00	2.36500e+02
894	2.38425e+02	8.94000e+02	2.83418e+00	2.37000e+02
895	2.38931e+02	8.95000e+02	2.83383e+00	2.37500e+02
896	2.39445e+02	8.96000e+02	2.83349e+00	2.38000e+02
897	2.39975e+02	8.97000e+02	2.83313e+00	2.38500e+02
898	2.40460e+02	8.98000e+02	2.83277e+00	2.39000e+02
899	2.40997e+02	8.99000e+02	2.83241e+00	2.39500e+02
900	2.41497e+02	9.00000e+02	2.83204e+00	2.40000e+02
901	2.42009e+02	9.01000e+02	2.83167e+00	2.40500e+02
902	2.42511e+02	9.02000e+02	2.83131e+00	2.41000e+02
903	2.43034e+02	9.03000e+02	2.83095e+00	2.41500e+02
904	2.43530e+02	9.04000e+02	2.83060e+00	2.42000e+02
905	2.44048e+02	9.05000e+02	2.83025e+00	2.42500e+02
906	2.44558e+02	9.06000e+02	2.82990e+00	2.43000e+02
907	2.45080e+02	9.07000e+02	2.82955e+00	2.43500e+02
908	2.45591e+02	9.08000e+02	2.82920e+00	2.44000e+02
909	2.46102e+02	9.09000e+02	2.82886e+00	2.44500e+02
910	2.46618e+02	9.10000e+02	2.82851e+00	2.45000e+02
911	2.47142e+02	9.11000e+02	2.82817e+00	2.45500e+02
912	2.47660e+02	9.12000e+02	2.82784e+00	2.46000e+02
913	2.48172e+02	9.13000e+02	2.82752e+00	2.46500e+02
914	2.48678e+02	9.14000e+02	2.82720e+00	2.47000e+02
915	2.49192e+02	9.15000e+02	2.82689e+00	2.47500e+02
916	2.49715e+02	9.16000e+02	2.82661e+00	2.48000e+02
917	2.50219e+02	9.17000e+02	2.82632e+00	2.48500e+02
918	2.50730e+02	9.18000e+02	2.82603e+00	2.49000e+02
919	2.51244e+02	9.19000e+02	2.82575e+00	2.49500e+02
920	2.51771e+02	9.20000e+02	2.82549e+00	2.50000e+02
921	2.52291e+02	9.21000e+02	2.82522e+00	2.50500e+02
922	2.52803e+02	9.22000e+02	2.82495e+00	2.51000e+02
923	2.53304e+02	9.23000e+02	2.82468e+00	2.51500e+02
924	2.53833e+02	9.24000e+02	2.82442e+00	2.52000e+02
925	2.54345e+02	9.25000e+02	2.82416e+00	2.52500e+02
926	2.54871e+02	9.26000e+02	2.82389e+00	2.53000e+02
927	2.55393e+02	9.27000e+02	2.82363e+00	2.53500e+02
928	2.55913e+02	9.28000e+02	2.82336e+00	2.54000e+02
929	2.56422e+02	9.29000e+02	2.82310e+00	2.54500e+02
930	2.56945e+02	9.30000e+02	2.82284e+00	2.55000e+02
931	2.57479e+02	9.31000e+02	2.82257e+00	2.55500e+02
932	2.58010e+02	9.32000e+02	2.82231e+00	2.56000e+02
933	2.58530e+02	9.33000e+02	2.82205e+00	2.56500e+02
934	2.59059e+02	9.34000e+02	2.82179e+00	2.57000e+02
935	2.59578e+02	9.35000e+02	2.82153e+00	2.57500e+02
936	2.60093e+02	9.36000e+02	2.82128e+00	2.58000e+02
937	2.60633e+02	9.37000e+02	2.82102e+00	2.58500e+02
938	2.61170e+02	9.38000e+02	2.82076e+00	2.59000e+02
939	2.61713e+02	9.39000e+02	2.82051e+00	2.59500e+02
940	2.62225e+02	9.40000e+02	2.82025e+00	2.60000e+02
941	2.62750e+02	9.41000e+02	2.82000e+00	2.60500e+02
942	2.63256e+02	9.42000e+02	2.81975e+00	2.61000e+02
943	2.63781e+02	9.43000e+02	2.81950e+00	2.61500e+02
944	2.64299e+02	9.44000e+02	2.81926e+00	2.62000e+02
945	2.64794e+02	9.45000e+02	2.81902e+00	2.62500e+02
946	2.65304e+02	9.46000e+02	2.81879e+00	2.63000e+02
947	2.65809e+02	9.47000e+02	2.81856e+00	2.63500e+02
948	2.66312e+02	9.48000e+02	2.81834e+00	2.64000e+02
949	2.66786e+02	9.49000e+02	2.81812e+00	2.64500e+02
950	2.67298e+02	9.50000e+02	2.81790e+00	2.65000e+02
951	2.67799e+02	9.51000e+02	2.81768e+00	2.65500e+02
952	2.68313e+02	9.52000e+02	2.81745e+00	2.66000e+02
953	2.68807e+02	9.53000e+02	2.81722e+00	2.66500e+02
954	2.69310e+02	9.54000e+02	2.81698e+00	2.67000e+02
955	2.69822e+02	9.55000e+02	2.81673e+00	2.67500e+02
956	2.70347e+02	9.56000e+02	2.81645e+00	2.68000e+02
957	2.70849e+02	9.57000e+02	2.81618e+00	2.68500e+02
958	2.71365e+02	9.58000e+02	2.81590e+00	2.69000e+02
959	2.71880e+02	9.59000e+02	2.81561e+00	2.69500e+02
960	2.72390e+02	9.60000e+02	2.81530e+00	2.70000e+02
961	2.72893e+02	9.61000e+02	2.81500e+00	2.70500e+02
962	2.73395e+02	9.62000e+02	2.81469e+00	2.71000e+02
963	2.73897e+02	9.63000e+02	2.81438e+00	2.71500e+02
964	2.74398e+02	9.64000e+02	2.81406e+00	2.72000e+02
965	2.74910e+02	9.65000e+02	2.81374e+00	2.72500e+02
966	2.75426e+02	9.66000e+02	2.81343e+00	2.73000e+02
967	2.75927e+02	9.67000e+02	2.81311e+00	2.73500e+02
968	2.76431e+02	9.68000e+02	2.81278e+00	2.74000e+02
969	2.76940e+02	9.69000e+02	2.81245e+00	2.74500e+02
970	2.77434e+02	9.70000e+02	2.81211e+00	2.75000e+02
971	2.77925e+02	9.71000e+02	2.81177e+00	2.75500e+02
972	2.78443e+02	9.72000e+02	2.81140e+00	2.76000e+02
973	2.78941e+02	9.73000e+02	2.81103e+00	2.76500e+02
974	2.79449e+02	9.74000e+02	2.81065e+00	2.77000e+02
975	2.79962e+02	9.75000e+02	2.81026e+00	2.77500e+02
976	2.80458e+02	9.76000e+02	2.80983e+00	2.78000e+02
977	2.80970e+02	9.77000e+02	2.80941e+00	2.78500e+02
978	2.81498e+02	9.78000e+02	2.80897e+00	2.79000e+02
979	2.82011e+02	9.79000e+02	2.80853e+00	2.79500e+02
980	2.82533e+02	9.80000e+02	2.80804e+00	2.80000e+02
981	2.83055e+02	9.81000e+02	2.80756e+00	2.80500e+02
982	2.83561e+02	9.82000e+02	2.80708e+00	2.81000e+02
983	2.84065e+02	9.83000e+02	2.80659e+00	2.81500e+02
984	2.84577e+02	9.84000e+02	2.80605e+00	2.82000e+02
985	2.85082e+02	9.85000e+02	2.80553e+00	2.82500e+02
986	2.85608e+02	9.86000e+02	2.80500e+00	2.83000e+02
987	2.86101e+02	9.87000e+02	2.80445e+00	2.83500e+02
988	2.86616e+02	9.88000e+02	2.80387e+00	2.84000e+02
989	2.87129e+02	9.89000e+02	2.80329e+00	2.84500e+02
990	2.87642e+02	9.90000e+02	2.80269e+00	2.85000e+02
991	2.88143e+02	9.91000e+02	2.80209e+00	2.85500e+02
992	2.88650e+02	9.92000e+02	2.80142e+00	2.86000e+02
993	2.89157e+02	9.93000e+02	2.80076e+00	2.86500e+02
994	2.89653e+02	9.94000e+02	2.80008e+00	2.87000e+02
995	2.90157e+02	9.95000e+02	2.79939e+00	2.87500e+02
996	2.90694e+02	9.96000e+02	2.79863e+00	2.88000e+02
997	2.91202e+02	9.97000e+02	2.79788e+00	2.88500e+02
998	2.91706e+02	9.98000e+02	2.79711e+00	2.89000e+02
999	2.92211e+02	9.99000e+02	2.79632e+00	2.89500e+02
1000	2.92714e+02	1.00000e+03	2.79543e+00	2.90000e+02
1001	2.93228e+02	1.00100e+03	2.79455e+00	2.90500e+02
1002	2.93740e+02	1.00200e+03	2.79364e+00	2.91000e+02
1003	2.94245e+02	1.00300e+03	2.79270e+00	2.91500e+02
1004	2.94736e+02	1.00400e+03	2.79165e+00	2.92000e+02
1005	2.95242e+02	1.00500e+03	2.79061e+00	2.92500e+02
1006	2.95756e+02	1.00600e+03	2.78956e+00	2.93000e+02
1007	2.96246e+02	1.00700e+03	2.78848e+00	2.93500e+02
1008	2.96744e+02	1.00800e+03	2.78731e+00	2.94000e+02
1009	2.97235e+02	1.00900e+03	2.78615e+00	2.94500e+02
1010	2.97733e+02	1.01000e+03	2.78498e+00	2.95000e+02
1011	2.98233e+02	1.01100e+03	2.78378e+00	2.95500e+02
1012	2.98727e+02	1.01200e+03	2.78250e+00	2.96000e+02
1013	2.99214e+02	1.01300e+03	2.78122e+00	2.96500e+02
1014	2.99708e+02	1.01400e+03	2.77992e+00	2.97000e+02
1015	3.00200e+02	1.01500e+03	2.77859e+00	2.97500e+02
1016	3.00684e+02	1.01600e+03	2.77715e+00	2.98000e+02
1017	3.01178e+02	1.01700e+03	2.77573e+00	2.98500e+02
1018	3.01654e+02	1.01800e+03	2.77428e+00	2.99000e+02
1019	3.02127e+02	1.01900e+03	2.77281e+00	2.99500e+02
1020	3.02623e+02	1.02000e+03	2.77123e+00	3.00000e+02
1021	3.03104e+02	1.02100e+03	2.76966e+00	3.00500e+02
1022	3.03593e+02	1.02200e+03	2.76808e+00	3.01000e+02
1023	3.04073e+02	1.02300e+03	2.76647e+00	3.01500e+02
1024	3.04574e+02	1.02400e+03	2.76478e+00	3.02000e+02
1025	3.05059e+02	1.02500e+03	2.76310e+00	3.02500e+02
1026	3.05538e+02	1.02600e+03	2.76140e+00	3.03000e+02
1027	3.06030e+02	1.02700e+03	2.75969e+00	3.03500e+02
1028	3.06500e+02	1.02800e+03	2.75789e+00	3.04000e+02
1029	3.06978e+02	1.02900e+03	2.75610e+00	3.04500e+02
1030	3.07459e+02	1.03000e+03	2.75429e+00	3.05000e+02
1031	3.07934e+02	1.03100e+03	2.75247e+00	3.05500e+02
1032	3.08405e+02	1.03200e+03	2.75056e+00	3.06000e+02
1033	3.08877e+02	1.03300e+03	2.74867e+00	3.06500e+02
1034	3.09335e+02	1.03400e+03	2.74675e+00	3.07000e+02
1035	3.09799e+02	1.03500e+03	2.74483e+00	3.07500e+02
1036	3.10259e+02	1.03600e+03	2.74282e+00	3.08000e+02
1037	3.10715e+02	1.03700e+03	2.74082e+00	3.08500e+02
1038	3.11173e+02	1.03800e+03	2.73881e+00	3.09000e+02
1039	3.11641e+02	1.03900e+03	2.73678e+00	3.09500e+02
1040	3.12105e+02	1.04000e+03	2.73466e+00	3.10000e+02
1041	3.12566e+02	1.04100e+03	2.73255e+00	3.10500e+02
1042	3.13036e+02	1.04200e+03	2.73043e+00	3.11000e+02
1043	3.13501e+02	1.04300e+03	2.72829e+00	3.11500e+02
1044	3.13973e+02	1.04400e+03	2.72607e+00	3.12000e+02
1045	3.14422e+02	1.04500e+03	2.72386e+00	3.12500e+02
1046	3.14874e+02	1.04600e+03	2.72164e+00	3.13000e+02
1047	3.15332e+02	1.04700e+03	2.71941e+00	3.13500e+02
1048	3.15778e+02	1.04800e+03	2.71711e+00	3.14000e+02
1049	3.16251e+02	1.04900e+03	2.71481e+00	3.14500e+02
1050	3.16734e+02	1.05000e+03	2.71250e+00	3.15000e+02
1051	3.17205e+02	1.05100e+03	2.71018e+00	3.15500e+02
1052	3.17703e+02	1.05200e+03	2.70779e+00	3.16000e+02
1053	3.18190e+02	1.05300e+03	2.70541e+00	3.16500e+02
1054	3.18683e+02	1.05400e+03	2.70300e+00	3.17000e+02
1055	3.19177e+02	1.05500e+03	2.70059e+00	3.17500e+02
1056	3.19675e+02	1.05600e+03	2.69809e+00	3.18000e+02
1057	3.20167e+02	1.05700e+03	2.69559e+00	3.18500e+02
1058	3.20671e+02	1.05800e+03	2.69307e+00	3.19000e+02
1059	3.21161e+02	1.05900e+03	2.69052e+00	3.19500e+02
1060	3.21671e+02	1.06000e+03	2.68788e+00	3.20000e+02
1061	3.22166e+02	1.06100e+03	2.68524e+00	3.20500e+02
1062	3.22654e+02	1.06200e+03	2.68259e+00	3.21000e+02
1063	3.23162e+02	1.06300e+03	2.67991e+00	3.21500e+02
1064	3.23661e+02	1.06400e+03	2.67715e+00	3.22000e+02
1065	3.24156e+02	1.06500e+03	2.67442e+00	3.22500e+02
1066	3.24658e+02	1.06600e+03	2.67168e+00	3.23000e+02
1067	3.25147e+02	1.06700e+03	2.66894e+00	3.23500e+02
1068	3.25654e+02	1.06800e+03	2.66617e+00	3.24000e+02
1069	3.26147e+02	1.06900e+03	2.66341e+00	3.24500e+02
1070	3.26649e+02	1.07000e+03	2.66066e+00	3.25000e+02
1071	3.27145e+02	1.07100e+03	2.65790e+00	3.25500e+02
1072	3.27660e+02	1.07200e+03	2.65513e+00	3.26000e+02
1073	3.28148e+02	1.07300e+03	2.65236e+00	3.26500e+02
1074	3.28640e+02	1.07400e+03	2.64957e+00	3.27000e+02
1075	3.29149e+02	1.07500e+03	2.64677e+00	3.27500e+02
1076	3.29650e+02	1.07600e+03	2.64391e+00	3.28000e+02
1077	3.30144e+02	1.07700e+03	2.64103e+00	3.28500e+02
1078	3.30646e+02	1.07800e+03	2.63811e+00	3.29000e+02
1079	3.31143e+02	1.07900e+03	2.63515e+00	3.29500e+02
1080	3.31645e+02	1.08000e+03	2.63204e+00	3.30000e+02
1081	3.32137e+02	1.08100e+03	2.62893e+00	3.30500e+02
1082	3.32651e+02	1.08200e+03	2.62575e+00	3.31000e+02
1083	3.33146e+02	1.08300e+03	2.62253e+00	3.31500e+02
1084	3.33642e+02	1.08400e+03	2.61906e+00	3.32000e+02
1085	3.34141e+02	1.08500e+03	2.61561e+00	3.32500e+02
1086	3.34637e+02	1.08600e+03	2.61209e+00	3.33000e+02
1087	3.35133e+02	1.08700e+03	2.60851e+00	3.33500e+02
1088	3.35630e+02	1.08800e+03	2.60461e+00	3.34000e+02
1089	3.36124e+02	1.08900e+03	2.60074e+00	3.34500e+02
1090	3.36629e+02	1.09000e+03	2.59678e+00	3.35000e+02
1091	3.37134e+02	1.09100e+03	2.59275e+00	3.35500e+02
1092	3.37626e+02	1.09200e+03	2.58834e+00	3.36000e+02
1093	3.38126e+02	1.09300e+03	2.58395e+00	3.36500e+02
1094	3.38626e+02	1.09400e+03	2.57947e+00	3.37000e+02
1095	3.39117e+02	1.09500e+03	2.57490e+00	3.37500e+02
1096	3.39612e+02	1.09600e+03	2.56988e+00	3.38000e+02
1097	3.40100e+02	1.09700e+03	2.56491e+00	3.38500e+02
1098	3.40602e+02	1.09800e+03	2.55983e+00	3.39000e+02
1099	3.41104e+02	1.09900e+03	2.55465e+00	3.39500e+02
1100	3.41600e+02	1.10000e+03	2.54898e+00	3.40000e+02
1101	3.42096e+02	1.10100e+03	2.54336e+00	3.40500e+02
1102	3.42585e+02	1.10200e+03	2.53762e+00	3.41000e+02
1103	3.43082e+02	1.10300e+03	2.53177e+00	3.41500e+02
1104	3.43578e+02	1.10400e+03	2.52538e+00	3.42000e+02
1105	3.44079e+02	1.10500e+03	2.51903e+00	3.42500e+02
1106	3.44560e+02	1.10600e+03	2.51256e+00	3.43000e+02
1107	3.45056e+02	1.10700e+03	2.50595e+00	3.43500e+02
1108	3.45546e+02	1.10800e+03	2.49873e+00	3.44000e+02
1109	3.46041e+02	1.10900e+03	2.49158e+00	3.44500e+02
1110	3.46538e+02	1.11000e+03	2.48428e+00	3.45000e+02
1111	3.47046e+02	1.11100e+03	2.47685e+00	3.45500e+02
1112	3.47532e+02	1.11200e+03	2.46874e+00	3.46000e+02
1113	3.48029e+02	1.11300e+03	2.46072e+00	3.46500e+02
1114	3.48527e+02	1.11400e+03	2.45254e+00	3.47000e+02
1115	3.49019e+02	1.11500e+03	2.44422e+00	3.47500e+02
1116	3.49508e+02	1.11600e+03	2.43518e+00	3.48000e+02
1117	3.50002e+02	1.11700e+03	2.42621e+00	3.48500e+02
1118	3.50487e+02	1.11800e+03	2.41708e+00	3.49000e+02
1119	3.50989e+02	1.11900e+03	2.40779e+00	3.49500e+02
1120	3.51487e+02	1.12000e+03	2.39772e+00	3.50000e+02
1121	3.51986e+02	1.12100e+03	2.38774e+00	3.50500e+02
1122	3.52476e+02	1.12200e+03	2.37758e+00	3.51000e+02
1123	3.52959e+02	1.12300e+03	2.36727e+00	3.51500e+02
1124	3.53449e+02	1.12400e+03	2.35614e+00	3.52000e+02
1125	3.53936e+02	1.12500e+03	2.34512e+00	3.52500e+02
1126	3.54437e+02	1.12600e+03	2.33392e+00	3.53000e+02
1127	3.54924e+02	1.12700e+03	2.32256e+00	3.53500e+02
1128	3.55414e+02	1.12800e+03	2.31038e+00	3.54000e+02
1129	3.55916e+02	1.12900e+03	2.29831e+00	3.54500e+02
1130	3.56407e+02	1.13000e+03	2.28606e+00	3.55000e+02
1131	3.56902e+02	1.13100e+03	2.27365e+00	3.55500e+02
1132	3.57389e+02	1.13200e+03	2.26040e+00	3.56000e+02
1133	3.57887e+02	1.13300e+03	2.24724e+00	3.56500e+02
1134	3.58389e+02	1.13400e+03	2.23390e+00	3.57000e+02
1135	3.58885e+02	1.13500e+03	2.22040e+00	3.57500e+02
1136	3.59379e+02	1.13600e+03	2.20603e+00	3.58000e+02
1137	3.59880e+02	1.13700e+03	2.19180e+00	3.58500e+02
1138	3.60366e+02	1.13800e+03	2.17739e+00	3.59000e+02
1139	3.60852e+02	1.13900e+03	2.16282e+00	3.59500e+02
1140	3.61351e+02	1.14000e+03	2.14744e+00	3.60000e+02
1141	3.61848e+02	1.14100e+03	2.13216e+00	3.60500e+02
1142	3.62339e+02	1.14200e+03	2.11670e+00	3.61000e+02
1143	3.62829e+02	1.14300e+03	2.10109e+00	3.61500e+02
1144	3.63312e+02	1.14400e+03	2.08468e+00	3.62000e+02
1145	3.63800e+02	1.14500e+03	2.06840e+00	3.62500e+02
1146	3.64292e+02	1.14600e+03	2.05196e+00	3.63000e+02
1147	3.64786e+02	1.14700e+03	2.03539e+00	3.63500e+02
1148	3.65265e+02	1.14800e+03	2.01808e+00	3.64000e+02
1149	3.65762e+02	1.14900e+03	2.00088e+00	3.64500e+02
1150	3.66252e+02	1.15000e+03	1.98354e+00	3.65000e+02
1151	3.66742e+02	1.15100e+03	1.96607e+00	3.65500e+02
1152	3.67231e+02	1.15200e+03	1.94792e+00	3.66000e+02
1153	3.67711e+02	1.15300e+03	1.92986e+00	3.66500e+02
1154	3.68199e+02	1.15400e+03	1.91167e+00	3.67000e+02
1155	3.68681e+02	1.15500e+03	1.89336e+00	3.67500e+02
1156	3.69164e+02	1.15600e+03	1.87437e+00	3.68000e+02
1157	3.69661e+02	1.15700e+03	1.85547e+00	3.68500e+02
1158	3.70157e+02	1.15800e+03	1.83642e+00	3.69000e+02
1159	3.70649e+02	1.15900e+03	1.81723e+00	3.69500e+02
1160	3.71132e+02	1.16000e+03	1.79734e+00	3.70000e+02
1161	3.71632e+02	1.16100e+03	1.77756e+00	3.70500e+02
1162	3.72133e+02	1.16200e+03	1.75764e+00	3.71000e+02
1163	3.72625e+02	1.16300e+03	1.73760e+00	3.71500e+02
1164	3.73119e+02	1.16400e+03	1.71691e+00	3.72000e+02
1165	3.73632e+02	1.16500e+03	1.69633e+00	3.72500e+02
1166	3.74151e+02	1.16600e+03	1.67565e+00	3.73000e+02
1167	3.74661e+02	1.16700e+03	1.65486e+00	3.73500e+02
1168	3.75185e+02	1.16800e+03	1.63352e+00	3.74000e+02
1169	3.75737e+02	1.16900e+03	1.61227e+00	3.74500e+02
1170	3.76236e+02	1.17000e+03	1.59093e+00	3.75000e+02
1171	3.76721e+02	1.17100e+03	1.56950e+00	3.75500e+02
1172	3.77229e+02	1.17200e+03	1.54763e+00	3.76000e+02
1173	3.77714e+02	1.17300e+03	1.52588e+00	3.76500e+02
1174	3.78205e+02	1.17400e+03	1.50409e+00	3.77000e+02
1175	3.78695e+02	1.17500e+03	1.48223e+00	3.77500e+02
1176	3.79198e+02	1.17600e+03	1.46007e+00	3.78000e+02
1177	3.79701e+02	1.17700e+03	1.43795e+00	3.78500e+02
1178	3.80211e+02	1.17800e+03	1.41573e+00	3.79000e+02
1179	3.80696e+02	1.17900e+03	1.39343e+00	3.79500e+02
1180	3.81191e+02	1.18000e+03	1.37072e+00	3.80000e+02
1181	3.81696e+02	1.18100e+03	1.34798e+00	3.80500e+02
1182	3.82205e+02	1.18200e+03	1.32509e+00	3.81000e+02
1183	3.82699e+02	1.18300e+03	1.30208e+00	3.81500e+02
1184	3.83193e+02	1.18400e+03	1.27846e+00	3.82000e+02
1185	3.83686e+02	1.18500e+03	1.25497e+00	3.82500e+02
1186	3.84221e+02	1.18600e+03	1.23143e+00	3.83000e+02
1187	3.84766e+02	1.18700e+03	1.20785e+00	3.83500e+02
1188	3.85301e+02	1.18800e+03	1.18397e+00	3.84000e+02
1189	3.85793e+02	1.18900e+03	1.16031e+00	3.84500e+02
1190	3.86291e+02	1.19000e+03	1.13675e+00	3.85000e+02
1191	3.86794e+02	1.19100e+03	1.11324e+00	3.85500e+02
1192	3.87292e+02	1.19200e+03	1.08998e+00	3.86000e+02
1193	3.87791e+02	1.19300e+03	1.06672e+00	3.86500e+02
1194	3.88286e+02	1.19400e+03	1.04353e+00	3.87000e+02
1195	3.88800e+02	1.19500e+03	1.02039e+00	3.87500e+02
1196	3.89310e+02	1.19600e+03	9.97620e-01	3.88000e+02
1197	3.89823e+02	1.19700e+03	9.74813e-01	3.88500e+02
1198	3.90344e+02	1.19800e+03	9.52102e-01	3.89000e+02
1199	3.90863e+02	1.19900e+03	9.29476e-01	3.89500e+02
1200	3.91361e+02	1.20000e+03	9.07274e-01	3.90000e+02
1201	3.91869e+02	1.20100e+03	8.85044e-01	3.90500e+02
1202	3.92380e+02	1.20200e+03	8.62917e-01	3.91000e+02
1203	3.92891e+02	1.20300e+03	8.40881e-01	3.91500e+02
1204	3.93408e+02	1.20400e+03	8.19349e-01	3.92000e+02
1205	3.93904e+02	1.20500e+03	7.97750e-01	3.92500e+02
1206	3.94418e+02	1.20600e+03	7.76272e-01	3.93000e+02
1207	3.94915e+02	1.20700e+03	7.54910e-01	3.93500e+02
1208	3.95422e+02	1.20800e+03	7.34097e-01	3.94000e+02
1209	3.95937e+02	1.20900e+03	7.13259e-01	3.94500e+02
1210	3.96453e+02	1.21000e+03	6.92580e-01	3.95000e+02
1211	3.96958e+02	1.21100e+03	6.72039e-01	3.95500e+02
1212	3.97468e+02	1.21200e+03	6.52240e-01	3.96000e+02
1213	3.97981e+02	1.21300e+03	6.32407e-01	3.96500e+02
1214	3.98491e+02	1.21400e+03	6.12798e-01	3.97000e+02
1215	3.98996e+02	1.21500e+03	5.93381e-01	3.97500e+02
1216	3.99510e+02	1.21600e+03	5.74937e-01	3.98000e+02
1217	4.00018e+02	1.21700e+03	5.56426e-01	3.98500e+02
1218	4.00523e+02	1.21800e+03	5.38175e-01	3.99000e+02
1219	4.01038e+02	1.21900e+03	5.20147e-01	3.99500e+02
1220	4.01557e+02	1.22000e+03	5.03277e-01	4.00000e+02
1221	4.02068e+02	1.22100e+03	4.86274e-01	4.00500e+02
1222	4.02588e+02	1.22200e+03	4.69542e-01	4.01000e+02
1223	4.03101e+02	1.22300e+03	4.53056e-01	4.01500e+02
1224	4.03619e+02	1.22400e+03	4.37809e-01	4.02000e+02
1225	4.04132e+02	1.22500e+03	4.22421e-01	4.02500e+02
1226	4.04641e+02	1.22600e+03	4.07312e-01	4.03000e+02
1227	4.05157e+02	1.22700e+03	3.92459e-01	4.03500e+02
1228	4.05653e+02	1.22800e+03	3.78901e-01	4.04000e+02
1229	4.06165e+02	1.22900e+03	3.65159e-01	4.04500e+02
1230	4.06677e+02	1.23000e+03	3.51682e-01	4.05000e+02
1231	4.07187e+02	1.23100e+03	3.38450e-01	4.05500e+02
1232	4.07706e+02	1.23200e+03	3.26482e-01	4.06000e+02
1233	4.08214e+02	1.23300e+03	3.14334e-01	4.06500e+02
1234	4.08722e+02	1.23400e+03	3.02439e-01	4.07000e+02
1235	4.09240e+02	1.23500e+03	2.90778e-01	4.07500e+02
1236	4.09753e+02	1.23600e+03	2.80325e-01	4.08000e+02
1237	4.10250e+02	1.23700e+03	2.69686e-01	4.08500e+02
1238	4.10758e+02	1.23800e+03	2.59276e-01	4.09000e+02
1239	4.11274e+02	1.23900e+03	2.49083e-01	4.09500e+02
1240	4.11782e+02	1.24000e+03	2.40013e-01	4.10000e+02
1241	4.12294e+02	1.24100e+03	2.30773e-01	4.10500e+02
1242	4.12799e+02	1.24200e+03	2.21745e-01	4.11000e+02
1243	4.13323e+02	1.24300e+03	2.12918e-01	4.11500e+02
1244	4.13831e+02	1.24400e+03	2.05122e-01	4.12000e+02
1245	4.14327e+02	1.24500e+03	1.97157e-01	4.12500e+02
1246	4.14839e+02	1.24600e+03	1.89378e-01	4.13000e+02
1247	4.15351e+02	1.24700e+03	1.81777e-01	4.13500e+02
1248	4.15837e+02	1.24800e+03	1.75096e-01	4.14000e+02
1249	4.16359e+02	1.24900e+03	1.68268e-01	4.14500e+02
1250	4.16863e+02	1.25000e+03	1.61612e-01	4.15000e+02
1251	4.17387e+02	1.25100e+03	1.55119e-01	4.15500e+02
1252	4.17912e+02	1.25200e+03	1.49466e-01	4.16000e+02
1253	4.18416e+02	1.25300e+03	1.43686e-01	4.16500e+02
1254	4.18934e+02	1.25400e+03	1.38066e-01	4.17000e+02
1255	4.19441e+02	1.25500e+03	1.32598e-01	4.17500e+02
1256	4.19953e+02	1.25600e+03	1.27904e-01	4.18000e+02
1257	4.20456e+02	1.25700e+03	1.23082e-01	4.18500e+02
1258	4.20979e+02	1.25800e+03	1.18396e-01	4.19000e+02
1259	4.21507e+02	1.25900e+03	1.13841e-01	4.19500e+02
1260	4.22016e+02	1.26000e+03	1.09966e-01	4.20000e+02
1261	4.22519e+02	1.26100e+03	1.05973e-01	4.20500e+02
1262	4.23024e+02	1.26200e+03	1.02096e-01	4.21000e+02
1263	4.23521e+02	1.26300e+03	9.83330e-02	4.21500e+02
1264	4.24032e+02	1.26400e+03	9.51577e-02	4.22000e+02
1265	4.24536e+02	1.26500e+03	9.18894e-02	4.22500e+02
1266	4.25021e+02	1.26600e+03	8.87299e-02	4.23000e+02
1267	4.25518e+02	1.26700e+03	8.56730e-02	4.23500e+02
1268	4.26025e+02	1.26800e+03	8.31388e-02	4.24000e+02
1269	4.26518e+02	1.26900e+03	8.05145e-02	4.24500e+02
1270	4.27017e+02	1.27000e+03	7.79782e-02	4.25000e+02
1271	4.27520e+02	1.27100e+03	7.55265e-02	4.25500e+02
1272	4.28016e+02	1.27200e+03	7.35131e-02	4.26000e+02
1273	4.28517e+02	1.27300e+03	7.14131e-02	4.26500e+02
1274	4.29035e+02	1.27400e+03	6.93802e-02	4.27000e+02
1275	4.29541e+02	1.27500e+03	6.74152e-02	4.27500e+02
1276	4.30045e+02	1.27600e+03	6.57951e-02	4.28000e+02
1277	4.30552e+02	1.27700e+03	6.41133e-02	4.28500e+02
1278	4.31047e+02	1.27800e+03	6.24886e-02	4.29000e+02
1279	4.31548e+02	1.27900e+03	6.09189e-02	4.29500e+02
1280	4.32048e+02	1.28000e+03	5.96356e-02	4.30000e+02
1281	4.32551e+02	1.28100e+03	5.83013e-02	4.30500e+02
1282	4.33045e+02	1.28200e+03	5.70150e-02	4.31000e+02
1283	4.33543e+02	1.28300e+03	5.57754e-02	4.31500e+02
1284	4.34034e+02	1.28400e+03	5.47767e-02	4.32000e+02
1285	4.34520e+02	1.28500e+03	5.37363e-02	4.32500e+02
1286	4.35023e+02	1.28600e+03	5.27371e-02	4.33000e+02
1287	4.35516e+02	1.28700e+03	5.17776e-02	4.33500e+02
1288	4.36017e+02	1.28800e+03	5.10208e-02	4.34000e+02
1289	4.36508e+02	1.28900e+03	5.02255e-02	4.34500e+02
1290	4.36994e+02	1.29000e+03	4.94605e-02	4.35000e+02
1291	4.37489e+02	1.29100e+03	4.87252e-02	4.35500e+02
1292	4.37977e+02	1.29200e+03	4.81439e-02	4.36000e+02
1293	4.38474e+02	1.29300e+03	4.75262e-02	4.36500e+02
1294	4.38957e+02	1.29400e+03	4.69260e-02	4.37000e+02
1295	4.39452e+02	1.29500e+03	4.63454e-02	4.37500e+02
1296	4.39943e+02	1.29600e+03	4.58661e-02	4.38000e+02
1297	4.40444e+02	1.29700e+03	4.53647e-02	4.38500e+02
1298	4.40936e+02	1.29800e+03	4.48777e-02	4.39000e+02
1299	4.41433e+02	1.29900e+03	4.44061e-02	4.39500e+02
1300	4.41931e+02	1.30000e+03	4.40114e-02	4.40000e+02
1301	4.42420e+02	1.30100e+03	4.36064e-02	4.40500e+02
1302	4.42901e+02	1.30200e+03	4.32181e-02	4.41000e+02
1303	4.43411e+02	1.30300e+03	4.28452e-02	4.41500e+02
1304	4.43894e+02	1.30400e+03	4.25506e-02	4.42000e+02
1305	4.44383e+02	1.30500e+03	4.22458e-02	4.42500e+02
1306	4.44880e+02	1.30600e+03	4.19581e-02	4.43000e+02
1307	4.45380e+02	1.30700e+03	4.16862e-02	4.43500e+02
1308	4.45874e+02	1.30800e+03	4.14871e-02	4.44000e+02
1309	4.46354e+02	1.30900e+03	4.12711e-02	4.44500e+02
1310	4.46865e+02	1.31000e+03	4.10647e-02	4.45000e+02
1311	4.47363e+02	1.31100e+03	4.08681e-02	4.45500e+02
1312	4.47842e+02	1.31200e+03	4.07211e-02	4.46000e+02
1313	4.48343e+02	1.31300e+03	4.05607e-02	4.46500e+02
1314	4.48843e+02	1.31400e+03	4.04064e-02	4.47000e+02
1315	4.49328e+02	1.31500e+03	4.02594e-02	4.47500e+02
1316	4.49825e+02	1.31600e+03	4.01410e-02	4.48000e+02
1317	4.50309e+02	1.31700e+03	4.00163e-02	4.48500e+02
1318	4.50805e+02	1.31800e+03	3.98951e-02	4.49000e+02
1319	4.51301e+02	1.31900e+03	3.97771e-02	4.49500e+02
1320	4.51795e+02	1.32000e+03	3.96776e-02	4.50000e+02
1321	4.52280e+02	1.32100e+03	3.95732e-02	4.50500e+02
1322	4.52774e+02	1.32200e+03	3.94708e-02	4.51000e+02
1323	4.53269e+02	1.32300e+03	3.93703e-02	4.51500e+02
1324	4.53766e+02	1.32400e+03	3.92824e-02	4.52000e+02
1325	4.54246e+02	1.32500e+03	3.91953e-02	4.52500e+02
1326	4.54737e+02	1.32600e+03	3.91119e-02	4.53000e+02
1327	4.55232e+02	1.32700e+03	3.90307e-02	4.53500e+02
1328	4.55731e+02	1.32800e+03	3.89652e-02	4.54000e+02
1329	4.56227e+02	1.32900e+03	3.88982e-02	4.54500e+02
1330	4.56707e+02	1.33000e+03	3.88356e-02	4.55000e+02
1331	4.57202e+02	1.33100e+03	3.87770e-02	4.55500e+02
1332	4.57691e+02	1.33200e+03	3.87368e-02	4.56000e+02
1333	4.58190e+02	1.33300e+03	3.86954e-02	4.56500e+02
1334	4.58683e+02	1.33400e+03	3.86583e-02	4.57000e+02
1335	4.59173e+02	1.33500e+03	3.86245e-02	4.57500e+02
1336	4.59657e+02	1.33600e+03	3.86092e-02	4.58000e+02
1337	4.60160e+02	1.33700e+03	3.85874e-02	4.58500e+02
1338	4.60646e+02	1.33800e+03	3.85662e-02	4.59000e+02
1339	4.61126e+02	1.33900e+03	3.85463e-02	4.59500e+02
1340	4.61613e+02	1.34000e+03	3.85324e-02	4.60000e+02
1341	4.62105e+02	1.34100e+03	3.85162e-02	4.60500e+02
1342	4.62598e+02	1.34200e+03	3.85005e-02	4.61000e+02
1343	4.63085e+02	1.34300e+03	3.84858e-02	4.61500e+02
1344	4.63585e+02	1.34400e+03	3.84696e-02	4.62000e+02
1345	4.64085e+02	1.34500e+03	3.84505e-02	4.62500e+02
1346	4.64570e+02	1.34600e+03	3.84286e-02	4.63000e+02
1347	4.65049e+02	1.34700e+03	3.84054e-02	4.63500e+02
1348	4.65543e+02	1.34800e+03	3.83756e-02	4.64000e+02
1349	4.66036e+02	1.34900e+03	3.83469e-02	4.64500e+02
1350	4.66523e+02	1.35000e+03	3.83179e-02	4.65000e+02
1351	4.67013e+02	1.35100e+03	3.82886e-02	4.65500e+02
1352	4.67513e+02	1.35200e+03	3.82568e-02	4.66000e+02
1353	4.68009e+02	1.35300e+03	3.82275e-02	4.66500e+02
1354	4.68492e+02	1.35400e+03	3.81985e-02	4.67000e+02
1355	4.68987e+02	1.35500e+03	3.81683e-02	4.67500e+02
1356	4.69472e+02	1.35600e+03	3.81301e-02	4.68000e+02
1357	4.69967e+02	1.35700e+03	3.80846e-02	4.68500e+02
1358	4.70462e+02	1.35800e+03	3.80361e-02	4.69000e+02
1359	4.70955e+02	1.35900e+03	3.79883e-02	4.69500e+02
1360	4.71447e+02	1.36000e+03	3.79380e-02	4.70000e+02
1361	4.71937e+02	1.36100e+03	3.79049e-02	4.70500e+02
1362	4.72419e+02	1.36200e+03	3.78819e-02	4.71000e+02
1363	4.72915e+02	1.36300e+03	3.78639e-02	4.71500e+02
1364	4.73413e+02	1.36400e+03	3.78760e-02	4.72000e+02
1365	4.73896e+02	1.36500e+03	3.78743e-02	4.72500e+02
1366	4.74388e+02	1.36600e+03	3.78707e-02	4.73000e+02
1367	4.74881e+02	1.36700e+03	3.78679e-02	4.73500e+02
1368	4.75367e+02	1.36800e+03	3.78747e-02	4.74000e+02
1369	4.75862e+02	1.36900e+03	3.78836e-02	4.74500e+02
1370	4.76347e+02	1.37000e+03	3.78937e-02	4.75000e+02
1371	4.76842e+02	1.37100e+03	3.79020e-02	4.75500e+02
1372	4.77330e+02	1.37200e+03	3.78987e-02	4.76000e+02
1373	4.77818e+02	1.37300e+03	3.78781e-02	4.76500e+02
1374	4.78309e+02	1.37400e+03	3.78425e-02	4.77000e+02
1375	4.78799e+02	1.37500e+03	3.77987e-02	4.77500e+02
1376	4.79287e+02	1.37600e+03	3.77148e-02	4.78000e+02
1377	4.79780e+02	1.37700e+03	3.76528e-02	4.78500e+02
1378	4.80271e+02	1.37800e+03	3.75995e-02	4.79000e+02
1379	4.80757e+02	1.37900e+03	3.75502e-02	4.79500e+02
1380	4.81250e+02	1.38000e+03	3.75121e-02	4.80000e+02
1381	4.81744e+02	1.38100e+03	3.74817e-02	4.80500e+02
1382	4.82224e+02	1.38200e+03	3.74567e-02	4.81000e+02
1383	4.82720e+02	1.38300e+03	3.74343e-02	4.81500e+02
1384	4.83219e+02	1.38400e+03	3.74365e-02	4.82000e+02
1385	4.83703e+02	1.38500e+03	3.74230e-02	4.82500e+02
1386	4.84194e+02	1.38600e+03	3.74051e-02	4.83000e+02
1387	4.84690e+02	1.38700e+03	3.73858e-02	4.83500e+02
1388	4.85172e+02	1.38800e+03	3.73529e-02	4.84000e+02
1389	4.85663e+02	1.38900e+03	3.73213e-02	4.84500e+02
1390	4.86149e+02	1.39000e+03	3.72905e-02	4.85000e+02
1391	4.86626e+02	1.39100e+03	3.72616e-02	4.85500e+02
1392	4.87126e+02	1.39200e+03	3.72377e-02	4.86000e+02
1393	4.87605e+02	1.39300e+03	3.72252e-02	4.86500e+02
1394	4.88091e+02	1.39400e+03	3.72188e-02	4.87000e+02
1395	4.88579e+02	1.39500e+03	3.72148e-02	4.87500e+02
1396	4.89068e+02	1.39600e+03	3.72316e-02	4.88000e+02
1397	4.89555e+02	1.39700e+03	3.72320e-02	4.88500e+02
1398	4.90032e+02	1.39800e+03	3.72264e-02	4.89000e+02
1399	4.90534e+02	1.39900e+03	3.72187e-02	4.89500e+02
1400	4.91019e+02	1.40000e+03	3.71955e-02	4.90000e+02
1401	4.91506e+02	1.40100e+03	3.71727e-02	4.90500e+02
1402	4.92010e+02	1.40200e+03	3.71445e-02	4.91000e+02
1403	4.92492e+02	1.40300e+03	3.71121e-02	4.91500e+02
1404	4.92969e+02	1.40400e+03	3.70578e-02	4.92000e+02
1405	4.93465e+02	1.40500e+03	3.70068e-02	4.92500e+02
1406	4.93950e+02	1.40600e+03	3.69546e-02	4.93000e+02
1407	4.94440e+02	1.40700e+03	3.69012e-02	4.93500e+02
1408	4.94934e+02	1.40800e+03	3.68397e-02	4.94000e+02
1409	4.95433e+02	1.40900e+03	3.67893e-02	4.94500e+02
1410	4.95912e+02	1.41000e+03	3.67442e-02	4.95000e+02
1411	4.96403e+02	1.41100e+03	3.67016e-02	4.95500e+02
1412	4.96886e+02	1.41200e+03	3.66761e-02	4.96000e+02
1413	4.97366e+02	1.41300e+03	3.66459e-02	4.96500e+02
1414	4.97855e+02	1.41400e+03	3.66166e-02	4.97000e+02
1415	4.98342e+02	1.41500e+03	3.65885e-02	4.97500e+02
1416	4.98830e+02	1.41600e+03	3.65674e-02	4.98000e+02
1417	4.99317e+02	1.41700e+03	3.65424e-02	4.98500e+02
1418	4.99810e+02	1.41800e+03	3.65171e-02	4.99000e+02
1419	5.00300e+02	1.41900e+03	3.64921e-02	4.99500e+02
1420	5.00792e+02	1.42000e+03	3.64682e-02	5.00000e+02
1421	5.01280e+02	1.42100e+03	3.64447e-02	5.00500e+02
1422	5.01764e+02	1.42200e+03	3.64203e-02	5.01000e+02
1423	5.02259e+02	1.42300e+03	3.63949e-02	5.01500e+02
1424	5.02739e+02	1.42400e+03	3.63655e-02	5.02000e+02
1425	5.03224e+02	1.42500e+03	3.63329e-02	5.02500e+02
1426	5.03712e+02	1.42600e+03	3.62985e-02	5.03000e+02
1427	5.04204e+02	1.42700e+03	3.62634e-02	5.03500e+02
1428	5.04687e+02	1.42800e+03	3.62253e-02	5.04000e+02
1429	5.05177e+02	1.42900e+03	3.61967e-02	5.04500e+02
1430	5.05659e+02	1.43000e+03	3.61739e-02	5.05000e+02
1431	5.06162e+02	1.43100e+03	3.61544e-02	5.05500e+02
1432	5.06642e+02	1.43200e+03	3.61561e-02	5.06000e+02
1433	5.07125e+02	1.43300e+03	3.61543e-02	5.06500e+02
1434	5.07616e+02	1.43400e+03	3.61549e-02	5.07000e+02
1435	5.08114e+02	1.43500e+03	3.61577e-02	5.07500e+02
1436	5.08600e+02	1.43600e+03	3.61698e-02	5.08000e+02
1437	5.09092e+02	1.43700e+03	3.61707e-02	5.08500e+02
1438	5.09582e+02	1.43800e+03	3.61646e-02	5.09000e+02
1439	5.10067e+02	1.43900e+03	3.61544e-02	5.09500e+02
1440	5.10558e+02	1.44000e+03	3.61238e-02	5.10000e+02
1441	5.11049e+02	1.44100e+03	3.60945e-02	5.10500e+02
1442	5.11529e+02	1.44200e+03	3.60617e-02	5.11000e+02
1443	5.12025e+02	1.44300e+03	3.60256e-02	5.11500e+02
1444	5.12509e+02	1.44400e+03	3.59662e-02	5.12000e+02
1445	5.13006e+02	1.44500e+03	3.59094e-02	5.12500e+02
1446	5.13495e+02	1.44600e+03	3.58446e-02	5.13000e+02
1447	5.13988e+02	1.44700e+03	3.57728e-02	5.13500e+02
1448	5.14466e+02	1.44800e+03	3.56713e-02	5.14000e+02
1449	5.14960e+02	1.44900e+03	3.55750e-02	5.14500e+02
1450	5.15453e+02	1.45000e+03	3.54829e-02	5.15000e+02
1451	5.15954e+02	1.45100e+03	3.53952e-02	5.15500e+02
1452	5.16443e+02	1.45200e+03	3.53241e-02	5.16000e+02
1453	5.16930e+02	1.45300e+03	3.52852e-02	5.16500e+02
1454	5.17416e+02	1.45400e+03	3.52713e-02	5.17000e+02
1455	5.17916e+02	1.45500e+03	3.52724e-02	5.17500e+02
1456	5.18404e+02	1.45600e+03	3.53640e-02	5.18000e+02
1457	5.18894e+02	1.45700e+03	3.54213e-02	5.18500e+02
1458	5.19388e+02	1.45800e+03	3.54738e-02	5.19000e+02
1459	5.19875e+02	1.45900e+03	3.55258e-02	5.19500e+02
1460	5.20367e+02	1.46000e+03	3.55777e-02	5.20000e+02
1461	5.20861e+02	1.46100e+03	3.56078e-02	5.20500e+02
1462	5.21354e+02	1.46200e+03	3.56259e-02	5.21000e+02
1463	5.21848e+02	1.46300e+03	3.56377e-02	5.21500e+02
1464	5.22339e+02	1.46400e+03	3.55983e-02	5.22000e+02
1465	5.22830e+02	1.46500e+03	3.55790e-02	5.22500e+02
1466	5.23319e+02	1.46600e+03	3.55614e-02	5.23000e+02
1467	5.23798e+02	1.46700e+03	3.55421e-02	5.23500e+02
1468	5.24291e+02	1.46800e+03	3.55148e-02	5.24000e+02
1469	5.24771e+02	1.46900e+03	3.54938e-02	5.24500e+02
1470	5.25273e+02	1.47000e+03	3.54749e-02	5.25000e+02
1471	5.25758e+02	1.47100e+03	3.54569e-02	5.25500e+02
1472	5.26254e+02	1.47200e+03	3.54443e-02	5.26000e+02
1473	5.26742e+02	1.47300e+03	3.54292e-02	5.26500e+02
1474	5.27233e+02	1.47400e+03	3.54148e-02	5.27000e+02
1475	5.27728e+02	1.47500e+03	3.54010e-02	5.27500e+02
1476	5.28210e+02	1.47600e+03	3.53906e-02	5.28000e+02
1477	5.28702e+02	1.47700e+03	3.53802e-02	5.28500e+02
1478	5.29197e+02	1.47800e+03	3.53699e-02	5.29000e+02
1479	5.29688e+02	1.47900e+03	3.53598e-02	5.29500e+02
1480	5.30180e+02	1.48000e+03	3.53516e-02	5.30000e+02
1481	5.30677e+02	1.48100e+03	3.53409e-02	5.30500e+02
1482	5.31160e+02	1.48200e+03	3.53288e-02	5.31000e+02
1483	5.31664e+02	1.48300e+03	3.53159e-02	5.31500e+02
1484	5.32163e+02	1.48400e+03	3.52976e-02	5.32000e+02
1485	5.32647e+02	1.48500e+03	3.52803e-02	5.32500e+02
1486	5.33134e+02	1.48600e+03	3.52628e-02	5.33000e+02
1487	5.33622e+02	1.48700e+03	3.52449e-02	5.33500e+02
1488	5.34109e+02	1.48800e+03	3.52261e-02	5.34000e+02
1489	5.34599e+02	1.48900e+03	3.52098e-02	5.34500e+02
1490	5.35094e+02	1.49000e+03	3.51943e-02	5.35000e+02
1491	5.35572e+02	1.49100e+03	3.51788e-02	5.35500e+02
1492	5.36070e+02	1.49200e+03	3.51617e-02	5.36000e+02
1493	5.36568e+02	1.49300e+03	3.51394e-02	5.36500e+02
1494	5.37051e+02	1.49400e+03	3.51127e-02	5.37000e+02
1495	5.37548e+02	1.49500e+03	3.50834e-02	5.37500e+02
1496	5.38037e+02	1.49600e+03	3.50376e-02	5.38000e+02
1497	5.38524e+02	1.49700e+03	3.49949e-02	5.38500e+02
1498	5.39011e+02	1.49800e+03	3.49511e-02	5.39000e+02
1499	5.39502e+02	1.49900e+03	3.49062e-02	5.39500e+02
1500	5.39995e+02	1.50000e+03	3.48583e-02	5.40000e+02
1501	5.40483e+02	1.50100e+03	3.48233e-02	5.40500e+02
1502	5.40982e+02	1.50200e+03	3.47998e-02	5.41000e+02
1503	5.41474e+02	1.50300e+03	3.47833e-02	5.41500e+02
1504	5.41960e+02	1.50400e+03	3.47792e-02	5.42000e+02
1505	5.42452e+02	1.50500e+03	3.47474e-02	5.42500e+02
1506	5.42946e+02	1.50600e+03	3.46921e-02	5.43000e+02
1507	5.43444e+02	1.50700e+03	3.46260e-02	5.43500e+02
1508	5.43940e+02	1.50800e+03	3.45579e-02	5.44000e+02
1509	5.44432e+02	1.50900e+03	3.45272e-02	5.44500e+02
1510	5.44925e+02	1.51000e+03	3.45326e-02	5.45000e+02
1511	5.45416e+02	1.51100e+03	3.45617e-02	5.45500e+02
1512	5.45907e+02	1.51200e+03	3.46570e-02	5.46000e+02
1513	5.46400e+02	1.51300e+03	3.47247e-02	5.46500e+02
1514	5.46891e+02	1.51400e+03	3.47673e-02	5.47000e+02
1515	5.47376e+02	1.51500e+03	3.47909e-02	5.47500e+02
1516	5.47874e+02	1.51600e+03	3.47947e-02	5.48000e+02
1517	5.48369e+02	1.51700e+03	3.47593e-02	5.48500e+02
1518	5.48852e+02	1.51800e+03	3.47046e-02	5.49000e+02
1519	5.49348e+02	1.51900e+03	3.46437e-02	5.49500e+02
1520	5.49850e+02	1.52000e+03	3.45037e-02	5.50000e+02
1521	5.50341e+02	1.52100e+03	3.44362e-02	5.50500e+02
1522	5.50830e+02	1.52200e+03	3.43950e-02	5.51000e+02
1523	5.51322e+02	1.52300e+03	3.43642e-02	5.51500e+02
1524	5.51812e+02	1.52400e+03	3.43998e-02	5.52000e+02
1525	5.52302e+02	1.52500e+03	3.44027e-02	5.52500e+02
1526	5.52794e+02	1.52600e+03	3.43980e-02	5.53000e+02
1527	5.53285e+02	1.52700e+03	3.43922e-02	5.53500e+02
1528	5.53789e+02	1.52800e+03	3.43854e-02	5.54000e+02
1529	5.54277e+02	1.52900e+03	3.43703e-02	5.54500e+02
1530	5.54778e+02	1.53000e+03	3.43461e-02	5.55000e+02
1531	5.55275e+02	1.53100e+03	3.43140e-02	5.55500e+02
1532	5.55780e+02	1.53200e+03	3.42492e-02	5.56000e+02
1533	5.56272e+02	1.53300e+03	3.41948e-02	5.56500e+02
1534	5.56773e+02	1.53400e+03	3.41465e-02	5.57000e+02
1535	5.57269e+02	1.53500e+03	3.41039e-02	5.57500e+02
1536	5.57767e+02	1.53600e+03	3.40841e-02	5.58000e+02
1537	5.58258e+02	1.53700e+03	3.40843e-02	5.58500e+02
1538	5.58753e+02	1.53800e+03	3.40925e-02	5.59000e+02
1539	5.59254e+02	1.53900e+03	3.41023e-02	5.59500e+02
1540	5.59760e+02	1.54000e+03	3.41483e-02	5.60000e+02
1541	5.60260e+02	1.54100e+03	3.41558e-02	5.60500e+02
1542	5.60771e+02	1.54200e+03	3.41621e-02	5.61000e+02
1543	5.61276e+02	1.54300e+03	3.41776e-02	5.61500e+02
1544	5.61782e+02	1.54400e+03	3.41819e-02	5.62000e+02
1545	5.62272e+02	1.54500e+03	3.42118e-02	5.62500e+02
1546	5.62775e+02	1.54600e+03	3.42434e-02	5.63000e+02
1547	5.63281e+02	1.54700e+03	3.42699e-02	5.63500e+02
1548	5.63774e+02	1.54800e+03	3.43181e-02	5.64000e+02
1549	5.64276e+02	1.54900e+03	3.43311e-02	5.64500e+02
1550	5.64764e+02	1.55000e+03	3.43268e-02	5.65000e+02
1551	5.65266e+02	1.55100e+03	3.43152e-02	5.65500e+02
1552	5.65767e+02	1.55200e+03	3.42587e-02	5.66000e+02
1553	5.66270e+02	1.55300e+03	3.42297e-02	5.66500e+02
1554	5.66763e+02	1.55400e+03	3.42056e-02	5.67000e+02
1555	5.67276e+02	1.55500e+03	3.41815e-02	5.67500e+02
1556	5.67782e+02	1.55600e+03	3.41620e-02	5.68000e+02
1557	5.68272e+02	1.55700e+03	3.41378e-02	5.68500e+02
1558	5.68780e+02	1.55800e+03	3.41114e-02	5.69000e+02
1559	5.69266e+02	1.55900e+03	3.40838e-02	5.69500e+02
1560	5.69769e+02	1.56000e+03	3.40419e-02	5.70000e+02
1561	5.70269e+02	1.56100e+03	3.39936e-02	5.70500e+02
1562	5.70768e+02	1.56200e+03	3.39416e-02	5.71000e+02
1563	5.71281e+02	1.56300e+03	3.38918e-02	5.71500e+02
1564	5.71769e+02	1.56400e+03	3.38533e-02	5.72000e+02
1565	5.72268e+02	1.56500e+03	3.38386e-02	5.72500e+02
1566	5.72768e+02	1.56600e+03	3.38317e-02	5.73000e+02
1567	5.73270e+02	1.56700e+03	3.38240e-02	5.73500e+02
1568	5.73759e+02	1.56800e+03	3.38441e-02	5.74000e+02
1569	5.74268e+02	1.56900e+03	3.38286e-02	5.74500e+02
1570	5.74772e+02	1.57000e+03	3.37960e-02	5.75000e+02
1571	5.75276e+02	1.57100e+03	3.37546e-02	5.75500e+02
1572	5.75788e+02	1.57200e+03	3.36730e-02	5.76000e+02
1573	5.76293e+02	1.57300e+03	3.36199e-02	5.76500e+02
1574	5.76803e+02	1.57400e+03	3.35800e-02	5.77000e+02
1575	5.77291e+02	1.57500e+03	3.35471e-02	5.77500e+02
1576	5.77796e+02	1.57600e+03	3.35395e-02	5.78000e+02
1577	5.78317e+02	1.57700e+03	3.35404e-02	5.78500e+02
1578	5.78806e+02	1.57800e+03	3.35534e-02	5.79000e+02
1579	5.79310e+02	1.57900e+03	3.35737e-02	5.79500e+02
1580	5.79814e+02	1.58000e+03	3.36324e-02	5.80000e+02
1581	5.80315e+02	1.58100e+03	3.36630e-02	5.80500e+02
1582	5.80819e+02	1.58200e+03	3.36775e-02	5.81000e+02
1583	5.81307e+02	1.58300e+03	3.36818e-02	5.81500e+02
1584	5.81786e+02	1.58400e+03	3.36502e-02	5.82000e+02
1585	5.82277e+02	1.58500e+03	3.36189e-02	5.82500e+02
1586	5.82782e+02	1.58600e+03	3.35913e-02	5.83000e+02
1587	5.83285e+02	1.58700e+03	3.35702e-02	5.83500e+02
1588	5.83775e+02	1.58800e+03	3.35428e-02	5.84000e+02
1589	5.84268e+02	1.58900e+03	3.35484e-02	5.84500e+02
1590	5.84758e+02	1.59000e+03	3.35713e-02	5.85000e+02
1591	5.85247e+02	1.59100e+03	3.36028e-02	5.85500e+02
1592	5.85741e+02	1.59200e+03	3.36980e-02	5.86000e+02
1593	5.86225e+02	1.59300e+03	3.37542e-02	5.86500e+02
1594	5.86719e+02	1.59400e+03	3.37850e-02	5.87000e+02
1595	5.87217e+02	1.59500e+03	3.37972e-02	5.87500e+02
1596	5.87707e+02	1.59600e+03	3.37562e-02	5.88000e+02
1597	5.88202e+02	1.59700e+03	3.37128e-02	5.88500e+02
1598	5.88686e+02	1.59800e+03	3.36720e-02	5.89000e+02
1599	5.89194e+02	1.59900e+03	3.36362e-02	5.89500e+02
1600	5.89685e+02	1.60000e+03	3.35594e-02	5.90000e+02
1601	5.90187e+02	1.60100e+03	3.35260e-02	5.90500e+02
1602	5.90691e+02	1.60200e+03	3.35058e-02	5.91000e+02
1603	5.91190e+02	1.60300e+03	3.34892e-02	5.91500e+02
1604	5.91689e+02	1.60400e+03	3.35201e-02	5.92000e+02
1605	5.92195e+02	1.60500e+03	3.35199e-02	5.92500e+02
1606	5.92705e+02	1.60600e+03	3.35129e-02	5.93000e+02
1607	5.93208e+02	1.60700e+03	3.35054e-02	5.93500e+02
1608	5.93706e+02	1.60800e+03	3.34859e-02	5.94000e+02
1609	5.94216e+02	1.60900e+03	3.34758e-02	5.94500e+02
1610	5.94719e+02	1.61000e+03	3.34699e-02	5.95000e+02
1611	5.95218e+02	1.61100e+03	3.34671e-02	5.95500e+02
1612	5.95718e+02	1.61200e+03	3.34881e-02	5.96000e+02
1613	5.96220e+02	1.61300e+03	3.35149e-02	5.96500e+02
1614	5.96710e+02	1.61400e+03	3.35450e-02	5.97000e+02
1615	5.97213e+02	1.61500e+03	3.35732e-02	5.97500e+02
1616	5.97713e+02	1.61600e+03	3.36033e-02	5.98000e+02
1617	5.98209e+02	1.61700e+03	3.36045e-02	5.98500e+02
1618	5.98708e+02	1.61800e+03	3.35872e-02	5.99000e+02
1619	5.99212e+02	1.61900e+03	3.35609e-02	5.99500e+02
1620	5.99723e+02	1.62000e+03	3.34871e-02	6.00000e+02
1621	6.00224e+02	1.62100e+03	3.34436e-02	6.00500e+02
1622	6.00720e+02	1.62200e+03	3.34094e-02	6.01000e+02
1623	6.01222e+02	1.62300e+03	3.33773e-02	6.01500e+02
1624	6.01718e+02	1.62400e+03	3.33474e-02	6.02000e+02
1625	6.02222e+02	1.62500e+03	3.33132e-02	6.02500e+02
1626	6.02725e+02	1.62600e+03	3.32809e-02	6.03000e+02
1627	6.03220e+02	1.62700e+03	3.32531e-02	6.03500e+02
1628	6.03722e+02	1.62800e+03	3.32435e-02	6.04000e+02
1629	6.04233e+02	1.62900e+03	3.32396e-02	6.04500e+02
1630	6.04733e+02	1.63000e+03	3.32420e-02	6.05000e+02
1631	6.05224e+02	1.63100e+03	3.32481e-02	6.05500e+02
1632	6.05739e+02	1.63200e+03	3.32793e-02	6.06000e+02
1633	6.06232e+02	1.63300e+03	3.32935e-02	6.06500e+02
1634	6.06730e+02	1.63400e+03	3.33020e-02	6.07000e+02
1635	6.07258e+02	1.63500e+03	3.33085e-02	6.07500e+02
1636	6.07800e+02	1.63600e+03	3.33039e-02	6.08000e+02
1637	6.08341e+02	1.63700e+03	3.33009e-02	6.08500e+02
1638	6.08859e+02	1.63800e+03	3.32974e-02	6.09000e+02
1639	6.09358e+02	1.63900e+03	3.32936e-02	6.09500e+02
1640	6.09878e+02	1.64000e+03	3.32849e-02	6.10000e+02
1641	6.10388e+02	1.64100e+03	3.32818e-02	6.10500e+02
1642	6.10921e+02	1.64200e+03	3.32806e-02	6.11000e+02
1643	6.11429e+02	1.64300e+03	3.32801e-02	6.11500e+02
1644	6.11933e+02	1.64400e+03	3.32866e-02	6.12000e+02
1645	6.12441e+02	1.64500e+03	3.32909e-02	6.12500e+02
1646	6.12949e+02	1.64600e+03	3.32964e-02	6.13000e+02
1647	6.13447e+02	1.64700e+03	3.33040e-02	6.13500e+02
1648	6.13926e+02	1.64800e+03	3.33171e-02	6.14000e+02
1649	6.14426e+02	1.64900e+03	3.33278e-02	6.14500e+02
1650	6.14914e+02	1.65000e+03	3.33361e-02	6.15000e+02
1651	6.15427e+02	1.65100e+03	3.33437e-02	6.15500e+02
1652	6.15933e+02	1.65200e+03	3.33587e-02	6.16000e+02
1653	6.16427e+02	1.65300e+03	3.33712e-02	6.16500e+02
1654	6.16925e+02	1.65400e+03	3.33765e-02	6.17000e+02
1655	6.17424e+02	1.65500e+03	3.33741e-02	6.17500e+02
1656	6.17929e+02	1.65600e+03	3.33475e-02	6.18000e+02
1657	6.18427e+02	1.65700e+03	3.33117e-02	6.18500e+02
1658	6.18921e+02	1.65800e+03	3.32720e-02	6.19000e+02
1659	6.19424e+02	1.65900e+03	3.32340e-02	6.19500e+02
1660	6.19925e+02	1.66000e+03	3.31832e-02	6.20000e+02
1661	6.20433e+02	1.66100e+03	3.31684e-02	6.20500e+02
1662	6.20935e+02	1.66200e+03	3.31716e-02	6.21000e+02
1663	6.21408e+02	1.66300e+03	3.31823e-02	6.21500e+02
1664	6.21903e+02	1.66400e+03	3.32399e-02	6.22000e+02
1665	6.22396e+02	1.66500e+03	3.32652e-02	6.22500e+02
1666	6.22889e+02	1.66600e+03	3.32797e-02	6.23000e+02
1667	6.23386e+02	1.66700e+03	3.32902e-02	6.23500e+02
1668	6.23869e+02	1.66800e+03	3.32894e-02	6.24000e+02
1669	6.24362e+02	1.66900e+03	3.32933e-02	6.24500e+02
1670	6.24850e+02	1.67000e+03	3.32962e-02	6.25000e+02
1671	6.25359e+02	1.67100e+03	3.32979e-02	6.25500e+02
1672	6.25856e+02	1.67200e+03	3.32907e-02	6.26000e+02
1673	6.26352e+02	1.67300e+03	3.32846e-02	6.26500e+02
1674	6.26843e+02	1.67400e+03	3.32762e-02	6.27000e+02
1675	6.27338e+02	1.67500e+03	3.32658e-02	6.27500e+02
1676	6.27832e+02	1.67600e+03	3.32461e-02	6.28000e+02
1677	6.28331e+02	1.67700e+03	3.32282e-02	6.28500e+02
1678	6.28819e+02	1.67800e+03	3.32106e-02	6.29000e+02
1679	6.29325e+02	1.67900e+03	3.31934e-02	6.29500e+02
1680	6.29811e+02	1.68000e+03	3.31758e-02	6.30000e+02
1681	6.30315e+02	1.68100e+03	3.31642e-02	6.30500e+02
1682	6.30810e+02	1.68200e+03	3.31552e-02	6.31000e+02
1683	6.31302e+02	1.68300e+03	3.31458e-02	6.31500e+02
1684	6.31797e+02	1.68400e+03	3.31413e-02	6.32000e+02
1685	6.32293e+02	1.68500e+03	3.31264e-02	6.32500e+02
1686	6.32787e+02	1.68600e+03	3.31064e-02	6.33000e+02
1687	6.33294e+02	1.68700e+03	3.30870e-02	6.33500e+02
1688	6.33795e+02	1.68800e+03	3.30752e-02	6.34000e+02
1689	6.34297e+02	1.68900e+03	3.30816e-02	6.34500e+02
1690	6.34795e+02	1.69000e+03	3.31010e-02	6.35000e+02
1691	6.35290e+02	1.69100e+03	3.31268e-02	6.35500e+02
1692	6.35782e+02	1.69200e+03	3.31860e-02	6.36000e+02
1693	6.36284e+02	1.69300e+03	3.32249e-02	6.36500e+02
1694	6.36788e+02	1.69400e+03	3.32581e-02	6.37000e+02
1695	6.37271e+02	1.69500e+03	3.32896e-02	6.37500e+02
1696	6.37756e+02	1.69600e+03	3.33193e-02	6.38000e+02
1697	6.38254e+02	1.69700e+03	3.33488e-02	6.38500e+02
1698	6.38750e+02	1.69800e+03	3.33750e-02	6.39000e+02
1699	6.39237e+02	1.69900e+03	3.33969e-02	6.39500e+02
1700	6.39730e+02	1.70000e+03	3.33921e-02	6.40000e+02
1701	6.40227e+02	1.70100e+03	3.33772e-02	6.40500e+02
1702	6.40727e+02	1.70200e+03	3.33493e-02	6.41000e+02
1703	6.41228e+02	1.70300e+03	3.33145e-02	6.41500e+02
1704	6.41715e+02	1.70400e+03	3.32453e-02	6.42000e+02
1705	6.42210e+02	1.70500e+03	3.32019e-02	6.42500e+02
1706	6.42705e+02	1.70600e+03	3.31684e-02	6.43000e+02
1707	6.43195e+02	1.70700e+03	3.31394e-02	6.43500e+02
1708	6.43693e+02	1.70800e+03	3.31301e-02	6.44000e+02
1709	6.44190e+02	1.70900e+03	3.31172e-02	6.44500e+02
1710	6.44691e+02	1.71000e+03	3.31028e-02	6.45000e+02
1711	6.45177e+02	1.71100e+03	3.30865e-02	6.45500e+02
1712	6.45677e+02	1.71200e+03	3.30753e-02	6.46000e+02
1713	6.46171e+02	1.71300e+03	3.30589e-02	6.46500e+02
1714	6.46674e+02	1.71400e+03	3.30475e-02	6.47000e+02
1715	6.47166e+02	1.71500e+03	3.30406e-02	6.47500e+02
1716	6.47660e+02	1.71600e+03	3.30258e-02	6.48000e+02
1717	6.48154e+02	1.71700e+03	3.30126e-02	6.48500e+02
1718	6.48659e+02	1.71800e+03	3.29921e-02	6.49000e+02
1719	6.49149e+02	1.71900e+03	3.29648e-02	6.49500e+02
1720	6.49642e+02	1.72000e+03	3.29245e-02	6.50000e+02
1721	6.50133e+02	1.72100e+03	3.28789e-02	6.50500e+02
1722	6.50632e+02	1.72200e+03	3.28342e-02	6.51000e+02
1723	6.51136e+02	1.72300e+03	3.27922e-02	6.51500e+02
1724	6.51640e+02	1.72400e+03	3.27551e-02	6.52000e+02
1725	6.52134e+02	1.72500e+03	3.27531e-02	6.52500e+02
1726	6.52626e+02	1.72600e+03	3.27780e-02	6.53000e+02
1727	6.53132e+02	1.72700e+03	3.28190e-02	6.53500e+02
1728	6.53637e+02	1.72800e+03	3.29437e-02	6.54000e+02
1729	6.54143e+02	1.72900e+03	3.30321e-02	6.54500e+02
1730	6.54640e+02	1.73000e+03	3.31088e-02	6.55000e+02
1731	6.55150e+02	1.73100e+03	3.31803e-02	6.55500e+02
1732	6.55642e+02	1.73200e+03	3.32468e-02	6.56000e+02
1733	6.56143e+02	1.73300e+03	3.32988e-02	6.56500e+02
1734	6.56645e+02	1.73400e+03	3.33453e-02	6.57000e+02
1735	6.57149e+02	1.73500e+03	3.33885e-02	6.57500e+02
1736	6.57650e+02	1.73600e+03	3.33798e-02	6.58000e+02
1737	6.58154e+02	1.73700e+03	3.33854e-02	6.58500e+02
1738	6.58664e+02	1.73800e+03	3.33839e-02	6.59000e+02
1739	6.59160e+02	1.73900e+03	3.33740e-02	6.59500e+02
1740	6.59664e+02	1.74000e+03	3.33318e-02	6.60000e+02
1741	6.60166e+02	1.74100e+03	3.32895e-02	6.60500e+02
1742	6.60672e+02	1.74200e+03	3.32406e-02	6.61000e+02
1743	6.61171e+02	1.74300e+03	3.31858e-02	6.61500e+02
1744	6.61679e+02	1.74400e+03	3.30982e-02	6.62000e+02
1745	6.62176e+02	1.74500e+03	3.30302e-02	6.62500e+02
1746	6.62677e+02	1.74600e+03	3.29699e-02	6.63000e+02
1747	6.63183e+02	1.74700e+03	3.29140e-02	6.63500e+02
1748	6.63686e+02	1.74800e+03	3.28767e-02	6.64000e+02
1749	6.64180e+02	1.74900e+03	3.28449e-02	6.64500e+02
1750	6.64686e+02	1.75000e+03	3.28224e-02	6.65000e+02
1751	6.65189e+02	1.75100e+03	3.28065e-02	6.65500e+02
1752	6.65682e+02	1.75200e+03	3.28308e-02	6.66000e+02
1753	6.66179e+02	1.75300e+03	3.28456e-02	6.66500e+02
1754	6.66704e+02	1.75400e+03	3.28630e-02	6.67000e+02
1755	6.67213e+02	1.75500e+03	3.28830e-02	6.67500e+02
1756	6.67720e+02	1.75600e+03	3.29226e-02	6.68000e+02
1757	6.68235e+02	1.75700e+03	3.29510e-02	6.68500e+02
1758	6.68744e+02	1.75800e+03	3.29757e-02	6.69000e+02
1759	6.69253e+02	1.75900e+03	3.29986e-02	6.69500e+02
1760	6.69764e+02	1.76000e+03	3.30087e-02	6.70000e+02
1761	6.70273e+02	1.76100e+03	3.30167e-02	6.70500e+02
1762	6.70781e+02	1.76200e+03	3.30218e-02	6.71000e+02
1763	6.71292e+02	1.76300e+03	3.30245e-02	6.71500e+02
1764	6.71798e+02	1.76400e+03	3.30105e-02	6.72000e+02
1765	6.72305e+02	1.76500e+03	3.30026e-02	6.72500e+02
1766	6.72812e+02	1.76600e+03	3.29904e-02	6.73000e+02
1767	6.73322e+02	1.76700e+03	3.29726e-02	6.73500e+02
1768	6.73821e+02	1.76800e+03	3.29422e-02	6.74000e+02
1769	6.74325e+02	1.76900e+03	3.29124e-02	6.74500e+02
1770	6.74823e+02	1.77000e+03	3.28835e-02	6.75000e+02
1771	6.75336e+02	1.77100e+03	3.28563e-02	6.75500e+02
1772	6.75837e+02	1.77200e+03	3.28232e-02	6.76000e+02
1773	6.76353e+02	1.77300e+03	3.27999e-02	6.76500e+02
1774	6.76867e+02	1.77400e+03	3.27807e-02	6.77000e+02
1775	6.77369e+02	1.77500e+03	3.27631e-02	6.77500e+02
1776	6.77870e+02	1.77600e+03	3.27631e-02	6.78000e+02
1777	6.78373e+02	1.77700e+03	3.27579e-02	6.78500e+02
1778	6.78880e+02	1.77800e+03	3.27546e-02	6.79000e+02
1779	6.79384e+02	1.77900e+03	3.27530e-02	6.79500e+02
1780	6.79877e+02	1.78000e+03	3.27569e-02	6.80000e+02
1781	6.80385e+02	1.78100e+03	3.27535e-02	6.80500e+02
1782	6.80871e+02	1.78200e+03	3.27393e-02	6.81000e+02
1783	6.81362e+02	1.78300e+03	3.27180e-02	6.81500e+02
1784	6.81860e+02	1.78400e+03	3.26733e-02	6.82000e+02
1785	6.82363e+02	1.78500e+03	3.26235e-02	6.82500e+02
1786	6.82861e+02	1.78600e+03	3.25707e-02	6.83000e+02
1787	6.83349e+02	1.78700e+03	3.25181e-02	6.83500e+02
1788	6.83858e+02	1.78800e+03	3.24528e-02	6.84000e+02
1789	6.84360e+02	1.78900e+03	3.24217e-02	6.84500e+02
1790	6.84862e+02	1.79000e+03	3.24132e-02	6.85000e+02
1791	6.85360e+02	1.79100e+03	3.24179e-02	6.85500e+02
1792	6.85867e+02	1.79200e+03	3.25033e-02	6.86000e+02
1793	6.86366e+02	1.79300e+03	3.25742e-02	6.86500e+02
1794	6.86865e+02	1.79400e+03	3.26490e-02	6.87000e+02
1795	6.87030e+02	1.79500e+03	3.27281e-02	6.87500e+02
1796	6.87179e+02	1.79600e+03	3.28446e-02	6.88000e+02
1797	6.87452e+02	1.79700e+03	3.29279e-02	6.88500e+02
1798	6.87818e+02	1.79800e+03	3.29992e-02	6.89000e+02
1799	6.88193e+02	1.79900e+03	3.30647e-02	6.89500e+02
1800	6.88552e+02	1.80000e+03	3.30895e-02	6.90000e+02
1801	6.88898e+02	1.80100e+03	3.31183e-02	6.90500e+02
1802	6.89241e+02	1.80200e+03	3.31352e-02	6.91000e+02
1803	6.89562e+02	1.80300e+03	3.31422e-02	6.91500e+02
1804	6.89877e+02	1.80400e+03	3.31147e-02	6.92000e+02
1805	6.90186e+02	1.80500e+03	3.30950e-02	6.92500e+02
1806	6.90486e+02	1.80600e+03	3.30714e-02	6.93000e+02
1807	6.90778e+02	1.80700e+03	3.30440e-02	6.93500e+02
1808	6.91052e+02	1.80800e+03	3.29972e-02	6.94000e+02
1809	6.91317e+02	1.80900e+03	3.29617e-02	6.94500e+02
1810	6.91580e+02	1.81000e+03	3.29289e-02	6.95000e+02
1811	6.91833e+02	1.81100e+03	3.28970e-02	6.95500e+02
1812	6.92085e+02	1.81200e+03	3.28697e-02	6.96000e+02
1813	6.92326e+02	1.81300e+03	3.28437e-02	6.96500e+02
1814	6.92561e+02	1.81400e+03	3.28215e-02	6.97000e+02
1815	6.92782e+02	1.81500e+03	3.28024e-02	6.97500e+02
1816	6.92998e+02	1.81600e+03	3.27967e-02	6.98000e+02
1817	6.93209e+02	1.81700e+03	3.27913e-02	6.98500e+02
1818	6.93415e+02	1.81800e+03	3.27901e-02	6.99000e+02
1819	6.93608e+02	1.81900e+03	3.27927e-02	6.99500e+02
1820	6.93804e+02	1.82000e+03	3.28128e-02	7.00000e+02
