index	ts	t	weight	tr
[#]	[°C]	[s]	[mg]	[°C]
723	1.30263e+02	7.23000e+02	2.04017e+00	1.31000e+02
724	1.30603e+02	7.24000e+02	2.04016e+00	1.31333e+02
725	1.30925e+02	7.25000e+02	2.04015e+00	1.31667e+02
726	1.31260e+02	7.26000e+02	2.04014e+00	1.32000e+02
727	1.31582e+02	7.27000e+02	2.04013e+00	1.32333e+02
728	1.31919e+02	7.28000e+02	2.04012e+00	1.32667e+02
729	1.32261e+02	7.29000e+02	2.04011e+00	1.33000e+02
730	1.32590e+02	7.30000e+02	2.04009e+00	1.33333e+02
731	1.32918e+02	7.31000e+02	2.04008e+00	1.33667e+02
732	1.33258e+02	7.32000e+02	2.04007e+00	1.34000e+02
733	1.33588e+02	7.33000e+02	2.04005e+00	1.34333e+02
734	1.33918e+02	7.34000e+02	2.04004e+00	1.34667e+02
735	1.34248e+02	7.35000e+02	2.04003e+00	1.35000e+02
736	1.34577e+02	7.36000e+02	2.04003e+00	1.35333e+02
737	1.34918e+02	7.37000e+02	2.04002e+00	1.35667e+02
738	1.35242e+02	7.38000e+02	2.04001e+00	1.36000e+02
739	1.35570e+02	7.39000e+02	2.04001e+00	1.36333e+02
740	1.35911e+02	7.40000e+02	2.04001e+00	1.36667e+02
741	1.36238e+02	7.41000e+02	2.04001e+00	1.37000e+02
742	1.36573e+02	7.42000e+02	2.04001e+00	1.37333e+02
743	1.36909e+02	7.43000e+02	2.04001e+00	1.37667e+02
744	1.37236e+02	7.44000e+02	2.04001e+00	1.38000e+02
745	1.37580e+02	7.45000e+02	2.04001e+00	1.38333e+02
746	1.37918e+02	7.46000e+02	2.04000e+00	1.38667e+02
747	1.38241e+02	7.47000e+02	2.04000e+00	1.39000e+02
748	1.38568e+02	7.48000e+02	2.03999e+00	1.39333e+02
749	1.38899e+02	7.49000e+02	2.03997e+00	1.39667e+02
750	1.39237e+02	7.50000e+02	2.03996e+00	1.40000e+02
751	1.39580e+02	7.51000e+02	2.03994e+00	1.40333e+02
752	1.39909e+02	7.52000e+02	2.03992e+00	1.40667e+02
753	1.40228e+02	7.53000e+02	2.03991e+00	1.41000e+02
754	1.40564e+02	7.54000e+02	2.03989e+00	1.41333e+02
755	1.40900e+02	7.55000e+02	2.03988e+00	1.41667e+02
756	1.41240e+02	7.56000e+02	2.03987e+00	1.42000e+02
757	1.41569e+02	7.57000e+02	2.03987e+00	1.42333e+02
758	1.41913e+02	7.58000e+02	2.03986e+00	1.42667e+02
759	1.42242e+02	7.59000e+02	2.03986e+00	1.43000e+02
760	1.42579e+02	7.60000e+02	2.03987e+00	1.43333e+02
761	1.42909e+02	7.61000e+02	2.03987e+00	1.43667e+02
762	1.43238e+02	7.62000e+02	2.03986e+00	1.44000e+02
763	1.43559e+02	7.63000e+02	2.03985e+00	1.44333e+02
764	1.43918e+02	7.64000e+02	2.03984e+00	1.44667e+02
765	1.44253e+02	7.65000e+02	2.03982e+00	1.45000e+02
766	1.44569e+02	7.66000e+02	2.03981e+00	1.45333e+02
767	1.44914e+02	7.67000e+02	2.03979e+00	1.45667e+02
768	1.45247e+02	7.68000e+02	2.03978e+00	1.46000e+02
769	1.45583e+02	7.69000e+02	2.03976e+00	1.46333e+02
770	1.45914e+02	7.70000e+02	2.03975e+00	1.46667e+02
771	1.46252e+02	7.71000e+02	2.03974e+00	1.47000e+02
772	1.46587e+02	7.72000e+02	2.03972e+00	1.47333e+02
773	1.46915e+02	7.73000e+02	2.03971e+00	1.47667e+02
774	1.47254e+02	7.74000e+02	2.03969e+00	1.48000e+02
775	1.47583e+02	7.75000e+02	2.03968e+00	1.48333e+02
776	1.47916e+02	7.76000e+02	2.03966e+00	1.48667e+02
777	1.48242e+02	7.77000e+02	2.03964e+00	1.49000e+02
778	1.48585e+02	7.78000e+02	2.03962e+00	1.49333e+02
779	1.48919e+02	7.79000e+02	2.03961e+00	1.49667e+02
780	1.49255e+02	7.80000e+02	2.03959e+00	1.50000e+02
781	1.49601e+02	7.81000e+02	2.03958e+00	1.50333e+02
782	1.49925e+02	7.82000e+02	2.03957e+00	1.50667e+02
783	1.50254e+02	7.83000e+02	2.03956e+00	1.51000e+02
784	1.50596e+02	7.84000e+02	2.03956e+00	1.51333e+02
785	1.50928e+02	7.85000e+02	2.03956e+00	1.51667e+02
786	1.51259e+02	7.86000e+02	2.03955e+00	1.52000e+02
787	1.51589e+02	7.87000e+02	2.03954e+00	1.52333e+02
788	1.51932e+02	7.88000e+02	2.03954e+00	1.52667e+02
789	1.52262e+02	7.89000e+02	2.03953e+00	1.53000e+02
790	1.52611e+02	7.90000e+02	2.03951e+00	1.53333e+02
791	1.52936e+02	7.91000e+02	2.03950e+00	1.53667e+02
792	1.53282e+02	7.92000e+02	2.03948e+00	1.54000e+02
793	1.53599e+02	7.93000e+02	2.03946e+00	1.54333e+02
794	1.53937e+02	7.94000e+02	2.03944e+00	1.54667e+02
795	1.54269e+02	7.95000e+02	2.03942e+00	1.55000e+02
796	1.54611e+02	7.96000e+02	2.03941e+00	1.55333e+02
797	1.54935e+02	7.97000e+02	2.03939e+00	1.55667e+02
798	1.55291e+02	7.98000e+02	2.03937e+00	1.56000e+02
799	1.55622e+02	7.99000e+02	2.03935e+00	1.56333e+02
800	1.55943e+02	8.00000e+02	2.03933e+00	1.56667e+02
801	1.56279e+02	8.01000e+02	2.03930e+00	1.57000e+02
802	1.56617e+02	8.02000e+02	2.03928e+00	1.57333e+02
803	1.56957e+02	8.03000e+02	2.03925e+00	1.57667e+02
804	1.57283e+02	8.04000e+02	2.03922e+00	1.58000e+02
805	1.57626e+02	8.05000e+02	2.03920e+00	1.58333e+02
806	1.57956e+02	8.06000e+02	2.03918e+00	1.58667e+02
807	1.58284e+02	8.07000e+02	2.03916e+00	1.59000e+02
808	1.58630e+02	8.08000e+02	2.03914e+00	1.59333e+02
809	1.58965e+02	8.09000e+02	2.03913e+00	1.59667e+02
810	1.59289e+02	8.10000e+02	2.03911e+00	1.60000e+02
811	1.59631e+02	8.11000e+02	2.03909e+00	1.60333e+02
812	1.59960e+02	8.12000e+02	2.03907e+00	1.60667e+02
813	1.60292e+02	8.13000e+02	2.03906e+00	1.61000e+02
814	1.60631e+02	8.14000e+02	2.03904e+00	1.61333e+02
815	1.60957e+02	8.15000e+02	2.03903e+00	1.61667e+02
816	1.61304e+02	8.16000e+02	2.03902e+00	1.62000e+02
817	1.61641e+02	8.17000e+02	2.03902e+00	1.62333e+02
818	1.61980e+02	8.18000e+02	2.03901e+00	1.62667e+02
819	1.62318e+02	8.19000e+02	2.03901e+00	1.63000e+02
820	1.62644e+02	8.20000e+02	2.03901e+00	1.63333e+02
821	1.62981e+02	8.21000e+02	2.03901e+00	1.63667e+02
822	1.63317e+02	8.22000e+02	2.03901e+00	1.64000e+02
823	1.63656e+02	8.23000e+02	2.03901e+00	1.64333e+02
824	1.63989e+02	8.24000e+02	2.03900e+00	1.64667e+02
825	1.64320e+02	8.25000e+02	2.03899e+00	1.65000e+02
826	1.64661e+02	8.26000e+02	2.03898e+00	1.65333e+02
827	1.65004e+02	8.27000e+02	2.03896e+00	1.65667e+02
828	1.65342e+02	8.28000e+02	2.03895e+00	1.66000e+02
829	1.65674e+02	8.29000e+02	2.03893e+00	1.66333e+02
830	1.66007e+02	8.30000e+02	2.03892e+00	1.66667e+02
831	1.66343e+02	8.31000e+02	2.03891e+00	1.67000e+02
832	1.66682e+02	8.32000e+02	2.03890e+00	1.67333e+02
833	1.67000e+02	8.33000e+02	2.03889e+00	1.67667e+02
834	1.67336e+02	8.34000e+02	2.03888e+00	1.68000e+02
835	1.67680e+02	8.35000e+02	2.03887e+00	1.68333e+02
836	1.68018e+02	8.36000e+02	2.03887e+00	1.68667e+02
837	1.68354e+02	8.37000e+02	2.03886e+00	1.69000e+02
838	1.68683e+02	8.38000e+02	2.03885e+00	1.69333e+02
839	1.69031e+02	8.39000e+02	2.03884e+00	1.69667e+02
840	1.69360e+02	8.40000e+02	2.03883e+00	1.70000e+02
841	1.69703e+02	8.41000e+02	2.03882e+00	1.70333e+02
842	1.70035e+02	8.42000e+02	2.03881e+00	1.70667e+02
843	1.70364e+02	8.43000e+02	2.03880e+00	1.71000e+02
844	1.70702e+02	8.44000e+02	2.03879e+00	1.71333e+02
845	1.71037e+02	8.45000e+02	2.03877e+00	1.71667e+02
846	1.71368e+02	8.46000e+02	2.03875e+00	1.72000e+02
847	1.71691e+02	8.47000e+02	2.03873e+00	1.72333e+02
848	1.72041e+02	8.48000e+02	2.03869e+00	1.72667e+02
849	1.72378e+02	8.49000e+02	2.03865e+00	1.73000e+02
850	1.72723e+02	8.50000e+02	2.03861e+00	1.73333e+02
851	1.73057e+02	8.51000e+02	2.03856e+00	1.73667e+02
852	1.73383e+02	8.52000e+02	2.03849e+00	1.74000e+02
853	1.73713e+02	8.53000e+02	2.03844e+00	1.74333e+02
854	1.74057e+02	8.54000e+02	2.03839e+00	1.74667e+02
855	1.74390e+02	8.55000e+02	2.03833e+00	1.75000e+02
856	1.74729e+02	8.56000e+02	2.03828e+00	1.75333e+02
857	1.75072e+02	8.57000e+02	2.03823e+00	1.75667e+02
858	1.75409e+02	8.58000e+02	2.03818e+00	1.76000e+02
859	1.75731e+02	8.59000e+02	2.03813e+00	1.76333e+02
860	1.76085e+02	8.60000e+02	2.03809e+00	1.76667e+02
861	1.76414e+02	8.61000e+02	2.03805e+00	1.77000e+02
862	1.76756e+02	8.62000e+02	2.03802e+00	1.77333e+02
863	1.77095e+02	8.63000e+02	2.03798e+00	1.77667e+02
864	1.77426e+02	8.64000e+02	2.03795e+00	1.78000e+02
865	1.77772e+02	8.65000e+02	2.03792e+00	1.78333e+02
866	1.78102e+02	8.66000e+02	2.03788e+00	1.78667e+02
867	1.78436e+02	8.67000e+02	2.03784e+00	1.79000e+02
868	1.78769e+02	8.68000e+02	2.03778e+00	1.79333e+02
869	1.79100e+02	8.69000e+02	2.03774e+00	1.79667e+02
870	1.79441e+02	8.70000e+02	2.03769e+00	1.80000e+02
871	1.79782e+02	8.71000e+02	2.03764e+00	1.80333e+02
872	1.80122e+02	8.72000e+02	2.03759e+00	1.80667e+02
873	1.80443e+02	8.73000e+02	2.03753e+00	1.81000e+02
874	1.80791e+02	8.74000e+02	2.03748e+00	1.81333e+02
875	1.81138e+02	8.75000e+02	2.03742e+00	1.81667e+02
876	1.81469e+02	8.76000e+02	2.03735e+00	1.82000e+02
877	1.81797e+02	8.77000e+02	2.03728e+00	1.82333e+02
878	1.82140e+02	8.78000e+02	2.03721e+00	1.82667e+02
879	1.82468e+02	8.79000e+02	2.03714e+00	1.83000e+02
880	1.82807e+02	8.80000e+02	2.03705e+00	1.83333e+02
881	1.83154e+02	8.81000e+02	2.03697e+00	1.83667e+02
882	1.83486e+02	8.82000e+02	2.03689e+00	1.84000e+02
883	1.83825e+02	8.83000e+02	2.03681e+00	1.84333e+02
884	1.84164e+02	8.84000e+02	2.03671e+00	1.84667e+02
885	1.84505e+02	8.85000e+02	2.03661e+00	1.85000e+02
886	1.84841e+02	8.86000e+02	2.03651e+00	1.85333e+02
887	1.85171e+02	8.87000e+02	2.03641e+00	1.85667e+02
888	1.85515e+02	8.88000e+02	2.03629e+00	1.86000e+02
889	1.85859e+02	8.89000e+02	2.03618e+00	1.86333e+02
890	1.86180e+02	8.90000e+02	2.03606e+00	1.86667e+02
891	1.86524e+02	8.91000e+02	2.03594e+00	1.87000e+02
892	1.86867e+02	8.92000e+02	2.03582e+00	1.87333e+02
893	1.87196e+02	8.93000e+02	2.03570e+00	1.87667e+02
894	1.87533e+02	8.94000e+02	2.03557e+00	1.88000e+02
895	1.87868e+02	8.95000e+02	2.03544e+00	1.88333e+02
896	1.88203e+02	8.96000e+02	2.03530e+00	1.88667e+02
897	1.88550e+02	8.97000e+02	2.03516e+00	1.89000e+02
898	1.88892e+02	8.98000e+02	2.03503e+00	1.89333e+02
899	1.89229e+02	8.99000e+02	2.03489e+00	1.89667e+02
900	1.89563e+02	9.00000e+02	2.03475e+00	1.90000e+02
901	1.89898e+02	9.01000e+02	2.03461e+00	1.90333e+02
902	1.90232e+02	9.02000e+02	2.03446e+00	1.90667e+02
903	1.90560e+02	9.03000e+02	2.03431e+00	1.91000e+02
904	1.90898e+02	9.04000e+02	2.03413e+00	1.91333e+02
905	1.91236e+02	9.05000e+02	2.03395e+00	1.91667e+02
906	1.91590e+02	9.06000e+02	2.03377e+00	1.92000e+02
907	1.91924e+02	9.07000e+02	2.03358e+00	1.92333e+02
908	1.92262e+02	9.08000e+02	2.03337e+00	1.92667e+02
909	1.92605e+02	9.09000e+02	2.03318e+00	1.93000e+02
910	1.92940e+02	9.10000e+02	2.03299e+00	1.93333e+02
911	1.93280e+02	9.11000e+02	2.03280e+00	1.93667e+02
912	1.93611e+02	9.12000e+02	2.03262e+00	1.94000e+02
913	1.93944e+02	9.13000e+02	2.03243e+00	1.94333e+02
914	1.94292e+02	9.14000e+02	2.03225e+00	1.94667e+02
915	1.94633e+02	9.15000e+02	2.03207e+00	1.95000e+02
916	1.94967e+02	9.16000e+02	2.03189e+00	1.95333e+02
917	1.95304e+02	9.17000e+02	2.03170e+00	1.95667e+02
918	1.95640e+02	9.18000e+02	2.03151e+00	1.96000e+02
919	1.95986e+02	9.19000e+02	2.03132e+00	1.96333e+02
920	1.96323e+02	9.20000e+02	2.03111e+00	1.96667e+02
921	1.96656e+02	9.21000e+02	2.03090e+00	1.97000e+02
922	1.96998e+02	9.22000e+02	2.03068e+00	1.97333e+02
923	1.97336e+02	9.23000e+02	2.03047e+00	1.97667e+02
924	1.97686e+02	9.24000e+02	2.03023e+00	1.98000e+02
925	1.98020e+02	9.25000e+02	2.03001e+00	1.98333e+02
926	1.98359e+02	9.26000e+02	2.02979e+00	1.98667e+02
927	1.98685e+02	9.27000e+02	2.02956e+00	1.99000e+02
928	1.99032e+02	9.28000e+02	2.02934e+00	1.99333e+02
929	1.99366e+02	9.29000e+02	2.02912e+00	1.99667e+02
930	1.99725e+02	9.30000e+02	2.02889e+00	2.00000e+02
931	2.00041e+02	9.31000e+02	2.02866e+00	2.00333e+02
932	2.00381e+02	9.32000e+02	2.02843e+00	2.00667e+02
933	2.00725e+02	9.33000e+02	2.02819e+00	2.01000e+02
934	2.01058e+02	9.34000e+02	2.02795e+00	2.01333e+02
935	2.01394e+02	9.35000e+02	2.02771e+00	2.01667e+02
936	2.01735e+02	9.36000e+02	2.02745e+00	2.02000e+02
937	2.02072e+02	9.37000e+02	2.02719e+00	2.02333e+02
938	2.02422e+02	9.38000e+02	2.02693e+00	2.02667e+02
939	2.02755e+02	9.39000e+02	2.02667e+00	2.03000e+02
940	2.03092e+02	9.40000e+02	2.02640e+00	2.03333e+02
941	2.03423e+02	9.41000e+02	2.02613e+00	2.03667e+02
942	2.03755e+02	9.42000e+02	2.02588e+00	2.04000e+02
943	2.04093e+02	9.43000e+02	2.02562e+00	2.04333e+02
944	2.04434e+02	9.44000e+02	2.02538e+00	2.04667e+02
945	2.04781e+02	9.45000e+02	2.02514e+00	2.05000e+02
946	2.05115e+02	9.46000e+02	2.02490e+00	2.05333e+02
947	2.05457e+02	9.47000e+02	2.02466e+00	2.05667e+02
948	2.05780e+02	9.48000e+02	2.02443e+00	2.06000e+02
949	2.06135e+02	9.49000e+02	2.02419e+00	2.06333e+02
950	2.06471e+02	9.50000e+02	2.02394e+00	2.06667e+02
951	2.06817e+02	9.51000e+02	2.02370e+00	2.07000e+02
952	2.07142e+02	9.52000e+02	2.02345e+00	2.07333e+02
953	2.07481e+02	9.53000e+02	2.02320e+00	2.07667e+02
954	2.07823e+02	9.54000e+02	2.02295e+00	2.08000e+02
955	2.08155e+02	9.55000e+02	2.02270e+00	2.08333e+02
956	2.08493e+02	9.56000e+02	2.02245e+00	2.08667e+02
957	2.08835e+02	9.57000e+02	2.02221e+00	2.09000e+02
958	2.09168e+02	9.58000e+02	2.02195e+00	2.09333e+02
959	2.09503e+02	9.59000e+02	2.02170e+00	2.09667e+02
960	2.09842e+02	9.60000e+02	2.02145e+00	2.10000e+02
961	2.10177e+02	9.61000e+02	2.02120e+00	2.10333e+02
962	2.10527e+02	9.62000e+02	2.02094e+00	2.10667e+02
963	2.10860e+02	9.63000e+02	2.02068e+00	2.11000e+02
964	2.11193e+02	9.64000e+02	2.02042e+00	2.11333e+02
965	2.11535e+02	9.65000e+02	2.02016e+00	2.11667e+02
966	2.11870e+02	9.66000e+02	2.01990e+00	2.12000e+02
967	2.12201e+02	9.67000e+02	2.01964e+00	2.12333e+02
968	2.12552e+02	9.68000e+02	2.01938e+00	2.12667e+02
969	2.12895e+02	9.69000e+02	2.01912e+00	2.13000e+02
970	2.13222e+02	9.70000e+02	2.01886e+00	2.13333e+02
971	2.13554e+02	9.71000e+02	2.01860e+00	2.13667e+02
972	2.13901e+02	9.72000e+02	2.01833e+00	2.14000e+02
973	2.14243e+02	9.73000e+02	2.01807e+00	2.14333e+02
974	2.14573e+02	9.74000e+02	2.01781e+00	2.14667e+02
975	2.14928e+02	9.75000e+02	2.01754e+00	2.15000e+02
976	2.15258e+02	9.76000e+02	2.01728e+00	2.15333e+02
977	2.15586e+02	9.77000e+02	2.01702e+00	2.15667e+02
978	2.15934e+02	9.78000e+02	2.01676e+00	2.16000e+02
979	2.16263e+02	9.79000e+02	2.01651e+00	2.16333e+02
980	2.16606e+02	9.80000e+02	2.01627e+00	2.16667e+02
981	2.16935e+02	9.81000e+02	2.01602e+00	2.17000e+02
982	2.17279e+02	9.82000e+02	2.01578e+00	2.17333e+02
983	2.17628e+02	9.83000e+02	2.01553e+00	2.17667e+02
984	2.17950e+02	9.84000e+02	2.01528e+00	2.18000e+02
985	2.18294e+02	9.85000e+02	2.01503e+00	2.18333e+02
986	2.18639e+02	9.86000e+02	2.01478e+00	2.18667e+02
987	2.18979e+02	9.87000e+02	2.01452e+00	2.19000e+02
988	2.19313e+02	9.88000e+02	2.01425e+00	2.19333e+02
989	2.19649e+02	9.89000e+02	2.01400e+00	2.19667e+02
990	2.19986e+02	9.90000e+02	2.01375e+00	2.20000e+02
991	2.20323e+02	9.91000e+02	2.01351e+00	2.20333e+02
992	2.20661e+02	9.92000e+02	2.01327e+00	2.20667e+02
993	2.20999e+02	9.93000e+02	2.01304e+00	2.21000e+02
994	2.21327e+02	9.94000e+02	2.01280e+00	2.21333e+02
995	2.21670e+02	9.95000e+02	2.01256e+00	2.21667e+02
996	2.21996e+02	9.96000e+02	2.01231e+00	2.22000e+02
997	2.22349e+02	9.97000e+02	2.01206e+00	2.22333e+02
998	2.22683e+02	9.98000e+02	2.01181e+00	2.22667e+02
999	2.23015e+02	9.99000e+02	2.01155e+00	2.23000e+02
1000	2.23356e+02	1.00000e+03	2.01128e+00	2.23333e+02
1001	2.23687e+02	1.00100e+03	2.01100e+00	2.23667e+02
1002	2.24026e+02	1.00200e+03	2.01072e+00	2.24000e+02
1003	2.24372e+02	1.00300e+03	2.01044e+00	2.24333e+02
1004	2.24706e+02	1.00400e+03	2.01014e+00	2.24667e+02
1005	2.25056e+02	1.00500e+03	2.00984e+00	2.25000e+02
1006	2.25397e+02	1.00600e+03	2.00955e+00	2.25333e+02
1007	2.25714e+02	1.00700e+03	2.00925e+00	2.25667e+02
1008	2.26044e+02	1.00800e+03	2.00894e+00	2.26000e+02
1009	2.26391e+02	1.00900e+03	2.00864e+00	2.26333e+02
1010	2.26737e+02	1.01000e+03	2.00834e+00	2.26667e+02
1011	2.27075e+02	1.01100e+03	2.00804e+00	2.27000e+02
1012	2.27399e+02	1.01200e+03	2.00774e+00	2.27333e+02
1013	2.27742e+02	1.01300e+03	2.00745e+00	2.27667e+02
1014	2.28076e+02	1.01400e+03	2.00716e+00	2.28000e+02
1015	2.28416e+02	1.01500e+03	2.00688e+00	2.28333e+02
1016	2.28749e+02	1.01600e+03	2.00660e+00	2.28667e+02
1017	2.29083e+02	1.01700e+03	2.00632e+00	2.29000e+02
1018	2.29431e+02	1.01800e+03	2.00604e+00	2.29333e+02
1019	2.29766e+02	1.01900e+03	2.00576e+00	2.29667e+02
1020	2.30112e+02	1.02000e+03	2.00548e+00	2.30000e+02
1021	2.30440e+02	1.02100e+03	2.00521e+00	2.30333e+02
1022	2.30775e+02	1.02200e+03	2.00493e+00	2.30667e+02
1023	2.31118e+02	1.02300e+03	2.00466e+00	2.31000e+02
1024	2.31458e+02	1.02400e+03	2.00438e+00	2.31333e+02
1025	2.31801e+02	1.02500e+03	2.00410e+00	2.31667e+02
1026	2.32134e+02	1.02600e+03	2.00382e+00	2.32000e+02
1027	2.32462e+02	1.02700e+03	2.00354e+00	2.32333e+02
1028	2.32800e+02	1.02800e+03	2.00325e+00	2.32667e+02
1029	2.33146e+02	1.02900e+03	2.00296e+00	2.33000e+02
1030	2.33478e+02	1.03000e+03	2.00267e+00	2.33333e+02
1031	2.33818e+02	1.03100e+03	2.00237e+00	2.33667e+02
1032	2.34163e+02	1.03200e+03	2.00207e+00	2.34000e+02
1033	2.34498e+02	1.03300e+03	2.00177e+00	2.34333e+02
1034	2.34826e+02	1.03400e+03	2.00147e+00	2.34667e+02
1035	2.35168e+02	1.03500e+03	2.00118e+00	2.35000e+02
1036	2.35502e+02	1.03600e+03	2.00089e+00	2.35333e+02
1037	2.35843e+02	1.03700e+03	2.00060e+00	2.35667e+02
1038	2.36177e+02	1.03800e+03	2.00032e+00	2.36000e+02
1039	2.36508e+02	1.03900e+03	2.00003e+00	2.36333e+02
1040	2.36847e+02	1.04000e+03	1.99976e+00	2.36667e+02
1041	2.37186e+02	1.04100e+03	1.99948e+00	2.37000e+02
1042	2.37524e+02	1.04200e+03	1.99920e+00	2.37333e+02
1043	2.37862e+02	1.04300e+03	1.99891e+00	2.37667e+02
1044	2.38197e+02	1.04400e+03	1.99863e+00	2.38000e+02
1045	2.38521e+02	1.04500e+03	1.99834e+00	2.38333e+02
1046	2.38859e+02	1.04600e+03	1.99806e+00	2.38667e+02
1047	2.39203e+02	1.04700e+03	1.99777e+00	2.39000e+02
1048	2.39540e+02	1.04800e+03	1.99749e+00	2.39333e+02
1049	2.39873e+02	1.04900e+03	1.99720e+00	2.39667e+02
1050	2.40218e+02	1.05000e+03	1.99692e+00	2.40000e+02
1051	2.40551e+02	1.05100e+03	1.99663e+00	2.40333e+02
1052	2.40882e+02	1.05200e+03	1.99634e+00	2.40667e+02
1053	2.41219e+02	1.05300e+03	1.99605e+00	2.41000e+02
1054	2.41553e+02	1.05400e+03	1.99576e+00	2.41333e+02
1055	2.41899e+02	1.05500e+03	1.99547e+00	2.41667e+02
1056	2.42241e+02	1.05600e+03	1.99517e+00	2.42000e+02
1057	2.42574e+02	1.05700e+03	1.99487e+00	2.42333e+02
1058	2.42918e+02	1.05800e+03	1.99457e+00	2.42667e+02
1059	2.43253e+02	1.05900e+03	1.99427e+00	2.43000e+02
1060	2.43580e+02	1.06000e+03	1.99397e+00	2.43333e+02
1061	2.43925e+02	1.06100e+03	1.99368e+00	2.43667e+02
1062	2.44258e+02	1.06200e+03	1.99338e+00	2.44000e+02
1063	2.44595e+02	1.06300e+03	1.99308e+00	2.44333e+02
1064	2.44931e+02	1.06400e+03	1.99279e+00	2.44667e+02
1065	2.45270e+02	1.06500e+03	1.99250e+00	2.45000e+02
1066	2.45614e+02	1.06600e+03	1.99221e+00	2.45333e+02
1067	2.45944e+02	1.06700e+03	1.99191e+00	2.45667e+02
1068	2.46283e+02	1.06800e+03	1.99162e+00	2.46000e+02
1069	2.46609e+02	1.06900e+03	1.99133e+00	2.46333e+02
1070	2.46952e+02	1.07000e+03	1.99105e+00	2.46667e+02
1071	2.47289e+02	1.07100e+03	1.99076e+00	2.47000e+02
1072	2.47633e+02	1.07200e+03	1.99049e+00	2.47333e+02
1073	2.47967e+02	1.07300e+03	1.99021e+00	2.47667e+02
1074	2.48302e+02	1.07400e+03	1.98993e+00	2.48000e+02
1075	2.48645e+02	1.07500e+03	1.98966e+00	2.48333e+02
1076	2.48975e+02	1.07600e+03	1.98939e+00	2.48667e+02
1077	2.49317e+02	1.07700e+03	1.98911e+00	2.49000e+02
1078	2.49651e+02	1.07800e+03	1.98884e+00	2.49333e+02
1079	2.49991e+02	1.07900e+03	1.98856e+00	2.49667e+02
1080	2.50325e+02	1.08000e+03	1.98829e+00	2.50000e+02
1081	2.50663e+02	1.08100e+03	1.98801e+00	2.50333e+02
1082	2.50999e+02	1.08200e+03	1.98773e+00	2.50667e+02
1083	2.51340e+02	1.08300e+03	1.98745e+00	2.51000e+02
1084	2.51675e+02	1.08400e+03	1.98717e+00	2.51333e+02
1085	2.52012e+02	1.08500e+03	1.98689e+00	2.51667e+02
1086	2.52365e+02	1.08600e+03	1.98660e+00	2.52000e+02
1087	2.52693e+02	1.08700e+03	1.98631e+00	2.52333e+02
1088	2.53027e+02	1.08800e+03	1.98602e+00	2.52667e+02
1089	2.53353e+02	1.08900e+03	1.98573e+00	2.53000e+02
1090	2.53700e+02	1.09000e+03	1.98543e+00	2.53333e+02
1091	2.54029e+02	1.09100e+03	1.98514e+00	2.53667e+02
1092	2.54378e+02	1.09200e+03	1.98485e+00	2.54000e+02
1093	2.54714e+02	1.09300e+03	1.98456e+00	2.54333e+02
1094	2.55035e+02	1.09400e+03	1.98427e+00	2.54667e+02
1095	2.55378e+02	1.09500e+03	1.98398e+00	2.55000e+02
1096	2.55715e+02	1.09600e+03	1.98369e+00	2.55333e+02
1097	2.56053e+02	1.09700e+03	1.98340e+00	2.55667e+02
1098	2.56387e+02	1.09800e+03	1.98312e+00	2.56000e+02
1099	2.56716e+02	1.09900e+03	1.98284e+00	2.56333e+02
1100	2.57060e+02	1.10000e+03	1.98256e+00	2.56667e+02
1101	2.57407e+02	1.10100e+03	1.98227e+00	2.57000e+02
1102	2.57737e+02	1.10200e+03	1.98199e+00	2.57333e+02
1103	2.58057e+02	1.10300e+03	1.98170e+00	2.57667e+02
1104	2.58401e+02	1.10400e+03	1.98141e+00	2.58000e+02
1105	2.58737e+02	1.10500e+03	1.98111e+00	2.58333e+02
1106	2.59070e+02	1.10600e+03	1.98082e+00	2.58667e+02
1107	2.59407e+02	1.10700e+03	1.98053e+00	2.59000e+02
1108	2.59737e+02	1.10800e+03	1.98023e+00	2.59333e+02
1109	2.60067e+02	1.10900e+03	1.97993e+00	2.59667e+02
1110	2.60418e+02	1.11000e+03	1.97963e+00	2.60000e+02
1111	2.60751e+02	1.11100e+03	1.97933e+00	2.60333e+02
1112	2.61082e+02	1.11200e+03	1.97902e+00	2.60667e+02
1113	2.61420e+02	1.11300e+03	1.97872e+00	2.61000e+02
1114	2.61761e+02	1.11400e+03	1.97841e+00	2.61333e+02
1115	2.62099e+02	1.11500e+03	1.97811e+00	2.61667e+02
1116	2.62427e+02	1.11600e+03	1.97781e+00	2.62000e+02
1117	2.62763e+02	1.11700e+03	1.97752e+00	2.62333e+02
1118	2.63103e+02	1.11800e+03	1.97723e+00	2.62667e+02
1119	2.63440e+02	1.11900e+03	1.97694e+00	2.63000e+02
1120	2.63772e+02	1.12000e+03	1.97668e+00	2.63333e+02
1121	2.64103e+02	1.12100e+03	1.97640e+00	2.63667e+02
1122	2.64436e+02	1.12200e+03	1.97613e+00	2.64000e+02
1123	2.64776e+02	1.12300e+03	1.97586e+00	2.64333e+02
1124	2.65120e+02	1.12400e+03	1.97561e+00	2.64667e+02
1125	2.65452e+02	1.12500e+03	1.97534e+00	2.65000e+02
1126	2.65788e+02	1.12600e+03	1.97508e+00	2.65333e+02
1127	2.66123e+02	1.12700e+03	1.97481e+00	2.65667e+02
1128	2.66455e+02	1.12800e+03	1.97454e+00	2.66000e+02
1129	2.66801e+02	1.12900e+03	1.97426e+00	2.66333e+02
1130	2.67127e+02	1.13000e+03	1.97399e+00	2.66667e+02
1131	2.67467e+02	1.13100e+03	1.97371e+00	2.67000e+02
1132	2.67806e+02	1.13200e+03	1.97342e+00	2.67333e+02
1133	2.68149e+02	1.13300e+03	1.97314e+00	2.67667e+02
1134	2.68482e+02	1.13400e+03	1.97285e+00	2.68000e+02
1135	2.68824e+02	1.13500e+03	1.97257e+00	2.68333e+02
1136	2.69150e+02	1.13600e+03	1.97228e+00	2.68667e+02
1137	2.69487e+02	1.13700e+03	1.97199e+00	2.69000e+02
1138	2.69828e+02	1.13800e+03	1.97170e+00	2.69333e+02
1139	2.70156e+02	1.13900e+03	1.97142e+00	2.69667e+02
1140	2.70492e+02	1.14000e+03	1.97113e+00	2.70000e+02
1141	2.70826e+02	1.14100e+03	1.97085e+00	2.70333e+02
1142	2.71161e+02	1.14200e+03	1.97056e+00	2.70667e+02
1143	2.71493e+02	1.14300e+03	1.97028e+00	2.71000e+02
1144	2.71835e+02	1.14400e+03	1.97001e+00	2.71333e+02
1145	2.72172e+02	1.14500e+03	1.96973e+00	2.71667e+02
1146	2.72504e+02	1.14600e+03	1.96946e+00	2.72000e+02
1147	2.72844e+02	1.14700e+03	1.96919e+00	2.72333e+02
1148	2.73171e+02	1.14800e+03	1.96893e+00	2.72667e+02
1149	2.73514e+02	1.14900e+03	1.96866e+00	2.73000e+02
1150	2.73848e+02	1.15000e+03	1.96838e+00	2.73333e+02
1151	2.74176e+02	1.15100e+03	1.96811e+00	2.73667e+02
1152	2.74523e+02	1.15200e+03	1.96782e+00	2.74000e+02
1153	2.74850e+02	1.15300e+03	1.96753e+00	2.74333e+02
1154	2.75194e+02	1.15400e+03	1.96724e+00	2.74667e+02
1155	2.75520e+02	1.15500e+03	1.96695e+00	2.75000e+02
1156	2.75866e+02	1.15600e+03	1.96665e+00	2.75333e+02
1157	2.76191e+02	1.15700e+03	1.96636e+00	2.75667e+02
1158	2.76524e+02	1.15800e+03	1.96607e+00	2.76000e+02
1159	2.76863e+02	1.15900e+03	1.96578e+00	2.76333e+02
1160	2.77189e+02	1.16000e+03	1.96549e+00	2.76667e+02
1161	2.77526e+02	1.16100e+03	1.96521e+00	2.77000e+02
1162	2.77875e+02	1.16200e+03	1.96492e+00	2.77333e+02
1163	2.78200e+02	1.16300e+03	1.96462e+00	2.77667e+02
1164	2.78544e+02	1.16400e+03	1.96433e+00	2.78000e+02
1165	2.78872e+02	1.16500e+03	1.96403e+00	2.78333e+02
1166	2.79209e+02	1.16600e+03	1.96372e+00	2.78667e+02
1167	2.79549e+02	1.16700e+03	1.96342e+00	2.79000e+02
1168	2.79870e+02	1.16800e+03	1.96310e+00	2.79333e+02
1169	2.80212e+02	1.16900e+03	1.96278e+00	2.79667e+02
1170	2.80554e+02	1.17000e+03	1.96247e+00	2.80000e+02
1171	2.80889e+02	1.17100e+03	1.96215e+00	2.80333e+02
1172	2.81228e+02	1.17200e+03	1.96183e+00	2.80667e+02
1173	2.81560e+02	1.17300e+03	1.96151e+00	2.81000e+02
1174	2.81901e+02	1.17400e+03	1.96119e+00	2.81333e+02
1175	2.82220e+02	1.17500e+03	1.96086e+00	2.81667e+02
1176	2.82567e+02	1.17600e+03	1.96053e+00	2.82000e+02
1177	2.82896e+02	1.17700e+03	1.96020e+00	2.82333e+02
1178	2.83238e+02	1.17800e+03	1.95987e+00	2.82667e+02
1179	2.83571e+02	1.17900e+03	1.95954e+00	2.83000e+02
1180	2.83902e+02	1.18000e+03	1.95921e+00	2.83333e+02
1181	2.84240e+02	1.18100e+03	1.95887e+00	2.83667e+02
1182	2.84565e+02	1.18200e+03	1.95854e+00	2.84000e+02
1183	2.84905e+02	1.18300e+03	1.95820e+00	2.84333e+02
1184	2.85252e+02	1.18400e+03	1.95785e+00	2.84667e+02
1185	2.85570e+02	1.18500e+03	1.95751e+00	2.85000e+02
1186	2.85911e+02	1.18600e+03	1.95715e+00	2.85333e+02
1187	2.86241e+02	1.18700e+03	1.95680e+00	2.85667e+02
1188	2.86579e+02	1.18800e+03	1.95643e+00	2.86000e+02
1189	2.86912e+02	1.18900e+03	1.95606e+00	2.86333e+02
1190	2.87245e+02	1.19000e+03	1.95568e+00	2.86667e+02
1191	2.87585e+02	1.19100e+03	1.95531e+00	2.87000e+02
1192	2.87923e+02	1.19200e+03	1.95491e+00	2.87333e+02
1193	2.88257e+02	1.19300e+03	1.95451e+00	2.87667e+02
1194	2.88600e+02	1.19400e+03	1.95412e+00	2.88000e+02
1195	2.88922e+02	1.19500e+03	1.95372e+00	2.88333e+02
1196	2.89256e+02	1.19600e+03	1.95332e+00	2.88667e+02
1197	2.89599e+02	1.19700e+03	1.95292e+00	2.89000e+02
1198	2.89929e+02	1.19800e+03	1.95252e+00	2.89333e+02
1199	2.90264e+02	1.19900e+03	1.95212e+00	2.89667e+02
1200	2.90592e+02	1.20000e+03	1.95172e+00	2.90000e+02
1201	2.90931e+02	1.20100e+03	1.95132e+00	2.90333e+02
1202	2.91264e+02	1.20200e+03	1.95092e+00	2.90667e+02
1203	2.91600e+02	1.20300e+03	1.95052e+00	2.91000e+02
1204	2.91938e+02	1.20400e+03	1.95010e+00	2.91333e+02
1205	2.92271e+02	1.20500e+03	1.94969e+00	2.91667e+02
1206	2.92610e+02	1.20600e+03	1.94927e+00	2.92000e+02
1207	2.92929e+02	1.20700e+03	1.94885e+00	2.92333e+02
1208	2.93263e+02	1.20800e+03	1.94841e+00	2.92667e+02
1209	2.93608e+02	1.20900e+03	1.94798e+00	2.93000e+02
1210	2.93948e+02	1.21000e+03	1.94754e+00	2.93333e+02
1211	2.94275e+02	1.21100e+03	1.94709e+00	2.93667e+02
1212	2.94610e+02	1.21200e+03	1.94661e+00	2.94000e+02
1213	2.94944e+02	1.21300e+03	1.94614e+00	2.94333e+02
1214	2.95283e+02	1.21400e+03	1.94566e+00	2.94667e+02
1215	2.95617e+02	1.21500e+03	1.94517e+00	2.95000e+02
1216	2.95955e+02	1.21600e+03	1.94465e+00	2.95333e+02
1217	2.96267e+02	1.21700e+03	1.94413e+00	2.95667e+02
1218	2.96620e+02	1.21800e+03	1.94361e+00	2.96000e+02
1219	2.96954e+02	1.21900e+03	1.94309e+00	2.96333e+02
1220	2.97291e+02	1.22000e+03	1.94253e+00	2.96667e+02
1221	2.97620e+02	1.22100e+03	1.94198e+00	2.97000e+02
1222	2.97950e+02	1.22200e+03	1.94143e+00	2.97333e+02
1223	2.98285e+02	1.22300e+03	1.94087e+00	2.97667e+02
1224	2.98617e+02	1.22400e+03	1.94030e+00	2.98000e+02
1225	2.98951e+02	1.22500e+03	1.93973e+00	2.98333e+02
1226	2.99292e+02	1.22600e+03	1.93915e+00	2.98667e+02
1227	2.99618e+02	1.22700e+03	1.93857e+00	2.99000e+02
1228	2.99948e+02	1.22800e+03	1.93798e+00	2.99333e+02
1229	3.00291e+02	1.22900e+03	1.93739e+00	2.99667e+02
1230	3.00625e+02	1.23000e+03	1.93679e+00	3.00000e+02
1231	3.00941e+02	1.23100e+03	1.93618e+00	3.00333e+02
1232	3.01295e+02	1.23200e+03	1.93556e+00	3.00667e+02
1233	3.01637e+02	1.23300e+03	1.93494e+00	3.01000e+02
1234	3.01965e+02	1.23400e+03	1.93431e+00	3.01333e+02
1235	3.02293e+02	1.23500e+03	1.93368e+00	3.01667e+02
1236	3.02626e+02	1.23600e+03	1.93303e+00	3.02000e+02
1237	3.02971e+02	1.23700e+03	1.93238e+00	3.02333e+02
1238	3.03303e+02	1.23800e+03	1.93173e+00	3.02667e+02
1239	3.03637e+02	1.23900e+03	1.93108e+00	3.03000e+02
1240	3.03972e+02	1.24000e+03	1.93041e+00	3.03333e+02
1241	3.04300e+02	1.24100e+03	1.92974e+00	3.03667e+02
1242	3.04638e+02	1.24200e+03	1.92906e+00	3.04000e+02
1243	3.04982e+02	1.24300e+03	1.92839e+00	3.04333e+02
1244	3.05298e+02	1.24400e+03	1.92769e+00	3.04667e+02
1245	3.05644e+02	1.24500e+03	1.92699e+00	3.05000e+02
1246	3.05981e+02	1.24600e+03	1.92629e+00	3.05333e+02
1247	3.06311e+02	1.24700e+03	1.92558e+00	3.05667e+02
1248	3.06628e+02	1.24800e+03	1.92485e+00	3.06000e+02
1249	3.06973e+02	1.24900e+03	1.92411e+00	3.06333e+02
1250	3.07308e+02	1.25000e+03	1.92337e+00	3.06667e+02
1251	3.07637e+02	1.25100e+03	1.92262e+00	3.07000e+02
1252	3.07971e+02	1.25200e+03	1.92184e+00	3.07333e+02
1253	3.08305e+02	1.25300e+03	1.92106e+00	3.07667e+02
1254	3.08642e+02	1.25400e+03	1.92029e+00	3.08000e+02
1255	3.08981e+02	1.25500e+03	1.91951e+00	3.08333e+02
1256	3.09314e+02	1.25600e+03	1.91872e+00	3.08667e+02
1257	3.09646e+02	1.25700e+03	1.91794e+00	3.09000e+02
1258	3.09981e+02	1.25800e+03	1.91716e+00	3.09333e+02
1259	3.10318e+02	1.25900e+03	1.91639e+00	3.09667e+02
1260	3.10650e+02	1.26000e+03	1.91562e+00	3.10000e+02
1261	3.10978e+02	1.26100e+03	1.91485e+00	3.10333e+02
1262	3.11320e+02	1.26200e+03	1.91407e+00	3.10667e+02
1263	3.11652e+02	1.26300e+03	1.91330e+00	3.11000e+02
1264	3.11995e+02	1.26400e+03	1.91252e+00	3.11333e+02
1265	3.12317e+02	1.26500e+03	1.91174e+00	3.11667e+02
1266	3.12653e+02	1.26600e+03	1.91095e+00	3.12000e+02
1267	3.12980e+02	1.26700e+03	1.91016e+00	3.12333e+02
1268	3.13324e+02	1.26800e+03	1.90935e+00	3.12667e+02
1269	3.13652e+02	1.26900e+03	1.90855e+00	3.13000e+02
1270	3.13987e+02	1.27000e+03	1.90774e+00	3.13333e+02
1271	3.14325e+02	1.27100e+03	1.90693e+00	3.13667e+02
1272	3.14662e+02	1.27200e+03	1.90610e+00	3.14000e+02
1273	3.15003e+02	1.27300e+03	1.90527e+00	3.14333e+02
1274	3.15339e+02	1.27400e+03	1.90444e+00	3.14667e+02
1275	3.15672e+02	1.27500e+03	1.90361e+00	3.15000e+02
1276	3.16004e+02	1.27600e+03	1.90277e+00	3.15333e+02
1277	3.16341e+02	1.27700e+03	1.90194e+00	3.15667e+02
1278	3.16674e+02	1.27800e+03	1.90111e+00	3.16000e+02
1279	3.17011e+02	1.27900e+03	1.90028e+00	3.16333e+02
1280	3.17342e+02	1.28000e+03	1.89945e+00	3.16667e+02
1281	3.17672e+02	1.28100e+03	1.89863e+00	3.17000e+02
1282	3.17994e+02	1.28200e+03	1.89781e+00	3.17333e+02
1283	3.18341e+02	1.28300e+03	1.89698e+00	3.17667e+02
1284	3.18685e+02	1.28400e+03	1.89616e+00	3.18000e+02
1285	3.18998e+02	1.28500e+03	1.89533e+00	3.18333e+02
1286	3.19340e+02	1.28600e+03	1.89448e+00	3.18667e+02
1287	3.19682e+02	1.28700e+03	1.89364e+00	3.19000e+02
1288	3.20004e+02	1.28800e+03	1.89276e+00	3.19333e+02
1289	3.20337e+02	1.28900e+03	1.89189e+00	3.19667e+02
1290	3.20675e+02	1.29000e+03	1.89101e+00	3.20000e+02
1291	3.21003e+02	1.29100e+03	1.89013e+00	3.20333e+02
1292	3.21334e+02	1.29200e+03	1.88922e+00	3.20667e+02
1293	3.21658e+02	1.29300e+03	1.88831e+00	3.21000e+02
1294	3.22000e+02	1.29400e+03	1.88740e+00	3.21333e+02
1295	3.22343e+02	1.29500e+03	1.88649e+00	3.21667e+02
1296	3.22671e+02	1.29600e+03	1.88557e+00	3.22000e+02
1297	3.23016e+02	1.29700e+03	1.88464e+00	3.22333e+02
1298	3.23339e+02	1.29800e+03	1.88371e+00	3.22667e+02
1299	3.23680e+02	1.29900e+03	1.88278e+00	3.23000e+02
1300	3.24003e+02	1.30000e+03	1.88182e+00	3.23333e+02
1301	3.24340e+02	1.30100e+03	1.88086e+00	3.23667e+02
1302	3.24670e+02	1.30200e+03	1.87988e+00	3.24000e+02
1303	3.25008e+02	1.30300e+03	1.87890e+00	3.24333e+02
1304	3.25344e+02	1.30400e+03	1.87788e+00	3.24667e+02
1305	3.25671e+02	1.30500e+03	1.87686e+00	3.25000e+02
1306	3.25998e+02	1.30600e+03	1.87584e+00	3.25333e+02
1307	3.26333e+02	1.30700e+03	1.87480e+00	3.25667e+02
1308	3.26678e+02	1.30800e+03	1.87373e+00	3.26000e+02
1309	3.27002e+02	1.30900e+03	1.87266e+00	3.26333e+02
1310	3.27344e+02	1.31000e+03	1.87157e+00	3.26667e+02
1311	3.27678e+02	1.31100e+03	1.87048e+00	3.27000e+02
1312	3.28011e+02	1.31200e+03	1.86935e+00	3.27333e+02
1313	3.28338e+02	1.31300e+03	1.86822e+00	3.27667e+02
1314	3.28674e+02	1.31400e+03	1.86708e+00	3.28000e+02
1315	3.29011e+02	1.31500e+03	1.86592e+00	3.28333e+02
1316	3.29338e+02	1.31600e+03	1.86470e+00	3.28667e+02
1317	3.29670e+02	1.31700e+03	1.86349e+00	3.29000e+02
1318	3.30000e+02	1.31800e+03	1.86226e+00	3.29333e+02
1319	3.30347e+02	1.31900e+03	1.86102e+00	3.29667e+02
1320	3.30668e+02	1.32000e+03	1.85970e+00	3.30000e+02
1321	3.31011e+02	1.32100e+03	1.85839e+00	3.30333e+02
1322	3.31334e+02	1.32200e+03	1.85707e+00	3.30667e+02
1323	3.31672e+02	1.32300e+03	1.85574e+00	3.31000e+02
1324	3.32004e+02	1.32400e+03	1.85433e+00	3.31333e+02
1325	3.32333e+02	1.32500e+03	1.85292e+00	3.31667e+02
1326	3.32654e+02	1.32600e+03	1.85151e+00	3.32000e+02
1327	3.32994e+02	1.32700e+03	1.85007e+00	3.32333e+02
1328	3.33334e+02	1.32800e+03	1.84855e+00	3.32667e+02
1329	3.33653e+02	1.32900e+03	1.84704e+00	3.33000e+02
1330	3.33984e+02	1.33000e+03	1.84550e+00	3.33333e+02
1331	3.34323e+02	1.33100e+03	1.84395e+00	3.33667e+02
1332	3.34659e+02	1.33200e+03	1.84230e+00	3.34000e+02
1333	3.34988e+02	1.33300e+03	1.84066e+00	3.34333e+02
1334	3.35325e+02	1.33400e+03	1.83900e+00	3.34667e+02
1335	3.35662e+02	1.33500e+03	1.83732e+00	3.35000e+02
1336	3.35990e+02	1.33600e+03	1.83554e+00	3.35333e+02
1337	3.36327e+02	1.33700e+03	1.83377e+00	3.35667e+02
1338	3.36654e+02	1.33800e+03	1.83198e+00	3.36000e+02
1339	3.36983e+02	1.33900e+03	1.83016e+00	3.36333e+02
1340	3.37313e+02	1.34000e+03	1.82823e+00	3.36667e+02
1341	3.37652e+02	1.34100e+03	1.82631e+00	3.37000e+02
1342	3.37982e+02	1.34200e+03	1.82435e+00	3.37333e+02
1343	3.38317e+02	1.34300e+03	1.82237e+00	3.37667e+02
1344	3.38651e+02	1.34400e+03	1.82024e+00	3.38000e+02
1345	3.38974e+02	1.34500e+03	1.81813e+00	3.38333e+02
1346	3.39310e+02	1.34600e+03	1.81598e+00	3.38667e+02
1347	3.39642e+02	1.34700e+03	1.81380e+00	3.39000e+02
1348	3.39973e+02	1.34800e+03	1.81146e+00	3.39333e+02
1349	3.40296e+02	1.34900e+03	1.80914e+00	3.39667e+02
1350	3.40641e+02	1.35000e+03	1.80678e+00	3.40000e+02
1351	3.40955e+02	1.35100e+03	1.80440e+00	3.40333e+02
1352	3.41294e+02	1.35200e+03	1.80185e+00	3.40667e+02
1353	3.41634e+02	1.35300e+03	1.79933e+00	3.41000e+02
1354	3.41963e+02	1.35400e+03	1.79678e+00	3.41333e+02
1355	3.42294e+02	1.35500e+03	1.79420e+00	3.41667e+02
1356	3.42630e+02	1.35600e+03	1.79147e+00	3.42000e+02
1357	3.42944e+02	1.35700e+03	1.78876e+00	3.42333e+02
1358	3.43288e+02	1.35800e+03	1.78600e+00	3.42667e+02
1359	3.43609e+02	1.35900e+03	1.78321e+00	3.43000e+02
1360	3.43949e+02	1.36000e+03	1.78024e+00	3.43333e+02
1361	3.44281e+02	1.36100e+03	1.77728e+00	3.43667e+02
1362	3.44607e+02	1.36200e+03	1.77428e+00	3.44000e+02
1363	3.44931e+02	1.36300e+03	1.77123e+00	3.44333e+02
1364	3.45272e+02	1.36400e+03	1.76797e+00	3.44667e+02
1365	3.45604e+02	1.36500e+03	1.76472e+00	3.45000e+02
1366	3.45937e+02	1.36600e+03	1.76143e+00	3.45333e+02
1367	3.46278e+02	1.36700e+03	1.75809e+00	3.45667e+02
1368	3.46600e+02	1.36800e+03	1.75451e+00	3.46000e+02
1369	3.46927e+02	1.36900e+03	1.75097e+00	3.46333e+02
1370	3.47252e+02	1.37000e+03	1.74739e+00	3.46667e+02
1371	3.47580e+02	1.37100e+03	1.74376e+00	3.47000e+02
1372	3.47909e+02	1.37200e+03	1.73992e+00	3.47333e+02
1373	3.48244e+02	1.37300e+03	1.73610e+00	3.47667e+02
1374	3.48571e+02	1.37400e+03	1.73224e+00	3.48000e+02
1375	3.48903e+02	1.37500e+03	1.72832e+00	3.48333e+02
1376	3.49233e+02	1.37600e+03	1.72418e+00	3.48667e+02
1377	3.49557e+02	1.37700e+03	1.72005e+00	3.49000e+02
1378	3.49890e+02	1.37800e+03	1.71586e+00	3.49333e+02
1379	3.50227e+02	1.37900e+03	1.71162e+00	3.49667e+02
1380	3.50558e+02	1.38000e+03	1.70709e+00	3.50000e+02
1381	3.50878e+02	1.38100e+03	1.70260e+00	3.50333e+02
1382	3.51219e+02	1.38200e+03	1.69805e+00	3.50667e+02
1383	3.51540e+02	1.38300e+03	1.69343e+00	3.51000e+02
1384	3.51868e+02	1.38400e+03	1.68852e+00	3.51333e+02
1385	3.52202e+02	1.38500e+03	1.68364e+00	3.51667e+02
1386	3.52539e+02	1.38600e+03	1.67870e+00	3.52000e+02
1387	3.52861e+02	1.38700e+03	1.67369e+00	3.52333e+02
1388	3.53200e+02	1.38800e+03	1.66835e+00	3.52667e+02
1389	3.53527e+02	1.38900e+03	1.66305e+00	3.53000e+02
1390	3.53854e+02	1.39000e+03	1.65766e+00	3.53333e+02
1391	3.54180e+02	1.39100e+03	1.65221e+00	3.53667e+02
1392	3.54503e+02	1.39200e+03	1.64640e+00	3.54000e+02
1393	3.54837e+02	1.39300e+03	1.64064e+00	3.54333e+02
1394	3.55161e+02	1.39400e+03	1.63481e+00	3.54667e+02
1395	3.55499e+02	1.39500e+03	1.62891e+00	3.55000e+02
1396	3.55828e+02	1.39600e+03	1.62267e+00	3.55333e+02
1397	3.56156e+02	1.39700e+03	1.61646e+00	3.55667e+02
1398	3.56471e+02	1.39800e+03	1.61018e+00	3.56000e+02
1399	3.56803e+02	1.39900e+03	1.60382e+00	3.56333e+02
1400	3.57137e+02	1.40000e+03	1.59709e+00	3.56667e+02
1401	3.57457e+02	1.40100e+03	1.59038e+00	3.57000e+02
1402	3.57781e+02	1.40200e+03	1.58359e+00	3.57333e+02
1403	3.58113e+02	1.40300e+03	1.57672e+00	3.57667e+02
1404	3.58445e+02	1.40400e+03	1.56943e+00	3.58000e+02
1405	3.58771e+02	1.40500e+03	1.56220e+00	3.58333e+02
1406	3.59097e+02	1.40600e+03	1.55489e+00	3.58667e+02
1407	3.59435e+02	1.40700e+03	1.54750e+00	3.59000e+02
1408	3.59759e+02	1.40800e+03	1.53971e+00	3.59333e+02
1409	3.60086e+02	1.40900e+03	1.53199e+00	3.59667e+02
1410	3.60417e+02	1.41000e+03	1.52420e+00	3.60000e+02
1411	3.60752e+02	1.41100e+03	1.51634e+00	3.60333e+02
1412	3.61069e+02	1.41200e+03	1.50811e+00	3.60667e+02
1413	3.61409e+02	1.41300e+03	1.49994e+00	3.61000e+02
1414	3.61729e+02	1.41400e+03	1.49168e+00	3.61333e+02
1415	3.62064e+02	1.41500e+03	1.48335e+00	3.61667e+02
1416	3.62387e+02	1.41600e+03	1.47463e+00	3.62000e+02
1417	3.62717e+02	1.41700e+03	1.46593e+00	3.62333e+02
1418	3.63056e+02	1.41800e+03	1.45713e+00	3.62667e+02
1419	3.63382e+02	1.41900e+03	1.44823e+00	3.63000e+02
1420	3.63706e+02	1.42000e+03	1.43887e+00	3.63333e+02
1421	3.64039e+02	1.42100e+03	1.42956e+00	3.63667e+02
1422	3.64357e+02	1.42200e+03	1.42016e+00	3.64000e+02
1423	3.64687e+02	1.42300e+03	1.41068e+00	3.64333e+02
1424	3.65015e+02	1.42400e+03	1.40072e+00	3.64667e+02
1425	3.65345e+02	1.42500e+03	1.39083e+00	3.65000e+02
1426	3.65677e+02	1.42600e+03	1.38083e+00	3.65333e+02
1427	3.66006e+02	1.42700e+03	1.37075e+00	3.65667e+02
1428	3.66329e+02	1.42800e+03	1.36023e+00	3.66000e+02
1429	3.66657e+02	1.42900e+03	1.34977e+00	3.66333e+02
1430	3.66979e+02	1.43000e+03	1.33923e+00	3.66667e+02
1431	3.67313e+02	1.43100e+03	1.32862e+00	3.67000e+02
1432	3.67642e+02	1.43200e+03	1.31762e+00	3.67333e+02
1433	3.67967e+02	1.43300e+03	1.30670e+00	3.67667e+02
1434	3.68298e+02	1.43400e+03	1.29571e+00	3.68000e+02
1435	3.68626e+02	1.43500e+03	1.28467e+00	3.68333e+02
1436	3.68961e+02	1.43600e+03	1.27333e+00	3.68667e+02
1437	3.69277e+02	1.43700e+03	1.26204e+00	3.69000e+02
1438	3.69611e+02	1.43800e+03	1.25071e+00	3.69333e+02
1439	3.69935e+02	1.43900e+03	1.23932e+00	3.69667e+02
1440	3.70265e+02	1.44000e+03	1.22767e+00	3.70000e+02
1441	3.70594e+02	1.44100e+03	1.21606e+00	3.70333e+02
1442	3.70925e+02	1.44200e+03	1.20439e+00	3.70667e+02
1443	3.71270e+02	1.44300e+03	1.19267e+00	3.71000e+02
1444	3.71590e+02	1.44400e+03	1.18068e+00	3.71333e+02
1445	3.71920e+02	1.44500e+03	1.16872e+00	3.71667e+02
1446	3.72243e+02	1.44600e+03	1.15670e+00	3.72000e+02
1447	3.72578e+02	1.44700e+03	1.14463e+00	3.72333e+02
1448	3.72905e+02	1.44800e+03	1.13228e+00	3.72667e+02
1449	3.73241e+02	1.44900e+03	1.11999e+00	3.73000e+02
1450	3.73563e+02	1.45000e+03	1.10766e+00	3.73333e+02
1451	3.73889e+02	1.45100e+03	1.09528e+00	3.73667e+02
1452	3.74223e+02	1.45200e+03	1.08271e+00	3.74000e+02
1453	3.74563e+02	1.45300e+03	1.07019e+00	3.74333e+02
1454	3.74886e+02	1.45400e+03	1.05767e+00	3.74667e+02
1455	3.75216e+02	1.45500e+03	1.04512e+00	3.75000e+02
1456	3.75551e+02	1.45600e+03	1.03247e+00	3.75333e+02
1457	3.75875e+02	1.45700e+03	1.01984e+00	3.75667e+02
1458	3.76208e+02	1.45800e+03	1.00720e+00	3.76000e+02
1459	3.76532e+02	1.45900e+03	9.94553e-01	3.76333e+02
1460	3.76862e+02	1.46000e+03	9.81843e-01	3.76667e+02
1461	3.77194e+02	1.46100e+03	9.69160e-01	3.77000e+02
1462	3.77518e+02	1.46200e+03	9.56489e-01	3.77333e+02
1463	3.77854e+02	1.46300e+03	9.43822e-01	3.77667e+02
1464	3.78192e+02	1.46400e+03	9.31149e-01	3.78000e+02
1465	3.78517e+02	1.46500e+03	9.18486e-01	3.78333e+02
1466	3.78850e+02	1.46600e+03	9.05827e-01	3.78667e+02
1467	3.79180e+02	1.46700e+03	8.93167e-01	3.79000e+02
1468	3.79509e+02	1.46800e+03	8.80519e-01	3.79333e+02
1469	3.79856e+02	1.46900e+03	8.67868e-01	3.79667e+02
1470	3.80181e+02	1.47000e+03	8.55234e-01	3.80000e+02
1471	3.80507e+02	1.47100e+03	8.42612e-01	3.80333e+02
1472	3.80845e+02	1.47200e+03	8.30043e-01	3.80667e+02
1473	3.81183e+02	1.47300e+03	8.17505e-01	3.81000e+02
1474	3.81506e+02	1.47400e+03	8.05011e-01	3.81333e+02
1475	3.81834e+02	1.47500e+03	7.92549e-01	3.81667e+02
1476	3.82163e+02	1.47600e+03	7.80248e-01	3.82000e+02
1477	3.82507e+02	1.47700e+03	7.67917e-01	3.82333e+02
1478	3.82838e+02	1.47800e+03	7.55610e-01	3.82667e+02
1479	3.83171e+02	1.47900e+03	7.43328e-01	3.83000e+02
1480	3.83487e+02	1.48000e+03	7.31175e-01	3.83333e+02
1481	3.83829e+02	1.48100e+03	7.18988e-01	3.83667e+02
1482	3.84159e+02	1.48200e+03	7.06816e-01	3.84000e+02
1483	3.84489e+02	1.48300e+03	6.94663e-01	3.84333e+02
1484	3.84814e+02	1.48400e+03	6.82595e-01	3.84667e+02
1485	3.85153e+02	1.48500e+03	6.70519e-01	3.85000e+02
1486	3.85489e+02	1.48600e+03	6.58460e-01	3.85333e+02
1487	3.85822e+02	1.48700e+03	6.46415e-01	3.85667e+02
1488	3.86158e+02	1.48800e+03	6.34457e-01	3.86000e+02
1489	3.86490e+02	1.48900e+03	6.22477e-01	3.86333e+02
1490	3.86830e+02	1.49000e+03	6.10501e-01	3.86667e+02
1491	3.87160e+02	1.49100e+03	5.98527e-01	3.87000e+02
1492	3.87489e+02	1.49200e+03	5.86591e-01	3.87333e+02
1493	3.87823e+02	1.49300e+03	5.74627e-01	3.87667e+02
1494	3.88150e+02	1.49400e+03	5.62649e-01	3.88000e+02
1495	3.88488e+02	1.49500e+03	5.50662e-01	3.88333e+02
1496	3.88821e+02	1.49600e+03	5.38652e-01	3.88667e+02
1497	3.89152e+02	1.49700e+03	5.26657e-01	3.89000e+02
1498	3.89485e+02	1.49800e+03	5.14677e-01	3.89333e+02
1499	3.89829e+02	1.49900e+03	5.02713e-01	3.89667e+02
1500	3.90163e+02	1.50000e+03	4.90804e-01	3.90000e+02
1501	3.90498e+02	1.50100e+03	4.78939e-01	3.90333e+02
1502	3.90824e+02	1.50200e+03	4.67134e-01	3.90667e+02
1503	3.91165e+02	1.50300e+03	4.55374e-01	3.91000e+02
1504	3.91501e+02	1.50400e+03	4.43841e-01	3.91333e+02
1505	3.91847e+02	1.50500e+03	4.32313e-01	3.91667e+02
1506	3.92187e+02	1.50600e+03	4.20874e-01	3.92000e+02
1507	3.92518e+02	1.50700e+03	4.09507e-01	3.92333e+02
1508	3.92858e+02	1.50800e+03	3.98513e-01	3.92667e+02
1509	3.93190e+02	1.50900e+03	3.87510e-01	3.93000e+02
1510	3.93529e+02	1.51000e+03	3.76621e-01	3.93333e+02
1511	3.93862e+02	1.51100e+03	3.65823e-01	3.93667e+02
1512	3.94199e+02	1.51200e+03	3.55514e-01	3.94000e+02
1513	3.94533e+02	1.51300e+03	3.45154e-01	3.94333e+02
1514	3.94867e+02	1.51400e+03	3.34910e-01	3.94667e+02
1515	3.95209e+02	1.51500e+03	3.24774e-01	3.95000e+02
1516	3.95555e+02	1.51600e+03	3.15173e-01	3.95333e+02
1517	3.95882e+02	1.51700e+03	3.05519e-01	3.95667e+02
1518	3.96221e+02	1.51800e+03	2.95993e-01	3.96000e+02
1519	3.96554e+02	1.51900e+03	2.86583e-01	3.96333e+02
1520	3.96902e+02	1.52000e+03	2.77758e-01	3.96667e+02
1521	3.97238e+02	1.52100e+03	2.68855e-01	3.97000e+02
1522	3.97577e+02	1.52200e+03	2.60076e-01	3.97333e+02
1523	3.97914e+02	1.52300e+03	2.51410e-01	3.97667e+02
1524	3.98245e+02	1.52400e+03	2.43334e-01	3.98000e+02
1525	3.98579e+02	1.52500e+03	2.35177e-01	3.98333e+02
1526	3.98915e+02	1.52600e+03	2.27142e-01	3.98667e+02
1527	3.99255e+02	1.52700e+03	2.19222e-01	3.99000e+02
1528	3.99601e+02	1.52800e+03	2.11899e-01	3.99333e+02
1529	3.99940e+02	1.52900e+03	2.04500e-01	3.99667e+02
1530	4.00273e+02	1.53000e+03	1.97227e-01	4.00000e+02
1531	4.00623e+02	1.53100e+03	1.90071e-01	4.00333e+02
1532	4.00957e+02	1.53200e+03	1.83517e-01	4.00667e+02
1533	4.01292e+02	1.53300e+03	1.76877e-01	4.01000e+02
1534	4.01634e+02	1.53400e+03	1.70354e-01	4.01333e+02
1535	4.01964e+02	1.53500e+03	1.63943e-01	4.01667e+02
1536	4.02302e+02	1.53600e+03	1.58096e-01	4.02000e+02
1537	4.02639e+02	1.53700e+03	1.52158e-01	4.02333e+02
1538	4.02978e+02	1.53800e+03	1.46324e-01	4.02667e+02
1539	4.03304e+02	1.53900e+03	1.40591e-01	4.03000e+02
1540	4.03646e+02	1.54000e+03	1.35375e-01	4.03333e+02
1541	4.03979e+02	1.54100e+03	1.30082e-01	4.03667e+02
1542	4.04329e+02	1.54200e+03	1.24889e-01	4.04000e+02
1543	4.04654e+02	1.54300e+03	1.19789e-01	4.04333e+02
1544	4.04994e+02	1.54400e+03	1.15174e-01	4.04667e+02
1545	4.05330e+02	1.54500e+03	1.10484e-01	4.05000e+02
1546	4.05667e+02	1.54600e+03	1.05885e-01	4.05333e+02
1547	4.06004e+02	1.54700e+03	1.01371e-01	4.05667e+02
1548	4.06343e+02	1.54800e+03	9.73020e-02	4.06000e+02
1549	4.06675e+02	1.54900e+03	9.31642e-02	4.06333e+02
1550	4.07018e+02	1.55000e+03	8.91119e-02	4.06667e+02
1551	4.07358e+02	1.55100e+03	8.51403e-02	4.07000e+02
1552	4.07683e+02	1.55200e+03	8.15777e-02	4.07333e+02
1553	4.08019e+02	1.55300e+03	7.79533e-02	4.07667e+02
1554	4.08362e+02	1.55400e+03	7.44069e-02	4.08000e+02
1555	4.08691e+02	1.55500e+03	7.09343e-02	4.08333e+02
1556	4.09022e+02	1.55600e+03	6.78404e-02	4.08667e+02
1557	4.09357e+02	1.55700e+03	6.46873e-02	4.09000e+02
1558	4.09702e+02	1.55800e+03	6.16068e-02	4.09333e+02
1559	4.10032e+02	1.55900e+03	5.85953e-02	4.09667e+02
1560	4.10366e+02	1.56000e+03	5.59337e-02	4.10000e+02
1561	4.10698e+02	1.56100e+03	5.32194e-02	4.10333e+02
1562	4.11038e+02	1.56200e+03	5.05720e-02	4.10667e+02
1563	4.11372e+02	1.56300e+03	4.79867e-02	4.11000e+02
1564	4.11700e+02	1.56400e+03	4.57196e-02	4.11333e+02
1565	4.12035e+02	1.56500e+03	4.33937e-02	4.11667e+02
1566	4.12376e+02	1.56600e+03	4.11198e-02	4.12000e+02
1567	4.12704e+02	1.56700e+03	3.88967e-02	4.12333e+02
1568	4.13041e+02	1.56800e+03	3.69381e-02	4.12667e+02
1569	4.13377e+02	1.56900e+03	3.49352e-02	4.13000e+02
1570	4.13717e+02	1.57000e+03	3.29795e-02	4.13333e+02
1571	4.14045e+02	1.57100e+03	3.10693e-02	4.13667e+02
1572	4.14386e+02	1.57200e+03	2.93883e-02	4.14000e+02
1573	4.14721e+02	1.57300e+03	2.76699e-02	4.14333e+02
1574	4.15051e+02	1.57400e+03	2.59923e-02	4.14667e+02
1575	4.15378e+02	1.57500e+03	2.43531e-02	4.15000e+02
1576	4.15711e+02	1.57600e+03	2.29140e-02	4.15333e+02
1577	4.16049e+02	1.57700e+03	2.14396e-02	4.15667e+02
1578	4.16387e+02	1.57800e+03	1.99991e-02	4.16000e+02
1579	4.16712e+02	1.57900e+03	1.85909e-02	4.16333e+02
1580	4.17053e+02	1.58000e+03	1.73482e-02	4.16667e+02
1581	4.17383e+02	1.58100e+03	1.60751e-02	4.17000e+02
1582	4.17712e+02	1.58200e+03	1.48296e-02	4.17333e+02
1583	4.18052e+02	1.58300e+03	1.36110e-02	4.17667e+02
1584	4.18383e+02	1.58400e+03	1.25312e-02	4.18000e+02
1585	4.18713e+02	1.58500e+03	1.14296e-02	4.18333e+02
1586	4.19047e+02	1.58600e+03	1.03548e-02	4.18667e+02
1587	4.19374e+02	1.58700e+03	9.30530e-03	4.19000e+02
1588	4.19708e+02	1.58800e+03	8.38156e-03	4.19333e+02
1589	4.20044e+02	1.58900e+03	7.43799e-03	4.19667e+02
1590	4.20382e+02	1.59000e+03	6.51671e-03	4.20000e+02
1591	4.20715e+02	1.59100e+03	5.61637e-03	4.20333e+02
1592	4.21052e+02	1.59200e+03	4.82696e-03	4.20667e+02
1593	4.21380e+02	1.59300e+03	4.01645e-03	4.21000e+02
1594	4.21708e+02	1.59400e+03	3.22372e-03	4.21333e+02
1595	4.22043e+02	1.59500e+03	2.44816e-03	4.21667e+02
1596	4.22376e+02	1.59600e+03	1.75982e-03	4.22000e+02
1597	4.22715e+02	1.59700e+03	1.05541e-03	4.22333e+02
1598	4.23042e+02	1.59800e+03	3.65213e-04	4.22667e+02
1599	4.23377e+02	1.59900e+03	-3.11478e-04	4.23000e+02
1600	4.23705e+02	1.60000e+03	-9.18369e-04	4.23333e+02
1601	4.24042e+02	1.60100e+03	-1.53818e-03	4.23667e+02
1602	4.24377e+02	1.60200e+03	-2.14621e-03	4.24000e+02
1603	4.24708e+02	1.60300e+03	-2.74241e-03	4.24333e+02
1604	4.25038e+02	1.60400e+03	-3.27893e-03	4.24667e+02
1605	4.25374e+02	1.60500e+03	-3.82324e-03	4.25000e+02
1606	4.25696e+02	1.60600e+03	-4.35529e-03	4.25333e+02
1607	4.26029e+02	1.60700e+03	-4.87623e-03	4.25667e+02
1608	4.26363e+02	1.60800e+03	-5.34054e-03	4.26000e+02
1609	4.26700e+02	1.60900e+03	-5.81444e-03	4.26333e+02
1610	4.27026e+02	1.61000e+03	-6.27769e-03	4.26667e+02
1611	4.27360e+02	1.61100e+03	-6.73105e-03	4.27000e+02
1612	4.27689e+02	1.61200e+03	-7.13489e-03	4.27333e+02
1613	4.28015e+02	1.61300e+03	-7.54747e-03	4.27667e+02
1614	4.28356e+02	1.61400e+03	-7.95263e-03	4.28000e+02
1615	4.28682e+02	1.61500e+03	-8.35075e-03	4.28333e+02
1616	4.29016e+02	1.61600e+03	-8.70898e-03	4.28667e+02
1617	4.29341e+02	1.61700e+03	-9.07558e-03	4.29000e+02
1618	4.29686e+02	1.61800e+03	-9.43614e-03	4.29333e+02
1619	4.30007e+02	1.61900e+03	-9.79066e-03	4.29667e+02
1620	4.30344e+02	1.62000e+03	-1.01172e-02	4.30000e+02
1621	4.30675e+02	1.62100e+03	-1.04498e-02	4.30333e+02
1622	4.31005e+02	1.62200e+03	-1.07782e-02	4.30667e+02
1623	4.31338e+02	1.62300e+03	-1.11019e-02	4.31000e+02
1624	4.31667e+02	1.62400e+03	-1.14027e-02	4.31333e+02
1625	4.32001e+02	1.62500e+03	-1.17057e-02	4.31667e+02
1626	4.32330e+02	1.62600e+03	-1.20025e-02	4.32000e+02
1627	4.32660e+02	1.62700e+03	-1.22937e-02	4.32333e+02
1628	4.32995e+02	1.62800e+03	-1.25582e-02	4.32667e+02
1629	4.33326e+02	1.62900e+03	-1.28241e-02	4.33000e+02
1630	4.33657e+02	1.63000e+03	-1.30833e-02	4.33333e+02
1631	4.33980e+02	1.63100e+03	-1.33368e-02	4.33667e+02
1632	4.34315e+02	1.63200e+03	-1.35598e-02	4.34000e+02
1633	4.34644e+02	1.63300e+03	-1.37891e-02	4.34333e+02
1634	4.34969e+02	1.63400e+03	-1.40141e-02	4.34667e+02
1635	4.35304e+02	1.63500e+03	-1.42338e-02	4.35000e+02
1636	4.35634e+02	1.63600e+03	-1.44290e-02	4.35333e+02
1637	4.35967e+02	1.63700e+03	-1.46296e-02	4.35667e+02
1638	4.36294e+02	1.63800e+03	-1.48279e-02	4.36000e+02
1639	4.36628e+02	1.63900e+03	-1.50242e-02	4.36333e+02
1640	4.36955e+02	1.64000e+03	-1.52050e-02	4.36667e+02
1641	4.37280e+02	1.64100e+03	-1.53893e-02	4.37000e+02
1642	4.37618e+02	1.64200e+03	-1.55703e-02	4.37333e+02
1643	4.37956e+02	1.64300e+03	-1.57488e-02	4.37667e+02
1644	4.38282e+02	1.64400e+03	-1.59154e-02	4.38000e+02
1645	4.38611e+02	1.64500e+03	-1.60808e-02	4.38333e+02
1646	4.38944e+02	1.64600e+03	-1.62435e-02	4.38667e+02
1647	4.39285e+02	1.64700e+03	-1.64039e-02	4.39000e+02
1648	4.39616e+02	1.64800e+03	-1.65460e-02	4.39333e+02
1649	4.39935e+02	1.64900e+03	-1.66942e-02	4.39667e+02
1650	4.40262e+02	1.65000e+03	-1.68416e-02	4.40000e+02
1651	4.40590e+02	1.65100e+03	-1.69858e-02	4.40333e+02
1652	4.40918e+02	1.65200e+03	-1.71145e-02	4.40667e+02
1653	4.41259e+02	1.65300e+03	-1.72432e-02	4.41000e+02
1654	4.41586e+02	1.65400e+03	-1.73680e-02	4.41333e+02
1655	4.41919e+02	1.65500e+03	-1.74897e-02	4.41667e+02
1656	4.42244e+02	1.65600e+03	-1.75949e-02	4.42000e+02
1657	4.42580e+02	1.65700e+03	-1.77056e-02	4.42333e+02
1658	4.42902e+02	1.65800e+03	-1.78160e-02	4.42667e+02
1659	4.43233e+02	1.65900e+03	-1.79253e-02	4.43000e+02
1660	4.43574e+02	1.66000e+03	-1.80247e-02	4.43333e+02
1661	4.43903e+02	1.66100e+03	-1.81222e-02	4.43667e+02
1662	4.44229e+02	1.66200e+03	-1.82149e-02	4.44000e+02
1663	4.44566e+02	1.66300e+03	-1.83040e-02	4.44333e+02
1664	4.44901e+02	1.66400e+03	-1.83759e-02	4.44667e+02
1665	4.45229e+02	1.66500e+03	-1.84496e-02	4.45000e+02
1666	4.45551e+02	1.66600e+03	-1.85205e-02	4.45333e+02
1667	4.45883e+02	1.66700e+03	-1.85889e-02	4.45667e+02
1668	4.46215e+02	1.66800e+03	-1.86428e-02	4.46000e+02
1669	4.46541e+02	1.66900e+03	-1.87022e-02	4.46333e+02
1670	4.46865e+02	1.67000e+03	-1.87627e-02	4.46667e+02
1671	4.47201e+02	1.67100e+03	-1.88237e-02	4.47000e+02
1672	4.47541e+02	1.67200e+03	-1.88837e-02	4.47333e+02
1673	4.47860e+02	1.67300e+03	-1.89448e-02	4.47667e+02
1674	4.48189e+02	1.67400e+03	-1.90053e-02	4.48000e+02
1675	4.48520e+02	1.67500e+03	-1.90646e-02	4.48333e+02
1676	4.48854e+02	1.67600e+03	-1.91168e-02	4.48667e+02
1677	4.49187e+02	1.67700e+03	-1.91621e-02	4.49000e+02
1678	4.49517e+02	1.67800e+03	-1.91997e-02	4.49333e+02
1679	4.49843e+02	1.67900e+03	-1.92321e-02	4.49667e+02
1680	4.50168e+02	1.68000e+03	-1.92396e-02	4.50000e+02
1681	4.50510e+02	1.68100e+03	-1.92521e-02	4.50333e+02
1682	4.50834e+02	1.68200e+03	-1.92620e-02	4.50667e+02
1683	4.51167e+02	1.68300e+03	-1.92694e-02	4.51000e+02
1684	4.51502e+02	1.68400e+03	-1.92602e-02	4.51333e+02
1685	4.51826e+02	1.68500e+03	-1.92576e-02	4.51667e+02
1686	4.52160e+02	1.68600e+03	-1.92554e-02	4.52000e+02
1687	4.52485e+02	1.68700e+03	-1.92526e-02	4.52333e+02
1688	4.52824e+02	1.68800e+03	-1.92455e-02	4.52667e+02
1689	4.53147e+02	1.68900e+03	-1.92382e-02	4.53000e+02
1690	4.53473e+02	1.69000e+03	-1.92298e-02	4.53333e+02
1691	4.53809e+02	1.69100e+03	-1.92209e-02	4.53667e+02
1692	4.54143e+02	1.69200e+03	-1.92085e-02	4.54000e+02
1693	4.54466e+02	1.69300e+03	-1.91990e-02	4.54333e+02
1694	4.54802e+02	1.69400e+03	-1.91917e-02	4.54667e+02
1695	4.55126e+02	1.69500e+03	-1.91857e-02	4.55000e+02
1696	4.55459e+02	1.69600e+03	-1.91839e-02	4.55333e+02
1697	4.55789e+02	1.69700e+03	-1.91845e-02	4.55667e+02
1698	4.56114e+02	1.69800e+03	-1.91883e-02	4.56000e+02
1699	4.56449e+02	1.69900e+03	-1.91942e-02	4.56333e+02
1700	4.56785e+02	1.70000e+03	-1.92116e-02	4.56667e+02
1701	4.57108e+02	1.70100e+03	-1.92260e-02	4.57000e+02
1702	4.57442e+02	1.70200e+03	-1.92404e-02	4.57333e+02
1703	4.57776e+02	1.70300e+03	-1.92551e-02	4.57667e+02
1704	4.58091e+02	1.70400e+03	-1.92734e-02	4.58000e+02
1705	4.58428e+02	1.70500e+03	-1.92893e-02	4.58333e+02
1706	4.58751e+02	1.70600e+03	-1.93061e-02	4.58667e+02
1707	4.59083e+02	1.70700e+03	-1.93240e-02	4.59000e+02
1708	4.59416e+02	1.70800e+03	-1.93419e-02	4.59333e+02
1709	4.59742e+02	1.70900e+03	-1.93631e-02	4.59667e+02
1710	4.60068e+02	1.71000e+03	-1.93856e-02	4.60000e+02
1711	4.60402e+02	1.71100e+03	-1.94080e-02	4.60333e+02
1712	4.60725e+02	1.71200e+03	-1.94364e-02	4.60667e+02
1713	4.61060e+02	1.71300e+03	-1.94616e-02	4.61000e+02
1714	4.61393e+02	1.71400e+03	-1.94858e-02	4.61333e+02
1715	4.61719e+02	1.71500e+03	-1.95094e-02	4.61667e+02
1716	4.62056e+02	1.71600e+03	-1.95328e-02	4.62000e+02
1717	4.62376e+02	1.71700e+03	-1.95574e-02	4.62333e+02
1718	4.62703e+02	1.71800e+03	-1.95846e-02	4.62667e+02
1719	4.63041e+02	1.71900e+03	-1.96136e-02	4.63000e+02
1720	4.63372e+02	1.72000e+03	-1.96405e-02	4.63333e+02
1721	4.63694e+02	1.72100e+03	-1.96627e-02	4.63667e+02
1722	4.64028e+02	1.72200e+03	-1.96794e-02	4.64000e+02
1723	4.64361e+02	1.72300e+03	-1.96917e-02	4.64333e+02
1724	4.64678e+02	1.72400e+03	-1.96892e-02	4.64667e+02
1725	4.65019e+02	1.72500e+03	-1.96873e-02	4.65000e+02
1726	4.65347e+02	1.72600e+03	-1.96829e-02	4.65333e+02
1727	4.65675e+02	1.72700e+03	-1.96770e-02	4.65667e+02
1728	4.66001e+02	1.72800e+03	-1.96613e-02	4.66000e+02
1729	4.66335e+02	1.72900e+03	-1.96565e-02	4.66333e+02
1730	4.66667e+02	1.73000e+03	-1.96562e-02	4.66667e+02
1731	4.67002e+02	1.73100e+03	-1.96578e-02	4.67000e+02
1732	4.67320e+02	1.73200e+03	-1.96710e-02	4.67333e+02
1733	4.67657e+02	1.73300e+03	-1.96791e-02	4.67667e+02
1734	4.68001e+02	1.73400e+03	-1.96867e-02	4.68000e+02
1735	4.68319e+02	1.73500e+03	-1.96947e-02	4.68333e+02
1736	4.68658e+02	1.73600e+03	-1.97048e-02	4.68667e+02
1737	4.68985e+02	1.73700e+03	-1.97119e-02	4.69000e+02
1738	4.69316e+02	1.73800e+03	-1.97162e-02	4.69333e+02
1739	4.69637e+02	1.73900e+03	-1.97190e-02	4.69667e+02
1740	4.69966e+02	1.74000e+03	-1.97160e-02	4.70000e+02
1741	4.70297e+02	1.74100e+03	-1.97140e-02	4.70333e+02
1742	4.70631e+02	1.74200e+03	-1.97128e-02	4.70667e+02
1743	4.70963e+02	1.74300e+03	-1.97125e-02	4.71000e+02
1744	4.71295e+02	1.74400e+03	-1.97112e-02	4.71333e+02
1745	4.71631e+02	1.74500e+03	-1.97130e-02	4.71667e+02
1746	4.71958e+02	1.74600e+03	-1.97160e-02	4.72000e+02
1747	4.72284e+02	1.74700e+03	-1.97192e-02	4.72333e+02
1748	4.72612e+02	1.74800e+03	-1.97301e-02	4.72667e+02
1749	4.72949e+02	1.74900e+03	-1.97387e-02	4.73000e+02
1750	4.73273e+02	1.75000e+03	-1.97487e-02	4.73333e+02
1751	4.73593e+02	1.75100e+03	-1.97603e-02	4.73667e+02
1752	4.73927e+02	1.75200e+03	-1.97764e-02	4.74000e+02
1753	4.74259e+02	1.75300e+03	-1.97930e-02	4.74333e+02
1754	4.74588e+02	1.75400e+03	-1.98119e-02	4.74667e+02
1755	4.74913e+02	1.75500e+03	-1.98327e-02	4.75000e+02
1756	4.75249e+02	1.75600e+03	-1.98601e-02	4.75333e+02
1757	4.75581e+02	1.75700e+03	-1.98838e-02	4.75667e+02
1758	4.75910e+02	1.75800e+03	-1.99060e-02	4.76000e+02
1759	4.76236e+02	1.75900e+03	-1.99274e-02	4.76333e+02
1760	4.76562e+02	1.76000e+03	-1.99457e-02	4.76667e+02
1761	4.76898e+02	1.76100e+03	-1.99615e-02	4.77000e+02
1762	4.77224e+02	1.76200e+03	-1.99743e-02	4.77333e+02
1763	4.77553e+02	1.76300e+03	-1.99855e-02	4.77667e+02
1764	4.77886e+02	1.76400e+03	-1.99869e-02	4.78000e+02
1765	4.78214e+02	1.76500e+03	-1.99913e-02	4.78333e+02
1766	4.78548e+02	1.76600e+03	-1.99957e-02	4.78667e+02
1767	4.78883e+02	1.76700e+03	-1.99999e-02	4.79000e+02
1768	4.79215e+02	1.76800e+03	-2.00003e-02	4.79333e+02
1769	4.79538e+02	1.76900e+03	-2.00024e-02	4.79667e+02
1770	4.79865e+02	1.77000e+03	-2.00047e-02	4.80000e+02
1771	4.80203e+02	1.77100e+03	-2.00070e-02	4.80333e+02
1772	4.80525e+02	1.77200e+03	-2.00084e-02	4.80667e+02
1773	4.80857e+02	1.77300e+03	-2.00088e-02	4.81000e+02
1774	4.81180e+02	1.77400e+03	-2.00087e-02	4.81333e+02
1775	4.81514e+02	1.77500e+03	-2.00083e-02	4.81667e+02
1776	4.81848e+02	1.77600e+03	-2.00064e-02	4.82000e+02
1777	4.82171e+02	1.77700e+03	-2.00073e-02	4.82333e+02
1778	4.82506e+02	1.77800e+03	-2.00106e-02	4.82667e+02
1779	4.82824e+02	1.77900e+03	-2.00148e-02	4.83000e+02
1780	4.83162e+02	1.78000e+03	-2.00201e-02	4.83333e+02
1781	4.83494e+02	1.78100e+03	-2.00233e-02	4.83667e+02
1782	4.83820e+02	1.78200e+03	-2.00252e-02	4.84000e+02
1783	4.84155e+02	1.78300e+03	-2.00262e-02	4.84333e+02
1784	4.84479e+02	1.78400e+03	-2.00242e-02	4.84667e+02
1785	4.84817e+02	1.78500e+03	-2.00223e-02	4.85000e+02
1786	4.85146e+02	1.78600e+03	-2.00198e-02	4.85333e+02
1787	4.85479e+02	1.78700e+03	-2.00170e-02	4.85667e+02
1788	4.85810e+02	1.78800e+03	-2.00125e-02	4.86000e+02
1789	4.86130e+02	1.78900e+03	-2.00112e-02	4.86333e+02
1790	4.86461e+02	1.79000e+03	-2.00121e-02	4.86667e+02
1791	4.86793e+02	1.79100e+03	-2.00143e-02	4.87000e+02
1792	4.87124e+02	1.79200e+03	-2.00225e-02	4.87333e+02
1793	4.87451e+02	1.79300e+03	-2.00304e-02	4.87667e+02
1794	4.87779e+02	1.79400e+03	-2.00396e-02	4.88000e+02
1795	4.88116e+02	1.79500e+03	-2.00493e-02	4.88333e+02
1796	4.88442e+02	1.79600e+03	-2.00623e-02	4.88667e+02
1797	4.88773e+02	1.79700e+03	-2.00704e-02	4.89000e+02
1798	4.89104e+02	1.79800e+03	-2.00745e-02	4.89333e+02
1799	4.89424e+02	1.79900e+03	-2.00757e-02	4.89667e+02
1800	4.89759e+02	1.80000e+03	-2.00630e-02	4.90000e+02
1801	4.90088e+02	1.80100e+03	-2.00490e-02	4.90333e+02
1802	4.90429e+02	1.80200e+03	-2.00317e-02	4.90667e+02
1803	4.90753e+02	1.80300e+03	-2.00124e-02	4.91000e+02
1804	4.91087e+02	1.80400e+03	-1.99786e-02	4.91333e+02
1805	4.91410e+02	1.80500e+03	-1.99553e-02	4.91667e+02
1806	4.91744e+02	1.80600e+03	-1.99374e-02	4.92000e+02
1807	4.92075e+02	1.80700e+03	-1.99228e-02	4.92333e+02
1808	4.92408e+02	1.80800e+03	-1.99262e-02	4.92667e+02
1809	4.92740e+02	1.80900e+03	-1.99327e-02	4.93000e+02
1810	4.93070e+02	1.81000e+03	-1.99439e-02	4.93333e+02
1811	4.93398e+02	1.81100e+03	-1.99585e-02	4.93667e+02
1812	4.93727e+02	1.81200e+03	-1.99966e-02	4.94000e+02
1813	4.94057e+02	1.81300e+03	-2.00202e-02	4.94333e+02
1814	4.94384e+02	1.81400e+03	-2.00374e-02	4.94667e+02
1815	4.94712e+02	1.81500e+03	-2.00519e-02	4.95000e+02
1816	4.95041e+02	1.81600e+03	-2.00560e-02	4.95333e+02
1817	4.95381e+02	1.81700e+03	-2.00582e-02	4.95667e+02
1818	4.95704e+02	1.81800e+03	-2.00578e-02	4.96000e+02
1819	4.96026e+02	1.81900e+03	-2.00561e-02	4.96333e+02
1820	4.96356e+02	1.82000e+03	-2.00435e-02	4.96667e+02
1821	4.96695e+02	1.82100e+03	-2.00415e-02	4.97000e+02
1822	4.97029e+02	1.82200e+03	-2.00440e-02	4.97333e+02
1823	4.97356e+02	1.82300e+03	-2.00485e-02	4.97667e+02
1824	4.97689e+02	1.82400e+03	-2.00658e-02	4.98000e+02
1825	4.98018e+02	1.82500e+03	-2.00796e-02	4.98333e+02
1826	4.98350e+02	1.82600e+03	-2.00926e-02	4.98667e+02
1827	4.98679e+02	1.82700e+03	-2.01056e-02	4.99000e+02
1828	4.99002e+02	1.82800e+03	-2.01239e-02	4.99333e+02
1829	4.99325e+02	1.82900e+03	-2.01382e-02	4.99667e+02
1830	4.99666e+02	1.83000e+03	-2.01512e-02	5.00000e+02
1831	4.99999e+02	1.83100e+03	-2.01639e-02	5.00333e+02
1832	5.00325e+02	1.83200e+03	-2.01738e-02	5.00667e+02
1833	5.00655e+02	1.83300e+03	-2.01858e-02	5.01000e+02
1834	5.00986e+02	1.83400e+03	-2.01977e-02	5.01333e+02
1835	5.01316e+02	1.83500e+03	-2.02091e-02	5.01667e+02
1836	5.01643e+02	1.83600e+03	-2.02196e-02	5.02000e+02
1837	5.01976e+02	1.83700e+03	-2.02285e-02	5.02333e+02
1838	5.02309e+02	1.83800e+03	-2.02367e-02	5.02667e+02
1839	5.02633e+02	1.83900e+03	-2.02445e-02	5.03000e+02
1840	5.02965e+02	1.84000e+03	-2.02483e-02	5.03333e+02
1841	5.03293e+02	1.84100e+03	-2.02538e-02	5.03667e+02
1842	5.03625e+02	1.84200e+03	-2.02597e-02	5.04000e+02
1843	5.03953e+02	1.84300e+03	-2.02659e-02	5.04333e+02
1844	5.04283e+02	1.84400e+03	-2.02742e-02	5.04667e+02
1845	5.04615e+02	1.84500e+03	-2.02835e-02	5.05000e+02
1846	5.04945e+02	1.84600e+03	-2.02928e-02	5.05333e+02
1847	5.05277e+02	1.84700e+03	-2.03019e-02	5.05667e+02
1848	5.05605e+02	1.84800e+03	-2.03120e-02	5.06000e+02
1849	5.05937e+02	1.84900e+03	-2.03185e-02	5.06333e+02
1850	5.06269e+02	1.85000e+03	-2.03243e-02	5.06667e+02
1851	5.06606e+02	1.85100e+03	-2.03306e-02	5.07000e+02
1852	5.06923e+02	1.85200e+03	-2.03361e-02	5.07333e+02
1853	5.07250e+02	1.85300e+03	-2.03488e-02	5.07667e+02
1854	5.07596e+02	1.85400e+03	-2.03677e-02	5.08000e+02
1855	5.07931e+02	1.85500e+03	-2.03893e-02	5.08333e+02
1856	5.08246e+02	1.85600e+03	-2.04201e-02	5.08667e+02
1857	5.08593e+02	1.85700e+03	-2.04416e-02	5.09000e+02
1858	5.08916e+02	1.85800e+03	-2.04573e-02	5.09333e+02
1859	5.09246e+02	1.85900e+03	-2.04699e-02	5.09667e+02
1860	5.09572e+02	1.86000e+03	-2.04710e-02	5.10000e+02
1861	5.09903e+02	1.86100e+03	-2.04701e-02	5.10333e+02
1862	5.10239e+02	1.86200e+03	-2.04644e-02	5.10667e+02
1863	5.10571e+02	1.86300e+03	-2.04551e-02	5.11000e+02
1864	5.10896e+02	1.86400e+03	-2.04273e-02	5.11333e+02
1865	5.11233e+02	1.86500e+03	-2.04087e-02	5.11667e+02
1866	5.11556e+02	1.86600e+03	-2.03942e-02	5.12000e+02
1867	5.11878e+02	1.86700e+03	-2.03819e-02	5.12333e+02
1868	5.12218e+02	1.86800e+03	-2.03788e-02	5.12667e+02
1869	5.12546e+02	1.86900e+03	-2.03821e-02	5.13000e+02
1870	5.12876e+02	1.87000e+03	-2.03897e-02	5.13333e+02
1871	5.13207e+02	1.87100e+03	-2.03993e-02	5.13667e+02
1872	5.13546e+02	1.87200e+03	-2.04209e-02	5.14000e+02
1873	5.13872e+02	1.87300e+03	-2.04265e-02	5.14333e+02
1874	5.14201e+02	1.87400e+03	-2.04249e-02	5.14667e+02
1875	5.14528e+02	1.87500e+03	-2.04197e-02	5.15000e+02
1876	5.14866e+02	1.87600e+03	-2.03955e-02	5.15333e+02
1877	5.15193e+02	1.87700e+03	-2.03786e-02	5.15667e+02
1878	5.15520e+02	1.87800e+03	-2.03630e-02	5.16000e+02
1879	5.15852e+02	1.87900e+03	-2.03479e-02	5.16333e+02
1880	5.16183e+02	1.88000e+03	-2.03305e-02	5.16667e+02
1881	5.16512e+02	1.88100e+03	-2.03185e-02	5.17000e+02
1882	5.16838e+02	1.88200e+03	-2.03101e-02	5.17333e+02
1883	5.17174e+02	1.88300e+03	-2.03040e-02	5.17667e+02
1884	5.17501e+02	1.88400e+03	-2.03099e-02	5.18000e+02
1885	5.17843e+02	1.88500e+03	-2.03125e-02	5.18333e+02
1886	5.18171e+02	1.88600e+03	-2.03158e-02	5.18667e+02
1887	5.18505e+02	1.88700e+03	-2.03203e-02	5.19000e+02
1888	5.18828e+02	1.88800e+03	-2.03295e-02	5.19333e+02
1889	5.19167e+02	1.88900e+03	-2.03337e-02	5.19667e+02
1890	5.19489e+02	1.89000e+03	-2.03343e-02	5.20000e+02
1891	5.19817e+02	1.89100e+03	-2.03323e-02	5.20333e+02
1892	5.20154e+02	1.89200e+03	-2.03195e-02	5.20667e+02
1893	5.20482e+02	1.89300e+03	-2.03055e-02	5.21000e+02
1894	5.20812e+02	1.89400e+03	-2.02895e-02	5.21333e+02
1895	5.21142e+02	1.89500e+03	-2.02728e-02	5.21667e+02
1896	5.21478e+02	1.89600e+03	-2.02464e-02	5.22000e+02
1897	5.21814e+02	1.89700e+03	-2.02283e-02	5.22333e+02
1898	5.22135e+02	1.89800e+03	-2.02144e-02	5.22667e+02
1899	5.22469e+02	1.89900e+03	-2.02035e-02	5.23000e+02
1900	5.22797e+02	1.90000e+03	-2.02064e-02	5.23333e+02
1901	5.23121e+02	1.90100e+03	-2.02122e-02	5.23667e+02
1902	5.23460e+02	1.90200e+03	-2.02248e-02	5.24000e+02
1903	5.23794e+02	1.90300e+03	-2.02416e-02	5.24333e+02
1904	5.24132e+02	1.90400e+03	-2.02785e-02	5.24667e+02
1905	5.24459e+02	1.90500e+03	-2.03075e-02	5.25000e+02
1906	5.24786e+02	1.90600e+03	-2.03346e-02	5.25333e+02
1907	5.25127e+02	1.90700e+03	-2.03597e-02	5.25667e+02
1908	5.25452e+02	1.90800e+03	-2.03792e-02	5.26000e+02
1909	5.25783e+02	1.90900e+03	-2.03899e-02	5.26333e+02
1910	5.26110e+02	1.91000e+03	-2.03943e-02	5.26667e+02
1911	5.26452e+02	1.91100e+03	-2.03952e-02	5.27000e+02
1912	5.26779e+02	1.91200e+03	-2.03728e-02	5.27333e+02
1913	5.27112e+02	1.91300e+03	-2.03609e-02	5.27667e+02
1914	5.27440e+02	1.91400e+03	-2.03510e-02	5.28000e+02
1915	5.27783e+02	1.91500e+03	-2.03416e-02	5.28333e+02
1916	5.28106e+02	1.91600e+03	-2.03336e-02	5.28667e+02
1917	5.28426e+02	1.91700e+03	-2.03304e-02	5.29000e+02
1918	5.28761e+02	1.91800e+03	-2.03308e-02	5.29333e+02
1919	5.29099e+02	1.91900e+03	-2.03330e-02	5.29667e+02
1920	5.29429e+02	1.92000e+03	-2.03436e-02	5.30000e+02
1921	5.29755e+02	1.92100e+03	-2.03491e-02	5.30333e+02
1922	5.30083e+02	1.92200e+03	-2.03539e-02	5.30667e+02
1923	5.30404e+02	1.92300e+03	-2.03588e-02	5.31000e+02
1924	5.30745e+02	1.92400e+03	-2.03644e-02	5.31333e+02
1925	5.31074e+02	1.92500e+03	-2.03708e-02	5.31667e+02
1926	5.31402e+02	1.92600e+03	-2.03770e-02	5.32000e+02
1927	5.31736e+02	1.92700e+03	-2.03827e-02	5.32333e+02
1928	5.32061e+02	1.92800e+03	-2.03871e-02	5.32667e+02
1929	5.32399e+02	1.92900e+03	-2.03894e-02	5.33000e+02
1930	5.32723e+02	1.93000e+03	-2.03891e-02	5.33333e+02
1931	5.33057e+02	1.93100e+03	-2.03867e-02	5.33667e+02
1932	5.33388e+02	1.93200e+03	-2.03741e-02	5.34000e+02
1933	5.33725e+02	1.93300e+03	-2.03613e-02	5.34333e+02
1934	5.34050e+02	1.93400e+03	-2.03446e-02	5.34667e+02
1935	5.34377e+02	1.93500e+03	-2.03249e-02	5.35000e+02
1936	5.34712e+02	1.93600e+03	-2.02914e-02	5.35333e+02
1937	5.35048e+02	1.93700e+03	-2.02633e-02	5.35667e+02
1938	5.35375e+02	1.93800e+03	-2.02388e-02	5.36000e+02
1939	5.35703e+02	1.93900e+03	-2.02172e-02	5.36333e+02
1940	5.36032e+02	1.94000e+03	-2.02014e-02	5.36667e+02
1941	5.36376e+02	1.94100e+03	-2.01936e-02	5.37000e+02
1942	5.36709e+02	1.94200e+03	-2.01931e-02	5.37333e+02
1943	5.37018e+02	1.94300e+03	-2.01965e-02	5.37667e+02
1944	5.37359e+02	1.94400e+03	-2.02238e-02	5.38000e+02
1945	5.37683e+02	1.94500e+03	-2.02415e-02	5.38333e+02
1946	5.38019e+02	1.94600e+03	-2.02573e-02	5.38667e+02
1947	5.38349e+02	1.94700e+03	-2.02721e-02	5.39000e+02
1948	5.38674e+02	1.94800e+03	-2.02885e-02	5.39333e+02
1949	5.39015e+02	1.94900e+03	-2.03003e-02	5.39667e+02
1950	5.39341e+02	1.95000e+03	-2.03099e-02	5.40000e+02
1951	5.39673e+02	1.95100e+03	-2.03190e-02	5.40333e+02
1952	5.40005e+02	1.95200e+03	-2.03229e-02	5.40667e+02
1953	5.40348e+02	1.95300e+03	-2.03316e-02	5.41000e+02
1954	5.40667e+02	1.95400e+03	-2.03439e-02	5.41333e+02
1955	5.41004e+02	1.95500e+03	-2.03590e-02	5.41667e+02
1956	5.41337e+02	1.95600e+03	-2.03805e-02	5.42000e+02
1957	5.41659e+02	1.95700e+03	-2.03995e-02	5.42333e+02
1958	5.42000e+02	1.95800e+03	-2.04162e-02	5.42667e+02
1959	5.42327e+02	1.95900e+03	-2.04307e-02	5.43000e+02
1960	5.42655e+02	1.96000e+03	-2.04413e-02	5.43333e+02
1961	5.43000e+02	1.96100e+03	-2.04474e-02	5.43667e+02
1962	5.43329e+02	1.96200e+03	-2.04503e-02	5.44000e+02
1963	5.43657e+02	1.96300e+03	-2.04517e-02	5.44333e+02
1964	5.43982e+02	1.96400e+03	-2.04396e-02	5.44667e+02
1965	5.44312e+02	1.96500e+03	-2.04337e-02	5.45000e+02
1966	5.44654e+02	1.96600e+03	-2.04284e-02	5.45333e+02
1967	5.44974e+02	1.96700e+03	-2.04229e-02	5.45667e+02
1968	5.45305e+02	1.96800e+03	-2.04176e-02	5.46000e+02
1969	5.45637e+02	1.96900e+03	-2.04134e-02	5.46333e+02
1970	5.45969e+02	1.97000e+03	-2.04104e-02	5.46667e+02
1971	5.46312e+02	1.97100e+03	-2.04084e-02	5.47000e+02
1972	5.46630e+02	1.97200e+03	-2.04118e-02	5.47333e+02
1973	5.46961e+02	1.97300e+03	-2.04169e-02	5.47667e+02
1974	5.47292e+02	1.97400e+03	-2.04235e-02	5.48000e+02
1975	5.47629e+02	1.97500e+03	-2.04307e-02	5.48333e+02
1976	5.47961e+02	1.97600e+03	-2.04443e-02	5.48667e+02
1977	5.48293e+02	1.97700e+03	-2.04546e-02	5.49000e+02
1978	5.48620e+02	1.97800e+03	-2.04650e-02	5.49333e+02
1979	5.48949e+02	1.97900e+03	-2.04755e-02	5.49667e+02
1980	5.49286e+02	1.98000e+03	-2.04839e-02	5.50000e+02
1981	5.49621e+02	1.98100e+03	-2.04921e-02	5.50333e+02
1982	5.49945e+02	1.98200e+03	-2.04996e-02	5.50667e+02
1983	5.50284e+02	1.98300e+03	-2.05064e-02	5.51000e+02
1984	5.50610e+02	1.98400e+03	-2.05146e-02	5.51333e+02
1985	5.50939e+02	1.98500e+03	-2.05281e-02	5.51667e+02
1986	5.51272e+02	1.98600e+03	-2.05451e-02	5.52000e+02
1987	5.51612e+02	1.98700e+03	-2.05624e-02	5.52333e+02
1988	5.51943e+02	1.98800e+03	-2.05831e-02	5.52667e+02
1989	5.52275e+02	1.98900e+03	-2.05978e-02	5.53000e+02
1990	5.52602e+02	1.99000e+03	-2.06085e-02	5.53333e+02
1991	5.52941e+02	1.99100e+03	-2.06163e-02	5.53667e+02
1992	5.53265e+02	1.99200e+03	-2.06125e-02	5.54000e+02
1993	5.53592e+02	1.99300e+03	-2.06116e-02	5.54333e+02
1994	5.53928e+02	1.99400e+03	-2.06106e-02	5.54667e+02
1995	5.54266e+02	1.99500e+03	-2.06089e-02	5.55000e+02
1996	5.54596e+02	1.99600e+03	-2.05984e-02	5.55333e+02
1997	5.54911e+02	1.99700e+03	-2.05925e-02	5.55667e+02
1998	5.55255e+02	1.99800e+03	-2.05875e-02	5.56000e+02
1999	5.55589e+02	1.99900e+03	-2.05820e-02	5.56333e+02
2000	5.55917e+02	2.00000e+03	-2.05747e-02	5.56667e+02
2001	5.56253e+02	2.00100e+03	-2.05667e-02	5.57000e+02
2002	5.56580e+02	2.00200e+03	-2.05580e-02	5.57333e+02
2003	5.56915e+02	2.00300e+03	-2.05491e-02	5.57667e+02
2004	5.57245e+02	2.00400e+03	-2.05375e-02	5.58000e+02
2005	5.57576e+02	2.00500e+03	-2.05287e-02	5.58333e+02
2006	5.57910e+02	2.00600e+03	-2.05214e-02	5.58667e+02
2007	5.58240e+02	2.00700e+03	-2.05144e-02	5.59000e+02
2008	5.58573e+02	2.00800e+03	-2.05094e-02	5.59333e+02
2009	5.58902e+02	2.00900e+03	-2.05030e-02	5.59667e+02
2010	5.59237e+02	2.01000e+03	-2.04961e-02	5.60000e+02
2011	5.59566e+02	2.01100e+03	-2.04889e-02	5.60333e+02
2012	5.59896e+02	2.01200e+03	-2.04828e-02	5.60667e+02
2013	5.60228e+02	2.01300e+03	-2.04785e-02	5.61000e+02
2014	5.60557e+02	2.01400e+03	-2.04758e-02	5.61333e+02
2015	5.60899e+02	2.01500e+03	-2.04738e-02	5.61667e+02
2016	5.61228e+02	2.01600e+03	-2.04743e-02	5.62000e+02
2017	5.61555e+02	2.01700e+03	-2.04735e-02	5.62333e+02
2018	5.61886e+02	2.01800e+03	-2.04727e-02	5.62667e+02
2019	5.62220e+02	2.01900e+03	-2.04717e-02	5.63000e+02
2020	5.62551e+02	2.02000e+03	-2.04684e-02	5.63333e+02
2021	5.62880e+02	2.02100e+03	-2.04640e-02	5.63667e+02
2022	5.63206e+02	2.02200e+03	-2.04592e-02	5.64000e+02
2023	5.63548e+02	2.02300e+03	-2.04541e-02	5.64333e+02
2024	5.63886e+02	2.02400e+03	-2.04448e-02	5.64667e+02
2025	5.64208e+02	2.02500e+03	-2.04400e-02	5.65000e+02
2026	5.64532e+02	2.02600e+03	-2.04372e-02	5.65333e+02
2027	5.64868e+02	2.02700e+03	-2.04342e-02	5.65667e+02
2028	5.65200e+02	2.02800e+03	-2.04333e-02	5.66000e+02
2029	5.65528e+02	2.02900e+03	-2.04319e-02	5.66333e+02
2030	5.65866e+02	2.03000e+03	-2.04316e-02	5.66667e+02
2031	5.66191e+02	2.03100e+03	-2.04319e-02	5.67000e+02
2032	5.66525e+02	2.03200e+03	-2.04315e-02	5.67333e+02
2033	5.66863e+02	2.03300e+03	-2.04300e-02	5.67667e+02
2034	5.67193e+02	2.03400e+03	-2.04290e-02	5.68000e+02
2035	5.67529e+02	2.03500e+03	-2.04292e-02	5.68333e+02
2036	5.67857e+02	2.03600e+03	-2.04314e-02	5.68667e+02
2037	5.68183e+02	2.03700e+03	-2.04374e-02	5.69000e+02
2038	5.68520e+02	2.03800e+03	-2.04459e-02	5.69333e+02
2039	5.68846e+02	2.03900e+03	-2.04538e-02	5.69667e+02
2040	5.69179e+02	2.04000e+03	-2.04631e-02	5.70000e+02
2041	5.69512e+02	2.04100e+03	-2.04664e-02	5.70333e+02
2042	5.69840e+02	2.04200e+03	-2.04669e-02	5.70667e+02
2043	5.70177e+02	2.04300e+03	-2.04659e-02	5.71000e+02
2044	5.70509e+02	2.04400e+03	-2.04550e-02	5.71333e+02
2045	5.70842e+02	2.04500e+03	-2.04483e-02	5.71667e+02
2046	5.71171e+02	2.04600e+03	-2.04426e-02	5.72000e+02
2047	5.71497e+02	2.04700e+03	-2.04377e-02	5.72333e+02
2048	5.71826e+02	2.04800e+03	-2.04344e-02	5.72667e+02
2049	5.72171e+02	2.04900e+03	-2.04321e-02	5.73000e+02
2050	5.72494e+02	2.05000e+03	-2.04311e-02	5.73333e+02
2051	5.72823e+02	2.05100e+03	-2.04310e-02	5.73667e+02
2052	5.73159e+02	2.05200e+03	-2.04379e-02	5.74000e+02
2053	5.73493e+02	2.05300e+03	-2.04460e-02	5.74333e+02
2054	5.73830e+02	2.05400e+03	-2.04573e-02	5.74667e+02
2055	5.74156e+02	2.05500e+03	-2.04708e-02	5.75000e+02
2056	5.74485e+02	2.05600e+03	-2.04940e-02	5.75333e+02
2057	5.74818e+02	2.05700e+03	-2.05136e-02	5.75667e+02
2058	5.75148e+02	2.05800e+03	-2.05325e-02	5.76000e+02
2059	5.75480e+02	2.05900e+03	-2.05520e-02	5.76333e+02
2060	5.75816e+02	2.06000e+03	-2.05735e-02	5.76667e+02
2061	5.76153e+02	2.06100e+03	-2.05907e-02	5.77000e+02
2062	5.76468e+02	2.06200e+03	-2.06053e-02	5.77333e+02
2063	5.76804e+02	2.06300e+03	-2.06182e-02	5.77667e+02
2064	5.77137e+02	2.06400e+03	-2.06180e-02	5.78000e+02
2065	5.77471e+02	2.06500e+03	-2.06161e-02	5.78333e+02
2066	5.77803e+02	2.06600e+03	-2.06099e-02	5.78667e+02
2067	5.78131e+02	2.06700e+03	-2.06009e-02	5.79000e+02
2068	5.78470e+02	2.06800e+03	-2.05790e-02	5.79333e+02
2069	5.78806e+02	2.06900e+03	-2.05643e-02	5.79667e+02
2070	5.79136e+02	2.07000e+03	-2.05507e-02	5.80000e+02
2071	5.79458e+02	2.07100e+03	-2.05369e-02	5.80333e+02
2072	5.79796e+02	2.07200e+03	-2.05252e-02	5.80667e+02
2073	5.80131e+02	2.07300e+03	-2.05145e-02	5.81000e+02
2074	5.80472e+02	2.07400e+03	-2.05049e-02	5.81333e+02
2075	5.80787e+02	2.07500e+03	-2.04959e-02	5.81667e+02
2076	5.81120e+02	2.07600e+03	-2.04911e-02	5.82000e+02
2077	5.81456e+02	2.07700e+03	-2.04840e-02	5.82333e+02
2078	5.81782e+02	2.07800e+03	-2.04756e-02	5.82667e+02
2079	5.82111e+02	2.07900e+03	-2.04668e-02	5.83000e+02
2080	5.82449e+02	2.08000e+03	-2.04604e-02	5.83333e+02
2081	5.82793e+02	2.08100e+03	-2.04558e-02	5.83667e+02
2082	5.83124e+02	2.08200e+03	-2.04527e-02	5.84000e+02
2083	5.83464e+02	2.08300e+03	-2.04504e-02	5.84333e+02
2084	5.83786e+02	2.08400e+03	-2.04523e-02	5.84667e+02
2085	5.84119e+02	2.08500e+03	-2.04537e-02	5.85000e+02
2086	5.84455e+02	2.08600e+03	-2.04576e-02	5.85333e+02
2087	5.84781e+02	2.08700e+03	-2.04633e-02	5.85667e+02
2088	5.85113e+02	2.08800e+03	-2.04746e-02	5.86000e+02
2089	5.85441e+02	2.08900e+03	-2.04846e-02	5.86333e+02
2090	5.85783e+02	2.09000e+03	-2.04936e-02	5.86667e+02
2091	5.86108e+02	2.09100e+03	-2.05021e-02	5.87000e+02
2092	5.86437e+02	2.09200e+03	-2.05098e-02	5.87333e+02
2093	5.86761e+02	2.09300e+03	-2.05136e-02	5.87667e+02
2094	5.87094e+02	2.09400e+03	-2.05167e-02	5.88000e+02
2095	5.87436e+02	2.09500e+03	-2.05202e-02	5.88333e+02
2096	5.87761e+02	2.09600e+03	-2.05204e-02	5.88667e+02
2097	5.88097e+02	2.09700e+03	-2.05272e-02	5.89000e+02
2098	5.88434e+02	2.09800e+03	-2.05372e-02	5.89333e+02
2099	5.88760e+02	2.09900e+03	-2.05485e-02	5.89667e+02
2100	5.89092e+02	2.10000e+03	-2.05673e-02	5.90000e+02
2101	5.89426e+02	2.10100e+03	-2.05795e-02	5.90333e+02
2102	5.89755e+02	2.10200e+03	-2.05883e-02	5.90667e+02
2103	5.90094e+02	2.10300e+03	-2.05954e-02	5.91000e+02
2104	5.90422e+02	2.10400e+03	-2.05954e-02	5.91333e+02
2105	5.90748e+02	2.10500e+03	-2.05960e-02	5.91667e+02
2106	5.91076e+02	2.10600e+03	-2.05951e-02	5.92000e+02
2107	5.91414e+02	2.10700e+03	-2.05932e-02	5.92333e+02
2108	5.91746e+02	2.10800e+03	-2.05853e-02	5.92667e+02
2109	5.92077e+02	2.10900e+03	-2.05815e-02	5.93000e+02
2110	5.92409e+02	2.11000e+03	-2.05793e-02	5.93333e+02
2111	5.92754e+02	2.11100e+03	-2.05783e-02	5.93667e+02
2112	5.93073e+02	2.11200e+03	-2.05839e-02	5.94000e+02
2113	5.93407e+02	2.11300e+03	-2.05918e-02	5.94333e+02
2114	5.93745e+02	2.11400e+03	-2.06008e-02	5.94667e+02
2115	5.94071e+02	2.11500e+03	-2.06091e-02	5.95000e+02
2116	5.94405e+02	2.11600e+03	-2.06205e-02	5.95333e+02
2117	5.94729e+02	2.11700e+03	-2.06264e-02	5.95667e+02
2118	5.95062e+02	2.11800e+03	-2.06303e-02	5.96000e+02
2119	5.95397e+02	2.11900e+03	-2.06327e-02	5.96333e+02
2120	5.95733e+02	2.12000e+03	-2.06282e-02	5.96667e+02
2121	5.96062e+02	2.12100e+03	-2.06307e-02	5.97000e+02
2122	5.96391e+02	2.12200e+03	-2.06354e-02	5.97333e+02
2123	5.96729e+02	2.12300e+03	-2.06405e-02	5.97667e+02
2124	5.97055e+02	2.12400e+03	-2.06496e-02	5.98000e+02
2125	5.97379e+02	2.12500e+03	-2.06575e-02	5.98333e+02
2126	5.97715e+02	2.12600e+03	-2.06651e-02	5.98667e+02
2127	5.98046e+02	2.12700e+03	-2.06722e-02	5.99000e+02
2128	5.98377e+02	2.12800e+03	-2.06790e-02	5.99333e+02
2129	5.98710e+02	2.12900e+03	-2.06839e-02	5.99667e+02
2130	5.99040e+02	2.13000e+03	-2.06852e-02	6.00000e+02
2131	5.99381e+02	2.13100e+03	-2.06834e-02	6.00333e+02
2132	5.99719e+02	2.13200e+03	-2.06725e-02	6.00667e+02
2133	6.00042e+02	2.13300e+03	-2.06615e-02	6.01000e+02
2134	6.00375e+02	2.13400e+03	-2.06485e-02	6.01333e+02
2135	6.00708e+02	2.13500e+03	-2.06339e-02	6.01667e+02
2136	6.01047e+02	2.13600e+03	-2.06099e-02	6.02000e+02
2137	6.01377e+02	2.13700e+03	-2.05931e-02	6.02333e+02
2138	6.01695e+02	2.13800e+03	-2.05794e-02	6.02667e+02
2139	6.02045e+02	2.13900e+03	-2.05674e-02	6.03000e+02
2140	6.02377e+02	2.14000e+03	-2.05612e-02	6.03333e+02
2141	6.02709e+02	2.14100e+03	-2.05531e-02	6.03667e+02
2142	6.03034e+02	2.14200e+03	-2.05444e-02	6.04000e+02
2143	6.03364e+02	2.14300e+03	-2.05353e-02	6.04333e+02
2144	6.03697e+02	2.14400e+03	-2.05282e-02	6.04667e+02
2145	6.04030e+02	2.14500e+03	-2.05194e-02	6.05000e+02
2146	6.04361e+02	2.14600e+03	-2.05127e-02	6.05333e+02
2147	6.04694e+02	2.14700e+03	-2.05084e-02	6.05667e+02
2148	6.05029e+02	2.14800e+03	-2.05083e-02	6.06000e+02
2149	6.05361e+02	2.14900e+03	-2.05130e-02	6.06333e+02
2150	6.05689e+02	2.15000e+03	-2.05212e-02	6.06667e+02
2151	6.06011e+02	2.15100e+03	-2.05310e-02	6.07000e+02
2152	6.06350e+02	2.15200e+03	-2.05528e-02	6.07333e+02
2153	6.06689e+02	2.15300e+03	-2.05654e-02	6.07667e+02
2154	6.07015e+02	2.15400e+03	-2.05735e-02	6.08000e+02
2155	6.07354e+02	2.15500e+03	-2.05800e-02	6.08333e+02
2156	6.07690e+02	2.15600e+03	-2.05782e-02	6.08667e+02
2157	6.08013e+02	2.15700e+03	-2.05780e-02	6.09000e+02
2158	6.08348e+02	2.15800e+03	-2.05782e-02	6.09333e+02
2159	6.08675e+02	2.15900e+03	-2.05776e-02	6.09667e+02
2160	6.09011e+02	2.16000e+03	-2.05709e-02	6.10000e+02
2161	6.09339e+02	2.16100e+03	-2.05694e-02	6.10333e+02
2162	6.09668e+02	2.16200e+03	-2.05700e-02	6.10667e+02
2163	6.10004e+02	2.16300e+03	-2.05718e-02	6.11000e+02
2164	6.10334e+02	2.16400e+03	-2.05810e-02	6.11333e+02
2165	6.10674e+02	2.16500e+03	-2.05882e-02	6.11667e+02
2166	6.10990e+02	2.16600e+03	-2.05955e-02	6.12000e+02
2167	6.11336e+02	2.16700e+03	-2.06032e-02	6.12333e+02
2168	6.11670e+02	2.16800e+03	-2.06091e-02	6.12667e+02
2169	6.11999e+02	2.16900e+03	-2.06076e-02	6.13000e+02
2170	6.12333e+02	2.17000e+03	-2.06012e-02	6.13333e+02
2171	6.12654e+02	2.17100e+03	-2.05925e-02	6.13667e+02
2172	6.12990e+02	2.17200e+03	-2.05714e-02	6.14000e+02
2173	6.13318e+02	2.17300e+03	-2.05589e-02	6.14333e+02
2174	6.13656e+02	2.17400e+03	-2.05509e-02	6.14667e+02
2175	6.13991e+02	2.17500e+03	-2.05450e-02	6.15000e+02
2176	6.14326e+02	2.17600e+03	-2.05397e-02	6.15333e+02
2177	6.14662e+02	2.17700e+03	-2.05311e-02	6.15667e+02
2178	6.14990e+02	2.17800e+03	-2.05208e-02	6.16000e+02
2179	6.15322e+02	2.17900e+03	-2.05099e-02	6.16333e+02
2180	6.15653e+02	2.18000e+03	-2.04994e-02	6.16667e+02
2181	6.15986e+02	2.18100e+03	-2.04911e-02	6.17000e+02
2182	6.16318e+02	2.18200e+03	-2.04850e-02	6.17333e+02
2183	6.16652e+02	2.18300e+03	-2.04805e-02	6.17667e+02
2184	6.16977e+02	2.18400e+03	-2.04850e-02	6.18000e+02
2185	6.17318e+02	2.18500e+03	-2.04926e-02	6.18333e+02
2186	6.17646e+02	2.18600e+03	-2.05054e-02	6.18667e+02
2187	6.17978e+02	2.18700e+03	-2.05218e-02	6.19000e+02
2188	6.18319e+02	2.18800e+03	-2.05534e-02	6.19333e+02
2189	6.18655e+02	2.18900e+03	-2.05776e-02	6.19667e+02
2190	6.18984e+02	2.19000e+03	-2.06003e-02	6.20000e+02
2191	6.19305e+02	2.19100e+03	-2.06230e-02	6.20333e+02
2192	6.19648e+02	2.19200e+03	-2.06439e-02	6.20667e+02
2193	6.19970e+02	2.19300e+03	-2.06604e-02	6.21000e+02
2194	6.20312e+02	2.19400e+03	-2.06746e-02	6.21333e+02
2195	6.20638e+02	2.19500e+03	-2.06872e-02	6.21667e+02
2196	6.20971e+02	2.19600e+03	-2.06877e-02	6.22000e+02
2197	6.21309e+02	2.19700e+03	-2.06896e-02	6.22333e+02
2198	6.21644e+02	2.19800e+03	-2.06861e-02	6.22667e+02
2199	6.21969e+02	2.19900e+03	-2.06780e-02	6.23000e+02
2200	6.22292e+02	2.20000e+03	-2.06572e-02	6.23333e+02
2201	6.22627e+02	2.20100e+03	-2.06385e-02	6.23667e+02
2202	6.22963e+02	2.20200e+03	-2.06191e-02	6.24000e+02
2203	6.23291e+02	2.20300e+03	-2.05992e-02	6.24333e+02
2204	6.23630e+02	2.20400e+03	-2.05754e-02	6.24667e+02
2205	6.23966e+02	2.20500e+03	-2.05608e-02	6.25000e+02
2206	6.24305e+02	2.20600e+03	-2.05517e-02	6.25333e+02
2207	6.24628e+02	2.20700e+03	-2.05467e-02	6.25667e+02
2208	6.24954e+02	2.20800e+03	-2.05615e-02	6.26000e+02
2209	6.25295e+02	2.20900e+03	-2.05713e-02	6.26333e+02
2210	6.25632e+02	2.21000e+03	-2.05820e-02	6.26667e+02
2211	6.25953e+02	2.21100e+03	-2.05934e-02	6.27000e+02
2212	6.26293e+02	2.21200e+03	-2.06094e-02	6.27333e+02
2213	6.26624e+02	2.21300e+03	-2.06159e-02	6.27667e+02
2214	6.26956e+02	2.21400e+03	-2.06175e-02	6.28000e+02
2215	6.27283e+02	2.21500e+03	-2.06171e-02	6.28333e+02
2216	6.27613e+02	2.21600e+03	-2.06044e-02	6.28667e+02
2217	6.27943e+02	2.21700e+03	-2.05985e-02	6.29000e+02
2218	6.28278e+02	2.21800e+03	-2.05955e-02	6.29333e+02
2219	6.28606e+02	2.21900e+03	-2.05945e-02	6.29667e+02
2220	6.28945e+02	2.22000e+03	-2.05980e-02	6.30000e+02
2221	6.29279e+02	2.22100e+03	-2.06034e-02	6.30333e+02
2222	6.29607e+02	2.22200e+03	-2.06109e-02	6.30667e+02
2223	6.29947e+02	2.22300e+03	-2.06192e-02	6.31000e+02
2224	6.30276e+02	2.22400e+03	-2.06342e-02	6.31333e+02
2225	6.30607e+02	2.22500e+03	-2.06421e-02	6.31667e+02
2226	6.30944e+02	2.22600e+03	-2.06441e-02	6.32000e+02
2227	6.31278e+02	2.22700e+03	-2.06423e-02	6.32333e+02
2228	6.31604e+02	2.22800e+03	-2.06295e-02	6.32667e+02
2229	6.31939e+02	2.22900e+03	-2.06182e-02	6.33000e+02
2230	6.32271e+02	2.23000e+03	-2.06064e-02	6.33333e+02
2231	6.32605e+02	2.23100e+03	-2.05949e-02	6.33667e+02
2232	6.32941e+02	2.23200e+03	-2.05793e-02	6.34000e+02
2233	6.33275e+02	2.23300e+03	-2.05696e-02	6.34333e+02
2234	6.33609e+02	2.23400e+03	-2.05619e-02	6.34667e+02
2235	6.33937e+02	2.23500e+03	-2.05552e-02	6.35000e+02
2236	6.34274e+02	2.23600e+03	-2.05572e-02	6.35333e+02
2237	6.34608e+02	2.23700e+03	-2.05550e-02	6.35667e+02
2238	6.34940e+02	2.23800e+03	-2.05531e-02	6.36000e+02
2239	6.35273e+02	2.23900e+03	-2.05518e-02	6.36333e+02
2240	6.35604e+02	2.24000e+03	-2.05554e-02	6.36667e+02
2241	6.35940e+02	2.24100e+03	-2.05631e-02	6.37000e+02
2242	6.36284e+02	2.24200e+03	-2.05739e-02	6.37333e+02
2243	6.36607e+02	2.24300e+03	-2.05866e-02	6.37667e+02
2244	6.36940e+02	2.24400e+03	-2.06101e-02	6.38000e+02
2245	6.37278e+02	2.24500e+03	-2.06279e-02	6.38333e+02
2246	6.37607e+02	2.24600e+03	-2.06440e-02	6.38667e+02
2247	6.37943e+02	2.24700e+03	-2.06602e-02	6.39000e+02
2248	6.38269e+02	2.24800e+03	-2.06748e-02	6.39333e+02
2249	6.38607e+02	2.24900e+03	-2.06873e-02	6.39667e+02
2250	6.38937e+02	2.25000e+03	-2.06975e-02	6.40000e+02
2251	6.39276e+02	2.25100e+03	-2.07052e-02	6.40333e+02
2252	6.39599e+02	2.25200e+03	-2.07017e-02	6.40667e+02
2253	6.39935e+02	2.25300e+03	-2.06984e-02	6.41000e+02
2254	6.40272e+02	2.25400e+03	-2.06929e-02	6.41333e+02
2255	6.40595e+02	2.25500e+03	-2.06859e-02	6.41667e+02
2256	6.40926e+02	2.25600e+03	-2.06692e-02	6.42000e+02
2257	6.41267e+02	2.25700e+03	-2.06586e-02	6.42333e+02
2258	6.41596e+02	2.25800e+03	-2.06491e-02	6.42667e+02
2259	6.41922e+02	2.25900e+03	-2.06397e-02	6.43000e+02
2260	6.42266e+02	2.26000e+03	-2.06351e-02	6.43333e+02
2261	6.42597e+02	2.26100e+03	-2.06299e-02	6.43667e+02
2262	6.42925e+02	2.26200e+03	-2.06242e-02	6.44000e+02
2263	6.43259e+02	2.26300e+03	-2.06187e-02	6.44333e+02
2264	6.43588e+02	2.26400e+03	-2.06224e-02	6.44667e+02
2265	6.43923e+02	2.26500e+03	-2.06275e-02	6.45000e+02
2266	6.44266e+02	2.26600e+03	-2.06348e-02	6.45333e+02
2267	6.44585e+02	2.26700e+03	-2.06437e-02	6.45667e+02
2268	6.44926e+02	2.26800e+03	-2.06601e-02	6.46000e+02
2269	6.45252e+02	2.26900e+03	-2.06712e-02	6.46333e+02
2270	6.45586e+02	2.27000e+03	-2.06802e-02	6.46667e+02
2271	6.45916e+02	2.27100e+03	-2.06882e-02	6.47000e+02
2272	6.46256e+02	2.27200e+03	-2.06943e-02	6.47333e+02
2273	6.46586e+02	2.27300e+03	-2.07019e-02	6.47667e+02
2274	6.46918e+02	2.27400e+03	-2.07087e-02	6.48000e+02
2275	6.47241e+02	2.27500e+03	-2.07147e-02	6.48333e+02
2276	6.47583e+02	2.27600e+03	-2.07195e-02	6.48667e+02
2277	6.47925e+02	2.27700e+03	-2.07222e-02	6.49000e+02
2278	6.48268e+02	2.27800e+03	-2.07214e-02	6.49333e+02
2279	6.48586e+02	2.27900e+03	-2.07182e-02	6.49667e+02
2280	6.48916e+02	2.28000e+03	-2.07068e-02	6.50000e+02
2281	6.49253e+02	2.28100e+03	-2.06952e-02	6.50333e+02
2282	6.49588e+02	2.28200e+03	-2.06815e-02	6.50667e+02
2283	6.49917e+02	2.28300e+03	-2.06669e-02	6.51000e+02
2284	6.50240e+02	2.28400e+03	-2.06452e-02	6.51333e+02
2285	6.50569e+02	2.28500e+03	-2.06316e-02	6.51667e+02
2286	6.50905e+02	2.28600e+03	-2.06217e-02	6.52000e+02
2287	6.51243e+02	2.28700e+03	-2.06124e-02	6.52333e+02
2288	6.51567e+02	2.28800e+03	-2.06103e-02	6.52667e+02
2289	6.51908e+02	2.28900e+03	-2.06063e-02	6.53000e+02
2290	6.52245e+02	2.29000e+03	-2.06020e-02	6.53333e+02
2291	6.52567e+02	2.29100e+03	-2.05973e-02	6.53667e+02
2292	6.52904e+02	2.29200e+03	-2.05970e-02	6.54000e+02
2293	6.53238e+02	2.29300e+03	-2.05970e-02	6.54333e+02
2294	6.53571e+02	2.29400e+03	-2.05988e-02	6.54667e+02
2295	6.53913e+02	2.29500e+03	-2.06020e-02	6.55000e+02
2296	6.54238e+02	2.29600e+03	-2.06072e-02	6.55333e+02
2297	6.54562e+02	2.29700e+03	-2.06098e-02	6.55667e+02
2298	6.54899e+02	2.29800e+03	-2.06091e-02	6.56000e+02
2299	6.55240e+02	2.29900e+03	-2.06055e-02	6.56333e+02
2300	6.55562e+02	2.30000e+03	-2.05964e-02	6.56667e+02
2301	6.55891e+02	2.30100e+03	-2.05888e-02	6.57000e+02
2302	6.56236e+02	2.30200e+03	-2.05827e-02	6.57333e+02
2303	6.56579e+02	2.30300e+03	-2.05775e-02	6.57667e+02
2304	6.56897e+02	2.30400e+03	-2.05672e-02	6.58000e+02
2305	6.57233e+02	2.30500e+03	-2.05611e-02	6.58333e+02
2306	6.57566e+02	2.30600e+03	-2.05576e-02	6.58667e+02
2307	6.57909e+02	2.30700e+03	-2.05551e-02	6.59000e+02
2308	6.58241e+02	2.30800e+03	-2.05598e-02	6.59333e+02
2309	6.58561e+02	2.30900e+03	-2.05631e-02	6.59667e+02
2310	6.58898e+02	2.31000e+03	-2.05661e-02	6.60000e+02
2311	6.59232e+02	2.31100e+03	-2.05687e-02	6.60333e+02
2312	6.59563e+02	2.31200e+03	-2.05664e-02	6.60667e+02
2313	6.59888e+02	2.31300e+03	-2.05571e-02	6.61000e+02
2314	6.60224e+02	2.31400e+03	-2.05431e-02	6.61333e+02
2315	6.60565e+02	2.31500e+03	-2.05270e-02	6.61667e+02
2316	6.60890e+02	2.31600e+03	-2.04970e-02	6.62000e+02
2317	6.61218e+02	2.31700e+03	-2.04799e-02	6.62333e+02
2318	6.61544e+02	2.31800e+03	-2.04708e-02	6.62667e+02
2319	6.61888e+02	2.31900e+03	-2.04655e-02	6.63000e+02
2320	6.62230e+02	2.32000e+03	-2.04765e-02	6.63333e+02
2321	6.62549e+02	2.32100e+03	-2.04888e-02	6.63667e+02
2322	6.62881e+02	2.32200e+03	-2.05066e-02	6.64000e+02
2323	6.63208e+02	2.32300e+03	-2.05281e-02	6.64333e+02
2324	6.63550e+02	2.32400e+03	-2.05684e-02	6.64667e+02
2325	6.63875e+02	2.32500e+03	-2.05978e-02	6.65000e+02
2326	6.64212e+02	2.32600e+03	-2.06239e-02	6.65333e+02
2327	6.64543e+02	2.32700e+03	-2.06480e-02	6.65667e+02
2328	6.64881e+02	2.32800e+03	-2.06619e-02	6.66000e+02
2329	6.65203e+02	2.32900e+03	-2.06728e-02	6.66333e+02
2330	6.65532e+02	2.33000e+03	-2.06803e-02	6.66667e+02
2331	6.65873e+02	2.33100e+03	-2.06854e-02	6.67000e+02
2332	6.66208e+02	2.33200e+03	-2.06734e-02	6.67333e+02
2333	6.66527e+02	2.33300e+03	-2.06697e-02	6.67667e+02
2334	6.66871e+02	2.33400e+03	-2.06691e-02	6.68000e+02
2335	6.67197e+02	2.33500e+03	-2.06697e-02	6.68333e+02
2336	6.67540e+02	2.33600e+03	-2.06683e-02	6.68667e+02
2337	6.67865e+02	2.33700e+03	-2.06642e-02	6.69000e+02
2338	6.68198e+02	2.33800e+03	-2.06574e-02	6.69333e+02
2339	6.68537e+02	2.33900e+03	-2.06495e-02	6.69667e+02
2340	6.68871e+02	2.34000e+03	-2.06388e-02	6.70000e+02
2341	6.69201e+02	2.34100e+03	-2.06317e-02	6.70333e+02
2342	6.69526e+02	2.34200e+03	-2.06288e-02	6.70667e+02
2343	6.69858e+02	2.34300e+03	-2.06287e-02	6.71000e+02
2344	6.70199e+02	2.34400e+03	-2.06336e-02	6.71333e+02
2345	6.70531e+02	2.34500e+03	-2.06373e-02	6.71667e+02
2346	6.70857e+02	2.34600e+03	-2.06389e-02	6.72000e+02
2347	6.71190e+02	2.34700e+03	-2.06392e-02	6.72333e+02
2348	6.71530e+02	2.34800e+03	-2.06417e-02	6.72667e+02
2349	6.71862e+02	2.34900e+03	-2.06406e-02	6.73000e+02
2350	6.72189e+02	2.35000e+03	-2.06382e-02	6.73333e+02
2351	6.72520e+02	2.35100e+03	-2.06339e-02	6.73667e+02
2352	6.72864e+02	2.35200e+03	-2.06171e-02	6.74000e+02
2353	6.73194e+02	2.35300e+03	-2.06036e-02	6.74333e+02
2354	6.73518e+02	2.35400e+03	-2.05928e-02	6.74667e+02
2355	6.73854e+02	2.35500e+03	-2.05850e-02	6.75000e+02
2356	6.74190e+02	2.35600e+03	-2.05789e-02	6.75333e+02
2357	6.74526e+02	2.35700e+03	-2.05779e-02	6.75667e+02
2358	6.74857e+02	2.35800e+03	-2.05806e-02	6.76000e+02
2359	6.75184e+02	2.35900e+03	-2.05854e-02	6.76333e+02
2360	6.75523e+02	2.36000e+03	-2.06051e-02	6.76667e+02
2361	6.75855e+02	2.36100e+03	-2.06170e-02	6.77000e+02
2362	6.76180e+02	2.36200e+03	-2.06276e-02	6.77333e+02
2363	6.76518e+02	2.36300e+03	-2.06389e-02	6.77667e+02
2364	6.76853e+02	2.36400e+03	-2.06503e-02	6.78000e+02
2365	6.77185e+02	2.36500e+03	-2.06611e-02	6.78333e+02
2366	6.77519e+02	2.36600e+03	-2.06716e-02	6.78667e+02
2367	6.77852e+02	2.36700e+03	-2.06813e-02	6.79000e+02
2368	6.78180e+02	2.36800e+03	-2.06897e-02	6.79333e+02
2369	6.78516e+02	2.36900e+03	-2.07003e-02	6.79667e+02
2370	6.78850e+02	2.37000e+03	-2.07128e-02	6.80000e+02
2371	6.79177e+02	2.37100e+03	-2.07268e-02	6.80333e+02
2372	6.79511e+02	2.37200e+03	-2.07488e-02	6.80667e+02
2373	6.79855e+02	2.37300e+03	-2.07712e-02	6.81000e+02
2374	6.80180e+02	2.37400e+03	-2.07921e-02	6.81333e+02
2375	6.80514e+02	2.37500e+03	-2.08114e-02	6.81667e+02
2376	6.80851e+02	2.37600e+03	-2.08258e-02	6.82000e+02
2377	6.81196e+02	2.37700e+03	-2.08277e-02	6.82333e+02
2378	6.81525e+02	2.37800e+03	-2.08213e-02	6.82667e+02
2379	6.81853e+02	2.37900e+03	-2.08102e-02	6.83000e+02
2380	6.82192e+02	2.38000e+03	-2.07731e-02	6.83333e+02
2381	6.82527e+02	2.38100e+03	-2.07513e-02	6.83667e+02
2382	6.82861e+02	2.38200e+03	-2.07357e-02	6.84000e+02
2383	6.83189e+02	2.38300e+03	-2.07237e-02	6.84333e+02
2384	6.83527e+02	2.38400e+03	-2.07220e-02	6.84667e+02
2385	6.83863e+02	2.38500e+03	-2.07212e-02	6.85000e+02
2386	6.84194e+02	2.38600e+03	-2.07226e-02	6.85333e+02
2387	6.84521e+02	2.38700e+03	-2.07261e-02	6.85667e+02
2388	6.84850e+02	2.38800e+03	-2.07440e-02	6.86000e+02
2389	6.85184e+02	2.38900e+03	-2.07553e-02	6.86333e+02
2390	6.85520e+02	2.39000e+03	-2.07656e-02	6.86667e+02
2391	6.85857e+02	2.39100e+03	-2.07753e-02	6.87000e+02
2392	6.86186e+02	2.39200e+03	-2.07853e-02	6.87333e+02
2393	6.86515e+02	2.39300e+03	-2.07950e-02	6.87667e+02
2394	6.86852e+02	2.39400e+03	-2.08042e-02	6.88000e+02
2395	6.87193e+02	2.39500e+03	-2.08137e-02	6.88333e+02
2396	6.87522e+02	2.39600e+03	-2.08213e-02	6.88667e+02
2397	6.87851e+02	2.39700e+03	-2.08291e-02	6.89000e+02
2398	6.88185e+02	2.39800e+03	-2.08367e-02	6.89333e+02
2399	6.88525e+02	2.39900e+03	-2.08432e-02	6.89667e+02
2400	6.88857e+02	2.40000e+03	-2.08487e-02	6.90000e+02
2401	6.89191e+02	2.40100e+03	-2.08559e-02	6.90333e+02
2402	6.89520e+02	2.40200e+03	-2.08654e-02	6.90667e+02
2403	6.89854e+02	2.40300e+03	-2.08778e-02	6.91000e+02
2404	6.90197e+02	2.40400e+03	-2.08962e-02	6.91333e+02
2405	6.90337e+02	2.40500e+03	-2.09139e-02	6.91667e+02
2406	6.90456e+02	2.40600e+03	-2.09317e-02	6.92000e+02
2407	6.90654e+02	2.40700e+03	-2.09486e-02	6.92333e+02
2408	6.90902e+02	2.40800e+03	-2.09648e-02	6.92667e+02
2409	6.91154e+02	2.40900e+03	-2.09748e-02	6.93000e+02
2410	6.91391e+02	2.41000e+03	-2.09795e-02	6.93333e+02
2411	6.91625e+02	2.41100e+03	-2.09805e-02	6.93667e+02
2412	6.91863e+02	2.41200e+03	-2.09633e-02	6.94000e+02
2413	6.92073e+02	2.41300e+03	-2.09577e-02	6.94333e+02
2414	6.92279e+02	2.41400e+03	-2.09576e-02	6.94667e+02
2415	6.92489e+02	2.41500e+03	-2.09595e-02	6.95000e+02
2416	6.92687e+02	2.41600e+03	-2.09614e-02	6.95333e+02
2417	6.92865e+02	2.41700e+03	-2.09637e-02	6.95667e+02
2418	6.93056e+02	2.41800e+03	-2.09641e-02	6.96000e+02
2419	6.93234e+02	2.41900e+03	-2.09633e-02	6.96333e+02
2420	6.93409e+02	2.42000e+03	-2.09601e-02	6.96667e+02
2421	6.93575e+02	2.42100e+03	-2.09518e-02	6.97000e+02
2422	6.93729e+02	2.42200e+03	-2.09412e-02	6.97333e+02
2423	6.93893e+02	2.42300e+03	-2.09286e-02	6.97667e+02
2424	6.94042e+02	2.42400e+03	-2.09059e-02	6.98000e+02
2425	6.94191e+02	2.42500e+03	-2.08912e-02	6.98333e+02
2426	6.94337e+02	2.42600e+03	-2.08774e-02	6.98667e+02
2427	6.94482e+02	2.42700e+03	-2.08628e-02	6.99000e+02
2428	6.94612e+02	2.42800e+03	-2.08526e-02	6.99333e+02
2429	6.94737e+02	2.42900e+03	-2.08407e-02	6.99667e+02
2430	6.94878e+02	2.43000e+03	-2.08291e-02	7.00000e+02
