Index	Ts	t	Weight	Tr
[#]	[°C]	[s]	[mg]	[°C]
681	1.30360e+02	6.81000e+02	2.94763	130.5
682	1.30871e+02	6.82000e+02	2.94757	131.0
683	1.31358e+02	6.83000e+02	2.94751	131.5
684	1.31875e+02	6.84000e+02	2.94743	132.0
685	1.32384e+02	6.85000e+02	2.94737	132.5
686	1.32875e+02	6.86000e+02	2.9473	133.0
687	1.33380e+02	6.87000e+02	2.94724	133.5
688	1.33881e+02	6.88000e+02	2.94719	134.0
689	1.34381e+02	6.89000e+02	2.94715	134.5
690	1.34895e+02	6.90000e+02	2.9471	135.0
691	1.35397e+02	6.91000e+02	2.94706	135.5
692	1.35903e+02	6.92000e+02	2.94702	136.0
693	1.36412e+02	6.93000e+02	2.94695	136.5
694	1.36920e+02	6.94000e+02	2.94688	137.0
695	1.37418e+02	6.95000e+02	2.9468	137.5
696	1.37913e+02	6.96000e+02	2.9467	138.0
697	1.38417e+02	6.97000e+02	2.94661	138.5
698	1.38921e+02	6.98000e+02	2.94653	139.0
699	1.39422e+02	6.99000e+02	2.94645	139.5
700	1.39940e+02	7.00000e+02	2.94637	140.0
701	1.40435e+02	7.01000e+02	2.94629	140.5
702	1.40935e+02	7.02000e+02	2.94621	141.0
703	1.41436e+02	7.03000e+02	2.94613	141.5
704	1.41942e+02	7.04000e+02	2.94604	142.0
705	1.42448e+02	7.05000e+02	2.94595	142.5
706	1.42953e+02	7.06000e+02	2.94586	143.0
707	1.43464e+02	7.07000e+02	2.94577	143.5
708	1.43961e+02	7.08000e+02	2.94567	144.0
709	1.44468e+02	7.09000e+02	2.94556	144.5
710	1.44978e+02	7.10000e+02	2.94545	145.0
711	1.45473e+02	7.11000e+02	2.94533	145.5
712	1.45979e+02	7.12000e+02	2.94519	146.0
713	1.46494e+02	7.13000e+02	2.94507	146.5
714	1.46971e+02	7.14000e+02	2.94494	147.0
715	1.47493e+02	7.15000e+02	2.9448	147.5
716	1.47987e+02	7.16000e+02	2.94466	148.0
717	1.48485e+02	7.17000e+02	2.94452	148.5
718	1.48995e+02	7.18000e+02	2.94437	149.0
719	1.49506e+02	7.19000e+02	2.94422	149.5
720	1.50008e+02	7.20000e+02	2.94404	150.0
721	1.50510e+02	7.21000e+02	2.94387	150.5
722	1.51017e+02	7.22000e+02	2.9437	151.0
723	1.51526e+02	7.23000e+02	2.94352	151.5
724	1.52013e+02	7.24000e+02	2.94333	152.0
725	1.52529e+02	7.25000e+02	2.94314	152.5
726	1.53038e+02	7.26000e+02	2.94294	153.0
727	1.53538e+02	7.27000e+02	2.94273	153.5
728	1.54037e+02	7.28000e+02	2.94252	154.0
729	1.54556e+02	7.29000e+02	2.94231	154.5
730	1.55058e+02	7.30000e+02	2.9421	155.0
731	1.55553e+02	7.31000e+02	2.94189	155.5
732	1.56058e+02	7.32000e+02	2.94168	156.0
733	1.56564e+02	7.33000e+02	2.94147	156.5
734	1.57076e+02	7.34000e+02	2.94126	157.0
735	1.57587e+02	7.35000e+02	2.94105	157.5
736	1.58090e+02	7.36000e+02	2.94083	158.0
737	1.58597e+02	7.37000e+02	2.94061	158.5
738	1.59100e+02	7.38000e+02	2.94039	159.0
739	1.59609e+02	7.39000e+02	2.94017	159.5
740	1.60115e+02	7.40000e+02	2.93994	160.0
741	1.60626e+02	7.41000e+02	2.93971	160.5
742	1.61131e+02	7.42000e+02	2.93948	161.0
743	1.61639e+02	7.43000e+02	2.93924	161.5
744	1.62134e+02	7.44000e+02	2.93899	162.0
745	1.62640e+02	7.45000e+02	2.93875	162.5
746	1.63148e+02	7.46000e+02	2.9385	163.0
747	1.63661e+02	7.47000e+02	2.93825	163.5
748	1.64174e+02	7.48000e+02	2.93799	164.0
749	1.64666e+02	7.49000e+02	2.93773	164.5
750	1.65181e+02	7.50000e+02	2.93747	165.0
751	1.65684e+02	7.51000e+02	2.93721	165.5
752	1.66192e+02	7.52000e+02	2.93694	166.0
753	1.66711e+02	7.53000e+02	2.93666	166.5
754	1.67214e+02	7.54000e+02	2.93637	167.0
755	1.67730e+02	7.55000e+02	2.93608	167.5
756	1.68225e+02	7.56000e+02	2.93577	168.0
757	1.68746e+02	7.57000e+02	2.93546	168.5
758	1.69247e+02	7.58000e+02	2.93515	169.0
759	1.69756e+02	7.59000e+02	2.93484	169.5
760	1.70271e+02	7.60000e+02	2.93451	170.0
761	1.70769e+02	7.61000e+02	2.93418	170.5
762	1.71265e+02	7.62000e+02	2.93384	171.0
763	1.71777e+02	7.63000e+02	2.9335	171.5
764	1.72279e+02	7.64000e+02	2.93314	172.0
765	1.72781e+02	7.65000e+02	2.93278	172.5
766	1.73285e+02	7.66000e+02	2.93241	173.0
767	1.73804e+02	7.67000e+02	2.93203	173.5
768	1.74314e+02	7.68000e+02	2.93162	174.0
769	1.74822e+02	7.69000e+02	2.9312	174.5
770	1.75321e+02	7.70000e+02	2.93078	175.0
771	1.75836e+02	7.71000e+02	2.93035	175.5
772	1.76339e+02	7.72000e+02	2.92988	176.0
773	1.76845e+02	7.73000e+02	2.92943	176.5
774	1.77354e+02	7.74000e+02	2.92898	177.0
775	1.77862e+02	7.75000e+02	2.92853	177.5
776	1.78371e+02	7.76000e+02	2.92806	178.0
777	1.78877e+02	7.77000e+02	2.92757	178.5
778	1.79400e+02	7.78000e+02	2.92706	179.0
779	1.79900e+02	7.79000e+02	2.92653	179.5
780	1.80397e+02	7.80000e+02	2.92592	180.0
781	1.80921e+02	7.81000e+02	2.92532	180.5
782	1.81420e+02	7.82000e+02	2.92469	181.0
783	1.81924e+02	7.83000e+02	2.92405	181.5
784	1.82434e+02	7.84000e+02	2.9233	182.0
785	1.82941e+02	7.85000e+02	2.92256	182.5
786	1.83444e+02	7.86000e+02	2.92179	183.0
787	1.83949e+02	7.87000e+02	2.921	183.5
788	1.84467e+02	7.88000e+02	2.92013	184.0
789	1.84977e+02	7.89000e+02	2.91929	184.5
790	1.85468e+02	7.90000e+02	2.91844	185.0
791	1.85983e+02	7.91000e+02	2.91759	185.5
792	1.86500e+02	7.92000e+02	2.91666	186.0
793	1.86997e+02	7.93000e+02	2.91569	186.5
794	1.87517e+02	7.94000e+02	2.91466	187.0
795	1.88023e+02	7.95000e+02	2.91357	187.5
796	1.88527e+02	7.96000e+02	2.91228	188.0
797	1.89024e+02	7.97000e+02	2.91101	188.5
798	1.89540e+02	7.98000e+02	2.90971	189.0
799	1.90040e+02	7.99000e+02	2.90839	189.5
800	1.90558e+02	8.00000e+02	2.90694	190.0
801	1.91064e+02	8.01000e+02	2.90559	190.5
802	1.91558e+02	8.02000e+02	2.90428	191.0
803	1.92076e+02	8.03000e+02	2.90297	191.5
804	1.92582e+02	8.04000e+02	2.90174	192.0
805	1.93086e+02	8.05000e+02	2.90045	192.5
806	1.93594e+02	8.06000e+02	2.89914	193.0
807	1.94105e+02	8.07000e+02	2.89781	193.5
808	1.94609e+02	8.08000e+02	2.89644	194.0
809	1.95122e+02	8.09000e+02	2.89506	194.5
810	1.95631e+02	8.10000e+02	2.89366	195.0
811	1.96143e+02	8.11000e+02	2.89226	195.5
812	1.96645e+02	8.12000e+02	2.8908	196.0
813	1.97155e+02	8.13000e+02	2.88937	196.5
814	1.97661e+02	8.14000e+02	2.88794	197.0
815	1.98172e+02	8.15000e+02	2.88651	197.5
816	1.98685e+02	8.16000e+02	2.8851	198.0
817	1.99187e+02	8.17000e+02	2.8837	198.5
818	1.99705e+02	8.18000e+02	2.8823	199.0
819	2.00205e+02	8.19000e+02	2.88091	199.5
820	2.00712e+02	8.20000e+02	2.87955	200.0
821	2.01224e+02	8.21000e+02	2.87819	200.5
822	2.01735e+02	8.22000e+02	2.87684	201.0
823	2.02251e+02	8.23000e+02	2.8755	201.5
824	2.02758e+02	8.24000e+02	2.87423	202.0
825	2.03265e+02	8.25000e+02	2.87297	202.5
826	2.03767e+02	8.26000e+02	2.87174	203.0
827	2.04288e+02	8.27000e+02	2.87053	203.5
828	2.04789e+02	8.28000e+02	2.86944	204.0
829	2.05305e+02	8.29000e+02	2.86833	204.5
830	2.05810e+02	8.30000e+02	2.86725	205.0
831	2.06321e+02	8.31000e+02	2.86618	205.5
832	2.06836e+02	8.32000e+02	2.86522	206.0
833	2.07351e+02	8.33000e+02	2.86425	206.5
834	2.07847e+02	8.34000e+02	2.8633	207.0
835	2.08359e+02	8.35000e+02	2.86236	207.5
836	2.08858e+02	8.36000e+02	2.86153	208.0
837	2.09380e+02	8.37000e+02	2.86069	208.5
838	2.09880e+02	8.38000e+02	2.85987	209.0
839	2.10399e+02	8.39000e+02	2.85907	209.5
840	2.10902e+02	8.40000e+02	2.85839	210.0
841	2.11405e+02	8.41000e+02	2.85769	210.5
842	2.11929e+02	8.42000e+02	2.85702	211.0
843	2.12429e+02	8.43000e+02	2.85636	211.5
844	2.12940e+02	8.44000e+02	2.85579	212.0
845	2.13455e+02	8.45000e+02	2.8552	212.5
846	2.13970e+02	8.46000e+02	2.85462	213.0
847	2.14466e+02	8.47000e+02	2.85405	213.5
848	2.14980e+02	8.48000e+02	2.85354	214.0
849	2.15501e+02	8.49000e+02	2.85303	214.5
850	2.16020e+02	8.50000e+02	2.85254	215.0
851	2.16523e+02	8.51000e+02	2.85205	215.5
852	2.17018e+02	8.52000e+02	2.85162	216.0
853	2.17532e+02	8.53000e+02	2.85118	216.5
854	2.18028e+02	8.54000e+02	2.85074	217.0
855	2.18541e+02	8.55000e+02	2.85031	217.5
856	2.19065e+02	8.56000e+02	2.84992	218.0
857	2.19560e+02	8.57000e+02	2.84953	218.5
858	2.20079e+02	8.58000e+02	2.84916	219.0
859	2.20584e+02	8.59000e+02	2.84879	219.5
860	2.21108e+02	8.60000e+02	2.84847	220.0
861	2.21610e+02	8.61000e+02	2.84812	220.5
862	2.22119e+02	8.62000e+02	2.84777	221.0
863	2.22617e+02	8.63000e+02	2.84743	221.5
864	2.23119e+02	8.64000e+02	2.84708	222.0
865	2.23633e+02	8.65000e+02	2.84674	222.5
866	2.24143e+02	8.66000e+02	2.8464	223.0
867	2.24633e+02	8.67000e+02	2.84606	223.5
868	2.25123e+02	8.68000e+02	2.84572	224.0
869	2.25615e+02	8.69000e+02	2.84539	224.5
870	2.26117e+02	8.70000e+02	2.84506	225.0
871	2.26618e+02	8.71000e+02	2.84474	225.5
872	2.27112e+02	8.72000e+02	2.84442	226.0
873	2.27623e+02	8.73000e+02	2.84409	226.5
874	2.28122e+02	8.74000e+02	2.84375	227.0
875	2.28630e+02	8.75000e+02	2.8434	227.5
876	2.29117e+02	8.76000e+02	2.84303	228.0
877	2.29644e+02	8.77000e+02	2.84265	228.5
878	2.30153e+02	8.78000e+02	2.84228	229.0
879	2.30651e+02	8.79000e+02	2.8419	229.5
880	2.31160e+02	8.80000e+02	2.84148	230.0
881	2.31661e+02	8.81000e+02	2.84108	230.5
882	2.32167e+02	8.82000e+02	2.84067	231.0
883	2.32678e+02	8.83000e+02	2.84026	231.5
884	2.33177e+02	8.84000e+02	2.83986	232.0
885	2.33702e+02	8.85000e+02	2.83948	232.5
886	2.34208e+02	8.86000e+02	2.83911	233.0
887	2.34731e+02	8.87000e+02	2.83875	233.5
888	2.35274e+02	8.88000e+02	2.83843	234.0
889	2.35802e+02	8.89000e+02	2.83809	234.5
890	2.36372e+02	8.90000e+02	2.83774	235.0
891	2.36879e+02	8.91000e+02	2.83738	235.5
892	2.37397e+02	8.92000e+02	2.83702	236.0
893	2.37910e+02	8.93000e+02	2.83666	236.5
894	2.38423e+02	8.94000e+02	2.83628	237.0
895	2.38968e+02	8.95000e+02	2.8359	237.5
896	2.39494e+02	8.96000e+02	2.8355	238.0
897	2.40024e+02	8.97000e+02	2.83511	238.5
898	2.40517e+02	8.98000e+02	2.83473	239.0
899	2.41050e+02	8.99000e+02	2.83435	239.5
900	2.41577e+02	9.00000e+02	2.83398	240.0
901	2.42089e+02	9.01000e+02	2.83361	240.5
902	2.42610e+02	9.02000e+02	2.83325	241.0
903	2.43142e+02	9.03000e+02	2.83289	241.5
904	2.43679e+02	9.04000e+02	2.83256	242.0
905	2.44188e+02	9.05000e+02	2.83221	242.5
906	2.44734e+02	9.06000e+02	2.83187	243.0
907	2.45222e+02	9.07000e+02	2.83153	243.5
908	2.45735e+02	9.08000e+02	2.83121	244.0
909	2.46238e+02	9.09000e+02	2.83087	244.5
910	2.46750e+02	9.10000e+02	2.83054	245.0
911	2.47255e+02	9.11000e+02	2.83021	245.5
912	2.47766e+02	9.12000e+02	2.82988	246.0
913	2.48276e+02	9.13000e+02	2.82955	246.5
914	2.48797e+02	9.14000e+02	2.82923	247.0
915	2.49300e+02	9.15000e+02	2.82891	247.5
916	2.49816e+02	9.16000e+02	2.8286	248.0
917	2.50351e+02	9.17000e+02	2.82831	248.5
918	2.50874e+02	9.18000e+02	2.82802	249.0
919	2.51388e+02	9.19000e+02	2.82773	249.5
920	2.51902e+02	9.20000e+02	2.82747	250.0
921	2.52436e+02	9.21000e+02	2.8272	250.5
922	2.52967e+02	9.22000e+02	2.82693	251.0
923	2.53478e+02	9.23000e+02	2.82666	251.5
924	2.53988e+02	9.24000e+02	2.82641	252.0
925	2.54489e+02	9.25000e+02	2.82616	252.5
926	2.54994e+02	9.26000e+02	2.8259	253.0
927	2.55515e+02	9.27000e+02	2.82565	253.5
928	2.56024e+02	9.28000e+02	2.8254	254.0
929	2.56491e+02	9.29000e+02	2.82515	254.5
930	2.56971e+02	9.30000e+02	2.82489	255.0
931	2.57473e+02	9.31000e+02	2.82464	255.5
932	2.57986e+02	9.32000e+02	2.82437	256.0
933	2.58496e+02	9.33000e+02	2.82413	256.5
934	2.58997e+02	9.34000e+02	2.82388	257.0
935	2.59513e+02	9.35000e+02	2.82364	257.5
936	2.60039e+02	9.36000e+02	2.82342	258.0
937	2.60555e+02	9.37000e+02	2.82318	258.5
938	2.61086e+02	9.38000e+02	2.82294	259.0
939	2.61581e+02	9.39000e+02	2.82269	259.5
940	2.62099e+02	9.40000e+02	2.82244	260.0
941	2.62583e+02	9.41000e+02	2.8222	260.5
942	2.63100e+02	9.42000e+02	2.82195	261.0
943	2.63622e+02	9.43000e+02	2.8217	261.5
944	2.64111e+02	9.44000e+02	2.82143	262.0
945	2.64641e+02	9.45000e+02	2.82116	262.5
946	2.65152e+02	9.46000e+02	2.82088	263.0
947	2.65670e+02	9.47000e+02	2.82061	263.5
948	2.66191e+02	9.48000e+02	2.82031	264.0
949	2.66710e+02	9.49000e+02	2.82003	264.5
950	2.67221e+02	9.50000e+02	2.81975	265.0
951	2.67735e+02	9.51000e+02	2.81947	265.5
952	2.68255e+02	9.52000e+02	2.8192	266.0
953	2.68761e+02	9.53000e+02	2.81892	266.5
954	2.69280e+02	9.54000e+02	2.81864	267.0
955	2.69778e+02	9.55000e+02	2.81836	267.5
956	2.70275e+02	9.56000e+02	2.81807	268.0
957	2.70787e+02	9.57000e+02	2.8178	268.5
958	2.71318e+02	9.58000e+02	2.81752	269.0
959	2.71845e+02	9.59000e+02	2.81724	269.5
960	2.72336e+02	9.60000e+02	2.81697	270.0
961	2.72831e+02	9.61000e+02	2.81668	270.5
962	2.73324e+02	9.62000e+02	2.81639	271.0
963	2.73832e+02	9.63000e+02	2.81609	271.5
964	2.74352e+02	9.64000e+02	2.81577	272.0
965	2.74874e+02	9.65000e+02	2.81546	272.5
966	2.75369e+02	9.66000e+02	2.81514	273.0
967	2.75924e+02	9.67000e+02	2.81482	273.5
968	2.76452e+02	9.68000e+02	2.81447	274.0
969	2.76963e+02	9.69000e+02	2.81413	274.5
970	2.77490e+02	9.70000e+02	2.81377	275.0
971	2.77991e+02	9.71000e+02	2.8134	275.5
972	2.78517e+02	9.72000e+02	2.81301	276.0
973	2.79045e+02	9.73000e+02	2.81261	276.5
974	2.79571e+02	9.74000e+02	2.81222	277.0
975	2.80105e+02	9.75000e+02	2.81181	277.5
976	2.80630e+02	9.76000e+02	2.81139	278.0
977	2.81140e+02	9.77000e+02	2.81096	278.5
978	2.81638e+02	9.78000e+02	2.81053	279.0
979	2.82142e+02	9.79000e+02	2.81009	279.5
980	2.82666e+02	9.80000e+02	2.80961	280.0
981	2.83164e+02	9.81000e+02	2.80914	280.5
982	2.83666e+02	9.82000e+02	2.80866	281.0
983	2.84173e+02	9.83000e+02	2.80817	281.5
984	2.84667e+02	9.84000e+02	2.80763	282.0
985	2.85153e+02	9.85000e+02	2.80709	282.5
986	2.85649e+02	9.86000e+02	2.80653	283.0
987	2.86137e+02	9.87000e+02	2.80596	283.5
988	2.86633e+02	9.88000e+02	2.80533	284.0
989	2.87161e+02	9.89000e+02	2.8047	284.5
990	2.87663e+02	9.90000e+02	2.80405	285.0
991	2.88158e+02	9.91000e+02	2.8034	285.5
992	2.88678e+02	9.92000e+02	2.80267	286.0
993	2.89194e+02	9.93000e+02	2.80195	286.5
994	2.89704e+02	9.94000e+02	2.80122	287.0
995	2.90224e+02	9.95000e+02	2.80048	287.5
996	2.90724e+02	9.96000e+02	2.79967	288.0
997	2.91224e+02	9.97000e+02	2.79886	288.5
998	2.91732e+02	9.98000e+02	2.79803	289.0
999	2.92261e+02	9.99000e+02	2.79719	289.5
1000	2.92781e+02	1.00000e+03	2.79627	290.0
1001	2.93312e+02	1.00100e+03	2.79536	290.5
1002	2.93824e+02	1.00200e+03	2.79443	291.0
1003	2.94331e+02	1.00300e+03	2.79347	291.5
1004	2.94826e+02	1.00400e+03	2.7924	292.0
1005	2.95327e+02	1.00500e+03	2.79133	292.5
1006	2.95848e+02	1.00600e+03	2.79023	293.0
1007	2.96348e+02	1.00700e+03	2.78911	293.5
1008	2.96861e+02	1.00800e+03	2.78789	294.0
1009	2.97385e+02	1.00900e+03	2.78672	294.5
1010	2.97879e+02	1.01000e+03	2.78556	295.0
1011	2.98390e+02	1.01100e+03	2.78439	295.5
1012	2.98902e+02	1.01200e+03	2.78319	296.0
1013	2.99411e+02	1.01300e+03	2.78197	296.5
1014	2.99911e+02	1.01400e+03	2.78071	297.0
1015	3.00428e+02	1.01500e+03	2.77943	297.5
1016	3.00938e+02	1.01600e+03	2.77802	298.0
1017	3.01446e+02	1.01700e+03	2.77662	298.5
1018	3.01980e+02	1.01800e+03	2.77517	299.0
1019	3.02484e+02	1.01900e+03	2.7737	299.5
1020	3.02976e+02	1.02000e+03	2.77207	300.0
1021	3.03495e+02	1.02100e+03	2.77047	300.5
1022	3.04017e+02	1.02200e+03	2.76886	301.0
1023	3.04524e+02	1.02300e+03	2.76722	301.5
1024	3.05039e+02	1.02400e+03	2.76548	302.0
1025	3.05546e+02	1.02500e+03	2.76376	302.5
1026	3.06057e+02	1.02600e+03	2.76202	303.0
1027	3.06575e+02	1.02700e+03	2.76027	303.5
1028	3.07129e+02	1.02800e+03	2.75842	304.0
1029	3.07632e+02	1.02900e+03	2.75659	304.5
1030	3.08184e+02	1.03000e+03	2.75473	305.0
1031	3.08712e+02	1.03100e+03	2.75286	305.5
1032	3.09241e+02	1.03200e+03	2.75089	306.0
1033	3.09775e+02	1.03300e+03	2.74894	306.5
1034	3.10276e+02	1.03400e+03	2.74698	307.0
1035	3.10810e+02	1.03500e+03	2.74501	307.5
1036	3.11342e+02	1.03600e+03	2.74295	308.0
1037	3.11869e+02	1.03700e+03	2.7409	308.5
1038	3.12409e+02	1.03800e+03	2.73884	309.0
1039	3.12926e+02	1.03900e+03	2.73676	309.5
1040	3.13470e+02	1.04000e+03	2.73461	310.0
1041	3.14004e+02	1.04100e+03	2.73248	310.5
1042	3.14513e+02	1.04200e+03	2.73034	311.0
1043	3.15025e+02	1.04300e+03	2.7282	311.5
1044	3.15546e+02	1.04400e+03	2.72601	312.0
1045	3.16128e+02	1.04500e+03	2.72384	312.5
1046	3.16611e+02	1.04600e+03	2.72166	313.0
1047	3.17139e+02	1.04700e+03	2.71947	313.5
1048	3.17698e+02	1.04800e+03	2.71726	314.0
1049	3.18237e+02	1.04900e+03	2.71505	314.5
1050	3.18760e+02	1.05000e+03	2.71284	315.0
1051	3.19280e+02	1.05100e+03	2.71063	315.5
1052	3.19810e+02	1.05200e+03	2.70838	316.0
1053	3.20341e+02	1.05300e+03	2.70615	316.5
1054	3.20856e+02	1.05400e+03	2.70391	317.0
1055	3.21369e+02	1.05500e+03	2.70166	317.5
1056	3.21865e+02	1.05600e+03	2.6994	318.0
1057	3.22378e+02	1.05700e+03	2.69715	318.5
1058	3.22902e+02	1.05800e+03	2.6949	319.0
1059	3.23407e+02	1.05900e+03	2.69265	319.5
1060	3.23923e+02	1.06000e+03	2.69038	320.0
1061	3.24438e+02	1.06100e+03	2.68811	320.5
1062	3.24946e+02	1.06200e+03	2.68582	321.0
1063	3.25458e+02	1.06300e+03	2.68352	321.5
1064	3.25955e+02	1.06400e+03	2.68118	322.0
1065	3.26459e+02	1.06500e+03	2.67884	322.5
1066	3.26966e+02	1.06600e+03	2.67648	323.0
1067	3.27490e+02	1.06700e+03	2.67412	323.5
1068	3.27991e+02	1.06800e+03	2.67168	324.0
1069	3.28491e+02	1.06900e+03	2.66924	324.5
1070	3.29006e+02	1.07000e+03	2.66678	325.0
1071	3.29519e+02	1.07100e+03	2.6643	325.5
1072	3.30021e+02	1.07200e+03	2.6617	326.0
1073	3.30515e+02	1.07300e+03	2.6591	326.5
1074	3.31024e+02	1.07400e+03	2.65647	327.0
1075	3.31513e+02	1.07500e+03	2.6538	327.5
1076	3.32022e+02	1.07600e+03	2.65095	328.0
1077	3.32498e+02	1.07700e+03	2.64812	328.5
1078	3.32973e+02	1.07800e+03	2.64524	329.0
1079	3.33460e+02	1.07900e+03	2.64231	329.5
1080	3.33962e+02	1.08000e+03	2.63916	330.0
1081	3.34469e+02	1.08100e+03	2.63603	330.5
1082	3.34969e+02	1.08200e+03	2.63282	331.0
1083	3.35475e+02	1.08300e+03	2.62956	331.5
1084	3.35980e+02	1.08400e+03	2.626	332.0
1085	3.36474e+02	1.08500e+03	2.62246	332.5
1086	3.37010e+02	1.08600e+03	2.61884	333.0
1087	3.37518e+02	1.08700e+03	2.61515	333.5
1088	3.38025e+02	1.08800e+03	2.61109	334.0
1089	3.38540e+02	1.08900e+03	2.60707	334.5
1090	3.39032e+02	1.09000e+03	2.60297	335.0
1091	3.39536e+02	1.09100e+03	2.59881	335.5
1092	3.40043e+02	1.09200e+03	2.59426	336.0
1093	3.40532e+02	1.09300e+03	2.58977	336.5
1094	3.41026e+02	1.09400e+03	2.58519	337.0
1095	3.41533e+02	1.09500e+03	2.58054	337.5
1096	3.42069e+02	1.09600e+03	2.5755	338.0
1097	3.42579e+02	1.09700e+03	2.57049	338.5
1098	3.43071e+02	1.09800e+03	2.56537	339.0
1099	3.43605e+02	1.09900e+03	2.56016	339.5
1100	3.44113e+02	1.10000e+03	2.55446	340.0
1101	3.44630e+02	1.10100e+03	2.54879	340.5
1102	3.45178e+02	1.10200e+03	2.54299	341.0
1103	3.45690e+02	1.10300e+03	2.53707	341.5
1104	3.46199e+02	1.10400e+03	2.53054	342.0
1105	3.46699e+02	1.10500e+03	2.52406	342.5
1106	3.47173e+02	1.10600e+03	2.51743	343.0
1107	3.47657e+02	1.10700e+03	2.51068	343.5
1108	3.48164e+02	1.10800e+03	2.50326	344.0
1109	3.48690e+02	1.10900e+03	2.49593	344.5
1110	3.49202e+02	1.11000e+03	2.48846	345.0
1111	3.49717e+02	1.11100e+03	2.48086	345.5
1112	3.50195e+02	1.11200e+03	2.47259	346.0
1113	3.50740e+02	1.11300e+03	2.4644	346.5
1114	3.51232e+02	1.11400e+03	2.45606	347.0
1115	3.51747e+02	1.11500e+03	2.44758	347.5
1116	3.52248e+02	1.11600e+03	2.43839	348.0
1117	3.52772e+02	1.11700e+03	2.42928	348.5
1118	3.53264e+02	1.11800e+03	2.41999	349.0
1119	3.53735e+02	1.11900e+03	2.41055	349.5
1120	3.54219e+02	1.12000e+03	2.40034	350.0
1121	3.54719e+02	1.12100e+03	2.39021	350.5
1122	3.55212e+02	1.12200e+03	2.3799	351.0
1123	3.55701e+02	1.12300e+03	2.36943	351.5
1124	3.56211e+02	1.12400e+03	2.35812	352.0
1125	3.56712e+02	1.12500e+03	2.34693	352.5
1126	3.57252e+02	1.12600e+03	2.33556	353.0
1127	3.57770e+02	1.12700e+03	2.32404	353.5
1128	3.58241e+02	1.12800e+03	2.31169	354.0
1129	3.58701e+02	1.12900e+03	2.29944	354.5
1130	3.59191e+02	1.13000e+03	2.28702	355.0
1131	3.59668e+02	1.13100e+03	2.27445	355.5
1132	3.60185e+02	1.13200e+03	2.26105	356.0
1133	3.60691e+02	1.13300e+03	2.24776	356.5
1134	3.61184e+02	1.13400e+03	2.23429	357.0
1135	3.61656e+02	1.13500e+03	2.22065	357.5
1136	3.62133e+02	1.13600e+03	2.20615	358.0
1137	3.62568e+02	1.13700e+03	2.19174	358.5
1138	3.63047e+02	1.13800e+03	2.17714	359.0
1139	3.63546e+02	1.13900e+03	2.16238	359.5
1140	3.64093e+02	1.14000e+03	2.14671	360.0
1141	3.64590e+02	1.14100e+03	2.1312	360.5
1142	3.65018e+02	1.14200e+03	2.11551	361.0
1143	3.65474e+02	1.14300e+03	2.09968	361.5
1144	3.65961e+02	1.14400e+03	2.08306	362.0
1145	3.66445e+02	1.14500e+03	2.06656	362.5
1146	3.66932e+02	1.14600e+03	2.04991	363.0
1147	3.67417e+02	1.14700e+03	2.03311	363.5
1148	3.67915e+02	1.14800e+03	2.01558	364.0
1149	3.68411e+02	1.14900e+03	1.99815	364.5
1150	3.68896e+02	1.15000e+03	1.98056	365.0
1151	3.69390e+02	1.15100e+03	1.96282	365.5
1152	3.69885e+02	1.15200e+03	1.94433	366.0
1153	3.70406e+02	1.15300e+03	1.92592	366.5
1154	3.70917e+02	1.15400e+03	1.90735	367.0
1155	3.71440e+02	1.15500e+03	1.88863	367.5
1156	3.71945e+02	1.15600e+03	1.86914	368.0
1157	3.72436e+02	1.15700e+03	1.84977	368.5
1158	3.72925e+02	1.15800e+03	1.83026	369.0
1159	3.73414e+02	1.15900e+03	1.81061	369.5
1160	3.73908e+02	1.16000e+03	1.79023	370.0
1161	3.74412e+02	1.16100e+03	1.76996	370.5
1162	3.74950e+02	1.16200e+03	1.74955	371.0
1163	3.75422e+02	1.16300e+03	1.729	371.5
1164	3.75905e+02	1.16400e+03	1.70779	372.0
1165	3.76398e+02	1.16500e+03	1.68671	372.5
1166	3.76896e+02	1.16600e+03	1.66554	373.0
1167	3.77360e+02	1.16700e+03	1.64429	373.5
1168	3.77860e+02	1.16800e+03	1.62254	374.0
1169	3.78357e+02	1.16900e+03	1.60089	374.5
1170	3.78845e+02	1.17000e+03	1.57913	375.0
1171	3.79335e+02	1.17100e+03	1.55726	375.5
1172	3.79837e+02	1.17200e+03	1.53491	376.0
1173	3.80329e+02	1.17300e+03	1.51256	376.5
1174	3.80830e+02	1.17400e+03	1.49007	377.0
1175	3.81329e+02	1.17500e+03	1.46747	377.5
1176	3.81812e+02	1.17600e+03	1.44428	378.0
1177	3.82292e+02	1.17700e+03	1.42123	378.5
1178	3.82803e+02	1.17800e+03	1.3981	379.0
1179	3.83305e+02	1.17900e+03	1.37488	379.5
1180	3.83799e+02	1.18000e+03	1.35121	380.0
1181	3.84312e+02	1.18100e+03	1.32761	380.5
1182	3.84843e+02	1.18200e+03	1.30395	381.0
1183	3.85361e+02	1.18300e+03	1.28023	381.5
1184	3.85869e+02	1.18400e+03	1.25621	382.0
1185	3.86385e+02	1.18500e+03	1.23235	382.5
1186	3.86906e+02	1.18600e+03	1.20852	383.0
1187	3.87428e+02	1.18700e+03	1.18471	383.5
1188	3.87957e+02	1.18800e+03	1.16094	384.0
1189	3.88454e+02	1.18900e+03	1.1372	384.5
1190	3.88938e+02	1.19000e+03	1.11353	385.0
1191	3.89427e+02	1.19100e+03	1.0899	385.5
1192	3.89929e+02	1.19200e+03	1.06649	386.0
1193	3.90412e+02	1.19300e+03	1.04308	386.5
1194	3.90902e+02	1.19400e+03	1.01974	387.0
1195	3.91435e+02	1.19500e+03	0.996464	387.5
1196	3.91949e+02	1.19600e+03	0.973483	388.0
1197	3.92461e+02	1.19700e+03	0.950466	388.5
1198	3.92962e+02	1.19800e+03	0.92753	389.0
1199	3.93480e+02	1.19900e+03	0.904672	389.5
1200	3.94022e+02	1.20000e+03	0.882173	390.0
1201	3.94579e+02	1.20100e+03	0.859675	390.5
1202	3.95097e+02	1.20200e+03	0.837305	391.0
1203	3.95624e+02	1.20300e+03	0.81504	391.5
1204	3.96125e+02	1.20400e+03	0.793314	392.0
1205	3.96657e+02	1.20500e+03	0.771557	392.5
1206	3.97151e+02	1.20600e+03	0.749963	393.0
1207	3.97692e+02	1.20700e+03	0.728511	393.5
1208	3.98194e+02	1.20800e+03	0.707791	394.0
1209	3.98703e+02	1.20900e+03	0.687035	394.5
1210	3.99195e+02	1.21000e+03	0.666489	395.0
1211	3.99727e+02	1.21100e+03	0.646128	395.5
1212	4.00230e+02	1.21200e+03	0.626698	396.0
1213	4.00731e+02	1.21300e+03	0.60717	396.5
1214	4.01234e+02	1.21400e+03	0.587862	397.0
1215	4.01726e+02	1.21500e+03	0.568754	397.5
1216	4.02222e+02	1.21600e+03	0.550681	398.0
1217	4.02737e+02	1.21700e+03	0.532499	398.5
1218	4.03256e+02	1.21800e+03	0.514561	399.0
1219	4.03753e+02	1.21900e+03	0.496843	399.5
1220	4.04256e+02	1.22000e+03	0.480254	400.0
1221	4.04745e+02	1.22100e+03	0.463537	400.5
1222	4.05231e+02	1.22200e+03	0.447077	401.0
1223	4.05737e+02	1.22300e+03	0.430849	401.5
1224	4.06275e+02	1.22400e+03	0.41583	402.0
1225	4.06837e+02	1.22500e+03	0.400667	402.5
1226	4.07363e+02	1.22600e+03	0.385772	403.0
1227	4.07876e+02	1.22700e+03	0.371119	403.5
1228	4.08383e+02	1.22800e+03	0.357704	404.0
1229	4.08910e+02	1.22900e+03	0.344125	404.5
1230	4.09387e+02	1.23000e+03	0.330806	405.0
1231	4.09932e+02	1.23100e+03	0.317728	405.5
1232	4.10451e+02	1.23200e+03	0.30587	406.0
1233	4.10933e+02	1.23300e+03	0.293832	406.5
1234	4.11402e+02	1.23400e+03	0.282024	407.0
1235	4.11888e+02	1.23500e+03	0.270434	407.5
1236	4.12358e+02	1.23600e+03	0.259985	408.0
1237	4.12826e+02	1.23700e+03	0.249358	408.5
1238	4.13321e+02	1.23800e+03	0.23895	409.0
1239	4.13794e+02	1.23900e+03	0.228749	409.5
1240	4.14258e+02	1.24000e+03	0.219581	410.0
1241	4.14752e+02	1.24100e+03	0.210265	410.5
1242	4.15233e+02	1.24200e+03	0.201171	411.0
1243	4.15664e+02	1.24300e+03	0.192282	411.5
1244	4.16152e+02	1.24400e+03	0.184409	412.0
1245	4.16668e+02	1.24500e+03	0.176396	412.5
1246	4.17191e+02	1.24600e+03	0.168579	413.0
1247	4.17719e+02	1.24700e+03	0.160943	413.5
1248	4.18317e+02	1.24800e+03	0.154269	414.0
1249	4.18794e+02	1.24900e+03	0.147423	414.5
1250	4.19282e+02	1.25000e+03	0.140742	415.0
1251	4.19788e+02	1.25100e+03	0.134224	415.5
1252	4.20332e+02	1.25200e+03	0.128528	416.0
1253	4.20891e+02	1.25300e+03	0.122709	416.5
1254	4.21466e+02	1.25400e+03	0.117045	417.0
1255	4.21983e+02	1.25500e+03	0.111526	417.5
1256	4.22603e+02	1.25600e+03	0.106763	418.0
1257	4.23092e+02	1.25700e+03	0.101874	418.5
1258	4.23662e+02	1.25800e+03	0.0971237	419.0
1259	4.24269e+02	1.25900e+03	0.0925072	419.5
1260	4.24717e+02	1.26000e+03	0.0885723	420.0
1261	4.25247e+02	1.26100e+03	0.0845357	420.5
1262	4.25693e+02	1.26200e+03	0.0806265	421.0
1263	4.26137e+02	1.26300e+03	0.0768359	421.5
1264	4.26613e+02	1.26400e+03	0.0736589	422.0
1265	4.27114e+02	1.26500e+03	0.0703684	422.5
1266	4.27546e+02	1.26600e+03	0.0671782	423.0
1267	4.28034e+02	1.26700e+03	0.0640871	423.5
1268	4.28548e+02	1.26800e+03	0.0615097	424.0
1269	4.29011e+02	1.26900e+03	0.0588513	424.5
1270	4.29498e+02	1.27000e+03	0.0562862	425.0
1271	4.30003e+02	1.27100e+03	0.0538095	425.5
1272	4.30472e+02	1.27200e+03	0.0517851	426.0
1273	4.30937e+02	1.27300e+03	0.0496796	426.5
1274	4.31388e+02	1.27400e+03	0.04765	427.0
1275	4.31866e+02	1.27500e+03	0.0456943	427.5
1276	4.32341e+02	1.27600e+03	0.044119	428.0
1277	4.32830e+02	1.27700e+03	0.0424743	428.5
1278	4.33309e+02	1.27800e+03	0.0408885	429.0
1279	4.33806e+02	1.27900e+03	0.0393597	429.5
1280	4.34297e+02	1.28000e+03	0.0381312	430.0
1281	4.34778e+02	1.28100e+03	0.0368375	430.5
1282	4.35271e+02	1.28200e+03	0.0355852	431.0
1283	4.35764e+02	1.28300e+03	0.0343767	431.5
1284	4.36252e+02	1.28400e+03	0.033392	432.0
1285	4.36749e+02	1.28500e+03	0.0323703	432.5
1286	4.37254e+02	1.28600e+03	0.0313873	433.0
1287	4.37759e+02	1.28700e+03	0.0304409	433.5
1288	4.38266e+02	1.28800e+03	0.0296817	434.0
1289	4.38764e+02	1.28900e+03	0.0288865	434.5
1290	4.39268e+02	1.29000e+03	0.0281215	435.0
1291	4.39746e+02	1.29100e+03	0.0273872	435.5
1292	4.40238e+02	1.29200e+03	0.0268101	436.0
1293	4.40737e+02	1.29300e+03	0.0262078	436.5
1294	4.41254e+02	1.29400e+03	0.0256317	437.0
1295	4.41766e+02	1.29500e+03	0.02508	437.5
1296	4.42331e+02	1.29600e+03	0.0246553	438.0
1297	4.42902e+02	1.29700e+03	0.0241988	438.5
1298	4.43454e+02	1.29800e+03	0.0237582	439.0
1299	4.43958e+02	1.29900e+03	0.0233356	439.5
1300	4.44532e+02	1.30000e+03	0.0229979	440.0
1301	4.45053e+02	1.30100e+03	0.0226443	440.5
1302	4.45518e+02	1.30200e+03	0.0223016	441.0
1303	4.46015e+02	1.30300e+03	0.0219693	441.5
1304	4.46496e+02	1.30400e+03	0.0216932	442.0
1305	4.47021e+02	1.30500e+03	0.0213961	442.5
1306	4.47504e+02	1.30600e+03	0.0211017	443.0
1307	4.48012e+02	1.30700e+03	0.0208134	443.5
1308	4.48516e+02	1.30800e+03	0.0205549	444.0
1309	4.48961e+02	1.30900e+03	0.0203013	444.5
1310	4.49454e+02	1.31000e+03	0.0200634	445.0
1311	4.49960e+02	1.31100e+03	0.0198378	445.5
1312	4.50424e+02	1.31200e+03	0.0196665	446.0
1313	4.50919e+02	1.31300e+03	0.0194872	446.5
1314	4.51391e+02	1.31400e+03	0.019314	447.0
1315	4.51869e+02	1.31500e+03	0.0191475	447.5
1316	4.52388e+02	1.31600e+03	0.0190283	448.0
1317	4.52928e+02	1.31700e+03	0.0188939	448.5
1318	4.53454e+02	1.31800e+03	0.0187621	449.0
1319	4.53938e+02	1.31900e+03	0.0186348	449.5
1320	4.54492e+02	1.32000e+03	0.0185267	450.0
1321	4.54961e+02	1.32100e+03	0.0184134	450.5
1322	4.55408e+02	1.32200e+03	0.0183033	451.0
1323	4.55884e+02	1.32300e+03	0.0181972	451.5
1324	4.56370e+02	1.32400e+03	0.0181101	452.0
1325	4.56860e+02	1.32500e+03	0.0180241	452.5
1326	4.57367e+02	1.32600e+03	0.0179437	453.0
1327	4.57894e+02	1.32700e+03	0.0178665	453.5
1328	4.58418e+02	1.32800e+03	0.017801	454.0
1329	4.58918e+02	1.32900e+03	0.0177225	454.5
1330	4.59410e+02	1.33000e+03	0.0176392	455.0
1331	4.59880e+02	1.33100e+03	0.0175546	455.5
1332	4.60333e+02	1.33200e+03	0.0174691	456.0
1333	4.60784e+02	1.33300e+03	0.0173996	456.5
1334	4.61293e+02	1.33400e+03	0.0173449	457.0
1335	4.61804e+02	1.33500e+03	0.0172997	457.5
1336	4.62298e+02	1.33600e+03	0.0173005	458.0
1337	4.62774e+02	1.33700e+03	0.017297	458.5
1338	4.63276e+02	1.33800e+03	0.0172968	459.0
1339	4.63659e+02	1.33900e+03	0.0172993	459.5
1340	4.64079e+02	1.34000e+03	0.0173327	460.0
1341	4.64504e+02	1.34100e+03	0.0173429	460.5
1342	4.64957e+02	1.34200e+03	0.0173475	461.0
1343	4.65402e+02	1.34300e+03	0.0173506	461.5
1344	4.65841e+02	1.34400e+03	0.0173339	462.0
1345	4.66328e+02	1.34500e+03	0.0173245	462.5
1346	4.66865e+02	1.34600e+03	0.0173121	463.0
1347	4.67366e+02	1.34700e+03	0.0172961	463.5
1348	4.67887e+02	1.34800e+03	0.0172695	464.0
1349	4.68342e+02	1.34900e+03	0.0172433	464.5
1350	4.68789e+02	1.35000e+03	0.0172173	465.0
1351	4.69267e+02	1.35100e+03	0.0171923	465.5
1352	4.69758e+02	1.35200e+03	0.0171667	466.0
1353	4.70237e+02	1.35300e+03	0.0171503	466.5
1354	4.70686e+02	1.35400e+03	0.0171377	467.0
1355	4.71164e+02	1.35500e+03	0.0171262	467.5
1356	4.71634e+02	1.35600e+03	0.0171286	468.0
1357	4.72082e+02	1.35700e+03	0.0171216	468.5
1358	4.72589e+02	1.35800e+03	0.017114	469.0
1359	4.73118e+02	1.35900e+03	0.0171078	469.5
1360	4.73705e+02	1.36000e+03	0.0171011	470.0
1361	4.74244e+02	1.36100e+03	0.0170975	470.5
1362	4.74727e+02	1.36200e+03	0.0170927	471.0
1363	4.75141e+02	1.36300e+03	0.0170858	471.5
1364	4.75787e+02	1.36400e+03	0.0170718	472.0
1365	4.76202e+02	1.36500e+03	0.017047	472.5
1366	4.76642e+02	1.36600e+03	0.0170166	473.0
1367	4.77078e+02	1.36700e+03	0.0169849	473.5
1368	4.77522e+02	1.36800e+03	0.0169346	474.0
1369	4.78024e+02	1.36900e+03	0.0169008	474.5
1370	4.78471e+02	1.37000e+03	0.0168733	475.0
1371	4.78914e+02	1.37100e+03	0.0168478	475.5
1372	4.79364e+02	1.37200e+03	0.0168352	476.0
1373	4.79839e+02	1.37300e+03	0.016817	476.5
1374	4.80311e+02	1.37400e+03	0.0167992	477.0
1375	4.80793e+02	1.37500e+03	0.0167831	477.5
1376	4.81263e+02	1.37600e+03	0.0167742	478.0
1377	4.81742e+02	1.37700e+03	0.0167655	478.5
1378	4.82237e+02	1.37800e+03	0.0167577	479.0
1379	4.82729e+02	1.37900e+03	0.0167501	479.5
1380	4.83235e+02	1.38000e+03	0.0167441	480.0
1381	4.83723e+02	1.38100e+03	0.0167312	480.5
1382	4.84219e+02	1.38200e+03	0.0167145	481.0
1383	4.84714e+02	1.38300e+03	0.0166958	481.5
1384	4.85201e+02	1.38400e+03	0.0166661	482.0
1385	4.85690e+02	1.38500e+03	0.0166418	482.5
1386	4.86171e+02	1.38600e+03	0.0166185	483.0
1387	4.86681e+02	1.38700e+03	0.0165949	483.5
1388	4.87173e+02	1.38800e+03	0.0165665	484.0
1389	4.87700e+02	1.38900e+03	0.016536	484.5
1390	4.88228e+02	1.39000e+03	0.0165024	485.0
1391	4.88720e+02	1.39100e+03	0.0164668	485.5
1392	4.89267e+02	1.39200e+03	0.0164295	486.0
1393	4.89869e+02	1.39300e+03	0.0164004	486.5
1394	4.90411e+02	1.39400e+03	0.0163793	487.0
1395	4.90843e+02	1.39500e+03	0.0163638	487.5
1396	4.91334e+02	1.39600e+03	0.0163676	488.0
1397	4.91714e+02	1.39700e+03	0.0163693	488.5
1398	4.92161e+02	1.39800e+03	0.0163718	489.0
1399	4.92619e+02	1.39900e+03	0.0163753	489.5
1400	4.93027e+02	1.40000e+03	0.0164066	490.0
1401	4.93452e+02	1.40100e+03	0.0164414	490.5
1402	4.93904e+02	1.40200e+03	0.0164868	491.0
1403	4.94433e+02	1.40300e+03	0.0165372	491.5
1404	4.95026e+02	1.40400e+03	0.0165954	492.0
1405	4.95499e+02	1.40500e+03	0.0166283	492.5
1406	4.96013e+02	1.40600e+03	0.0166404	493.0
1407	4.96436e+02	1.40700e+03	0.0166389	493.5
1408	4.96975e+02	1.40800e+03	0.0165906	494.0
1409	4.97350e+02	1.40900e+03	0.0165566	494.5
1410	4.97790e+02	1.41000e+03	0.0165282	495.0
1411	4.98257e+02	1.41100e+03	0.0165031	495.5
1412	4.98732e+02	1.41200e+03	0.0164642	496.0
1413	4.99182e+02	1.41300e+03	0.0164451	496.5
1414	4.99648e+02	1.41400e+03	0.016431	497.0
1415	5.00125e+02	1.41500e+03	0.0164174	497.5
1416	5.00629e+02	1.41600e+03	0.0164256	498.0
1417	5.01146e+02	1.41700e+03	0.0164121	498.5
1418	5.01611e+02	1.41800e+03	0.0163908	499.0
1419	5.02087e+02	1.41900e+03	0.0163669	499.5
1420	5.02582e+02	1.42000e+03	0.0163208	500.0
1421	5.03081e+02	1.42100e+03	0.0162842	500.5
1422	5.03584e+02	1.42200e+03	0.0162468	501.0
1423	5.04058e+02	1.42300e+03	0.0162071	501.5
1424	5.04544e+02	1.42400e+03	0.0161596	502.0
1425	5.05063e+02	1.42500e+03	0.0161135	502.5
1426	5.05569e+02	1.42600e+03	0.01607	503.0
1427	5.06093e+02	1.42700e+03	0.0160299	503.5
1428	5.06546e+02	1.42800e+03	0.0160024	504.0
1429	5.07053e+02	1.42900e+03	0.0159868	504.5
1430	5.07574e+02	1.43000e+03	0.0159822	505.0
1431	5.08086e+02	1.43100e+03	0.015984	505.5
1432	5.08583e+02	1.43200e+03	0.0160235	506.0
1433	5.09111e+02	1.43300e+03	0.0160473	506.5
1434	5.09638e+02	1.43400e+03	0.0160699	507.0
1435	5.10152e+02	1.43500e+03	0.0160934	507.5
1436	5.10707e+02	1.43600e+03	0.0161225	508.0
1437	5.11170e+02	1.43700e+03	0.0161453	508.5
1438	5.11616e+02	1.43800e+03	0.0161634	509.0
1439	5.12129e+02	1.43900e+03	0.0161782	509.5
1440	5.12754e+02	1.44000e+03	0.0161804	510.0
1441	5.13342e+02	1.44100e+03	0.0161861	510.5
1442	5.14110e+02	1.44200e+03	0.0161938	511.0
1443	5.15059e+02	1.44300e+03	0.0162034	511.5
1444	5.15469e+02	1.44400e+03	0.0162126	512.0
1445	5.16001e+02	1.44500e+03	0.0162272	512.5
1446	5.16411e+02	1.44600e+03	0.0162403	513.0
1447	5.16906e+02	1.44700e+03	0.0162498	513.5
1448	5.17398e+02	1.44800e+03	0.0162541	514.0
1449	5.17899e+02	1.44900e+03	0.0162436	514.5
1450	5.18340e+02	1.45000e+03	0.0162253	515.0
1451	5.18810e+02	1.45100e+03	0.0162044	515.5
1452	5.19252e+02	1.45200e+03	0.0161569	516.0
1453	5.19644e+02	1.45300e+03	0.0161298	516.5
1454	5.20060e+02	1.45400e+03	0.0161091	517.0
1455	5.20529e+02	1.45500e+03	0.01609	517.5
1456	5.21039e+02	1.45600e+03	0.0160824	518.0
1457	5.21506e+02	1.45700e+03	0.0160678	518.5
1458	5.22000e+02	1.45800e+03	0.0160513	519.0
1459	5.22493e+02	1.45900e+03	0.0160347	519.5
1460	5.23033e+02	1.46000e+03	0.0160239	520.0
1461	5.23531e+02	1.46100e+03	0.0160179	520.5
1462	5.24007e+02	1.46200e+03	0.0160174	521.0
1463	5.24509e+02	1.46300e+03	0.0160201	521.5
1464	5.25040e+02	1.46400e+03	0.0160331	522.0
1465	5.25518e+02	1.46500e+03	0.0160387	522.5
1466	5.25980e+02	1.46600e+03	0.0160409	523.0
1467	5.26443e+02	1.46700e+03	0.0160418	523.5
1468	5.26919e+02	1.46800e+03	0.0160419	524.0
1469	5.27401e+02	1.46900e+03	0.0160423	524.5
1470	5.27851e+02	1.47000e+03	0.0160427	525.0
1471	5.28305e+02	1.47100e+03	0.0160428	525.5
1472	5.28752e+02	1.47200e+03	0.0160392	526.0
1473	5.29330e+02	1.47300e+03	0.0160355	526.5
1474	5.29856e+02	1.47400e+03	0.0160312	527.0
1475	5.30360e+02	1.47500e+03	0.0160271	527.5
1476	5.30853e+02	1.47600e+03	0.0160252	528.0
1477	5.31297e+02	1.47700e+03	0.0160263	528.5
1478	5.31787e+02	1.47800e+03	0.0160301	529.0
1479	5.32295e+02	1.47900e+03	0.0160358	529.5
1480	5.32817e+02	1.48000e+03	0.0160466	530.0
1481	5.33270e+02	1.48100e+03	0.016051	530.5
1482	5.33721e+02	1.48200e+03	0.0160517	531.0
1483	5.34200e+02	1.48300e+03	0.0160506	531.5
1484	5.34695e+02	1.48400e+03	0.0160414	532.0
1485	5.35211e+02	1.48500e+03	0.016033	532.5
1486	5.35709e+02	1.48600e+03	0.0160235	533.0
1487	5.36171e+02	1.48700e+03	0.0160129	533.5
1488	5.36644e+02	1.48800e+03	0.0159892	534.0
1489	5.37136e+02	1.48900e+03	0.0159667	534.5
1490	5.37618e+02	1.49000e+03	0.0159429	535.0
1491	5.38108e+02	1.49100e+03	0.0159178	535.5
1492	5.38583e+02	1.49200e+03	0.0158855	536.0
1493	5.39072e+02	1.49300e+03	0.0158582	536.5
1494	5.39571e+02	1.49400e+03	0.0158321	537.0
1495	5.40071e+02	1.49500e+03	0.0158062	537.5
1496	5.40549e+02	1.49600e+03	0.0157802	538.0
1497	5.41087e+02	1.49700e+03	0.0157526	538.5
1498	5.41600e+02	1.49800e+03	0.015725	539.0
1499	5.42135e+02	1.49900e+03	0.0156978	539.5
1500	5.42674e+02	1.50000e+03	0.0156744	540.0
1501	5.43131e+02	1.50100e+03	0.0156607	540.5
1502	5.43605e+02	1.50200e+03	0.0156581	541.0
1503	5.44063e+02	1.50300e+03	0.0156625	541.5
1504	5.44537e+02	1.50400e+03	0.0157073	542.0
1505	5.45015e+02	1.50500e+03	0.0157505	542.5
1506	5.45506e+02	1.50600e+03	0.0157974	543.0
1507	5.45981e+02	1.50700e+03	0.0158464	543.5
1508	5.46454e+02	1.50800e+03	0.0159204	544.0
1509	5.46934e+02	1.50900e+03	0.0159698	544.5
1510	5.47396e+02	1.51000e+03	0.0160086	545.0
1511	5.47863e+02	1.51100e+03	0.0160422	545.5
1512	5.48335e+02	1.51200e+03	0.0160369	546.0
1513	5.48785e+02	1.51300e+03	0.0160357	546.5
1514	5.49262e+02	1.51400e+03	0.0160259	547.0
1515	5.49729e+02	1.51500e+03	0.016008	547.5
1516	5.50191e+02	1.51600e+03	0.0159509	548.0
1517	5.50690e+02	1.51700e+03	0.0159077	548.5
1518	5.51152e+02	1.51800e+03	0.01587	549.0
1519	5.51608e+02	1.51900e+03	0.0158359	549.5
1520	5.52072e+02	1.52000e+03	0.0158062	550.0
1521	5.52532e+02	1.52100e+03	0.0157929	550.5
1522	5.52993e+02	1.52200e+03	0.0157883	551.0
1523	5.53464e+02	1.52300e+03	0.0157857	551.5
1524	5.53979e+02	1.52400e+03	0.0157991	552.0
1525	5.54504e+02	1.52500e+03	0.0157835	552.5
1526	5.55025e+02	1.52600e+03	0.0157602	553.0
1527	5.55541e+02	1.52700e+03	0.0157388	553.5
1528	5.56026e+02	1.52800e+03	0.0157109	554.0
1529	5.56544e+02	1.52900e+03	0.0157122	554.5
1530	5.57059e+02	1.53000e+03	0.0157263	555.0
1531	5.57545e+02	1.53100e+03	0.0157445	555.5
1532	5.58055e+02	1.53200e+03	0.0158005	556.0
1533	5.58615e+02	1.53300e+03	0.015827	556.5
1534	5.59317e+02	1.53400e+03	0.015842	557.0
1535	5.59811e+02	1.53500e+03	0.0158533	557.5
1536	5.60506e+02	1.53600e+03	0.0158491	558.0
1537	5.60801e+02	1.53700e+03	0.0158544	558.5
1538	5.61185e+02	1.53800e+03	0.0158626	559.0
1539	5.61677e+02	1.53900e+03	0.0158714	559.5
1540	5.62156e+02	1.54000e+03	0.0158783	560.0
1541	5.62671e+02	1.54100e+03	0.0158852	560.5
1542	5.63120e+02	1.54200e+03	0.0158917	561.0
1543	5.63580e+02	1.54300e+03	0.0158979	561.5
1544	5.64022e+02	1.54400e+03	0.0159044	562.0
1545	5.64507e+02	1.54500e+03	0.01591	562.5
1546	5.64991e+02	1.54600e+03	0.0159141	563.0
1547	5.65461e+02	1.54700e+03	0.0159167	563.5
1548	5.65953e+02	1.54800e+03	0.0159059	564.0
1549	5.66440e+02	1.54900e+03	0.0158901	564.5
1550	5.66942e+02	1.55000e+03	0.0158688	565.0
1551	5.67431e+02	1.55100e+03	0.0158448	565.5
1552	5.67897e+02	1.55200e+03	0.015804	566.0
1553	5.68390e+02	1.55300e+03	0.0157765	566.5
1554	5.68877e+02	1.55400e+03	0.0157547	567.0
1555	5.69353e+02	1.55500e+03	0.0157351	567.5
1556	5.69839e+02	1.55600e+03	0.0157263	568.0
1557	5.70321e+02	1.55700e+03	0.015716	568.5
1558	5.70816e+02	1.55800e+03	0.0157084	569.0
1559	5.71303e+02	1.55900e+03	0.0157036	569.5
1560	5.71790e+02	1.56000e+03	0.0157131	570.0
1561	5.72270e+02	1.56100e+03	0.015721	570.5
1562	5.72756e+02	1.56200e+03	0.0157305	571.0
1563	5.73244e+02	1.56300e+03	0.0157405	571.5
1564	5.73725e+02	1.56400e+03	0.0157546	572.0
1565	5.74211e+02	1.56500e+03	0.0157598	572.5
1566	5.74702e+02	1.56600e+03	0.0157598	573.0
1567	5.75176e+02	1.56700e+03	0.0157572	573.5
1568	5.75658e+02	1.56800e+03	0.0157436	574.0
1569	5.76153e+02	1.56900e+03	0.015736	574.5
1570	5.76636e+02	1.57000e+03	0.0157299	575.0
1571	5.77121e+02	1.57100e+03	0.0157243	575.5
1572	5.77607e+02	1.57200e+03	0.0157158	576.0
1573	5.78103e+02	1.57300e+03	0.015706	576.5
1574	5.78593e+02	1.57400e+03	0.0156947	577.0
1575	5.79085e+02	1.57500e+03	0.0156828	577.5
1576	5.79565e+02	1.57600e+03	0.015669	578.0
1577	5.80049e+02	1.57700e+03	0.0156595	578.5
1578	5.80539e+02	1.57800e+03	0.015654	579.0
1579	5.81023e+02	1.57900e+03	0.0156509	579.5
1580	5.81504e+02	1.58000e+03	0.0156559	580.0
1581	5.81994e+02	1.58100e+03	0.015659	580.5
1582	5.82483e+02	1.58200e+03	0.0156601	581.0
1583	5.82959e+02	1.58300e+03	0.015659	581.5
1584	5.83443e+02	1.58400e+03	0.0156582	582.0
1585	5.83930e+02	1.58500e+03	0.0156512	582.5
1586	5.84420e+02	1.58600e+03	0.0156414	583.0
1587	5.84918e+02	1.58700e+03	0.0156316	583.5
1588	5.85419e+02	1.58800e+03	0.0156116	584.0
1589	5.85901e+02	1.58900e+03	0.0155979	584.5
1590	5.86394e+02	1.59000e+03	0.0155852	585.0
1591	5.86876e+02	1.59100e+03	0.0155724	585.5
1592	5.87362e+02	1.59200e+03	0.0155625	586.0
1593	5.87851e+02	1.59300e+03	0.0155511	586.5
1594	5.88336e+02	1.59400e+03	0.0155394	587.0
1595	5.88828e+02	1.59500e+03	0.0155274	587.5
1596	5.89316e+02	1.59600e+03	0.0155078	588.0
1597	5.89806e+02	1.59700e+03	0.0154837	588.5
1598	5.90295e+02	1.59800e+03	0.0154518	589.0
1599	5.90788e+02	1.59900e+03	0.0154137	589.5
1600	5.91268e+02	1.60000e+03	0.0153511	590.0
1601	5.91773e+02	1.60100e+03	0.0152941	590.5
1602	5.92262e+02	1.60200e+03	0.0152411	591.0
1603	5.92751e+02	1.60300e+03	0.0151916	591.5
1604	5.93237e+02	1.60400e+03	0.0151515	592.0
1605	5.93722e+02	1.60500e+03	0.0151334	592.5
1606	5.94209e+02	1.60600e+03	0.0151322	593.0
1607	5.94709e+02	1.60700e+03	0.0151412	593.5
1608	5.95213e+02	1.60800e+03	0.0152145	594.0
1609	5.95701e+02	1.60900e+03	0.0152656	594.5
1610	5.96185e+02	1.61000e+03	0.0153156	595.0
1611	5.96708e+02	1.61100e+03	0.0153678	595.5
1612	5.97217e+02	1.61200e+03	0.0154341	596.0
1613	5.97710e+02	1.61300e+03	0.015484	596.5
1614	5.98195e+02	1.61400e+03	0.0155248	597.0
1615	5.98687e+02	1.61500e+03	0.0155601	597.5
1616	5.99198e+02	1.61600e+03	0.0155591	598.0
1617	5.99722e+02	1.61700e+03	0.0155591	598.5
1618	6.00257e+02	1.61800e+03	0.015553	599.0
1619	6.00762e+02	1.61900e+03	0.0155433	599.5
1620	6.01276e+02	1.62000e+03	0.0155091	600.0
1621	6.01753e+02	1.62100e+03	0.0154949	600.5
1622	6.02241e+02	1.62200e+03	0.0154881	601.0
1623	6.02737e+02	1.62300e+03	0.0154841	601.5
1624	6.03224e+02	1.62400e+03	0.0154945	602.0
1625	6.03680e+02	1.62500e+03	0.0154973	602.5
1626	6.04136e+02	1.62600e+03	0.0154977	603.0
1627	6.04604e+02	1.62700e+03	0.0154978	603.5
1628	6.05096e+02	1.62800e+03	0.0155021	604.0
1629	6.05574e+02	1.62900e+03	0.0155069	604.5
1630	6.06068e+02	1.63000e+03	0.0155122	605.0
1631	6.06554e+02	1.63100e+03	0.0155172	605.5
1632	6.07050e+02	1.63200e+03	0.0155197	606.0
1633	6.07539e+02	1.63300e+03	0.0155175	606.5
1634	6.08028e+02	1.63400e+03	0.0155124	607.0
1635	6.08531e+02	1.63500e+03	0.0155064	607.5
1636	6.09022e+02	1.63600e+03	0.0154945	608.0
1637	6.09506e+02	1.63700e+03	0.0154887	608.5
1638	6.09992e+02	1.63800e+03	0.0154846	609.0
1639	6.10464e+02	1.63900e+03	0.0154803	609.5
1640	6.10945e+02	1.64000e+03	0.015477	610.0
1641	6.11424e+02	1.64100e+03	0.0154703	610.5
1642	6.11907e+02	1.64200e+03	0.015462	611.0
1643	6.12399e+02	1.64300e+03	0.0154531	611.5
1644	6.12886e+02	1.64400e+03	0.0154409	612.0
1645	6.13378e+02	1.64500e+03	0.015433	612.5
1646	6.13886e+02	1.64600e+03	0.0154275	613.0
1647	6.14375e+02	1.64700e+03	0.015423	613.5
1648	6.14874e+02	1.64800e+03	0.0154201	614.0
1649	6.15378e+02	1.64900e+03	0.0154135	614.5
1650	6.15881e+02	1.65000e+03	0.0154038	615.0
1651	6.16378e+02	1.65100e+03	0.0153914	615.5
1652	6.16875e+02	1.65200e+03	0.0153729	616.0
1653	6.17395e+02	1.65300e+03	0.0153585	616.5
1654	6.17897e+02	1.65400e+03	0.0153481	617.0
1655	6.18386e+02	1.65500e+03	0.0153405	617.5
1656	6.18877e+02	1.65600e+03	0.0153427	618.0
1657	6.19385e+02	1.65700e+03	0.0153517	618.5
1658	6.19893e+02	1.65800e+03	0.0153675	619.0
1659	6.20397e+02	1.65900e+03	0.015388	619.5
1660	6.20865e+02	1.66000e+03	0.0154336	620.0
1661	6.21365e+02	1.66100e+03	0.0154676	620.5
1662	6.21880e+02	1.66200e+03	0.0154987	621.0
1663	6.22361e+02	1.66300e+03	0.0155285	621.5
1664	6.22863e+02	1.66400e+03	0.0155457	622.0
1665	6.23372e+02	1.66500e+03	0.0155506	622.5
1666	6.23873e+02	1.66600e+03	0.0155427	623.0
1667	6.24377e+02	1.66700e+03	0.0155264	623.5
1668	6.24872e+02	1.66800e+03	0.0154766	624.0
1669	6.25334e+02	1.66900e+03	0.0154477	624.5
1670	6.25828e+02	1.67000e+03	0.0154287	625.0
1671	6.26325e+02	1.67100e+03	0.0154146	625.5
1672	6.26821e+02	1.67200e+03	0.0154139	626.0
1673	6.27317e+02	1.67300e+03	0.0154169	626.5
1674	6.27814e+02	1.67400e+03	0.0154219	627.0
1675	6.28311e+02	1.67500e+03	0.0154276	627.5
1676	6.28831e+02	1.67600e+03	0.0154517	628.0
1677	6.29340e+02	1.67700e+03	0.0154617	628.5
1678	6.29848e+02	1.67800e+03	0.0154701	629.0
1679	6.30384e+02	1.67900e+03	0.0154798	629.5
1680	6.30942e+02	1.68000e+03	0.0154835	630.0
1681	6.31428e+02	1.68100e+03	0.0154964	630.5
1682	6.31913e+02	1.68200e+03	0.0155137	631.0
1683	6.32413e+02	1.68300e+03	0.0155323	631.5
1684	6.33242e+02	1.68400e+03	0.0155655	632.0
1685	6.34291e+02	1.68500e+03	0.0155938	632.5
1686	6.34737e+02	1.68600e+03	0.0156229	633.0
1687	6.35173e+02	1.68700e+03	0.0156541	633.5
1688	6.35560e+02	1.68800e+03	0.015692	634.0
1689	6.35974e+02	1.68900e+03	0.0157264	634.5
1690	6.36454e+02	1.69000e+03	0.0157565	635.0
1691	6.36928e+02	1.69100e+03	0.0157827	635.5
1692	6.37364e+02	1.69200e+03	0.0157899	636.0
1693	6.37825e+02	1.69300e+03	0.0157871	636.5
1694	6.38283e+02	1.69400e+03	0.0157761	637.0
1695	6.38760e+02	1.69500e+03	0.015761	637.5
1696	6.39238e+02	1.69600e+03	0.0157085	638.0
1697	6.39694e+02	1.69700e+03	0.0156738	638.5
1698	6.40173e+02	1.69800e+03	0.0156414	639.0
1699	6.40644e+02	1.69900e+03	0.0156081	639.5
1700	6.41120e+02	1.70000e+03	0.0155742	640.0
1701	6.41591e+02	1.70100e+03	0.0155426	640.5
1702	6.42062e+02	1.70200e+03	0.0155131	641.0
1703	6.42540e+02	1.70300e+03	0.0154848	641.5
1704	6.43008e+02	1.70400e+03	0.0154649	642.0
1705	6.43487e+02	1.70500e+03	0.0154468	642.5
1706	6.43960e+02	1.70600e+03	0.0154324	643.0
1707	6.44434e+02	1.70700e+03	0.01542	643.5
1708	6.44916e+02	1.70800e+03	0.0154196	644.0
1709	6.45395e+02	1.70900e+03	0.015415	644.5
1710	6.45881e+02	1.71000e+03	0.0154113	645.0
1711	6.46360e+02	1.71100e+03	0.0154089	645.5
1712	6.46846e+02	1.71200e+03	0.0154141	646.0
1713	6.47337e+02	1.71300e+03	0.0154193	646.5
1714	6.47811e+02	1.71400e+03	0.0154266	647.0
1715	6.48295e+02	1.71500e+03	0.015435	647.5
1716	6.48775e+02	1.71600e+03	0.0154433	648.0
1717	6.49257e+02	1.71700e+03	0.0154444	648.5
1718	6.49744e+02	1.71800e+03	0.0154402	649.0
1719	6.50222e+02	1.71900e+03	0.015433	649.5
1720	6.50708e+02	1.72000e+03	0.0154131	650.0
1721	6.51207e+02	1.72100e+03	0.0154007	650.5
1722	6.51695e+02	1.72200e+03	0.0153918	651.0
1723	6.52175e+02	1.72300e+03	0.0153844	651.5
1724	6.52657e+02	1.72400e+03	0.0153802	652.0
1725	6.53156e+02	1.72500e+03	0.0153778	652.5
1726	6.53641e+02	1.72600e+03	0.0153776	653.0
1727	6.54127e+02	1.72700e+03	0.0153797	653.5
1728	6.54619e+02	1.72800e+03	0.0153969	654.0
1729	6.55104e+02	1.72900e+03	0.0154124	654.5
1730	6.55594e+02	1.73000e+03	0.0154312	655.0
1731	6.56080e+02	1.73100e+03	0.0154527	655.5
1732	6.56560e+02	1.73200e+03	0.0154802	656.0
1733	6.57054e+02	1.73300e+03	0.0154978	656.5
1734	6.57547e+02	1.73400e+03	0.0155085	657.0
1735	6.58039e+02	1.73500e+03	0.015514	657.5
1736	6.58514e+02	1.73600e+03	0.0155043	658.0
1737	6.59003e+02	1.73700e+03	0.0154994	658.5
1738	6.59500e+02	1.73800e+03	0.0154956	659.0
1739	6.59988e+02	1.73900e+03	0.0154928	659.5
1740	6.60478e+02	1.74000e+03	0.0154833	660.0
1741	6.60979e+02	1.74100e+03	0.0154789	660.5
1742	6.61479e+02	1.74200e+03	0.0154751	661.0
1743	6.61970e+02	1.74300e+03	0.0154711	661.5
1744	6.62449e+02	1.74400e+03	0.0154755	662.0
1745	6.62954e+02	1.74500e+03	0.0154778	662.5
1746	6.63432e+02	1.74600e+03	0.0154819	663.0
1747	6.63913e+02	1.74700e+03	0.0154878	663.5
1748	6.64393e+02	1.74800e+03	0.0154966	664.0
1749	6.64871e+02	1.74900e+03	0.0155029	664.5
1750	6.65358e+02	1.75000e+03	0.0155064	665.0
1751	6.65852e+02	1.75100e+03	0.015508	665.5
1752	6.66331e+02	1.75200e+03	0.0155073	666.0
1753	6.66821e+02	1.75300e+03	0.0155073	666.5
1754	6.67312e+02	1.75400e+03	0.0155089	667.0
1755	6.67797e+02	1.75500e+03	0.0155119	667.5
1756	6.68292e+02	1.75600e+03	0.0155158	668.0
1757	6.68776e+02	1.75700e+03	0.0155231	668.5
1758	6.69263e+02	1.75800e+03	0.0155307	669.0
1759	6.69759e+02	1.75900e+03	0.0155379	669.5
1760	6.70246e+02	1.76000e+03	0.0155518	670.0
1761	6.70738e+02	1.76100e+03	0.0155608	670.5
1762	6.71221e+02	1.76200e+03	0.0155691	671.0
1763	6.71713e+02	1.76300e+03	0.015578	671.5
1764	6.72216e+02	1.76400e+03	0.0155832	672.0
1765	6.72712e+02	1.76500e+03	0.0155884	672.5
1766	6.73192e+02	1.76600e+03	0.0155903	673.0
1767	6.73681e+02	1.76700e+03	0.0155892	673.5
1768	6.74169e+02	1.76800e+03	0.0155776	674.0
1769	6.74670e+02	1.76900e+03	0.0155657	674.5
1770	6.75164e+02	1.77000e+03	0.0155555	675.0
1771	6.75660e+02	1.77100e+03	0.0155473	675.5
1772	6.76155e+02	1.77200e+03	0.015536	676.0
1773	6.76658e+02	1.77300e+03	0.0155346	676.5
1774	6.77138e+02	1.77400e+03	0.015536	677.0
1775	6.77635e+02	1.77500e+03	0.0155368	677.5
1776	6.78132e+02	1.77600e+03	0.0155444	678.0
1777	6.78620e+02	1.77700e+03	0.0155365	678.5
1778	6.79116e+02	1.77800e+03	0.0155209	679.0
1779	6.79610e+02	1.77900e+03	0.015502	679.5
1780	6.80118e+02	1.78000e+03	0.015465	680.0
1781	6.80604e+02	1.78100e+03	0.0154399	680.5
1782	6.81084e+02	1.78200e+03	0.015416	681.0
1783	6.81589e+02	1.78300e+03	0.0153904	681.5
1784	6.82081e+02	1.78400e+03	0.015359	682.0
1785	6.82569e+02	1.78500e+03	0.0153254	682.5
1786	6.83065e+02	1.78600e+03	0.0152935	683.0
1787	6.83541e+02	1.78700e+03	0.015265	683.5
1788	6.84024e+02	1.78800e+03	0.0152405	684.0
1789	6.84528e+02	1.78900e+03	0.0152285	684.5
1790	6.85023e+02	1.79000e+03	0.0152243	685.0
1791	6.85517e+02	1.79100e+03	0.0152239	685.5
1792	6.86016e+02	1.79200e+03	0.0152515	686.0
1793	6.86509e+02	1.79300e+03	0.0152659	686.5
1794	6.87003e+02	1.79400e+03	0.0152806	687.0
1795	6.87186e+02	1.79500e+03	0.0152981	687.5
1796	6.87371e+02	1.79600e+03	0.015329	688.0
1797	6.87664e+02	1.79700e+03	0.0153645	688.5
1798	6.88015e+02	1.79800e+03	0.0154036	689.0
1799	6.88368e+02	1.79900e+03	0.0154435	689.5
1800	6.88731e+02	1.80000e+03	0.0154958	690.0
1801	6.89073e+02	1.80100e+03	0.0155277	690.5
1802	6.89402e+02	1.80200e+03	0.0155449	691.0
1803	6.89721e+02	1.80300e+03	0.0155536	691.5
1804	6.90017e+02	1.80400e+03	0.0155401	692.0
1805	6.90319e+02	1.80500e+03	0.0155377	692.5
1806	6.90603e+02	1.80600e+03	0.0155384	693.0
1807	6.90869e+02	1.80700e+03	0.0155403	693.5
1808	6.91135e+02	1.80800e+03	0.0155353	694.0
1809	6.91390e+02	1.80900e+03	0.0155309	694.5
1810	6.91646e+02	1.81000e+03	0.015524	695.0
1811	6.91879e+02	1.81100e+03	0.0155149	695.5
1812	6.92125e+02	1.81200e+03	0.0155028	696.0
1813	6.92345e+02	1.81300e+03	0.0154934	696.5
1814	6.92567e+02	1.81400e+03	0.0154895	697.0
1815	6.92789e+02	1.81500e+03	0.0154907	697.5
1816	6.92989e+02	1.81600e+03	0.015497	698.0
1817	6.93190e+02	1.81700e+03	0.0155028	698.5
1818	6.93379e+02	1.81800e+03	0.0155072	699.0
1819	6.93575e+02	1.81900e+03	0.0155117	699.5
1820	6.93759e+02	1.82000e+03	0.0155248	700.0
1821	6.93942e+02	1.82100e+03	0.0155332	700.0
1822	6.94110e+02	1.82200e+03	0.0155448	700.0
1823	6.94276e+02	1.82300e+03	0.0155596	700.0
1824	6.94431e+02	1.82400e+03	0.0155688	700.0
1825	6.94595e+02	1.82500e+03	0.0155768	700.0
1826	6.94747e+02	1.82600e+03	0.0155812	700.0
1827	6.94895e+02	1.82700e+03	0.0155831	700.0
1828	6.95043e+02	1.82800e+03	0.0155783	700.0
1829	6.95181e+02	1.82900e+03	0.0155731	700.0
1830	6.95322e+02	1.83000e+03	0.0155684	700.0
1831	6.95458e+02	1.83100e+03	0.015563	700.0
1832	6.95590e+02	1.83200e+03	0.015548	700.0
1833	6.95718e+02	1.83300e+03	0.0155373	700.0
1834	6.95849e+02	1.83400e+03	0.0155243	700.0
1835	6.95959e+02	1.83500e+03	0.0155086	700.0
1836	6.96063e+02	1.83600e+03	0.015494	700.0
1837	6.96181e+02	1.83700e+03	0.0154819	700.0
1838	6.96287e+02	1.83800e+03	0.0154716	700.0
1839	6.96393e+02	1.83900e+03	0.015463	700.0
1840	6.96503e+02	1.84000e+03	0.0154649	700.0
1841	6.96603e+02	1.84100e+03	0.0154718	700.0
1842	6.96706e+02	1.84200e+03	0.0154829	700.0
1843	6.96794e+02	1.84300e+03	0.0154956	700.0
1844	6.96894e+02	1.84400e+03	0.0155271	700.0
1845	6.96986e+02	1.84500e+03	0.0155522	700.0
1846	6.97076e+02	1.84600e+03	0.0155781	700.0
1847	6.97157e+02	1.84700e+03	0.0156054	700.0
1848	6.97237e+02	1.84800e+03	0.0156289	700.0
1849	6.97321e+02	1.84900e+03	0.0156459	700.0
1850	6.97408e+02	1.85000e+03	0.0156572	700.0
1851	6.97488e+02	1.85100e+03	0.0156642	700.0
1852	6.97561e+02	1.85200e+03	0.015648	700.0
1853	6.97630e+02	1.85300e+03	0.015635	700.0
1854	6.97705e+02	1.85400e+03	0.0156225	700.0
1855	6.97775e+02	1.85500e+03	0.0156103	700.0
1856	6.97840e+02	1.85600e+03	0.0155878	700.0
1857	6.97902e+02	1.85700e+03	0.0155761	700.0
1858	6.97979e+02	1.85800e+03	0.0155659	700.0
1859	6.98040e+02	1.85900e+03	0.0155545	700.0
1860	6.98099e+02	1.86000e+03	0.0155445	700.0
1861	6.98153e+02	1.86100e+03	0.0155264	700.0
1862	6.98204e+02	1.86200e+03	0.0155073	700.0
1863	6.98266e+02	1.86300e+03	0.0154886	700.0
1864	6.98328e+02	1.86400e+03	0.0154603	700.0
1865	6.98380e+02	1.86500e+03	0.0154433	700.0
1866	6.98427e+02	1.86600e+03	0.0154319	700.0
1867	6.98488e+02	1.86700e+03	0.0154236	700.0
1868	6.98530e+02	1.86800e+03	0.0154346	700.0
1869	6.98573e+02	1.86900e+03	0.0154417	700.0
1870	6.98624e+02	1.87000e+03	0.0154508	700.0
1871	6.98675e+02	1.87100e+03	0.015462	700.0
1872	6.98725e+02	1.87200e+03	0.0154849	700.0
1873	6.98765e+02	1.87300e+03	0.0155022	700.0
1874	6.98806e+02	1.87400e+03	0.0155184	700.0
1875	6.98853e+02	1.87500e+03	0.0155344	700.0
1876	6.98895e+02	1.87600e+03	0.0155476	700.0
1877	6.98932e+02	1.87700e+03	0.0155562	700.0
1878	6.98969e+02	1.87800e+03	0.015559	700.0
1879	6.99005e+02	1.87900e+03	0.0155584	700.0
1880	6.99043e+02	1.88000e+03	0.0155494	700.0
1881	6.99070e+02	1.88100e+03	0.0155489	700.0
1882	6.99113e+02	1.88200e+03	0.0155524	700.0
1883	6.99148e+02	1.88300e+03	0.0155566	700.0
1884	6.99181e+02	1.88400e+03	0.0155634	700.0
1885	6.99210e+02	1.88500e+03	0.0155694	700.0
1886	6.99241e+02	1.88600e+03	0.0155749	700.0
1887	6.99266e+02	1.88700e+03	0.01558	700.0
1888	6.99297e+02	1.88800e+03	0.0155847	700.0
1889	6.99327e+02	1.88900e+03	0.0155866	700.0
1890	6.99356e+02	1.89000e+03	0.0155855	700.0
1891	6.99392e+02	1.89100e+03	0.0155815	700.0
1892	6.99424e+02	1.89200e+03	0.015562	700.0
1893	6.99446e+02	1.89300e+03	0.0155436	700.0
1894	6.99475e+02	1.89400e+03	0.0155246	700.0
1895	6.99497e+02	1.89500e+03	0.0155052	700.0
1896	6.99518e+02	1.89600e+03	0.0154764	700.0
1897	6.99546e+02	1.89700e+03	0.0154566	700.0
1898	6.99577e+02	1.89800e+03	0.015441	700.0
1899	6.99601e+02	1.89900e+03	0.0154281	700.0
1900	6.99617e+02	1.90000e+03	0.0154337	700.0
1901	6.99635e+02	1.90100e+03	0.0154377	700.0
1902	6.99653e+02	1.90200e+03	0.0154426	700.0
1903	6.99679e+02	1.90300e+03	0.0154484	700.0
1904	6.99700e+02	1.90400e+03	0.0154647	700.0
1905	6.99714e+02	1.90500e+03	0.0154713	700.0
1906	6.99732e+02	1.90600e+03	0.0154735	700.0
1907	6.99753e+02	1.90700e+03	0.0154734	700.0
1908	6.99767e+02	1.90800e+03	0.0154598	700.0
1909	6.99802e+02	1.90900e+03	0.0154483	700.0
1910	6.99811e+02	1.91000e+03	0.0154353	700.0
1911	6.99820e+02	1.91100e+03	0.015421	700.0
1912	6.99843e+02	1.91200e+03	0.0153989	700.0
1913	6.99858e+02	1.91300e+03	0.015384	700.0
1914	6.99874e+02	1.91400e+03	0.0153751	700.0
1915	6.99887e+02	1.91500e+03	0.0153699	700.0
1916	6.99901e+02	1.91600e+03	0.0153742	700.0
1917	6.99911e+02	1.91700e+03	0.0153775	700.0
1918	6.99928e+02	1.91800e+03	0.0153824	700.0
1919	6.99949e+02	1.91900e+03	0.0153885	700.0
1920	6.99958e+02	1.92000e+03	0.0154054	700.0
1921	6.99977e+02	1.92100e+03	0.0154174	700.0
1922	6.99988e+02	1.92200e+03	0.0154287	700.0
1923	7.00000e+02	1.92300e+03	0.01544	700.0
1924	7.00006e+02	1.92400e+03	0.0154513	700.0
1925	7.00019e+02	1.92500e+03	0.0154625	700.0
1926	7.00030e+02	1.92600e+03	0.0154738	700.0
1927	7.00039e+02	1.92700e+03	0.0154853	700.0
1928	7.00055e+02	1.92800e+03	0.0154969	700.0
1929	7.00068e+02	1.92900e+03	0.0155094	700.0
1930	7.00077e+02	1.93000e+03	0.0155238	700.0
1931	7.00079e+02	1.93100e+03	0.0155412	700.0
1932	7.00089e+02	1.93200e+03	0.0155671	700.0
1933	7.00095e+02	1.93300e+03	0.0155954	700.0
1934	7.00108e+02	1.93400e+03	0.0156259	700.0
1935	7.00117e+02	1.93500e+03	0.0156564	700.0
1936	7.00134e+02	1.93600e+03	0.015693	700.0
1937	7.00147e+02	1.93700e+03	0.01572	700.0
1938	7.00152e+02	1.93800e+03	0.0157428	700.0
1939	7.00162e+02	1.93900e+03	0.015765	700.0
1940	7.00161e+02	1.94000e+03	0.0157754	700.0
1941	7.00169e+02	1.94100e+03	0.0157876	700.0
1942	7.00178e+02	1.94200e+03	0.0157963	700.0
1943	7.00193e+02	1.94300e+03	0.015802	700.0
1944	7.00194e+02	1.94400e+03	0.0157958	700.0
1945	7.00195e+02	1.94500e+03	0.0157854	700.0
1946	7.00207e+02	1.94600e+03	0.0157679	700.0
1947	7.00224e+02	1.94700e+03	0.0157466	700.0
1948	7.00222e+02	1.94800e+03	0.0157126	700.0
1949	7.00228e+02	1.94900e+03	0.0156915	700.0
1950	7.00231e+02	1.95000e+03	0.0156739	700.0
1951	7.00238e+02	1.95100e+03	0.015656	700.0
1952	7.00235e+02	1.95200e+03	0.0156397	700.0
1953	7.00257e+02	1.95300e+03	0.0156163	700.0
1954	7.00260e+02	1.95400e+03	0.0155901	700.0
1955	7.00261e+02	1.95500e+03	0.0155643	700.0
1956	7.00270e+02	1.95600e+03	0.015535	700.0
1957	7.00271e+02	1.95700e+03	0.0155124	700.0
1958	7.00276e+02	1.95800e+03	0.0154945	700.0
1959	7.00279e+02	1.95900e+03	0.0154808	700.0
1960	7.00280e+02	1.96000e+03	0.0154855	700.0
1961	7.00290e+02	1.96100e+03	0.0154903	700.0
1962	7.00297e+02	1.96200e+03	0.0155019	700.0
1963	7.00296e+02	1.96300e+03	0.0155187	700.0
1964	7.00303e+02	1.96400e+03	0.0155621	700.0
1965	7.00305e+02	1.96500e+03	0.0155973	700.0
1966	7.00314e+02	1.96600e+03	0.0156295	700.0
1967	7.00322e+02	1.96700e+03	0.0156598	700.0
1968	7.00322e+02	1.96800e+03	0.0156918	700.0
1969	7.00327e+02	1.96900e+03	0.0157131	700.0
1970	7.00333e+02	1.97000e+03	0.0157279	700.0
1971	7.00340e+02	1.97100e+03	0.0157392	700.0
1972	7.00340e+02	1.97200e+03	0.0157263	700.0
1973	7.00345e+02	1.97300e+03	0.0157217	700.0
1974	7.00351e+02	1.97400e+03	0.0157162	700.0
1975	7.00351e+02	1.97500e+03	0.0157092	700.0
1976	7.00353e+02	1.97600e+03	0.015694	700.0
1977	7.00352e+02	1.97700e+03	0.0156826	700.0
1978	7.00366e+02	1.97800e+03	0.0156726	700.0
1979	7.00361e+02	1.97900e+03	0.0156632	700.0
1980	7.00371e+02	1.98000e+03	0.0156569	700.0
1981	7.00374e+02	1.98100e+03	0.0156528	700.0
1982	7.00381e+02	1.98200e+03	0.0156508	700.0
1983	7.00390e+02	1.98300e+03	0.0156499	700.0
1984	7.00385e+02	1.98400e+03	0.0156562	700.0
1985	7.00395e+02	1.98500e+03	0.0156568	700.0
1986	7.00395e+02	1.98600e+03	0.0156515	700.0
1987	7.00398e+02	1.98700e+03	0.015642	700.0
1988	7.00392e+02	1.98800e+03	0.0156234	700.0
1989	7.00392e+02	1.98900e+03	0.0156053	700.0
1990	7.00392e+02	1.99000e+03	0.0155883	700.0
1991	7.00397e+02	1.99100e+03	0.0155729	700.0
1992	7.00399e+02	1.99200e+03	0.0155504	700.0
1993	7.00403e+02	1.99300e+03	0.0155339	700.0
1994	7.00403e+02	1.99400e+03	0.0155195	700.0
1995	7.00409e+02	1.99500e+03	0.0155059	700.0
1996	7.00419e+02	1.99600e+03	0.0155025	700.0
1997	7.00418e+02	1.99700e+03	0.0154962	700.0
1998	7.00415e+02	1.99800e+03	0.0154924	700.0
1999	7.00416e+02	1.99900e+03	0.0154923	700.0
2000	7.00423e+02	2.00000e+03	0.0155045	700.0
2001	7.00415e+02	2.00100e+03	0.0155153	700.0
2002	7.00423e+02	2.00200e+03	0.0155265	700.0
2003	7.00425e+02	2.00300e+03	0.015538	700.0
2004	7.00429e+02	2.00400e+03	0.0155621	700.0
2005	7.00426e+02	2.00500e+03	0.015583	700.0
2006	7.00426e+02	2.00600e+03	0.0156064	700.0
2007	7.00420e+02	2.00700e+03	0.0156319	700.0
2008	7.00430e+02	2.00800e+03	0.0156576	700.0
2009	7.00438e+02	2.00900e+03	0.0156797	700.0
2010	7.00439e+02	2.01000e+03	0.0156982	700.0
2011	7.00434e+02	2.01100e+03	0.0157143	700.0
2012	7.00448e+02	2.01200e+03	0.0157217	700.0
2013	7.00440e+02	2.01300e+03	0.0157273	700.0
2014	7.00451e+02	2.01400e+03	0.015731	700.0
2015	7.00443e+02	2.01500e+03	0.0157348	700.0
2016	7.00439e+02	2.01600e+03	0.0157295	700.0
2017	7.00442e+02	2.01700e+03	0.0157281	700.0
2018	7.00459e+02	2.01800e+03	0.0157254	700.0
2019	7.00453e+02	2.01900e+03	0.0157213	700.0
2020	7.00446e+02	2.02000e+03	0.0157162	700.0
2021	7.00450e+02	2.02100e+03	0.0157092	700.0
2022	7.00449e+02	2.02200e+03	0.0157015	700.0
2023	7.00452e+02	2.02300e+03	0.0156938	700.0
2024	7.00454e+02	2.02400e+03	0.015691	700.0
2025	7.00456e+02	2.02500e+03	0.0156961	700.0
2026	7.00452e+02	2.02600e+03	0.0157042	700.0
2027	7.00458e+02	2.02700e+03	0.0157137	700.0
2028	7.00451e+02	2.02800e+03	0.0157382	700.0
2029	7.00457e+02	2.02900e+03	0.0157522	700.0
2030	7.00456e+02	2.03000e+03	0.0157629	700.0
2031	7.00455e+02	2.03100e+03	0.0157726	700.0
2032	7.00462e+02	2.03200e+03	0.0157783	700.0
2033	7.00455e+02	2.03300e+03	0.0157861	700.0
2034	7.00455e+02	2.03400e+03	0.0157916	700.0
2035	7.00467e+02	2.03500e+03	0.0157951	700.0
2036	7.00462e+02	2.03600e+03	0.0157927	700.0
2037	7.00463e+02	2.03700e+03	0.0157883	700.0
2038	7.00458e+02	2.03800e+03	0.0157815	700.0
2039	7.00467e+02	2.03900e+03	0.0157732	700.0
2040	7.00469e+02	2.04000e+03	0.0157572	700.0
2041	7.00465e+02	2.04100e+03	0.0157502	700.0
2042	7.00457e+02	2.04200e+03	0.0157471	700.0
2043	7.00461e+02	2.04300e+03	0.0157447	700.0
2044	7.00462e+02	2.04400e+03	0.0157492	700.0
2045	7.00461e+02	2.04500e+03	0.015753	700.0
2046	7.00464e+02	2.04600e+03	0.0157611	700.0
2047	7.00482e+02	2.04700e+03	0.0157721	700.0
2048	7.00477e+02	2.04800e+03	0.0157902	700.0
2049	7.00467e+02	2.04900e+03	0.015806	700.0
2050	7.00465e+02	2.05000e+03	0.0158213	700.0
2051	7.00473e+02	2.05100e+03	0.0158363	700.0
2052	7.00478e+02	2.05200e+03	0.0158531	700.0
2053	7.00474e+02	2.05300e+03	0.0158653	700.0
2054	7.00473e+02	2.05400e+03	0.0158744	700.0
2055	7.00470e+02	2.05500e+03	0.0158815	700.0
2056	7.00470e+02	2.05600e+03	0.0158762	700.0
2057	7.00474e+02	2.05700e+03	0.015872	700.0
2058	7.00479e+02	2.05800e+03	0.0158654	700.0
2059	7.00468e+02	2.05900e+03	0.0158567	700.0
2060	7.00479e+02	2.06000e+03	0.0158302	700.0
2061	7.00469e+02	2.06100e+03	0.0158038	700.0
2062	7.00472e+02	2.06200e+03	0.0157743	700.0
2063	7.00467e+02	2.06300e+03	0.0157412	700.0
2064	7.00468e+02	2.06400e+03	0.015694	700.0
2065	7.00473e+02	2.06500e+03	0.0156607	700.0
2066	7.00469e+02	2.06600e+03	0.0156364	700.0
2067	7.00472e+02	2.06700e+03	0.0156166	700.0
2068	7.00469e+02	2.06800e+03	0.0156164	700.0
2069	7.00472e+02	2.06900e+03	0.0156171	700.0
2070	7.00470e+02	2.07000e+03	0.0156196	700.0
2071	7.00466e+02	2.07100e+03	0.0156231	700.0
2072	7.00473e+02	2.07200e+03	0.0156429	700.0
2073	7.00468e+02	2.07300e+03	0.0156475	700.0
2074	7.00463e+02	2.07400e+03	0.0156472	700.0
2075	7.00470e+02	2.07500e+03	0.0156465	700.0
2076	7.00468e+02	2.07600e+03	0.0156338	700.0
2077	7.00472e+02	2.07700e+03	0.0156257	700.0
2078	7.00469e+02	2.07800e+03	0.015615	700.0
2079	7.00462e+02	2.07900e+03	0.0156001	700.0
2080	7.00471e+02	2.08000e+03	0.0155777	700.0
2081	7.00469e+02	2.08100e+03	0.0155563	700.0
2082	7.00453e+02	2.08200e+03	0.0155361	700.0
2083	7.00467e+02	2.08300e+03	0.0155169	700.0
2084	7.00468e+02	2.08400e+03	0.0155025	700.0
2085	7.00471e+02	2.08500e+03	0.0155011	700.0
2086	7.00466e+02	2.08600e+03	0.0155071	700.0
2087	7.00463e+02	2.08700e+03	0.015517	700.0
2088	7.00462e+02	2.08800e+03	0.0155576	700.0
2089	7.00457e+02	2.08900e+03	0.0155889	700.0
2090	7.00451e+02	2.09000e+03	0.0156217	700.0
2091	7.00463e+02	2.09100e+03	0.0156553	700.0
2092	7.00463e+02	2.09200e+03	0.0156909	700.0
2093	7.00455e+02	2.09300e+03	0.0157183	700.0
2094	7.00447e+02	2.09400e+03	0.0157401	700.0
2095	7.00454e+02	2.09500e+03	0.0157585	700.0
2096	7.00454e+02	2.09600e+03	0.0157577	700.0
2097	7.00450e+02	2.09700e+03	0.0157598	700.0
2098	7.00454e+02	2.09800e+03	0.0157595	700.0
2099	7.00449e+02	2.09900e+03	0.0157571	700.0
2100	7.00454e+02	2.10000e+03	0.0157418	700.0
2101	7.00448e+02	2.10100e+03	0.0157335	700.0
2102	7.00452e+02	2.10200e+03	0.0157266	700.0
2103	7.00447e+02	2.10300e+03	0.0157197	700.0
2104	7.00451e+02	2.10400e+03	0.0157137	700.0
2105	7.00440e+02	2.10500e+03	0.0157061	700.0
2106	7.00446e+02	2.10600e+03	0.0156986	700.0
2107	7.00444e+02	2.10700e+03	0.0156928	700.0
2108	7.00447e+02	2.10800e+03	0.0156893	700.0
2109	7.00441e+02	2.10900e+03	0.0156842	700.0
2110	7.00437e+02	2.11000e+03	0.0156772	700.0
2111	7.00445e+02	2.11100e+03	0.0156694	700.0
2112	7.00439e+02	2.11200e+03	0.0156693	700.0
2113	7.00439e+02	2.11300e+03	0.0156741	700.0
2114	7.00440e+02	2.11400e+03	0.0156839	700.0
2115	7.00439e+02	2.11500e+03	0.0156951	700.0
2116	7.00443e+02	2.11600e+03	0.0157057	700.0
2117	7.00441e+02	2.11700e+03	0.0156979	700.0
2118	7.00435e+02	2.11800e+03	0.0156699	700.0
2119	7.00442e+02	2.11900e+03	0.0156282	700.0
2120	7.00438e+02	2.12000e+03	0.0155521	700.0
2121	7.00438e+02	2.12100e+03	0.0155034	700.0
2122	7.00439e+02	2.12200e+03	0.0154848	700.0
2123	7.00431e+02	2.12300e+03	0.0154893	700.0
2124	7.00432e+02	2.12400e+03	0.0155407	700.0
2125	7.00437e+02	2.12500e+03	0.0155998	700.0
2126	7.00429e+02	2.12600e+03	0.0156592	700.0
2127	7.00432e+02	2.12700e+03	0.0157155	700.0
2128	7.00432e+02	2.12800e+03	0.0158146	700.0
2129	7.00431e+02	2.12900e+03	0.0158561	700.0
2130	7.00430e+02	2.13000e+03	0.0158768	700.0
2131	7.00432e+02	2.13100e+03	0.0158897	700.0
2132	7.00425e+02	2.13200e+03	0.0158257	700.0
2133	7.00422e+02	2.13300e+03	0.0158001	700.0
2134	7.00424e+02	2.13400e+03	0.0157803	700.0
2135	7.00428e+02	2.13500e+03	0.0157599	700.0
2136	7.00425e+02	2.13600e+03	0.015736	700.0
2137	7.00421e+02	2.13700e+03	0.0157097	700.0
2138	7.00424e+02	2.13800e+03	0.0156855	700.0
2139	7.00423e+02	2.13900e+03	0.0156653	700.0
2140	7.00422e+02	2.14000e+03	0.0156642	700.0
2141	7.00419e+02	2.14100e+03	0.0156775	700.0
2142	7.00425e+02	2.14200e+03	0.0157013	700.0
2143	7.00425e+02	2.14300e+03	0.0157306	700.0
2144	7.00419e+02	2.14400e+03	0.0157985	700.0
2145	7.00417e+02	2.14500e+03	0.0158385	700.0
2146	7.00418e+02	2.14600e+03	0.0158651	700.0
2147	7.00419e+02	2.14700e+03	0.015885	700.0
2148	7.00415e+02	2.14800e+03	0.0158761	700.0
2149	7.00412e+02	2.14900e+03	0.0158665	700.0
2150	7.00410e+02	2.15000e+03	0.015853	700.0
2151	7.00415e+02	2.15100e+03	0.0158368	700.0
2152	7.00407e+02	2.15200e+03	0.015794	700.0
2153	7.00407e+02	2.15300e+03	0.0157693	700.0
2154	7.00397e+02	2.15400e+03	0.0157498	700.0
2155	7.00407e+02	2.15500e+03	0.015732	700.0
2156	7.00409e+02	2.15600e+03	0.0157222	700.0
2157	7.00407e+02	2.15700e+03	0.0157052	700.0
2158	7.00398e+02	2.15800e+03	0.0156881	700.0
2159	7.00401e+02	2.15900e+03	0.0156732	700.0
2160	7.00402e+02	2.16000e+03	0.0156648	700.0
2161	7.00394e+02	2.16100e+03	0.0156601	700.0
2162	7.00398e+02	2.16200e+03	0.0156569	700.0
2163	7.00393e+02	2.16300e+03	0.0156543	700.0
2164	7.00393e+02	2.16400e+03	0.0156624	700.0
2165	7.00386e+02	2.16500e+03	0.0156621	700.0
2166	7.00393e+02	2.16600e+03	0.0156593	700.0
2167	7.00393e+02	2.16700e+03	0.0156556	700.0
2168	7.00397e+02	2.16800e+03	0.0156468	700.0
2169	7.00391e+02	2.16900e+03	0.015645	700.0
2170	7.00384e+02	2.17000e+03	0.0156464	700.0
2171	7.00385e+02	2.17100e+03	0.0156479	700.0
2172	7.00385e+02	2.17200e+03	0.015652	700.0
2173	7.00392e+02	2.17300e+03	0.0156526	700.0
2174	7.00381e+02	2.17400e+03	0.0156523	700.0
2175	7.00380e+02	2.17500e+03	0.0156528	700.0
2176	7.00383e+02	2.17600e+03	0.0156563	700.0
2177	7.00379e+02	2.17700e+03	0.0156639	700.0
2178	7.00379e+02	2.17800e+03	0.0156743	700.0
2179	7.00380e+02	2.17900e+03	0.0156853	700.0
2180	7.00381e+02	2.18000e+03	0.0157003	700.0
2181	7.00379e+02	2.18100e+03	0.0157077	700.0
2182	7.00367e+02	2.18200e+03	0.0157116	700.0
2183	7.00378e+02	2.18300e+03	0.0157137	700.0
2184	7.00374e+02	2.18400e+03	0.0157059	700.0
2185	7.00366e+02	2.18500e+03	0.0157048	700.0
2186	7.00370e+02	2.18600e+03	0.0157085	700.0
2187	7.00369e+02	2.18700e+03	0.0157149	700.0
2188	7.00373e+02	2.18800e+03	0.0157253	700.0
2189	7.00367e+02	2.18900e+03	0.0157354	700.0
2190	7.00364e+02	2.19000e+03	0.0157459	700.0
2191	7.00371e+02	2.19100e+03	0.0157568	700.0
2192	7.00365e+02	2.19200e+03	0.0157733	700.0
2193	7.00366e+02	2.19300e+03	0.0157864	700.0
2194	7.00363e+02	2.19400e+03	0.0157984	700.0
2195	7.00364e+02	2.19500e+03	0.01581	700.0
2196	7.00369e+02	2.19600e+03	0.0158182	700.0
2197	7.00366e+02	2.19700e+03	0.0158263	700.0
2198	7.00362e+02	2.19800e+03	0.0158329	700.0
2199	7.00359e+02	2.19900e+03	0.0158385	700.0
2200	7.00360e+02	2.20000e+03	0.0158367	700.0
2201	7.00364e+02	2.20100e+03	0.0158343	700.0
2202	7.00358e+02	2.20200e+03	0.0158296	700.0
2203	7.00361e+02	2.20300e+03	0.0158231	700.0
2204	7.00361e+02	2.20400e+03	0.0158055	700.0
2205	7.00354e+02	2.20500e+03	0.0157903	700.0
2206	7.00357e+02	2.20600e+03	0.0157742	700.0
2207	7.00353e+02	2.20700e+03	0.0157572	700.0
2208	7.00351e+02	2.20800e+03	0.0157353	700.0
2209	7.00356e+02	2.20900e+03	0.0157176	700.0
2210	7.00347e+02	2.21000e+03	0.0157021	700.0
2211	7.00347e+02	2.21100e+03	0.0156879	700.0
2212	7.00350e+02	2.21200e+03	0.0156805	700.0
2213	7.00349e+02	2.21300e+03	0.0156699	700.0
2214	7.00347e+02	2.21400e+03	0.0156575	700.0
2215	7.00349e+02	2.21500e+03	0.0156451	700.0
2216	7.00349e+02	2.21600e+03	0.0156376	700.0
2217	7.00348e+02	2.21700e+03	0.0156288	700.0
2218	7.00340e+02	2.21800e+03	0.0156203	700.0
2219	7.00342e+02	2.21900e+03	0.0156123	700.0
2220	7.00336e+02	2.22000e+03	0.0156041	700.0
2221	7.00336e+02	2.22100e+03	0.0155975	700.0
2222	7.00336e+02	2.22200e+03	0.015594	700.0
2223	7.00333e+02	2.22300e+03	0.0155919	700.0
2224	7.00333e+02	2.22400e+03	0.0155901	700.0
2225	7.00337e+02	2.22500e+03	0.0155888	700.0
2226	7.00337e+02	2.22600e+03	0.0155908	700.0
2227	7.00324e+02	2.22700e+03	0.0155951	700.0
2228	7.00323e+02	2.22800e+03	0.015608	700.0
2229	7.00324e+02	2.22900e+03	0.0156214	700.0
2230	7.00329e+02	2.23000e+03	0.0156344	700.0
2231	7.00328e+02	2.23100e+03	0.015647	700.0
2232	7.00325e+02	2.23200e+03	0.0156667	700.0
2233	7.00324e+02	2.23300e+03	0.0156791	700.0
2234	7.00321e+02	2.23400e+03	0.0156884	700.0
2235	7.00323e+02	2.23500e+03	0.0156964	700.0
2236	7.00323e+02	2.23600e+03	0.0156964	700.0
2237	7.00313e+02	2.23700e+03	0.0157044	700.0
2238	7.00322e+02	2.23800e+03	0.0157163	700.0
2239	7.00317e+02	2.23900e+03	0.0157288	700.0
2240	7.00310e+02	2.24000e+03	0.0157456	700.0
2241	7.00313e+02	2.24100e+03	0.0157623	700.0
2242	7.00310e+02	2.24200e+03	0.0157836	700.0
2243	7.00303e+02	2.24300e+03	0.0158089	700.0
2244	7.00304e+02	2.24400e+03	0.0158435	700.0
2245	7.00310e+02	2.24500e+03	0.0158756	700.0
2246	7.00308e+02	2.24600e+03	0.0159068	700.0
2247	7.00305e+02	2.24700e+03	0.0159374	700.0
2248	7.00295e+02	2.24800e+03	0.0159689	700.0
2249	7.00298e+02	2.24900e+03	0.015993	700.0
2250	7.00303e+02	2.25000e+03	0.0160122	700.0
2251	7.00296e+02	2.25100e+03	0.0160286	700.0
2252	7.00286e+02	2.25200e+03	0.0160258	700.0
2253	7.00286e+02	2.25300e+03	0.0160289	700.0
2254	7.00284e+02	2.25400e+03	0.016031	700.0
2255	7.00289e+02	2.25500e+03	0.0160301	700.0
2256	7.00290e+02	2.25600e+03	0.0160121	700.0
2257	7.00285e+02	2.25700e+03	0.0159955	700.0
2258	7.00276e+02	2.25800e+03	0.0159767	700.0
2259	7.00273e+02	2.25900e+03	0.0159561	700.0
2260	7.00273e+02	2.26000e+03	0.0159191	700.0
2261	7.00272e+02	2.26100e+03	0.0158833	700.0
2262	7.00270e+02	2.26200e+03	0.0158413	700.0
2263	7.00262e+02	2.26300e+03	0.0157941	700.0
2264	7.00260e+02	2.26400e+03	0.0157277	700.0
2265	7.00257e+02	2.26500e+03	0.0156657	700.0
2266	7.00250e+02	2.26600e+03	0.0156061	700.0
2267	7.00253e+02	2.26700e+03	0.0155496	700.0
2268	7.00254e+02	2.26800e+03	0.0155156	700.0
2269	7.00238e+02	2.26900e+03	0.0155069	700.0
2270	7.00242e+02	2.27000e+03	0.0155201	700.0
2271	7.00241e+02	2.27100e+03	0.0155471	700.0
2272	7.00241e+02	2.27200e+03	0.0156578	700.0
2273	7.00240e+02	2.27300e+03	0.0157409	700.0
2274	7.00231e+02	2.27400e+03	0.0158231	700.0
2275	7.00239e+02	2.27500e+03	0.0159078	700.0
2276	7.00228e+02	2.27600e+03	0.0160089	700.0
2277	7.00230e+02	2.27700e+03	0.0160867	700.0
2278	7.00223e+02	2.27800e+03	0.01615	700.0
2279	7.00221e+02	2.27900e+03	0.0162047	700.0
2280	7.00229e+02	2.28000e+03	0.0162112	700.0
2281	7.00217e+02	2.28100e+03	0.0162231	700.0
2282	7.00211e+02	2.28200e+03	0.0162272	700.0
2283	7.00204e+02	2.28300e+03	0.0162246	700.0
2284	7.00208e+02	2.28400e+03	0.016181	700.0
2285	7.00205e+02	2.28500e+03	0.0161531	700.0
2286	7.00198e+02	2.28600e+03	0.0161248	700.0
2287	7.00197e+02	2.28700e+03	0.0160937	700.0
2288	7.00202e+02	2.28800e+03	0.0160458	700.0
2289	7.00203e+02	2.28900e+03	0.0159997	700.0
2290	7.00195e+02	2.29000e+03	0.0159536	700.0
2291	7.00195e+02	2.29100e+03	0.0159072	700.0
2292	7.00190e+02	2.29200e+03	0.0158543	700.0
2293	7.00191e+02	2.29300e+03	0.0158129	700.0
2294	7.00185e+02	2.29400e+03	0.0157807	700.0
2295	7.00176e+02	2.29500e+03	0.0157539	700.0
2296	7.00172e+02	2.29600e+03	0.0157539	700.0
2297	7.00181e+02	2.29700e+03	0.0157514	700.0
2298	7.00179e+02	2.29800e+03	0.0157509	700.0
2299	7.00181e+02	2.29900e+03	0.0157524	700.0
2300	7.00174e+02	2.30000e+03	0.0157743	700.0
2301	7.00171e+02	2.30100e+03	0.0157838	700.0
2302	7.00173e+02	2.30200e+03	0.0157904	700.0
2303	7.00163e+02	2.30300e+03	0.0157962	700.0
2304	7.00160e+02	2.30400e+03	0.0158052	700.0
2305	7.00163e+02	2.30500e+03	0.0158238	700.0
2306	7.00159e+02	2.30600e+03	0.0158457	700.0
2307	7.00159e+02	2.30700e+03	0.0158671	700.0
2308	7.00156e+02	2.30800e+03	0.0158823	700.0
2309	7.00157e+02	2.30900e+03	0.0158741	700.0
2310	7.00152e+02	2.31000e+03	0.0158493	700.0
2311	7.00153e+02	2.31100e+03	0.0158165	700.0
2312	7.00142e+02	2.31200e+03	0.015746	700.0
2313	7.00139e+02	2.31300e+03	0.015702	700.0
2314	7.00141e+02	2.31400e+03	0.0156686	700.0
2315	7.00142e+02	2.31500e+03	0.0156405	700.0
2316	7.00131e+02	2.31600e+03	0.0156305	700.0
2317	7.00134e+02	2.31700e+03	0.0156202	700.0
2318	7.00133e+02	2.31800e+03	0.0156125	700.0
2319	7.00132e+02	2.31900e+03	0.0156075	700.0
2320	7.00121e+02	2.32000e+03	0.0156274	700.0
2321	7.00125e+02	2.32100e+03	0.0156351	700.0
2322	7.00127e+02	2.32200e+03	0.0156394	700.0
2323	7.00123e+02	2.32300e+03	0.0156425	700.0
2324	7.00118e+02	2.32400e+03	0.015646	700.0
2325	7.00119e+02	2.32500e+03	0.0156536	700.0
2326	7.00112e+02	2.32600e+03	0.0156659	700.0
2327	7.00114e+02	2.32700e+03	0.0156817	700.0
2328	7.00113e+02	2.32800e+03	0.0157121	700.0
2329	7.00109e+02	2.32900e+03	0.015745	700.0
2330	7.00108e+02	2.33000e+03	0.0157804	700.0
2331	7.00115e+02	2.33100e+03	0.015816	700.0
2332	7.00114e+02	2.33200e+03	0.0158642	700.0
2333	7.00103e+02	2.33300e+03	0.0158988	700.0
2334	7.00121e+02	2.33400e+03	0.0159275	700.0
2335	7.00105e+02	2.33500e+03	0.0159532	700.0
2336	7.00108e+02	2.33600e+03	0.0159604	700.0
2337	7.00101e+02	2.33700e+03	0.0159725	700.0
2338	7.00103e+02	2.33800e+03	0.0159831	700.0
2339	7.00103e+02	2.33900e+03	0.0159921	700.0
2340	7.00098e+02	2.34000e+03	0.0159875	700.0
2341	7.00098e+02	2.34100e+03	0.0159827	700.0
2342	7.00093e+02	2.34200e+03	0.0159751	700.0
2343	7.00099e+02	2.34300e+03	0.0159665	700.0
2344	7.00091e+02	2.34400e+03	0.0159489	700.0
2345	7.00091e+02	2.34500e+03	0.0159364	700.0
2346	7.00092e+02	2.34600e+03	0.0159248	700.0
2347	7.00099e+02	2.34700e+03	0.0159132	700.0
2348	7.00094e+02	2.34800e+03	0.0159022	700.0
2349	7.00083e+02	2.34900e+03	0.0158907	700.0
2350	7.00081e+02	2.35000e+03	0.0158792	700.0
2351	7.00081e+02	2.35100e+03	0.0158679	700.0
2352	7.00083e+02	2.35200e+03	0.0158563	700.0
2353	7.00079e+02	2.35300e+03	0.0158444	700.0
2354	7.00083e+02	2.35400e+03	0.0158322	700.0
2355	7.00079e+02	2.35500e+03	0.0158198	700.0
2356	7.00082e+02	2.35600e+03	0.0158063	700.0
2357	7.00081e+02	2.35700e+03	0.0157929	700.0
2358	7.00081e+02	2.35800e+03	0.0157796	700.0
2359	7.00073e+02	2.35900e+03	0.0157665	700.0
2360	7.00075e+02	2.36000e+03	0.0157545	700.0
2361	7.00075e+02	2.36100e+03	0.0157461	700.0
2362	7.00080e+02	2.36200e+03	0.0157428	700.0
2363	7.00075e+02	2.36300e+03	0.0157425	700.0
2364	7.00072e+02	2.36400e+03	0.0157453	700.0
2365	7.00072e+02	2.36500e+03	0.0157373	700.0
2366	7.00070e+02	2.36600e+03	0.0157219	700.0
2367	7.00069e+02	2.36700e+03	0.0157045	700.0
2368	7.00067e+02	2.36800e+03	0.0156947	700.0
2369	7.00074e+02	2.36900e+03	0.0157061	700.0
2370	7.00074e+02	2.37000e+03	0.0157358	700.0
2371	7.00061e+02	2.37100e+03	0.015776	700.0
2372	7.00057e+02	2.37200e+03	0.0158552	700.0
2373	7.00064e+02	2.37300e+03	0.0159145	700.0
2374	7.00064e+02	2.37400e+03	0.015963	700.0
2375	7.00065e+02	2.37500e+03	0.0160049	700.0
2376	7.00059e+02	2.37600e+03	0.0160328	700.0
2377	7.00062e+02	2.37700e+03	0.0160448	700.0
2378	7.00061e+02	2.37800e+03	0.0160455	700.0
2379	7.00059e+02	2.37900e+03	0.0160395	700.0
2380	7.00064e+02	2.38000e+03	0.015979	700.0
2381	7.00064e+02	2.38100e+03	0.0159395	700.0
2382	7.00062e+02	2.38200e+03	0.0159012	700.0
2383	7.00056e+02	2.38300e+03	0.0158604	700.0
2384	7.00059e+02	2.38400e+03	0.0158142	700.0
2385	7.00062e+02	2.38500e+03	0.0157782	700.0
2386	7.00050e+02	2.38600e+03	0.0157491	700.0
2387	7.00047e+02	2.38700e+03	0.0157246	700.0
2388	7.00051e+02	2.38800e+03	0.0157253	700.0
2389	7.00059e+02	2.38900e+03	0.0157248	700.0
2390	7.00055e+02	2.39000e+03	0.0157273	700.0
2391	7.00053e+02	2.39100e+03	0.0157323	700.0
2392	7.00060e+02	2.39200e+03	0.0157613	700.0
2393	7.00060e+02	2.39300e+03	0.0157834	700.0
2394	7.00058e+02	2.39400e+03	0.0158083	700.0
2395	7.00058e+02	2.39500e+03	0.0158363	700.0
2396	7.00058e+02	2.39600e+03	0.0158739	700.0
2397	7.00055e+02	2.39700e+03	0.0159071	700.0
2398	7.00052e+02	2.39800e+03	0.0159362	700.0
2399	7.00048e+02	2.39900e+03	0.0159618	700.0
2400	7.00044e+02	2.40000e+03	0.015976	700.0
2401	7.00045e+02	2.40100e+03	0.0159823	700.0
2402	7.00046e+02	2.40200e+03	0.0159838	700.0
2403	7.00039e+02	2.40300e+03	0.0159833	700.0
2404	7.00040e+02	2.40400e+03	0.0159638	700.0
2405	7.00042e+02	2.40500e+03	0.015961	700.0
2406	7.00037e+02	2.40600e+03	0.0159619	700.0
2407	7.00037e+02	2.40700e+03	0.0159635	700.0
2408	7.00035e+02	2.40800e+03	0.0159747	700.0
2409	7.00035e+02	2.40900e+03	0.0159743	700.0
2410	7.00038e+02	2.41000e+03	0.015969	700.0
2411	7.00035e+02	2.41100e+03	0.0159624	700.0
2412	7.00029e+02	2.41200e+03	0.0159449	700.0
2413	7.00036e+02	2.41300e+03	0.0159312	700.0
2414	7.00045e+02	2.41400e+03	0.0159162	700.0
2415	7.00035e+02	2.41500e+03	0.0158997	700.0
2416	7.00037e+02	2.41600e+03	0.015874	700.0
2417	7.00029e+02	2.41700e+03	0.0158482	700.0
2418	7.00034e+02	2.41800e+03	0.0158218	700.0
2419	7.00036e+02	2.41900e+03	0.0157954	700.0
2420	7.00034e+02	2.42000e+03	0.0157655	700.0
2421	7.00030e+02	2.42100e+03	0.0157456	700.0
2422	7.00028e+02	2.42200e+03	0.0157322	700.0
2423	7.00028e+02	2.42300e+03	0.0157211	700.0
2424	7.00021e+02	2.42400e+03	0.0157241	700.0
2425	7.00020e+02	2.42500e+03	0.0157209	700.0
2426	7.00025e+02	2.42600e+03	0.0157167	700.0
2427	7.00022e+02	2.42700e+03	0.0157126	700.0
2428	7.00026e+02	2.42800e+03	0.0157099	700.0
2429	7.00029e+02	2.42900e+03	0.0157052	700.0
2430	7.00022e+02	2.43000e+03	0.0157002	700.0
2431	7.00019e+02	2.43100e+03	0.0156953	700.0
2432	7.00015e+02	2.43200e+03	0.01569	700.0
2433	7.00016e+02	2.43300e+03	0.0156873	700.0
2434	7.00013e+02	2.43400e+03	0.015686	700.0
2435	7.00017e+02	2.43500e+03	0.0156853	700.0
2436	7.00021e+02	2.43600e+03	0.0156893	700.0
2437	7.00023e+02	2.43700e+03	0.0156909	700.0
2438	7.00010e+02	2.43800e+03	0.015692	700.0
2439	7.00008e+02	2.43900e+03	0.0156927	700.0
2440	7.00010e+02	2.44000e+03	0.0156862	700.0
2441	7.00013e+02	2.44100e+03	0.015674	700.0
2442	7.00013e+02	2.44200e+03	0.0156575	700.0
2443	7.00006e+02	2.44300e+03	0.0156392	700.0
2444	7.00007e+02	2.44400e+03	0.0156088	700.0
2445	7.00016e+02	2.44500e+03	0.0155892	700.0
2446	7.00013e+02	2.44600e+03	0.0155777	700.0
2447	7.00006e+02	2.44700e+03	0.0155709	700.0
2448	7.00008e+02	2.44800e+03	0.0155777	700.0
2449	7.00010e+02	2.44900e+03	0.0155802	700.0
2450	7.00007e+02	2.45000e+03	0.015581	700.0
2451	7.00003e+02	2.45100e+03	0.0155819	700.0
2452	6.99996e+02	2.45200e+03	0.0155913	700.0
2453	7.00007e+02	2.45300e+03	0.0155932	700.0
2454	7.00002e+02	2.45400e+03	0.015592	700.0
2455	7.00007e+02	2.45500e+03	0.0155893	700.0
2456	7.00004e+02	2.45600e+03	0.0155746	700.0
2457	7.00004e+02	2.45700e+03	0.0155623	700.0
2458	6.99998e+02	2.45800e+03	0.015549	700.0
2459	6.99991e+02	2.45900e+03	0.0155345	700.0
2460	7.00003e+02	2.46000e+03	0.0155197	700.0
2461	6.99997e+02	2.46100e+03	0.0155152	700.0
2462	6.99988e+02	2.46200e+03	0.0155208	700.0
2463	6.99999e+02	2.46300e+03	0.0155341	700.0
2464	6.99994e+02	2.46400e+03	0.015571	700.0
2465	6.99997e+02	2.46500e+03	0.0155992	700.0
2466	6.99995e+02	2.46600e+03	0.0156246	700.0
2467	6.99992e+02	2.46700e+03	0.0156488	700.0
2468	6.99994e+02	2.46800e+03	0.0156812	700.0
2469	6.99984e+02	2.46900e+03	0.0157044	700.0
2470	6.99983e+02	2.47000e+03	0.0157243	700.0
2471	6.99989e+02	2.47100e+03	0.0157432	700.0
2472	6.99989e+02	2.47200e+03	0.0157506	700.0
2473	6.99992e+02	2.47300e+03	0.0157641	700.0
2474	6.99990e+02	2.47400e+03	0.0157777	700.0
2475	6.99983e+02	2.47500e+03	0.0157906	700.0
2476	6.99982e+02	2.47600e+03	0.0158009	700.0
2477	6.99981e+02	2.47700e+03	0.0158085	700.0
2478	6.99985e+02	2.47800e+03	0.015814	700.0
2479	6.99985e+02	2.47900e+03	0.0158182	700.0
2480	6.99981e+02	2.48000e+03	0.0158139	700.0
2481	6.99980e+02	2.48100e+03	0.015812	700.0
2482	6.99980e+02	2.48200e+03	0.015807	700.0
2483	6.99974e+02	2.48300e+03	0.0157984	700.0
2484	6.99976e+02	2.48400e+03	0.015783	700.0
2485	6.99974e+02	2.48500e+03	0.0157697	700.0
2486	6.99974e+02	2.48600e+03	0.0157573	700.0
2487	6.99966e+02	2.48700e+03	0.0157452	700.0
2488	6.99973e+02	2.48800e+03	0.0157305	700.0
2489	6.99975e+02	2.48900e+03	0.0157203	700.0
2490	6.99973e+02	2.49000e+03	0.0157123	700.0
2491	6.99974e+02	2.49100e+03	0.0157054	700.0
2492	6.99977e+02	2.49200e+03	0.0157074	700.0
2493	6.99970e+02	2.49300e+03	0.0157102	700.0
2494	6.99973e+02	2.49400e+03	0.0157179	700.0
2495	6.99975e+02	2.49500e+03	0.015729	700.0
2496	6.99973e+02	2.49600e+03	0.0157521	700.0
2497	6.99979e+02	2.49700e+03	0.015771	700.0
2498	6.99971e+02	2.49800e+03	0.0157877	700.0
2499	6.99967e+02	2.49900e+03	0.0158032	700.0
2500	6.99976e+02	2.50000e+03	0.0158206	700.0
2501	6.99975e+02	2.50100e+03	0.0158325	700.0
2502	6.99969e+02	2.50200e+03	0.0158429	700.0
2503	6.99966e+02	2.50300e+03	0.0158543	700.0
2504	6.99976e+02	2.50400e+03	0.0158643	700.0
2505	6.99973e+02	2.50500e+03	0.0158823	700.0
2506	6.99961e+02	2.50600e+03	0.0159038	700.0
2507	6.99965e+02	2.50700e+03	0.0159258	700.0
2508	6.99962e+02	2.50800e+03	0.0159539	700.0
2509	6.99970e+02	2.50900e+03	0.0159707	700.0
2510	6.99956e+02	2.51000e+03	0.0159813	700.0
2511	6.99960e+02	2.51100e+03	0.0159876	700.0
2512	6.99961e+02	2.51200e+03	0.0159699	700.0
2513	6.99961e+02	2.51300e+03	0.0159578	700.0
2514	6.99958e+02	2.51400e+03	0.0159459	700.0
2515	6.99957e+02	2.51500e+03	0.0159336	700.0
2516	6.99968e+02	2.51600e+03	0.0159081	700.0
2517	6.99966e+02	2.51700e+03	0.0158921	700.0
2518	6.99961e+02	2.51800e+03	0.0158873	700.0
2519	6.99956e+02	2.51900e+03	0.015892	700.0
2520	6.99962e+02	2.52000e+03	0.0159214	700.0
2521	6.99958e+02	2.52100e+03	0.0159455	700.0
2522	6.99950e+02	2.52200e+03	0.0159621	700.0
2523	6.99949e+02	2.52300e+03	0.0159719	700.0
2524	6.99956e+02	2.52400e+03	0.0159792	700.0
2525	6.99954e+02	2.52500e+03	0.0159653	700.0
2526	6.99952e+02	2.52600e+03	0.0159421	700.0
2527	6.99953e+02	2.52700e+03	0.015916	700.0
2528	6.99945e+02	2.52800e+03	0.0158493	700.0
2529	6.99949e+02	2.52900e+03	0.0158121	700.0
2530	6.99944e+02	2.53000e+03	0.0157837	700.0
2531	6.99943e+02	2.53100e+03	0.0157567	700.0
2532	6.99953e+02	2.53200e+03	0.0157436	700.0
2533	6.99955e+02	2.53300e+03	0.0157207	700.0
2534	6.99956e+02	2.53400e+03	0.0156944	700.0
2535	6.99952e+02	2.53500e+03	0.0156668	700.0
2536	6.99955e+02	2.53600e+03	0.0156382	700.0
2537	6.99956e+02	2.53700e+03	0.0156207	700.0
2538	6.99940e+02	2.53800e+03	0.0156174	700.0
2539	6.99948e+02	2.53900e+03	0.015624	700.0
2540	6.99946e+02	2.54000e+03	0.0156663	700.0
2541	6.99952e+02	2.54100e+03	0.0157075	700.0
2542	6.99952e+02	2.54200e+03	0.0157546	700.0
2543	6.99953e+02	2.54300e+03	0.0158057	700.0
2544	6.99945e+02	2.54400e+03	0.0158818	700.0
2545	6.99950e+02	2.54500e+03	0.0159293	700.0
2546	6.99951e+02	2.54600e+03	0.0159624	700.0
2547	6.99947e+02	2.54700e+03	0.0159873	700.0
2548	6.99946e+02	2.54800e+03	0.0159588	700.0
2549	6.99941e+02	2.54900e+03	0.015932	700.0
2550	6.99948e+02	2.55000e+03	0.0158919	700.0
2551	6.99951e+02	2.55100e+03	0.0158418	700.0
2552	6.99948e+02	2.55200e+03	0.015754	700.0
2553	6.99944e+02	2.55300e+03	0.015701	700.0
2554	6.99941e+02	2.55400e+03	0.0156675	700.0
2555	6.99946e+02	2.55500e+03	0.0156449	700.0
2556	6.99945e+02	2.55600e+03	0.0156713	700.0
2557	6.99935e+02	2.55700e+03	0.0156968	700.0
2558	6.99939e+02	2.55800e+03	0.0157266	700.0
2559	6.99944e+02	2.55900e+03	0.0157589	700.0
2560	6.99946e+02	2.56000e+03	0.0158314	700.0
2561	6.99941e+02	2.56100e+03	0.0158738	700.0
2562	6.99942e+02	2.56200e+03	0.0159065	700.0
2563	6.99945e+02	2.56300e+03	0.0159357	700.0
2564	6.99945e+02	2.56400e+03	0.0159391	700.0
2565	6.99942e+02	2.56500e+03	0.0159513	700.0
2566	6.99931e+02	2.56600e+03	0.0159591	700.0
2567	6.99936e+02	2.56700e+03	0.0159612	700.0
2568	6.99942e+02	2.56800e+03	0.015941	700.0
2569	6.99944e+02	2.56900e+03	0.0159216	700.0
2570	6.99941e+02	2.57000e+03	0.0158998	700.0
2571	6.99939e+02	2.57100e+03	0.015876	700.0
2572	6.99950e+02	2.57200e+03	0.0158342	700.0
2573	6.99945e+02	2.57300e+03	0.0158078	700.0
2574	6.99947e+02	2.57400e+03	0.0157887	700.0
2575	6.99940e+02	2.57500e+03	0.0157725	700.0
2576	6.99944e+02	2.57600e+03	0.0157687	700.0
2577	6.99941e+02	2.57700e+03	0.015759	700.0
2578	6.99953e+02	2.57800e+03	0.0157456	700.0
2579	6.99955e+02	2.57900e+03	0.0157292	700.0
2580	6.99948e+02	2.58000e+03	0.015714	700.0
2581	6.99955e+02	2.58100e+03	0.0157035	700.0
2582	6.99952e+02	2.58200e+03	0.015702	700.0
2583	6.99948e+02	2.58300e+03	0.0157058	700.0
2584	6.99954e+02	2.58400e+03	0.0157177	700.0
2585	6.99946e+02	2.58500e+03	0.0157291	700.0
2586	6.99944e+02	2.58600e+03	0.0157379	700.0
2587	6.99953e+02	2.58700e+03	0.0157444	700.0
2588	6.99953e+02	2.58800e+03	0.0157596	700.0
2589	6.99939e+02	2.58900e+03	0.0157674	700.0
2590	6.99943e+02	2.59000e+03	0.0157726	700.0
2591	6.99946e+02	2.59100e+03	0.0157767	700.0
2592	6.99946e+02	2.59200e+03	0.0157692	700.0
2593	6.99948e+02	2.59300e+03	0.0157658	700.0
2594	6.99939e+02	2.59400e+03	0.0157622	700.0
2595	6.99948e+02	2.59500e+03	0.0157579	700.0
2596	6.99944e+02	2.59600e+03	0.0157503	700.0
2597	6.99939e+02	2.59700e+03	0.0157435	700.0
2598	6.99944e+02	2.59800e+03	0.0157363	700.0
2599	6.99940e+02	2.59900e+03	0.0157286	700.0
2600	6.99944e+02	2.60000e+03	0.0157184	700.0
2601	6.99948e+02	2.60100e+03	0.0157089	700.0
2602	6.99947e+02	2.60200e+03	0.0156997	700.0
2603	6.99939e+02	2.60300e+03	0.0156908	700.0
2604	6.99941e+02	2.60400e+03	0.0156826	700.0
2605	6.99942e+02	2.60500e+03	0.015676	700.0
2606	6.99943e+02	2.60600e+03	0.015671	700.0
2607	6.99944e+02	2.60700e+03	0.0156669	700.0
2608	6.99944e+02	2.60800e+03	0.0156664	700.0
2609	6.99941e+02	2.60900e+03	0.0156621	700.0
2610	6.99946e+02	2.61000e+03	0.0156576	700.0
2611	6.99946e+02	2.61100e+03	0.0156543	700.0
2612	6.99942e+02	2.61200e+03	0.0156548	700.0
2613	6.99938e+02	2.61300e+03	0.0156581	700.0
2614	6.99940e+02	2.61400e+03	0.0156666	700.0
2615	6.99942e+02	2.61500e+03	0.0156795	700.0
2616	6.99940e+02	2.61600e+03	0.0157049	700.0
2617	6.99935e+02	2.61700e+03	0.0157236	700.0
2618	6.99934e+02	2.61800e+03	0.0157377	700.0
2619	6.99943e+02	2.61900e+03	0.0157487	700.0
2620	6.99935e+02	2.62000e+03	0.0157515	700.0
2621	6.99938e+02	2.62100e+03	0.0157475	700.0
2622	6.99938e+02	2.62200e+03	0.0157378	700.0
2623	6.99939e+02	2.62300e+03	0.0157245	700.0
2624	6.99937e+02	2.62400e+03	0.015689	700.0
2625	6.99943e+02	2.62500e+03	0.0156652	700.0
2626	6.99939e+02	2.62600e+03	0.0156443	700.0
2627	6.99945e+02	2.62700e+03	0.0156244	700.0
2628	6.99941e+02	2.62800e+03	0.0156117	700.0
2629	6.99932e+02	2.62900e+03	0.0156023	700.0
2630	6.99937e+02	2.63000e+03	0.0155976	700.0
2631	6.99933e+02	2.63100e+03	0.0155962	700.0
2632	6.99932e+02	2.63200e+03	0.0156143	700.0
2633	6.99930e+02	2.63300e+03	0.0156288	700.0
2634	6.99935e+02	2.63400e+03	0.0156439	700.0
2635	6.99927e+02	2.63500e+03	0.0156586	700.0
2636	6.99933e+02	2.63600e+03	0.0156759	700.0
2637	6.99933e+02	2.63700e+03	0.015685	700.0
2638	6.99933e+02	2.63800e+03	0.0156907	700.0
2639	6.99931e+02	2.63900e+03	0.0156947	700.0
2640	6.99928e+02	2.64000e+03	0.0156808	700.0
2641	6.99932e+02	2.64100e+03	0.0156724	700.0
2642	6.99937e+02	2.64200e+03	0.0156629	700.0
2643	6.99934e+02	2.64300e+03	0.015652	700.0
2644	6.99931e+02	2.64400e+03	0.0156331	700.0
2645	6.99939e+02	2.64500e+03	0.0156164	700.0
2646	6.99940e+02	2.64600e+03	0.0156012	700.0
2647	6.99941e+02	2.64700e+03	0.0155886	700.0
2648	6.99933e+02	2.64800e+03	0.0155827	700.0
2649	6.99929e+02	2.64900e+03	0.0155795	700.0
2650	6.99943e+02	2.65000e+03	0.0155777	700.0
2651	6.99936e+02	2.65100e+03	0.0155764	700.0
2652	6.99942e+02	2.65200e+03	0.0155817	700.0
2653	6.99937e+02	2.65300e+03	0.0155772	700.0
2654	6.99929e+02	2.65400e+03	0.0155724	700.0
2655	6.99930e+02	2.65500e+03	0.0155704	700.0
2656	6.99927e+02	2.65600e+03	0.0155679	700.0
2657	6.99939e+02	2.65700e+03	0.0155737	700.0
2658	6.99934e+02	2.65800e+03	0.0155828	700.0
2659	6.99933e+02	2.65900e+03	0.0155934	700.0
2660	6.99941e+02	2.66000e+03	0.0156208	700.0
2661	6.99926e+02	2.66100e+03	0.0156371	700.0
2662	6.99940e+02	2.66200e+03	0.0156479	700.0
2663	6.99937e+02	2.66300e+03	0.0156548	700.0
2664	6.99934e+02	2.66400e+03	0.0156486	700.0
2665	6.99929e+02	2.66500e+03	0.0156447	700.0
2666	6.99934e+02	2.66600e+03	0.015639	700.0
2667	6.99933e+02	2.66700e+03	0.0156302	700.0
2668	6.99937e+02	2.66800e+03	0.0156046	700.0
2669	6.99948e+02	2.66900e+03	0.0155859	700.0
2670	6.99945e+02	2.67000e+03	0.0155698	700.0
2671	6.99930e+02	2.67100e+03	0.0155552	700.0
2672	6.99934e+02	2.67200e+03	0.0155463	700.0
2673	6.99939e+02	2.67300e+03	0.015543	700.0
2674	6.99936e+02	2.67400e+03	0.0155417	700.0
2675	6.99938e+02	2.67500e+03	0.0155412	700.0
2676	6.99942e+02	2.67600e+03	0.0155543	700.0
2677	6.99941e+02	2.67700e+03	0.0155584	700.0
2678	6.99945e+02	2.67800e+03	0.0155604	700.0
2679	6.99946e+02	2.67900e+03	0.0155622	700.0
2680	6.99942e+02	2.68000e+03	0.0155598	700.0
2681	6.99930e+02	2.68100e+03	0.0155603	700.0
2682	6.99929e+02	2.68200e+03	0.0155609	700.0
2683	6.99937e+02	2.68300e+03	0.0155611	700.0
2684	6.99933e+02	2.68400e+03	0.0155601	700.0
2685	6.99936e+02	2.68500e+03	0.0155539	700.0
2686	6.99933e+02	2.68600e+03	0.0155429	700.0
2687	6.99936e+02	2.68700e+03	0.0155302	700.0
2688	6.99936e+02	2.68800e+03	0.0155109	700.0
2689	6.99942e+02	2.68900e+03	0.0154989	700.0
2690	6.99939e+02	2.69000e+03	0.0154926	700.0
2691	6.99926e+02	2.69100e+03	0.0154893	700.0
2692	6.99939e+02	2.69200e+03	0.0154916	700.0
2693	6.99930e+02	2.69300e+03	0.0154913	700.0
2694	6.99941e+02	2.69400e+03	0.0154908	700.0
2695	6.99929e+02	2.69500e+03	0.0154912	700.0
2696	6.99938e+02	2.69600e+03	0.0155029	700.0
2697	6.99941e+02	2.69700e+03	0.0155189	700.0
2698	6.99940e+02	2.69800e+03	0.0155394	700.0
2699	6.99937e+02	2.69900e+03	0.0155615	700.0
2700	6.99928e+02	2.70000e+03	0.0155981	700.0
2701	6.99936e+02	2.70100e+03	0.0156265	700.0
2702	6.99934e+02	2.70200e+03	0.015649	700.0
2703	6.99932e+02	2.70300e+03	0.0156669	700.0
2704	6.99942e+02	2.70400e+03	0.0156735	700.0
2705	6.99941e+02	2.70500e+03	0.015677	700.0
2706	6.99928e+02	2.70600e+03	0.0156761	700.0
2707	6.99935e+02	2.70700e+03	0.0156723	700.0
2708	6.99932e+02	2.70800e+03	0.015646	700.0
2709	6.99929e+02	2.70900e+03	0.0156247	700.0
2710	6.99936e+02	2.71000e+03	0.0156001	700.0
2711	6.99935e+02	2.71100e+03	0.0155737	700.0
2712	6.99936e+02	2.71200e+03	0.0155476	700.0
2713	6.99924e+02	2.71300e+03	0.0155236	700.0
2714	6.99935e+02	2.71400e+03	0.0155019	700.0
2715	6.99937e+02	2.71500e+03	0.0154829	700.0
2716	6.99932e+02	2.71600e+03	0.0154667	700.0
2717	6.99934e+02	2.71700e+03	0.0154539	700.0
2718	6.99932e+02	2.71800e+03	0.0154473	700.0
2719	6.99933e+02	2.71900e+03	0.0154467	700.0
2720	6.99931e+02	2.72000e+03	0.0154484	700.0
