index	ts	t	weight	tr
[#]	[°C]	[s]	[mg]	[°C]
683	1.30994e+02	6.83000e+02	3.04480e+00	1.31500e+02
684	1.31496e+02	6.84000e+02	3.04477e+00	1.32000e+02
685	1.31999e+02	6.85000e+02	3.04475e+00	1.32500e+02
686	1.32502e+02	6.86000e+02	3.04473e+00	1.33000e+02
687	1.32989e+02	6.87000e+02	3.04471e+00	1.33500e+02
688	1.33499e+02	6.88000e+02	3.04471e+00	1.34000e+02
689	1.34002e+02	6.89000e+02	3.04469e+00	1.34500e+02
690	1.34496e+02	6.90000e+02	3.04468e+00	1.35000e+02
691	1.35001e+02	6.91000e+02	3.04466e+00	1.35500e+02
692	1.35504e+02	6.92000e+02	3.04464e+00	1.36000e+02
693	1.36001e+02	6.93000e+02	3.04462e+00	1.36500e+02
694	1.36504e+02	6.94000e+02	3.04460e+00	1.37000e+02
695	1.36998e+02	6.95000e+02	3.04458e+00	1.37500e+02
696	1.37497e+02	6.96000e+02	3.04455e+00	1.38000e+02
697	1.38021e+02	6.97000e+02	3.04452e+00	1.38500e+02
698	1.38522e+02	6.98000e+02	3.04449e+00	1.39000e+02
699	1.39013e+02	6.99000e+02	3.04447e+00	1.39500e+02
700	1.39526e+02	7.00000e+02	3.04444e+00	1.40000e+02
701	1.40016e+02	7.01000e+02	3.04441e+00	1.40500e+02
702	1.40517e+02	7.02000e+02	3.04438e+00	1.41000e+02
703	1.41027e+02	7.03000e+02	3.04436e+00	1.41500e+02
704	1.41525e+02	7.04000e+02	3.04434e+00	1.42000e+02
705	1.42030e+02	7.05000e+02	3.04432e+00	1.42500e+02
706	1.42539e+02	7.06000e+02	3.04430e+00	1.43000e+02
707	1.43036e+02	7.07000e+02	3.04428e+00	1.43500e+02
708	1.43544e+02	7.08000e+02	3.04427e+00	1.44000e+02
709	1.44048e+02	7.09000e+02	3.04426e+00	1.44500e+02
710	1.44558e+02	7.10000e+02	3.04424e+00	1.45000e+02
711	1.45053e+02	7.11000e+02	3.04423e+00	1.45500e+02
712	1.45549e+02	7.12000e+02	3.04422e+00	1.46000e+02
713	1.46064e+02	7.13000e+02	3.04421e+00	1.46500e+02
714	1.46568e+02	7.14000e+02	3.04419e+00	1.47000e+02
715	1.47064e+02	7.15000e+02	3.04417e+00	1.47500e+02
716	1.47564e+02	7.16000e+02	3.04415e+00	1.48000e+02
717	1.48064e+02	7.17000e+02	3.04412e+00	1.48500e+02
718	1.48560e+02	7.18000e+02	3.04408e+00	1.49000e+02
719	1.49072e+02	7.19000e+02	3.04404e+00	1.49500e+02
720	1.49593e+02	7.20000e+02	3.04398e+00	1.50000e+02
721	1.50088e+02	7.21000e+02	3.04392e+00	1.50500e+02
722	1.50588e+02	7.22000e+02	3.04386e+00	1.51000e+02
723	1.51095e+02	7.23000e+02	3.04380e+00	1.51500e+02
724	1.51589e+02	7.24000e+02	3.04372e+00	1.52000e+02
725	1.52104e+02	7.25000e+02	3.04364e+00	1.52500e+02
726	1.52602e+02	7.26000e+02	3.04357e+00	1.53000e+02
727	1.53119e+02	7.27000e+02	3.04349e+00	1.53500e+02
728	1.53616e+02	7.28000e+02	3.04341e+00	1.54000e+02
729	1.54128e+02	7.29000e+02	3.04333e+00	1.54500e+02
730	1.54631e+02	7.30000e+02	3.04325e+00	1.55000e+02
731	1.55131e+02	7.31000e+02	3.04317e+00	1.55500e+02
732	1.55640e+02	7.32000e+02	3.04308e+00	1.56000e+02
733	1.56142e+02	7.33000e+02	3.04299e+00	1.56500e+02
734	1.56642e+02	7.34000e+02	3.04290e+00	1.57000e+02
735	1.57157e+02	7.35000e+02	3.04281e+00	1.57500e+02
736	1.57662e+02	7.36000e+02	3.04270e+00	1.58000e+02
737	1.58167e+02	7.37000e+02	3.04260e+00	1.58500e+02
738	1.58676e+02	7.38000e+02	3.04250e+00	1.59000e+02
739	1.59166e+02	7.39000e+02	3.04240e+00	1.59500e+02
740	1.59663e+02	7.40000e+02	3.04229e+00	1.60000e+02
741	1.60175e+02	7.41000e+02	3.04219e+00	1.60500e+02
742	1.60688e+02	7.42000e+02	3.04208e+00	1.61000e+02
743	1.61184e+02	7.43000e+02	3.04198e+00	1.61500e+02
744	1.61699e+02	7.44000e+02	3.04187e+00	1.62000e+02
745	1.62192e+02	7.45000e+02	3.04177e+00	1.62500e+02
746	1.62702e+02	7.46000e+02	3.04166e+00	1.63000e+02
747	1.63208e+02	7.47000e+02	3.04155e+00	1.63500e+02
748	1.63717e+02	7.48000e+02	3.04144e+00	1.64000e+02
749	1.64230e+02	7.49000e+02	3.04134e+00	1.64500e+02
750	1.64731e+02	7.50000e+02	3.04123e+00	1.65000e+02
751	1.65235e+02	7.51000e+02	3.04112e+00	1.65500e+02
752	1.65739e+02	7.52000e+02	3.04100e+00	1.66000e+02
753	1.66241e+02	7.53000e+02	3.04088e+00	1.66500e+02
754	1.66759e+02	7.54000e+02	3.04075e+00	1.67000e+02
755	1.67261e+02	7.55000e+02	3.04061e+00	1.67500e+02
756	1.67754e+02	7.56000e+02	3.04045e+00	1.68000e+02
757	1.68273e+02	7.57000e+02	3.04029e+00	1.68500e+02
758	1.68781e+02	7.58000e+02	3.04012e+00	1.69000e+02
759	1.69284e+02	7.59000e+02	3.03994e+00	1.69500e+02
760	1.69790e+02	7.60000e+02	3.03972e+00	1.70000e+02
761	1.70290e+02	7.61000e+02	3.03950e+00	1.70500e+02
762	1.70810e+02	7.62000e+02	3.03929e+00	1.71000e+02
763	1.71304e+02	7.63000e+02	3.03908e+00	1.71500e+02
764	1.71811e+02	7.64000e+02	3.03885e+00	1.72000e+02
765	1.72318e+02	7.65000e+02	3.03864e+00	1.72500e+02
766	1.72831e+02	7.66000e+02	3.03842e+00	1.73000e+02
767	1.73338e+02	7.67000e+02	3.03820e+00	1.73500e+02
768	1.73852e+02	7.68000e+02	3.03800e+00	1.74000e+02
769	1.74353e+02	7.69000e+02	3.03778e+00	1.74500e+02
770	1.74868e+02	7.70000e+02	3.03757e+00	1.75000e+02
771	1.75380e+02	7.71000e+02	3.03736e+00	1.75500e+02
772	1.75883e+02	7.72000e+02	3.03715e+00	1.76000e+02
773	1.76387e+02	7.73000e+02	3.03693e+00	1.76500e+02
774	1.76901e+02	7.74000e+02	3.03670e+00	1.77000e+02
775	1.77398e+02	7.75000e+02	3.03646e+00	1.77500e+02
776	1.77918e+02	7.76000e+02	3.03619e+00	1.78000e+02
777	1.78425e+02	7.77000e+02	3.03592e+00	1.78500e+02
778	1.78930e+02	7.78000e+02	3.03563e+00	1.79000e+02
779	1.79438e+02	7.79000e+02	3.03532e+00	1.79500e+02
780	1.79946e+02	7.80000e+02	3.03496e+00	1.80000e+02
781	1.80447e+02	7.81000e+02	3.03460e+00	1.80500e+02
782	1.80953e+02	7.82000e+02	3.03424e+00	1.81000e+02
783	1.81462e+02	7.83000e+02	3.03387e+00	1.81500e+02
784	1.81983e+02	7.84000e+02	3.03346e+00	1.82000e+02
785	1.82496e+02	7.85000e+02	3.03305e+00	1.82500e+02
786	1.83000e+02	7.86000e+02	3.03264e+00	1.83000e+02
787	1.83506e+02	7.87000e+02	3.03222e+00	1.83500e+02
788	1.84015e+02	7.88000e+02	3.03175e+00	1.84000e+02
789	1.84519e+02	7.89000e+02	3.03129e+00	1.84500e+02
790	1.85040e+02	7.90000e+02	3.03082e+00	1.85000e+02
791	1.85543e+02	7.91000e+02	3.03033e+00	1.85500e+02
792	1.86059e+02	7.92000e+02	3.02979e+00	1.86000e+02
793	1.86576e+02	7.93000e+02	3.02925e+00	1.86500e+02
794	1.87079e+02	7.94000e+02	3.02870e+00	1.87000e+02
795	1.87590e+02	7.95000e+02	3.02813e+00	1.87500e+02
796	1.88097e+02	7.96000e+02	3.02751e+00	1.88000e+02
797	1.88620e+02	7.97000e+02	3.02689e+00	1.88500e+02
798	1.89125e+02	7.98000e+02	3.02625e+00	1.89000e+02
799	1.89624e+02	7.99000e+02	3.02561e+00	1.89500e+02
800	1.90141e+02	8.00000e+02	3.02492e+00	1.90000e+02
801	1.90648e+02	8.01000e+02	3.02424e+00	1.90500e+02
802	1.91152e+02	8.02000e+02	3.02355e+00	1.91000e+02
803	1.91675e+02	8.03000e+02	3.02286e+00	1.91500e+02
804	1.92185e+02	8.04000e+02	3.02212e+00	1.92000e+02
805	1.92698e+02	8.05000e+02	3.02140e+00	1.92500e+02
806	1.93200e+02	8.06000e+02	3.02066e+00	1.93000e+02
807	1.93706e+02	8.07000e+02	3.01991e+00	1.93500e+02
808	1.94237e+02	8.08000e+02	3.01913e+00	1.94000e+02
809	1.94733e+02	8.09000e+02	3.01834e+00	1.94500e+02
810	1.95250e+02	8.10000e+02	3.01755e+00	1.95000e+02
811	1.95760e+02	8.11000e+02	3.01676e+00	1.95500e+02
812	1.96256e+02	8.12000e+02	3.01592e+00	1.96000e+02
813	1.96758e+02	8.13000e+02	3.01509e+00	1.96500e+02
814	1.97275e+02	8.14000e+02	3.01425e+00	1.97000e+02
815	1.97784e+02	8.15000e+02	3.01341e+00	1.97500e+02
816	1.98301e+02	8.16000e+02	3.01254e+00	1.98000e+02
817	1.98813e+02	8.17000e+02	3.01167e+00	1.98500e+02
818	1.99314e+02	8.18000e+02	3.01080e+00	1.99000e+02
819	1.99837e+02	8.19000e+02	3.00991e+00	1.99500e+02
820	2.00346e+02	8.20000e+02	3.00901e+00	2.00000e+02
821	2.00845e+02	8.21000e+02	3.00811e+00	2.00500e+02
822	2.01365e+02	8.22000e+02	3.00721e+00	2.01000e+02
823	2.01870e+02	8.23000e+02	3.00630e+00	2.01500e+02
824	2.02385e+02	8.24000e+02	3.00538e+00	2.02000e+02
825	2.02890e+02	8.25000e+02	3.00447e+00	2.02500e+02
826	2.03401e+02	8.26000e+02	3.00356e+00	2.03000e+02
827	2.03919e+02	8.27000e+02	3.00265e+00	2.03500e+02
828	2.04435e+02	8.28000e+02	3.00173e+00	2.04000e+02
829	2.04947e+02	8.29000e+02	3.00082e+00	2.04500e+02
830	2.05452e+02	8.30000e+02	2.99991e+00	2.05000e+02
831	2.05950e+02	8.31000e+02	2.99901e+00	2.05500e+02
832	2.06470e+02	8.32000e+02	2.99812e+00	2.06000e+02
833	2.06983e+02	8.33000e+02	2.99722e+00	2.06500e+02
834	2.07491e+02	8.34000e+02	2.99633e+00	2.07000e+02
835	2.08005e+02	8.35000e+02	2.99545e+00	2.07500e+02
836	2.08516e+02	8.36000e+02	2.99457e+00	2.08000e+02
837	2.09031e+02	8.37000e+02	2.99370e+00	2.08500e+02
838	2.09533e+02	8.38000e+02	2.99282e+00	2.09000e+02
839	2.10049e+02	8.39000e+02	2.99195e+00	2.09500e+02
840	2.10549e+02	8.40000e+02	2.99108e+00	2.10000e+02
841	2.11062e+02	8.41000e+02	2.99022e+00	2.10500e+02
842	2.11578e+02	8.42000e+02	2.98937e+00	2.11000e+02
843	2.12087e+02	8.43000e+02	2.98852e+00	2.11500e+02
844	2.12598e+02	8.44000e+02	2.98769e+00	2.12000e+02
845	2.13108e+02	8.45000e+02	2.98688e+00	2.12500e+02
846	2.13625e+02	8.46000e+02	2.98607e+00	2.13000e+02
847	2.14131e+02	8.47000e+02	2.98528e+00	2.13500e+02
848	2.14652e+02	8.48000e+02	2.98454e+00	2.14000e+02
849	2.15148e+02	8.49000e+02	2.98380e+00	2.14500e+02
850	2.15675e+02	8.50000e+02	2.98308e+00	2.15000e+02
851	2.16175e+02	8.51000e+02	2.98236e+00	2.15500e+02
852	2.16692e+02	8.52000e+02	2.98170e+00	2.16000e+02
853	2.17213e+02	8.53000e+02	2.98103e+00	2.16500e+02
854	2.17718e+02	8.54000e+02	2.98036e+00	2.17000e+02
855	2.18236e+02	8.55000e+02	2.97971e+00	2.17500e+02
856	2.18753e+02	8.56000e+02	2.97908e+00	2.18000e+02
857	2.19275e+02	8.57000e+02	2.97845e+00	2.18500e+02
858	2.19793e+02	8.58000e+02	2.97783e+00	2.19000e+02
859	2.20296e+02	8.59000e+02	2.97721e+00	2.19500e+02
860	2.20798e+02	8.60000e+02	2.97663e+00	2.20000e+02
861	2.21307e+02	8.61000e+02	2.97604e+00	2.20500e+02
862	2.21820e+02	8.62000e+02	2.97545e+00	2.21000e+02
863	2.22325e+02	8.63000e+02	2.97487e+00	2.21500e+02
864	2.22839e+02	8.64000e+02	2.97432e+00	2.22000e+02
865	2.23349e+02	8.65000e+02	2.97377e+00	2.22500e+02
866	2.23860e+02	8.66000e+02	2.97323e+00	2.23000e+02
867	2.24373e+02	8.67000e+02	2.97270e+00	2.23500e+02
868	2.24883e+02	8.68000e+02	2.97220e+00	2.24000e+02
869	2.25393e+02	8.69000e+02	2.97170e+00	2.24500e+02
870	2.25887e+02	8.70000e+02	2.97120e+00	2.25000e+02
871	2.26390e+02	8.71000e+02	2.97072e+00	2.25500e+02
872	2.26892e+02	8.72000e+02	2.97026e+00	2.26000e+02
873	2.27391e+02	8.73000e+02	2.96979e+00	2.26500e+02
874	2.27904e+02	8.74000e+02	2.96933e+00	2.27000e+02
875	2.28415e+02	8.75000e+02	2.96887e+00	2.27500e+02
876	2.28912e+02	8.76000e+02	2.96842e+00	2.28000e+02
877	2.29419e+02	8.77000e+02	2.96797e+00	2.28500e+02
878	2.29932e+02	8.78000e+02	2.96752e+00	2.29000e+02
879	2.30445e+02	8.79000e+02	2.96707e+00	2.29500e+02
880	2.30927e+02	8.80000e+02	2.96664e+00	2.30000e+02
881	2.31436e+02	8.81000e+02	2.96621e+00	2.30500e+02
882	2.31953e+02	8.82000e+02	2.96578e+00	2.31000e+02
883	2.32448e+02	8.83000e+02	2.96535e+00	2.31500e+02
884	2.32947e+02	8.84000e+02	2.96494e+00	2.32000e+02
885	2.33466e+02	8.85000e+02	2.96453e+00	2.32500e+02
886	2.33971e+02	8.86000e+02	2.96412e+00	2.33000e+02
887	2.34472e+02	8.87000e+02	2.96372e+00	2.33500e+02
888	2.34989e+02	8.88000e+02	2.96333e+00	2.34000e+02
889	2.35493e+02	8.89000e+02	2.96293e+00	2.34500e+02
890	2.35999e+02	8.90000e+02	2.96254e+00	2.35000e+02
891	2.36518e+02	8.91000e+02	2.96216e+00	2.35500e+02
892	2.37028e+02	8.92000e+02	2.96178e+00	2.36000e+02
893	2.37526e+02	8.93000e+02	2.96141e+00	2.36500e+02
894	2.38033e+02	8.94000e+02	2.96105e+00	2.37000e+02
895	2.38543e+02	8.95000e+02	2.96069e+00	2.37500e+02
896	2.39051e+02	8.96000e+02	2.96035e+00	2.38000e+02
897	2.39562e+02	8.97000e+02	2.96000e+00	2.38500e+02
898	2.40077e+02	8.98000e+02	2.95966e+00	2.39000e+02
899	2.40575e+02	8.99000e+02	2.95932e+00	2.39500e+02
900	2.41084e+02	9.00000e+02	2.95900e+00	2.40000e+02
901	2.41603e+02	9.01000e+02	2.95866e+00	2.40500e+02
902	2.42116e+02	9.02000e+02	2.95833e+00	2.41000e+02
903	2.42623e+02	9.03000e+02	2.95800e+00	2.41500e+02
904	2.43124e+02	9.04000e+02	2.95767e+00	2.42000e+02
905	2.43637e+02	9.05000e+02	2.95734e+00	2.42500e+02
906	2.44152e+02	9.06000e+02	2.95700e+00	2.43000e+02
907	2.44662e+02	9.07000e+02	2.95667e+00	2.43500e+02
908	2.45189e+02	9.08000e+02	2.95634e+00	2.44000e+02
909	2.45688e+02	9.09000e+02	2.95601e+00	2.44500e+02
910	2.46208e+02	9.10000e+02	2.95568e+00	2.45000e+02
911	2.46722e+02	9.11000e+02	2.95535e+00	2.45500e+02
912	2.47238e+02	9.12000e+02	2.95503e+00	2.46000e+02
913	2.47745e+02	9.13000e+02	2.95472e+00	2.46500e+02
914	2.48260e+02	9.14000e+02	2.95440e+00	2.47000e+02
915	2.48770e+02	9.15000e+02	2.95409e+00	2.47500e+02
916	2.49306e+02	9.16000e+02	2.95380e+00	2.48000e+02
917	2.49817e+02	9.17000e+02	2.95350e+00	2.48500e+02
918	2.50326e+02	9.18000e+02	2.95320e+00	2.49000e+02
919	2.50809e+02	9.19000e+02	2.95291e+00	2.49500e+02
920	2.51317e+02	9.20000e+02	2.95262e+00	2.50000e+02
921	2.51824e+02	9.21000e+02	2.95233e+00	2.50500e+02
922	2.52320e+02	9.22000e+02	2.95204e+00	2.51000e+02
923	2.52821e+02	9.23000e+02	2.95176e+00	2.51500e+02
924	2.53324e+02	9.24000e+02	2.95147e+00	2.52000e+02
925	2.53832e+02	9.25000e+02	2.95118e+00	2.52500e+02
926	2.54341e+02	9.26000e+02	2.95090e+00	2.53000e+02
927	2.54844e+02	9.27000e+02	2.95061e+00	2.53500e+02
928	2.55361e+02	9.28000e+02	2.95031e+00	2.54000e+02
929	2.55866e+02	9.29000e+02	2.95002e+00	2.54500e+02
930	2.56371e+02	9.30000e+02	2.94973e+00	2.55000e+02
931	2.56893e+02	9.31000e+02	2.94943e+00	2.55500e+02
932	2.57408e+02	9.32000e+02	2.94914e+00	2.56000e+02
933	2.57930e+02	9.33000e+02	2.94884e+00	2.56500e+02
934	2.58442e+02	9.34000e+02	2.94854e+00	2.57000e+02
935	2.58943e+02	9.35000e+02	2.94824e+00	2.57500e+02
936	2.59442e+02	9.36000e+02	2.94793e+00	2.58000e+02
937	2.59953e+02	9.37000e+02	2.94762e+00	2.58500e+02
938	2.60466e+02	9.38000e+02	2.94731e+00	2.59000e+02
939	2.60971e+02	9.39000e+02	2.94700e+00	2.59500e+02
940	2.61466e+02	9.40000e+02	2.94669e+00	2.60000e+02
941	2.61986e+02	9.41000e+02	2.94639e+00	2.60500e+02
942	2.62499e+02	9.42000e+02	2.94609e+00	2.61000e+02
943	2.62995e+02	9.43000e+02	2.94579e+00	2.61500e+02
944	2.63514e+02	9.44000e+02	2.94549e+00	2.62000e+02
945	2.64019e+02	9.45000e+02	2.94520e+00	2.62500e+02
946	2.64533e+02	9.46000e+02	2.94490e+00	2.63000e+02
947	2.65032e+02	9.47000e+02	2.94459e+00	2.63500e+02
948	2.65546e+02	9.48000e+02	2.94429e+00	2.64000e+02
949	2.66056e+02	9.49000e+02	2.94398e+00	2.64500e+02
950	2.66556e+02	9.50000e+02	2.94367e+00	2.65000e+02
951	2.67061e+02	9.51000e+02	2.94335e+00	2.65500e+02
952	2.67566e+02	9.52000e+02	2.94302e+00	2.66000e+02
953	2.68077e+02	9.53000e+02	2.94269e+00	2.66500e+02
954	2.68579e+02	9.54000e+02	2.94235e+00	2.67000e+02
955	2.69082e+02	9.55000e+02	2.94201e+00	2.67500e+02
956	2.69591e+02	9.56000e+02	2.94165e+00	2.68000e+02
957	2.70091e+02	9.57000e+02	2.94130e+00	2.68500e+02
958	2.70603e+02	9.58000e+02	2.94094e+00	2.69000e+02
959	2.71114e+02	9.59000e+02	2.94057e+00	2.69500e+02
960	2.71631e+02	9.60000e+02	2.94019e+00	2.70000e+02
961	2.72148e+02	9.61000e+02	2.93982e+00	2.70500e+02
962	2.72649e+02	9.62000e+02	2.93945e+00	2.71000e+02
963	2.73146e+02	9.63000e+02	2.93907e+00	2.71500e+02
964	2.73628e+02	9.64000e+02	2.93868e+00	2.72000e+02
965	2.74140e+02	9.65000e+02	2.93830e+00	2.72500e+02
966	2.74627e+02	9.66000e+02	2.93790e+00	2.73000e+02
967	2.75121e+02	9.67000e+02	2.93750e+00	2.73500e+02
968	2.75618e+02	9.68000e+02	2.93707e+00	2.74000e+02
969	2.76124e+02	9.69000e+02	2.93664e+00	2.74500e+02
970	2.76610e+02	9.70000e+02	2.93620e+00	2.75000e+02
971	2.77085e+02	9.71000e+02	2.93575e+00	2.75500e+02
972	2.77578e+02	9.72000e+02	2.93526e+00	2.76000e+02
973	2.78063e+02	9.73000e+02	2.93478e+00	2.76500e+02
974	2.78541e+02	9.74000e+02	2.93430e+00	2.77000e+02
975	2.79037e+02	9.75000e+02	2.93381e+00	2.77500e+02
976	2.79543e+02	9.76000e+02	2.93330e+00	2.78000e+02
977	2.80054e+02	9.77000e+02	2.93280e+00	2.78500e+02
978	2.80525e+02	9.78000e+02	2.93229e+00	2.79000e+02
979	2.81005e+02	9.79000e+02	2.93177e+00	2.79500e+02
980	2.81507e+02	9.80000e+02	2.93124e+00	2.80000e+02
981	2.82021e+02	9.81000e+02	2.93070e+00	2.80500e+02
982	2.82530e+02	9.82000e+02	2.93016e+00	2.81000e+02
983	2.83032e+02	9.83000e+02	2.92961e+00	2.81500e+02
984	2.83534e+02	9.84000e+02	2.92904e+00	2.82000e+02
985	2.84044e+02	9.85000e+02	2.92847e+00	2.82500e+02
986	2.84532e+02	9.86000e+02	2.92789e+00	2.83000e+02
987	2.85037e+02	9.87000e+02	2.92731e+00	2.83500e+02
988	2.85539e+02	9.88000e+02	2.92670e+00	2.84000e+02
989	2.86053e+02	9.89000e+02	2.92609e+00	2.84500e+02
990	2.86547e+02	9.90000e+02	2.92546e+00	2.85000e+02
991	2.87040e+02	9.91000e+02	2.92483e+00	2.85500e+02
992	2.87543e+02	9.92000e+02	2.92414e+00	2.86000e+02
993	2.88050e+02	9.93000e+02	2.92345e+00	2.86500e+02
994	2.88560e+02	9.94000e+02	2.92276e+00	2.87000e+02
995	2.89060e+02	9.95000e+02	2.92205e+00	2.87500e+02
996	2.89566e+02	9.96000e+02	2.92127e+00	2.88000e+02
997	2.90077e+02	9.97000e+02	2.92051e+00	2.88500e+02
998	2.90581e+02	9.98000e+02	2.91974e+00	2.89000e+02
999	2.91075e+02	9.99000e+02	2.91895e+00	2.89500e+02
1000	2.91581e+02	1.00000e+03	2.91811e+00	2.90000e+02
1001	2.92090e+02	1.00100e+03	2.91727e+00	2.90500e+02
1002	2.92595e+02	1.00200e+03	2.91641e+00	2.91000e+02
1003	2.93097e+02	1.00300e+03	2.91554e+00	2.91500e+02
1004	2.93590e+02	1.00400e+03	2.91459e+00	2.92000e+02
1005	2.94083e+02	1.00500e+03	2.91365e+00	2.92500e+02
1006	2.94589e+02	1.00600e+03	2.91269e+00	2.93000e+02
1007	2.95092e+02	1.00700e+03	2.91172e+00	2.93500e+02
1008	2.95592e+02	1.00800e+03	2.91066e+00	2.94000e+02
1009	2.96100e+02	1.00900e+03	2.90961e+00	2.94500e+02
1010	2.96599e+02	1.01000e+03	2.90855e+00	2.95000e+02
1011	2.97097e+02	1.01100e+03	2.90747e+00	2.95500e+02
1012	2.97603e+02	1.01200e+03	2.90632e+00	2.96000e+02
1013	2.98105e+02	1.01300e+03	2.90518e+00	2.96500e+02
1014	2.98615e+02	1.01400e+03	2.90403e+00	2.97000e+02
1015	2.99110e+02	1.01500e+03	2.90286e+00	2.97500e+02
1016	2.99613e+02	1.01600e+03	2.90163e+00	2.98000e+02
1017	3.00121e+02	1.01700e+03	2.90041e+00	2.98500e+02
1018	3.00636e+02	1.01800e+03	2.89917e+00	2.99000e+02
1019	3.01157e+02	1.01900e+03	2.89791e+00	2.99500e+02
1020	3.01651e+02	1.02000e+03	2.89658e+00	3.00000e+02
1021	3.02148e+02	1.02100e+03	2.89525e+00	3.00500e+02
1022	3.02643e+02	1.02200e+03	2.89391e+00	3.01000e+02
1023	3.03186e+02	1.02300e+03	2.89256e+00	3.01500e+02
1024	3.03699e+02	1.02400e+03	2.89112e+00	3.02000e+02
1025	3.04219e+02	1.02500e+03	2.88970e+00	3.02500e+02
1026	3.04717e+02	1.02600e+03	2.88826e+00	3.03000e+02
1027	3.05242e+02	1.02700e+03	2.88681e+00	3.03500e+02
1028	3.05752e+02	1.02800e+03	2.88528e+00	3.04000e+02
1029	3.06270e+02	1.02900e+03	2.88377e+00	3.04500e+02
1030	3.06764e+02	1.03000e+03	2.88224e+00	3.05000e+02
1031	3.07263e+02	1.03100e+03	2.88069e+00	3.05500e+02
1032	3.07766e+02	1.03200e+03	2.87908e+00	3.06000e+02
1033	3.08270e+02	1.03300e+03	2.87747e+00	3.06500e+02
1034	3.08773e+02	1.03400e+03	2.87585e+00	3.07000e+02
1035	3.09264e+02	1.03500e+03	2.87422e+00	3.07500e+02
1036	3.09766e+02	1.03600e+03	2.87252e+00	3.08000e+02
1037	3.10268e+02	1.03700e+03	2.87082e+00	3.08500e+02
1038	3.10768e+02	1.03800e+03	2.86911e+00	3.09000e+02
1039	3.11276e+02	1.03900e+03	2.86739e+00	3.09500e+02
1040	3.11775e+02	1.04000e+03	2.86559e+00	3.10000e+02
1041	3.12279e+02	1.04100e+03	2.86380e+00	3.10500e+02
1042	3.12781e+02	1.04200e+03	2.86201e+00	3.11000e+02
1043	3.13276e+02	1.04300e+03	2.86020e+00	3.11500e+02
1044	3.13773e+02	1.04400e+03	2.85834e+00	3.12000e+02
1045	3.14265e+02	1.04500e+03	2.85649e+00	3.12500e+02
1046	3.14784e+02	1.04600e+03	2.85463e+00	3.13000e+02
1047	3.15312e+02	1.04700e+03	2.85277e+00	3.13500e+02
1048	3.15806e+02	1.04800e+03	2.85087e+00	3.14000e+02
1049	3.16317e+02	1.04900e+03	2.84899e+00	3.14500e+02
1050	3.16831e+02	1.05000e+03	2.84710e+00	3.15000e+02
1051	3.17325e+02	1.05100e+03	2.84520e+00	3.15500e+02
1052	3.17831e+02	1.05200e+03	2.84329e+00	3.16000e+02
1053	3.18323e+02	1.05300e+03	2.84139e+00	3.16500e+02
1054	3.18801e+02	1.05400e+03	2.83948e+00	3.17000e+02
1055	3.19293e+02	1.05500e+03	2.83757e+00	3.17500e+02
1056	3.19798e+02	1.05600e+03	2.83564e+00	3.18000e+02
1057	3.20287e+02	1.05700e+03	2.83372e+00	3.18500e+02
1058	3.20786e+02	1.05800e+03	2.83179e+00	3.19000e+02
1059	3.21288e+02	1.05900e+03	2.82986e+00	3.19500e+02
1060	3.21801e+02	1.06000e+03	2.82790e+00	3.20000e+02
1061	3.22301e+02	1.06100e+03	2.82596e+00	3.20500e+02
1062	3.22848e+02	1.06200e+03	2.82401e+00	3.21000e+02
1063	3.23349e+02	1.06300e+03	2.82205e+00	3.21500e+02
1064	3.23829e+02	1.06400e+03	2.82009e+00	3.22000e+02
1065	3.24313e+02	1.06500e+03	2.81813e+00	3.22500e+02
1066	3.24815e+02	1.06600e+03	2.81618e+00	3.23000e+02
1067	3.25318e+02	1.06700e+03	2.81422e+00	3.23500e+02
1068	3.25820e+02	1.06800e+03	2.81225e+00	3.24000e+02
1069	3.26317e+02	1.06900e+03	2.81028e+00	3.24500e+02
1070	3.26822e+02	1.07000e+03	2.80828e+00	3.25000e+02
1071	3.27321e+02	1.07100e+03	2.80628e+00	3.25500e+02
1072	3.27814e+02	1.07200e+03	2.80423e+00	3.26000e+02
1073	3.28298e+02	1.07300e+03	2.80218e+00	3.26500e+02
1074	3.28794e+02	1.07400e+03	2.80011e+00	3.27000e+02
1075	3.29292e+02	1.07500e+03	2.79802e+00	3.27500e+02
1076	3.29787e+02	1.07600e+03	2.79583e+00	3.28000e+02
1077	3.30274e+02	1.07700e+03	2.79365e+00	3.28500e+02
1078	3.30772e+02	1.07800e+03	2.79142e+00	3.29000e+02
1079	3.31279e+02	1.07900e+03	2.78917e+00	3.29500e+02
1080	3.31778e+02	1.08000e+03	2.78677e+00	3.30000e+02
1081	3.32305e+02	1.08100e+03	2.78438e+00	3.30500e+02
1082	3.32819e+02	1.08200e+03	2.78195e+00	3.31000e+02
1083	3.33338e+02	1.08300e+03	2.77948e+00	3.31500e+02
1084	3.33819e+02	1.08400e+03	2.77683e+00	3.32000e+02
1085	3.34341e+02	1.08500e+03	2.77419e+00	3.32500e+02
1086	3.34832e+02	1.08600e+03	2.77151e+00	3.33000e+02
1087	3.35320e+02	1.08700e+03	2.76878e+00	3.33500e+02
1088	3.35824e+02	1.08800e+03	2.76584e+00	3.34000e+02
1089	3.36320e+02	1.08900e+03	2.76291e+00	3.34500e+02
1090	3.36824e+02	1.09000e+03	2.75994e+00	3.35000e+02
1091	3.37327e+02	1.09100e+03	2.75692e+00	3.35500e+02
1092	3.37816e+02	1.09200e+03	2.75364e+00	3.36000e+02
1093	3.38305e+02	1.09300e+03	2.75039e+00	3.36500e+02
1094	3.38816e+02	1.09400e+03	2.74707e+00	3.37000e+02
1095	3.39312e+02	1.09500e+03	2.74369e+00	3.37500e+02
1096	3.39798e+02	1.09600e+03	2.74001e+00	3.38000e+02
1097	3.40301e+02	1.09700e+03	2.73634e+00	3.38500e+02
1098	3.40813e+02	1.09800e+03	2.73260e+00	3.39000e+02
1099	3.41345e+02	1.09900e+03	2.72879e+00	3.39500e+02
1100	3.41868e+02	1.10000e+03	2.72462e+00	3.40000e+02
1101	3.42370e+02	1.10100e+03	2.72048e+00	3.40500e+02
1102	3.42875e+02	1.10200e+03	2.71625e+00	3.41000e+02
1103	3.43380e+02	1.10300e+03	2.71193e+00	3.41500e+02
1104	3.43861e+02	1.10400e+03	2.70719e+00	3.42000e+02
1105	3.44366e+02	1.10500e+03	2.70248e+00	3.42500e+02
1106	3.44853e+02	1.10600e+03	2.69767e+00	3.43000e+02
1107	3.45359e+02	1.10700e+03	2.69277e+00	3.43500e+02
1108	3.45873e+02	1.10800e+03	2.68738e+00	3.44000e+02
1109	3.46397e+02	1.10900e+03	2.68204e+00	3.44500e+02
1110	3.46911e+02	1.11000e+03	2.67659e+00	3.45000e+02
1111	3.47398e+02	1.11100e+03	2.67103e+00	3.45500e+02
1112	3.47925e+02	1.11200e+03	2.66493e+00	3.46000e+02
1113	3.48436e+02	1.11300e+03	2.65887e+00	3.46500e+02
1114	3.48949e+02	1.11400e+03	2.65267e+00	3.47000e+02
1115	3.49449e+02	1.11500e+03	2.64635e+00	3.47500e+02
1116	3.49948e+02	1.11600e+03	2.63941e+00	3.48000e+02
1117	3.50454e+02	1.11700e+03	2.63253e+00	3.48500e+02
1118	3.50951e+02	1.11800e+03	2.62550e+00	3.49000e+02
1119	3.51451e+02	1.11900e+03	2.61834e+00	3.49500e+02
1120	3.51947e+02	1.12000e+03	2.61048e+00	3.50000e+02
1121	3.52440e+02	1.12100e+03	2.60269e+00	3.50500e+02
1122	3.52928e+02	1.12200e+03	2.59474e+00	3.51000e+02
1123	3.53428e+02	1.12300e+03	2.58663e+00	3.51500e+02
1124	3.53921e+02	1.12400e+03	2.57776e+00	3.52000e+02
1125	3.54424e+02	1.12500e+03	2.56898e+00	3.52500e+02
1126	3.54921e+02	1.12600e+03	2.56002e+00	3.53000e+02
1127	3.55439e+02	1.12700e+03	2.55091e+00	3.53500e+02
1128	3.55931e+02	1.12800e+03	2.54099e+00	3.54000e+02
1129	3.56433e+02	1.12900e+03	2.53115e+00	3.54500e+02
1130	3.56937e+02	1.13000e+03	2.52112e+00	3.55000e+02
1131	3.57444e+02	1.13100e+03	2.51090e+00	3.55500e+02
1132	3.57934e+02	1.13200e+03	2.49979e+00	3.56000e+02
1133	3.58430e+02	1.13300e+03	2.48878e+00	3.56500e+02
1134	3.58929e+02	1.13400e+03	2.47757e+00	3.57000e+02
1135	3.59432e+02	1.13500e+03	2.46616e+00	3.57500e+02
1136	3.59933e+02	1.13600e+03	2.45378e+00	3.58000e+02
1137	3.60432e+02	1.13700e+03	2.44152e+00	3.58500e+02
1138	3.60938e+02	1.13800e+03	2.42903e+00	3.59000e+02
1139	3.61478e+02	1.13900e+03	2.41633e+00	3.59500e+02
1140	3.61996e+02	1.14000e+03	2.40259e+00	3.60000e+02
1141	3.62528e+02	1.14100e+03	2.38898e+00	3.60500e+02
1142	3.63046e+02	1.14200e+03	2.37516e+00	3.61000e+02
1143	3.63553e+02	1.14300e+03	2.36113e+00	3.61500e+02
1144	3.64055e+02	1.14400e+03	2.34604e+00	3.62000e+02
1145	3.64557e+02	1.14500e+03	2.33109e+00	3.62500e+02
1146	3.65059e+02	1.14600e+03	2.31592e+00	3.63000e+02
1147	3.65549e+02	1.14700e+03	2.30054e+00	3.63500e+02
1148	3.66048e+02	1.14800e+03	2.28410e+00	3.64000e+02
1149	3.66546e+02	1.14900e+03	2.26779e+00	3.64500e+02
1150	3.67046e+02	1.15000e+03	2.25126e+00	3.65000e+02
1151	3.67530e+02	1.15100e+03	2.23453e+00	3.65500e+02
1152	3.68014e+02	1.15200e+03	2.21672e+00	3.66000e+02
1153	3.68507e+02	1.15300e+03	2.19906e+00	3.66500e+02
1154	3.68981e+02	1.15400e+03	2.18117e+00	3.67000e+02
1155	3.69467e+02	1.15500e+03	2.16307e+00	3.67500e+02
1156	3.69949e+02	1.15600e+03	2.14390e+00	3.68000e+02
1157	3.70439e+02	1.15700e+03	2.12485e+00	3.68500e+02
1158	3.70949e+02	1.15800e+03	2.10557e+00	3.69000e+02
1159	3.71472e+02	1.15900e+03	2.08608e+00	3.69500e+02
1160	3.71962e+02	1.16000e+03	2.06549e+00	3.70000e+02
1161	3.72447e+02	1.16100e+03	2.04507e+00	3.70500e+02
1162	3.72922e+02	1.16200e+03	2.02443e+00	3.71000e+02
1163	3.73447e+02	1.16300e+03	2.00358e+00	3.71500e+02
1164	3.73954e+02	1.16400e+03	1.98169e+00	3.72000e+02
1165	3.74450e+02	1.16500e+03	1.95994e+00	3.72500e+02
1166	3.74919e+02	1.16600e+03	1.93797e+00	3.73000e+02
1167	3.75428e+02	1.16700e+03	1.91581e+00	3.73500e+02
1168	3.75933e+02	1.16800e+03	1.89266e+00	3.74000e+02
1169	3.76428e+02	1.16900e+03	1.86970e+00	3.74500e+02
1170	3.76916e+02	1.17000e+03	1.84658e+00	3.75000e+02
1171	3.77419e+02	1.17100e+03	1.82333e+00	3.75500e+02
1172	3.77910e+02	1.17200e+03	1.79931e+00	3.76000e+02
1173	3.78396e+02	1.17300e+03	1.77550e+00	3.76500e+02
1174	3.78908e+02	1.17400e+03	1.75161e+00	3.77000e+02
1175	3.79406e+02	1.17500e+03	1.72763e+00	3.77500e+02
1176	3.79967e+02	1.17600e+03	1.70322e+00	3.78000e+02
1177	3.80502e+02	1.17700e+03	1.67892e+00	3.78500e+02
1178	3.81033e+02	1.17800e+03	1.65457e+00	3.79000e+02
1179	3.81531e+02	1.17900e+03	1.63016e+00	3.79500e+02
1180	3.82024e+02	1.18000e+03	1.60541e+00	3.80000e+02
1181	3.82543e+02	1.18100e+03	1.58062e+00	3.80500e+02
1182	3.83054e+02	1.18200e+03	1.55560e+00	3.81000e+02
1183	3.83564e+02	1.18300e+03	1.53038e+00	3.81500e+02
1184	3.84058e+02	1.18400e+03	1.50427e+00	3.82000e+02
1185	3.84564e+02	1.18500e+03	1.47800e+00	3.82500e+02
1186	3.85062e+02	1.18600e+03	1.45135e+00	3.83000e+02
1187	3.85577e+02	1.18700e+03	1.42440e+00	3.83500e+02
1188	3.86083e+02	1.18800e+03	1.39601e+00	3.84000e+02
1189	3.86605e+02	1.18900e+03	1.36802e+00	3.84500e+02
1190	3.87131e+02	1.19000e+03	1.33998e+00	3.85000e+02
1191	3.87643e+02	1.19100e+03	1.31186e+00	3.85500e+02
1192	3.88168e+02	1.19200e+03	1.28321e+00	3.86000e+02
1193	3.88679e+02	1.19300e+03	1.25499e+00	3.86500e+02
1194	3.89225e+02	1.19400e+03	1.22693e+00	3.87000e+02
1195	3.89797e+02	1.19500e+03	1.19895e+00	3.87500e+02
1196	3.90317e+02	1.19600e+03	1.17142e+00	3.88000e+02
1197	3.90818e+02	1.19700e+03	1.14385e+00	3.88500e+02
1198	3.91331e+02	1.19800e+03	1.11641e+00	3.89000e+02
1199	3.91844e+02	1.19900e+03	1.08908e+00	3.89500e+02
1200	3.92367e+02	1.20000e+03	1.06230e+00	3.90000e+02
1201	3.92899e+02	1.20100e+03	1.03550e+00	3.90500e+02
1202	3.93488e+02	1.20200e+03	1.00886e+00	3.91000e+02
1203	3.94120e+02	1.20300e+03	9.82389e-01	3.91500e+02
1204	3.94681e+02	1.20400e+03	9.56680e-01	3.92000e+02
1205	3.95226e+02	1.20500e+03	9.30950e-01	3.92500e+02
1206	3.95748e+02	1.20600e+03	9.05454e-01	3.93000e+02
1207	3.96309e+02	1.20700e+03	8.80153e-01	3.93500e+02
1208	3.96824e+02	1.20800e+03	8.55849e-01	3.94000e+02
1209	3.97348e+02	1.20900e+03	8.31424e-01	3.94500e+02
1210	3.97876e+02	1.21000e+03	8.07235e-01	3.95000e+02
1211	3.98369e+02	1.21100e+03	7.83265e-01	3.95500e+02
1212	3.98899e+02	1.21200e+03	7.60380e-01	3.96000e+02
1213	3.99392e+02	1.21300e+03	7.37395e-01	3.96500e+02
1214	3.99892e+02	1.21400e+03	7.14678e-01	3.97000e+02
1215	4.00404e+02	1.21500e+03	6.92204e-01	3.97500e+02
1216	4.00917e+02	1.21600e+03	6.70955e-01	3.98000e+02
1217	4.01416e+02	1.21700e+03	6.49556e-01	3.98500e+02
1218	4.01941e+02	1.21800e+03	6.28428e-01	3.99000e+02
1219	4.02445e+02	1.21900e+03	6.07552e-01	3.99500e+02
1220	4.02938e+02	1.22000e+03	5.87964e-01	4.00000e+02
1221	4.03477e+02	1.22100e+03	5.68225e-01	4.00500e+02
1222	4.04006e+02	1.22200e+03	5.48783e-01	4.01000e+02
1223	4.04523e+02	1.22300e+03	5.29605e-01	4.01500e+02
1224	4.05055e+02	1.22400e+03	5.11777e-01	4.02000e+02
1225	4.05589e+02	1.22500e+03	4.93773e-01	4.02500e+02
1226	4.06126e+02	1.22600e+03	4.76056e-01	4.03000e+02
1227	4.06680e+02	1.22700e+03	4.58607e-01	4.03500e+02
1228	4.07216e+02	1.22800e+03	4.42535e-01	4.04000e+02
1229	4.07809e+02	1.22900e+03	4.26284e-01	4.04500e+02
1230	4.08323e+02	1.23000e+03	4.10323e-01	4.05000e+02
1231	4.08839e+02	1.23100e+03	3.94631e-01	4.05500e+02
1232	4.09350e+02	1.23200e+03	3.80307e-01	4.06000e+02
1233	4.09832e+02	1.23300e+03	3.65790e-01	4.06500e+02
1234	4.10337e+02	1.23400e+03	3.51541e-01	4.07000e+02
1235	4.10822e+02	1.23500e+03	3.37543e-01	4.07500e+02
1236	4.11319e+02	1.23600e+03	3.24856e-01	4.08000e+02
1237	4.11834e+02	1.23700e+03	3.11973e-01	4.08500e+02
1238	4.12333e+02	1.23800e+03	2.99347e-01	4.09000e+02
1239	4.12905e+02	1.23900e+03	2.86960e-01	4.09500e+02
1240	4.13431e+02	1.24000e+03	2.75804e-01	4.10000e+02
1241	4.13950e+02	1.24100e+03	2.64466e-01	4.10500e+02
1242	4.14467e+02	1.24200e+03	2.53367e-01	4.11000e+02
1243	4.15028e+02	1.24300e+03	2.42489e-01	4.11500e+02
1244	4.15566e+02	1.24400e+03	2.32759e-01	4.12000e+02
1245	4.16102e+02	1.24500e+03	2.22847e-01	4.12500e+02
1246	4.16657e+02	1.24600e+03	2.13150e-01	4.13000e+02
1247	4.17248e+02	1.24700e+03	2.03659e-01	4.13500e+02
1248	4.17799e+02	1.24800e+03	1.95212e-01	4.14000e+02
1249	4.18299e+02	1.24900e+03	1.86607e-01	4.14500e+02
1250	4.18881e+02	1.25000e+03	1.78201e-01	4.15000e+02
1251	4.19360e+02	1.25100e+03	1.69982e-01	4.15500e+02
1252	4.19887e+02	1.25200e+03	1.62730e-01	4.16000e+02
1253	4.20382e+02	1.25300e+03	1.55329e-01	4.16500e+02
1254	4.20859e+02	1.25400e+03	1.48114e-01	4.17000e+02
1255	4.21354e+02	1.25500e+03	1.41073e-01	4.17500e+02
1256	4.21826e+02	1.25600e+03	1.34924e-01	4.18000e+02
1257	4.22316e+02	1.25700e+03	1.28639e-01	4.18500e+02
1258	4.22831e+02	1.25800e+03	1.22521e-01	4.19000e+02
1259	4.23347e+02	1.25900e+03	1.16559e-01	4.19500e+02
1260	4.23847e+02	1.26000e+03	1.11403e-01	4.20000e+02
1261	4.24343e+02	1.26100e+03	1.06101e-01	4.20500e+02
1262	4.24844e+02	1.26200e+03	1.00933e-01	4.21000e+02
1263	4.25337e+02	1.26300e+03	9.58966e-02	4.21500e+02
1264	4.25826e+02	1.26400e+03	9.15346e-02	4.22000e+02
1265	4.26322e+02	1.26500e+03	8.70544e-02	4.22500e+02
1266	4.26811e+02	1.26600e+03	8.26871e-02	4.23000e+02
1267	4.27301e+02	1.26700e+03	7.84300e-02	4.23500e+02
1268	4.27800e+02	1.26800e+03	7.47430e-02	4.24000e+02
1269	4.28298e+02	1.26900e+03	7.09574e-02	4.24500e+02
1270	4.28799e+02	1.27000e+03	6.72735e-02	4.25000e+02
1271	4.29304e+02	1.27100e+03	6.36895e-02	4.25500e+02
1272	4.29812e+02	1.27200e+03	6.06040e-02	4.26000e+02
1273	4.30331e+02	1.27300e+03	5.74398e-02	4.26500e+02
1274	4.30824e+02	1.27400e+03	5.43656e-02	4.27000e+02
1275	4.31337e+02	1.27500e+03	5.13761e-02	4.27500e+02
1276	4.31825e+02	1.27600e+03	4.88258e-02	4.28000e+02
1277	4.32336e+02	1.27700e+03	4.61897e-02	4.28500e+02
1278	4.32868e+02	1.27800e+03	4.36201e-02	4.29000e+02
1279	4.33372e+02	1.27900e+03	4.11173e-02	4.29500e+02
1280	4.33900e+02	1.28000e+03	3.89659e-02	4.30000e+02
1281	4.34451e+02	1.28100e+03	3.67536e-02	4.30500e+02
1282	4.34985e+02	1.28200e+03	3.46024e-02	4.31000e+02
1283	4.35489e+02	1.28300e+03	3.25107e-02	4.31500e+02
1284	4.35986e+02	1.28400e+03	3.07206e-02	4.32000e+02
1285	4.36527e+02	1.28500e+03	2.88797e-02	4.32500e+02
1286	4.37020e+02	1.28600e+03	2.70885e-02	4.33000e+02
1287	4.37509e+02	1.28700e+03	2.53448e-02	4.33500e+02
1288	4.38024e+02	1.28800e+03	2.38555e-02	4.34000e+02
1289	4.38529e+02	1.28900e+03	2.23150e-02	4.34500e+02
1290	4.39027e+02	1.29000e+03	2.08124e-02	4.35000e+02
1291	4.39507e+02	1.29100e+03	1.93482e-02	4.35500e+02
1292	4.40019e+02	1.29200e+03	1.80776e-02	4.36000e+02
1293	4.40514e+02	1.29300e+03	1.67709e-02	4.36500e+02
1294	4.41004e+02	1.29400e+03	1.54942e-02	4.37000e+02
1295	4.41490e+02	1.29500e+03	1.42468e-02	4.37500e+02
1296	4.41990e+02	1.29600e+03	1.31521e-02	4.38000e+02
1297	4.42479e+02	1.29700e+03	1.20276e-02	4.38500e+02
1298	4.42975e+02	1.29800e+03	1.09277e-02	4.39000e+02
1299	4.43462e+02	1.29900e+03	9.85231e-03	4.39500e+02
1300	4.43967e+02	1.30000e+03	8.89832e-03	4.40000e+02
1301	4.44480e+02	1.30100e+03	7.92476e-03	4.40500e+02
1302	4.44987e+02	1.30200e+03	6.97292e-03	4.41000e+02
1303	4.45499e+02	1.30300e+03	6.04141e-03	4.41500e+02
1304	4.45997e+02	1.30400e+03	5.21728e-03	4.42000e+02
1305	4.46509e+02	1.30500e+03	4.37465e-03	4.42500e+02
1306	4.47031e+02	1.30600e+03	3.55243e-03	4.43000e+02
1307	4.47543e+02	1.30700e+03	2.75016e-03	4.43500e+02
1308	4.48085e+02	1.30800e+03	2.04764e-03	4.44000e+02
1309	4.48604e+02	1.30900e+03	1.33458e-03	4.44500e+02
1310	4.49145e+02	1.31000e+03	6.44037e-04	4.45000e+02
1311	4.49638e+02	1.31100e+03	-2.65137e-05	4.45500e+02
1312	4.50130e+02	1.31200e+03	-5.97416e-04	4.46000e+02
1313	4.50598e+02	1.31300e+03	-1.18993e-03	4.46500e+02
1314	4.51092e+02	1.31400e+03	-1.76925e-03	4.47000e+02
1315	4.51555e+02	1.31500e+03	-2.33454e-03	4.47500e+02
1316	4.52057e+02	1.31600e+03	-2.82434e-03	4.48000e+02
1317	4.52508e+02	1.31700e+03	-3.32786e-03	4.48500e+02
1318	4.53005e+02	1.31800e+03	-3.81719e-03	4.49000e+02
1319	4.53475e+02	1.31900e+03	-4.29230e-03	4.49500e+02
1320	4.53947e+02	1.32000e+03	-4.69636e-03	4.50000e+02
1321	4.54432e+02	1.32100e+03	-5.10330e-03	4.50500e+02
1322	4.54913e+02	1.32200e+03	-5.49025e-03	4.51000e+02
1323	4.55378e+02	1.32300e+03	-5.86020e-03	4.51500e+02
1324	4.55829e+02	1.32400e+03	-6.14245e-03	4.52000e+02
1325	4.56313e+02	1.32500e+03	-6.43585e-03	4.52500e+02
1326	4.56815e+02	1.32600e+03	-6.71186e-03	4.53000e+02
1327	4.57342e+02	1.32700e+03	-6.97270e-03	4.53500e+02
1328	4.57814e+02	1.32800e+03	-7.15525e-03	4.54000e+02
1329	4.58299e+02	1.32900e+03	-7.35557e-03	4.54500e+02
1330	4.58774e+02	1.33000e+03	-7.54348e-03	4.55000e+02
1331	4.59261e+02	1.33100e+03	-7.71849e-03	4.55500e+02
1332	4.59743e+02	1.33200e+03	-7.83411e-03	4.56000e+02
1333	4.60237e+02	1.33300e+03	-7.95886e-03	4.56500e+02
1334	4.60715e+02	1.33400e+03	-8.07349e-03	4.57000e+02
1335	4.61188e+02	1.33500e+03	-8.17950e-03	4.57500e+02
1336	4.61704e+02	1.33600e+03	-8.23635e-03	4.58000e+02
1337	4.62187e+02	1.33700e+03	-8.30430e-03	4.58500e+02
1338	4.62691e+02	1.33800e+03	-8.36606e-03	4.59000e+02
1339	4.63200e+02	1.33900e+03	-8.42202e-03	4.59500e+02
1340	4.63724e+02	1.34000e+03	-8.44895e-03	4.60000e+02
1341	4.64188e+02	1.34100e+03	-8.48473e-03	4.60500e+02
1342	4.64707e+02	1.34200e+03	-8.51973e-03	4.61000e+02
1343	4.65220e+02	1.34300e+03	-8.55298e-03	4.61500e+02
1344	4.65693e+02	1.34400e+03	-8.57630e-03	4.62000e+02
1345	4.66330e+02	1.34500e+03	-8.60629e-03	4.62500e+02
1346	4.66959e+02	1.34600e+03	-8.63903e-03	4.63000e+02
1347	4.67436e+02	1.34700e+03	-8.67287e-03	4.63500e+02
1348	4.67831e+02	1.34800e+03	-8.71423e-03	4.64000e+02
1349	4.68387e+02	1.34900e+03	-8.75586e-03	4.64500e+02
1350	4.69196e+02	1.35000e+03	-8.79883e-03	4.65000e+02
1351	4.69668e+02	1.35100e+03	-8.84289e-03	4.65500e+02
1352	4.70081e+02	1.35200e+03	-8.89443e-03	4.66000e+02
1353	4.70820e+02	1.35300e+03	-8.94184e-03	4.66500e+02
1354	4.71368e+02	1.35400e+03	-8.98729e-03	4.67000e+02
1355	4.71669e+02	1.35500e+03	-9.03135e-03	4.67500e+02
1356	4.72014e+02	1.35600e+03	-9.07101e-03	4.68000e+02
1357	4.72298e+02	1.35700e+03	-9.10973e-03	4.68500e+02
1358	4.72694e+02	1.35800e+03	-9.14633e-03	4.69000e+02
1359	4.73156e+02	1.35900e+03	-9.18111e-03	4.69500e+02
1360	4.73548e+02	1.36000e+03	-9.20538e-03	4.70000e+02
1361	4.74010e+02	1.36100e+03	-9.23247e-03	4.70500e+02
1362	4.74518e+02	1.36200e+03	-9.25934e-03	4.71000e+02
1363	4.74968e+02	1.36300e+03	-9.28555e-03	4.71500e+02
1364	4.75356e+02	1.36400e+03	-9.30462e-03	4.72000e+02
1365	4.75780e+02	1.36500e+03	-9.32458e-03	4.72500e+02
1366	4.76246e+02	1.36600e+03	-9.34327e-03	4.73000e+02
1367	4.76684e+02	1.36700e+03	-9.36098e-03	4.73500e+02
1368	4.77139e+02	1.36800e+03	-9.37421e-03	4.74000e+02
1369	4.77598e+02	1.36900e+03	-9.38801e-03	4.74500e+02
1370	4.78060e+02	1.37000e+03	-9.40107e-03	4.75000e+02
1371	4.78529e+02	1.37100e+03	-9.41349e-03	4.75500e+02
1372	4.78978e+02	1.37200e+03	-9.42303e-03	4.76000e+02
1373	4.79436e+02	1.37300e+03	-9.43515e-03	4.76500e+02
1374	4.79891e+02	1.37400e+03	-9.44925e-03	4.77000e+02
1375	4.80350e+02	1.37500e+03	-9.46472e-03	4.77500e+02
1376	4.80809e+02	1.37600e+03	-9.48580e-03	4.78000e+02
1377	4.81272e+02	1.37700e+03	-9.50714e-03	4.78500e+02
1378	4.81740e+02	1.37800e+03	-9.52840e-03	4.79000e+02
1379	4.82214e+02	1.37900e+03	-9.54909e-03	4.79500e+02
1380	4.82678e+02	1.38000e+03	-9.57032e-03	4.80000e+02
1381	4.83155e+02	1.38100e+03	-9.58567e-03	4.80500e+02
1382	4.83639e+02	1.38200e+03	-9.59832e-03	4.81000e+02
1383	4.84110e+02	1.38300e+03	-9.61008e-03	4.81500e+02
1384	4.84598e+02	1.38400e+03	-9.61629e-03	4.82000e+02
1385	4.85070e+02	1.38500e+03	-9.63190e-03	4.82500e+02
1386	4.85533e+02	1.38600e+03	-9.65245e-03	4.83000e+02
1387	4.86018e+02	1.38700e+03	-9.67532e-03	4.83500e+02
1388	4.86482e+02	1.38800e+03	-9.71045e-03	4.84000e+02
1389	4.86944e+02	1.38900e+03	-9.73958e-03	4.84500e+02
1390	4.87416e+02	1.39000e+03	-9.76529e-03	4.85000e+02
1391	4.87874e+02	1.39100e+03	-9.78853e-03	4.85500e+02
1392	4.88333e+02	1.39200e+03	-9.80531e-03	4.86000e+02
1393	4.88790e+02	1.39300e+03	-9.81812e-03	4.86500e+02
1394	4.89265e+02	1.39400e+03	-9.82793e-03	4.87000e+02
1395	4.89743e+02	1.39500e+03	-9.83637e-03	4.87500e+02
1396	4.90217e+02	1.39600e+03	-9.83264e-03	4.88000e+02
1397	4.90695e+02	1.39700e+03	-9.83759e-03	4.88500e+02
1398	4.91169e+02	1.39800e+03	-9.84429e-03	4.89000e+02
1399	4.91642e+02	1.39900e+03	-9.85149e-03	4.89500e+02
1400	4.92114e+02	1.40000e+03	-9.86885e-03	4.90000e+02
1401	4.92602e+02	1.40100e+03	-9.88616e-03	4.90500e+02
1402	4.93080e+02	1.40200e+03	-9.90682e-03	4.91000e+02
1403	4.93563e+02	1.40300e+03	-9.93071e-03	4.91500e+02
1404	4.94041e+02	1.40400e+03	-9.97098e-03	4.92000e+02
1405	4.94508e+02	1.40500e+03	-1.00088e-02	4.92500e+02
1406	4.94983e+02	1.40600e+03	-1.00466e-02	4.93000e+02
1407	4.95449e+02	1.40700e+03	-1.00847e-02	4.93500e+02
1408	4.95934e+02	1.40800e+03	-1.01266e-02	4.94000e+02
1409	4.96411e+02	1.40900e+03	-1.01564e-02	4.94500e+02
1410	4.96880e+02	1.41000e+03	-1.01785e-02	4.95000e+02
1411	4.97360e+02	1.41100e+03	-1.01963e-02	4.95500e+02
1412	4.97828e+02	1.41200e+03	-1.01900e-02	4.96000e+02
1413	4.98298e+02	1.41300e+03	-1.01917e-02	4.96500e+02
1414	4.98758e+02	1.41400e+03	-1.01951e-02	4.97000e+02
1415	4.99223e+02	1.41500e+03	-1.01991e-02	4.97500e+02
1416	4.99700e+02	1.41600e+03	-1.01975e-02	4.98000e+02
1417	5.00171e+02	1.41700e+03	-1.02017e-02	4.98500e+02
1418	5.00637e+02	1.41800e+03	-1.02076e-02	4.99000e+02
1419	5.01097e+02	1.41900e+03	-1.02138e-02	4.99500e+02
1420	5.01579e+02	1.42000e+03	-1.02259e-02	5.00000e+02
1421	5.02051e+02	1.42100e+03	-1.02350e-02	5.00500e+02
1422	5.02535e+02	1.42200e+03	-1.02460e-02	5.01000e+02
1423	5.03018e+02	1.42300e+03	-1.02592e-02	5.01500e+02
1424	5.03505e+02	1.42400e+03	-1.02790e-02	5.02000e+02
1425	5.03983e+02	1.42500e+03	-1.03020e-02	5.02500e+02
1426	5.04465e+02	1.42600e+03	-1.03265e-02	5.03000e+02
1427	5.04955e+02	1.42700e+03	-1.03516e-02	5.03500e+02
1428	5.05449e+02	1.42800e+03	-1.03817e-02	5.04000e+02
1429	5.05933e+02	1.42900e+03	-1.03993e-02	5.04500e+02
1430	5.06427e+02	1.43000e+03	-1.04086e-02	5.05000e+02
1431	5.06919e+02	1.43100e+03	-1.04129e-02	5.05500e+02
1432	5.07406e+02	1.43200e+03	-1.03897e-02	5.06000e+02
1433	5.07888e+02	1.43300e+03	-1.03722e-02	5.06500e+02
1434	5.08372e+02	1.43400e+03	-1.03534e-02	5.07000e+02
1435	5.08857e+02	1.43500e+03	-1.03332e-02	5.07500e+02
1436	5.09347e+02	1.43600e+03	-1.03050e-02	5.08000e+02
1437	5.09846e+02	1.43700e+03	-1.02913e-02	5.08500e+02
1438	5.10331e+02	1.43800e+03	-1.02865e-02	5.09000e+02
1439	5.10815e+02	1.43900e+03	-1.02869e-02	5.09500e+02
1440	5.11312e+02	1.44000e+03	-1.03153e-02	5.10000e+02
1441	5.11793e+02	1.44100e+03	-1.03375e-02	5.10500e+02
1442	5.12287e+02	1.44200e+03	-1.03613e-02	5.11000e+02
1443	5.12788e+02	1.44300e+03	-1.03868e-02	5.11500e+02
1444	5.13285e+02	1.44400e+03	-1.04276e-02	5.12000e+02
1445	5.13792e+02	1.44500e+03	-1.04634e-02	5.12500e+02
1446	5.14288e+02	1.44600e+03	-1.05044e-02	5.13000e+02
1447	5.14773e+02	1.44700e+03	-1.05503e-02	5.13500e+02
1448	5.15270e+02	1.44800e+03	-1.06108e-02	5.14000e+02
1449	5.15740e+02	1.44900e+03	-1.06702e-02	5.14500e+02
1450	5.16247e+02	1.45000e+03	-1.07236e-02	5.15000e+02
1451	5.16759e+02	1.45100e+03	-1.07707e-02	5.15500e+02
1452	5.17259e+02	1.45200e+03	-1.07934e-02	5.16000e+02
1453	5.17770e+02	1.45300e+03	-1.07865e-02	5.16500e+02
1454	5.18241e+02	1.45400e+03	-1.07553e-02	5.17000e+02
1455	5.18741e+02	1.45500e+03	-1.07094e-02	5.17500e+02
1456	5.19206e+02	1.45600e+03	-1.05727e-02	5.18000e+02
1457	5.19720e+02	1.45700e+03	-1.04747e-02	5.18500e+02
1458	5.20187e+02	1.45800e+03	-1.03858e-02	5.19000e+02
1459	5.20662e+02	1.45900e+03	-1.03001e-02	5.19500e+02
1460	5.21121e+02	1.46000e+03	-1.02267e-02	5.20000e+02
1461	5.21582e+02	1.46100e+03	-1.01746e-02	5.20500e+02
1462	5.22043e+02	1.46200e+03	-1.01379e-02	5.21000e+02
1463	5.22528e+02	1.46300e+03	-1.01108e-02	5.21500e+02
1464	5.23000e+02	1.46400e+03	-1.01470e-02	5.22000e+02
1465	5.23477e+02	1.46500e+03	-1.01604e-02	5.22500e+02
1466	5.23960e+02	1.46600e+03	-1.01757e-02	5.23000e+02
1467	5.24438e+02	1.46700e+03	-1.01950e-02	5.23500e+02
1468	5.24925e+02	1.46800e+03	-1.02315e-02	5.24000e+02
1469	5.25415e+02	1.46900e+03	-1.02603e-02	5.24500e+02
1470	5.25893e+02	1.47000e+03	-1.02879e-02	5.25000e+02
1471	5.26395e+02	1.47100e+03	-1.03156e-02	5.25500e+02
1472	5.26879e+02	1.47200e+03	-1.03446e-02	5.26000e+02
1473	5.27364e+02	1.47300e+03	-1.03724e-02	5.26500e+02
1474	5.27860e+02	1.47400e+03	-1.04002e-02	5.27000e+02
1475	5.28336e+02	1.47500e+03	-1.04282e-02	5.27500e+02
1476	5.28814e+02	1.47600e+03	-1.04515e-02	5.28000e+02
1477	5.29302e+02	1.47700e+03	-1.04722e-02	5.28500e+02
1478	5.29788e+02	1.47800e+03	-1.04898e-02	5.29000e+02
1479	5.30270e+02	1.47900e+03	-1.05058e-02	5.29500e+02
1480	5.30779e+02	1.48000e+03	-1.05122e-02	5.30000e+02
1481	5.31275e+02	1.48100e+03	-1.05205e-02	5.30500e+02
1482	5.31771e+02	1.48200e+03	-1.05287e-02	5.31000e+02
1483	5.32255e+02	1.48300e+03	-1.05370e-02	5.31500e+02
1484	5.32733e+02	1.48400e+03	-1.05446e-02	5.32000e+02
1485	5.33220e+02	1.48500e+03	-1.05556e-02	5.32500e+02
1486	5.33703e+02	1.48600e+03	-1.05669e-02	5.33000e+02
1487	5.34187e+02	1.48700e+03	-1.05777e-02	5.33500e+02
1488	5.34662e+02	1.48800e+03	-1.05897e-02	5.34000e+02
1489	5.35166e+02	1.48900e+03	-1.05946e-02	5.34500e+02
1490	5.35675e+02	1.49000e+03	-1.05935e-02	5.35000e+02
1491	5.36146e+02	1.49100e+03	-1.05888e-02	5.35500e+02
1492	5.36642e+02	1.49200e+03	-1.05722e-02	5.36000e+02
1493	5.37124e+02	1.49300e+03	-1.05637e-02	5.36500e+02
1494	5.37589e+02	1.49400e+03	-1.05585e-02	5.37000e+02
1495	5.38051e+02	1.49500e+03	-1.05547e-02	5.37500e+02
1496	5.38526e+02	1.49600e+03	-1.05594e-02	5.38000e+02
1497	5.39016e+02	1.49700e+03	-1.05683e-02	5.38500e+02
1498	5.39494e+02	1.49800e+03	-1.05810e-02	5.39000e+02
1499	5.39979e+02	1.49900e+03	-1.05959e-02	5.39500e+02
1500	5.40468e+02	1.50000e+03	-1.06239e-02	5.40000e+02
1501	5.40955e+02	1.50100e+03	-1.06431e-02	5.40500e+02
1502	5.41451e+02	1.50200e+03	-1.06590e-02	5.41000e+02
1503	5.41928e+02	1.50300e+03	-1.06731e-02	5.41500e+02
1504	5.42400e+02	1.50400e+03	-1.06766e-02	5.42000e+02
1505	5.42886e+02	1.50500e+03	-1.06797e-02	5.42500e+02
1506	5.43359e+02	1.50600e+03	-1.06803e-02	5.43000e+02
1507	5.43845e+02	1.50700e+03	-1.06787e-02	5.43500e+02
1508	5.44326e+02	1.50800e+03	-1.06635e-02	5.44000e+02
1509	5.44801e+02	1.50900e+03	-1.06548e-02	5.44500e+02
1510	5.45278e+02	1.51000e+03	-1.06483e-02	5.45000e+02
1511	5.45768e+02	1.51100e+03	-1.06427e-02	5.45500e+02
1512	5.46248e+02	1.51200e+03	-1.06387e-02	5.46000e+02
1513	5.46734e+02	1.51300e+03	-1.06369e-02	5.46500e+02
1514	5.47216e+02	1.51400e+03	-1.06373e-02	5.47000e+02
1515	5.47707e+02	1.51500e+03	-1.06391e-02	5.47500e+02
1516	5.48191e+02	1.51600e+03	-1.06499e-02	5.48000e+02
1517	5.48675e+02	1.51700e+03	-1.06591e-02	5.48500e+02
1518	5.49163e+02	1.51800e+03	-1.06712e-02	5.49000e+02
1519	5.49651e+02	1.51900e+03	-1.06858e-02	5.49500e+02
1520	5.50143e+02	1.52000e+03	-1.07055e-02	5.50000e+02
1521	5.50620e+02	1.52100e+03	-1.07215e-02	5.50500e+02
1522	5.51107e+02	1.52200e+03	-1.07353e-02	5.51000e+02
1523	5.51603e+02	1.52300e+03	-1.07470e-02	5.51500e+02
1524	5.52113e+02	1.52400e+03	-1.07525e-02	5.52000e+02
1525	5.52599e+02	1.52500e+03	-1.07566e-02	5.52500e+02
1526	5.53086e+02	1.52600e+03	-1.07625e-02	5.53000e+02
1527	5.53574e+02	1.52700e+03	-1.07714e-02	5.53500e+02
1528	5.54080e+02	1.52800e+03	-1.07891e-02	5.54000e+02
1529	5.54569e+02	1.52900e+03	-1.08209e-02	5.54500e+02
1530	5.55069e+02	1.53000e+03	-1.08636e-02	5.55000e+02
1531	5.55591e+02	1.53100e+03	-1.09126e-02	5.55500e+02
1532	5.56086e+02	1.53200e+03	-1.09929e-02	5.56000e+02
1533	5.56581e+02	1.53300e+03	-1.10474e-02	5.56500e+02
1534	5.57090e+02	1.53400e+03	-1.10868e-02	5.57000e+02
1535	5.57599e+02	1.53500e+03	-1.11169e-02	5.57500e+02
1536	5.58105e+02	1.53600e+03	-1.10962e-02	5.58000e+02
1537	5.58593e+02	1.53700e+03	-1.10668e-02	5.58500e+02
1538	5.59096e+02	1.53800e+03	-1.10248e-02	5.59000e+02
1539	5.59586e+02	1.53900e+03	-1.09751e-02	5.59500e+02
1540	5.60085e+02	1.54000e+03	-1.08699e-02	5.60000e+02
1541	5.60603e+02	1.54100e+03	-1.08034e-02	5.60500e+02
1542	5.61104e+02	1.54200e+03	-1.07487e-02	5.61000e+02
1543	5.61618e+02	1.54300e+03	-1.06982e-02	5.61500e+02
1544	5.62129e+02	1.54400e+03	-1.06822e-02	5.62000e+02
1545	5.62629e+02	1.54500e+03	-1.06615e-02	5.62500e+02
1546	5.63131e+02	1.54600e+03	-1.06461e-02	5.63000e+02
1547	5.63632e+02	1.54700e+03	-1.06359e-02	5.63500e+02
1548	5.64139e+02	1.54800e+03	-1.06517e-02	5.64000e+02
1549	5.64634e+02	1.54900e+03	-1.06571e-02	5.64500e+02
1550	5.65128e+02	1.55000e+03	-1.06623e-02	5.65000e+02
1551	5.65628e+02	1.55100e+03	-1.06683e-02	5.65500e+02
1552	5.66127e+02	1.55200e+03	-1.06751e-02	5.66000e+02
1553	5.66638e+02	1.55300e+03	-1.06786e-02	5.66500e+02
1554	5.67148e+02	1.55400e+03	-1.06819e-02	5.67000e+02
1555	5.67652e+02	1.55500e+03	-1.06861e-02	5.67500e+02
1556	5.68168e+02	1.55600e+03	-1.06893e-02	5.68000e+02
1557	5.68673e+02	1.55700e+03	-1.06975e-02	5.68500e+02
1558	5.69174e+02	1.55800e+03	-1.07088e-02	5.69000e+02
1559	5.69663e+02	1.55900e+03	-1.07216e-02	5.69500e+02
1560	5.70161e+02	1.56000e+03	-1.07444e-02	5.70000e+02
1561	5.70661e+02	1.56100e+03	-1.07637e-02	5.70500e+02
1562	5.71161e+02	1.56200e+03	-1.07832e-02	5.71000e+02
1563	5.71668e+02	1.56300e+03	-1.08033e-02	5.71500e+02
1564	5.72163e+02	1.56400e+03	-1.08220e-02	5.72000e+02
1565	5.72668e+02	1.56500e+03	-1.08363e-02	5.72500e+02
1566	5.73157e+02	1.56600e+03	-1.08475e-02	5.73000e+02
1567	5.73667e+02	1.56700e+03	-1.08566e-02	5.73500e+02
1568	5.74128e+02	1.56800e+03	-1.08531e-02	5.74000e+02
1569	5.74599e+02	1.56900e+03	-1.08513e-02	5.74500e+02
1570	5.75075e+02	1.57000e+03	-1.08474e-02	5.75000e+02
1571	5.75530e+02	1.57100e+03	-1.08411e-02	5.75500e+02
1572	5.76001e+02	1.57200e+03	-1.08216e-02	5.76000e+02
1573	5.76477e+02	1.57300e+03	-1.08045e-02	5.76500e+02
1574	5.76966e+02	1.57400e+03	-1.07864e-02	5.77000e+02
1575	5.77450e+02	1.57500e+03	-1.07675e-02	5.77500e+02
1576	5.77927e+02	1.57600e+03	-1.07449e-02	5.78000e+02
1577	5.78417e+02	1.57700e+03	-1.07294e-02	5.78500e+02
1578	5.78895e+02	1.57800e+03	-1.07182e-02	5.79000e+02
1579	5.79381e+02	1.57900e+03	-1.07091e-02	5.79500e+02
1580	5.79863e+02	1.58000e+03	-1.07125e-02	5.80000e+02
1581	5.80354e+02	1.58100e+03	-1.07130e-02	5.80500e+02
1582	5.80862e+02	1.58200e+03	-1.07130e-02	5.81000e+02
1583	5.81345e+02	1.58300e+03	-1.07130e-02	5.81500e+02
1584	5.81828e+02	1.58400e+03	-1.07208e-02	5.82000e+02
1585	5.82319e+02	1.58500e+03	-1.07258e-02	5.82500e+02
1586	5.82820e+02	1.58600e+03	-1.07305e-02	5.83000e+02
1587	5.83335e+02	1.58700e+03	-1.07354e-02	5.83500e+02
1588	5.83816e+02	1.58800e+03	-1.07402e-02	5.84000e+02
1589	5.84297e+02	1.58900e+03	-1.07446e-02	5.84500e+02
1590	5.84804e+02	1.59000e+03	-1.07479e-02	5.85000e+02
1591	5.85315e+02	1.59100e+03	-1.07501e-02	5.85500e+02
1592	5.85835e+02	1.59200e+03	-1.07504e-02	5.86000e+02
1593	5.86355e+02	1.59300e+03	-1.07512e-02	5.86500e+02
1594	5.86878e+02	1.59400e+03	-1.07520e-02	5.87000e+02
1595	5.87394e+02	1.59500e+03	-1.07526e-02	5.87500e+02
1596	5.87889e+02	1.59600e+03	-1.07518e-02	5.88000e+02
1597	5.88379e+02	1.59700e+03	-1.07526e-02	5.88500e+02
1598	5.88868e+02	1.59800e+03	-1.07536e-02	5.89000e+02
1599	5.89375e+02	1.59900e+03	-1.07544e-02	5.89500e+02
1600	5.89884e+02	1.60000e+03	-1.07562e-02	5.90000e+02
1601	5.90374e+02	1.60100e+03	-1.07575e-02	5.90500e+02
1602	5.90865e+02	1.60200e+03	-1.07600e-02	5.91000e+02
1603	5.91360e+02	1.60300e+03	-1.07637e-02	5.91500e+02
1604	5.91844e+02	1.60400e+03	-1.07714e-02	5.92000e+02
1605	5.92331e+02	1.60500e+03	-1.07812e-02	5.92500e+02
1606	5.92824e+02	1.60600e+03	-1.07924e-02	5.93000e+02
1607	5.93321e+02	1.60700e+03	-1.08038e-02	5.93500e+02
1608	5.93804e+02	1.60800e+03	-1.08203e-02	5.94000e+02
1609	5.94296e+02	1.60900e+03	-1.08324e-02	5.94500e+02
1610	5.94779e+02	1.61000e+03	-1.08434e-02	5.95000e+02
1611	5.95274e+02	1.61100e+03	-1.08545e-02	5.95500e+02
1612	5.95774e+02	1.61200e+03	-1.08629e-02	5.96000e+02
1613	5.96264e+02	1.61300e+03	-1.08740e-02	5.96500e+02
1614	5.96755e+02	1.61400e+03	-1.08858e-02	5.97000e+02
1615	5.97250e+02	1.61500e+03	-1.08976e-02	5.97500e+02
1616	5.97751e+02	1.61600e+03	-1.09132e-02	5.98000e+02
1617	5.98242e+02	1.61700e+03	-1.09282e-02	5.98500e+02
1618	5.98735e+02	1.61800e+03	-1.09439e-02	5.99000e+02
1619	5.99248e+02	1.61900e+03	-1.09604e-02	5.99500e+02
1620	5.99774e+02	1.62000e+03	-1.09823e-02	6.00000e+02
1621	6.00283e+02	1.62100e+03	-1.10047e-02	6.00500e+02
1622	6.00776e+02	1.62200e+03	-1.10279e-02	6.01000e+02
1623	6.01273e+02	1.62300e+03	-1.10518e-02	6.01500e+02
1624	6.01769e+02	1.62400e+03	-1.10804e-02	6.02000e+02
1625	6.02293e+02	1.62500e+03	-1.11047e-02	6.02500e+02
1626	6.02835e+02	1.62600e+03	-1.11259e-02	6.03000e+02
1627	6.03458e+02	1.62700e+03	-1.11446e-02	6.03500e+02
1628	6.04050e+02	1.62800e+03	-1.11535e-02	6.04000e+02
1629	6.04689e+02	1.62900e+03	-1.11623e-02	6.04500e+02
1630	6.06014e+02	1.63000e+03	-1.11691e-02	6.05000e+02
1631	6.06312e+02	1.63100e+03	-1.11745e-02	6.05500e+02
1632	6.06706e+02	1.63200e+03	-1.11691e-02	6.06000e+02
1633	6.07124e+02	1.63300e+03	-1.11688e-02	6.06500e+02
1634	6.07552e+02	1.63400e+03	-1.11680e-02	6.07000e+02
1635	6.07988e+02	1.63500e+03	-1.11663e-02	6.07500e+02
1636	6.08424e+02	1.63600e+03	-1.11640e-02	6.08000e+02
1637	6.08879e+02	1.63700e+03	-1.11621e-02	6.08500e+02
1638	6.09356e+02	1.63800e+03	-1.11609e-02	6.09000e+02
1639	6.09831e+02	1.63900e+03	-1.11598e-02	6.09500e+02
1640	6.10326e+02	1.64000e+03	-1.11590e-02	6.10000e+02
1641	6.10820e+02	1.64100e+03	-1.11600e-02	6.10500e+02
1642	6.11313e+02	1.64200e+03	-1.11627e-02	6.11000e+02
1643	6.11798e+02	1.64300e+03	-1.11664e-02	6.11500e+02
1644	6.12284e+02	1.64400e+03	-1.11764e-02	6.12000e+02
1645	6.12783e+02	1.64500e+03	-1.11856e-02	6.12500e+02
1646	6.13277e+02	1.64600e+03	-1.11946e-02	6.13000e+02
1647	6.13769e+02	1.64700e+03	-1.12035e-02	6.13500e+02
1648	6.14268e+02	1.64800e+03	-1.12159e-02	6.14000e+02
1649	6.14763e+02	1.64900e+03	-1.12261e-02	6.14500e+02
1650	6.15258e+02	1.65000e+03	-1.12364e-02	6.15000e+02
1651	6.15751e+02	1.65100e+03	-1.12472e-02	6.15500e+02
1652	6.16248e+02	1.65200e+03	-1.12558e-02	6.16000e+02
1653	6.16749e+02	1.65300e+03	-1.12647e-02	6.16500e+02
1654	6.17249e+02	1.65400e+03	-1.12722e-02	6.17000e+02
1655	6.17748e+02	1.65500e+03	-1.12783e-02	6.17500e+02
1656	6.18247e+02	1.65600e+03	-1.12841e-02	6.18000e+02
1657	6.18752e+02	1.65700e+03	-1.12904e-02	6.18500e+02
1658	6.19262e+02	1.65800e+03	-1.12961e-02	6.19000e+02
1659	6.19752e+02	1.65900e+03	-1.13013e-02	6.19500e+02
1660	6.20238e+02	1.66000e+03	-1.13080e-02	6.20000e+02
1661	6.20728e+02	1.66100e+03	-1.13158e-02	6.20500e+02
1662	6.21214e+02	1.66200e+03	-1.13249e-02	6.21000e+02
1663	6.21710e+02	1.66300e+03	-1.13350e-02	6.21500e+02
1664	6.22217e+02	1.66400e+03	-1.13487e-02	6.22000e+02
1665	6.22708e+02	1.66500e+03	-1.13602e-02	6.22500e+02
1666	6.23201e+02	1.66600e+03	-1.13706e-02	6.23000e+02
1667	6.23691e+02	1.66700e+03	-1.13801e-02	6.23500e+02
1668	6.24188e+02	1.66800e+03	-1.13863e-02	6.24000e+02
1669	6.24675e+02	1.66900e+03	-1.13904e-02	6.24500e+02
1670	6.25160e+02	1.67000e+03	-1.13927e-02	6.25000e+02
1671	6.25660e+02	1.67100e+03	-1.13938e-02	6.25500e+02
1672	6.26161e+02	1.67200e+03	-1.13887e-02	6.26000e+02
1673	6.26651e+02	1.67300e+03	-1.13885e-02	6.26500e+02
1674	6.27151e+02	1.67400e+03	-1.13909e-02	6.27000e+02
1675	6.27651e+02	1.67500e+03	-1.13950e-02	6.27500e+02
1676	6.28147e+02	1.67600e+03	-1.14072e-02	6.28000e+02
1677	6.28645e+02	1.67700e+03	-1.14200e-02	6.28500e+02
1678	6.29140e+02	1.67800e+03	-1.14335e-02	6.29000e+02
1679	6.29637e+02	1.67900e+03	-1.14473e-02	6.29500e+02
1680	6.30133e+02	1.68000e+03	-1.14665e-02	6.30000e+02
1681	6.30635e+02	1.68100e+03	-1.14782e-02	6.30500e+02
1682	6.31145e+02	1.68200e+03	-1.14857e-02	6.31000e+02
1683	6.31641e+02	1.68300e+03	-1.14910e-02	6.31500e+02
1684	6.32153e+02	1.68400e+03	-1.14830e-02	6.32000e+02
1685	6.32637e+02	1.68500e+03	-1.14786e-02	6.32500e+02
1686	6.33143e+02	1.68600e+03	-1.14761e-02	6.33000e+02
1687	6.33650e+02	1.68700e+03	-1.14750e-02	6.33500e+02
1688	6.34139e+02	1.68800e+03	-1.14742e-02	6.34000e+02
1689	6.34648e+02	1.68900e+03	-1.14795e-02	6.34500e+02
1690	6.35112e+02	1.69000e+03	-1.14880e-02	6.35000e+02
1691	6.35595e+02	1.69100e+03	-1.14979e-02	6.35500e+02
1692	6.36097e+02	1.69200e+03	-1.15156e-02	6.36000e+02
1693	6.36596e+02	1.69300e+03	-1.15235e-02	6.36500e+02
1694	6.37092e+02	1.69400e+03	-1.15265e-02	6.37000e+02
1695	6.37605e+02	1.69500e+03	-1.15271e-02	6.37500e+02
1696	6.38113e+02	1.69600e+03	-1.15158e-02	6.38000e+02
1697	6.38636e+02	1.69700e+03	-1.15089e-02	6.38500e+02
1698	6.39148e+02	1.69800e+03	-1.15038e-02	6.39000e+02
1699	6.39670e+02	1.69900e+03	-1.15001e-02	6.39500e+02
1700	6.40189e+02	1.70000e+03	-1.14996e-02	6.40000e+02
1701	6.40694e+02	1.70100e+03	-1.15034e-02	6.40500e+02
1702	6.41201e+02	1.70200e+03	-1.15095e-02	6.41000e+02
1703	6.41714e+02	1.70300e+03	-1.15169e-02	6.41500e+02
1704	6.42210e+02	1.70400e+03	-1.15349e-02	6.42000e+02
1705	6.42700e+02	1.70500e+03	-1.15450e-02	6.42500e+02
1706	6.43203e+02	1.70600e+03	-1.15534e-02	6.43000e+02
1707	6.43694e+02	1.70700e+03	-1.15619e-02	6.43500e+02
1708	6.44189e+02	1.70800e+03	-1.15689e-02	6.44000e+02
1709	6.44690e+02	1.70900e+03	-1.15785e-02	6.44500e+02
1710	6.45191e+02	1.71000e+03	-1.15887e-02	6.45000e+02
1711	6.45703e+02	1.71100e+03	-1.15988e-02	6.45500e+02
1712	6.46198e+02	1.71200e+03	-1.16076e-02	6.46000e+02
1713	6.46704e+02	1.71300e+03	-1.16120e-02	6.46500e+02
1714	6.47208e+02	1.71400e+03	-1.16149e-02	6.47000e+02
1715	6.47694e+02	1.71500e+03	-1.16178e-02	6.47500e+02
1716	6.48167e+02	1.71600e+03	-1.16200e-02	6.48000e+02
1717	6.48666e+02	1.71700e+03	-1.16319e-02	6.48500e+02
1718	6.49148e+02	1.71800e+03	-1.16527e-02	6.49000e+02
1719	6.49651e+02	1.71900e+03	-1.16795e-02	6.49500e+02
1720	6.50143e+02	1.72000e+03	-1.17339e-02	6.50000e+02
1721	6.50628e+02	1.72100e+03	-1.17813e-02	6.50500e+02
1722	6.51112e+02	1.72200e+03	-1.18248e-02	6.51000e+02
1723	6.51604e+02	1.72300e+03	-1.18650e-02	6.51500e+02
1724	6.52097e+02	1.72400e+03	-1.18896e-02	6.52000e+02
1725	6.52588e+02	1.72500e+03	-1.18899e-02	6.52500e+02
1726	6.53066e+02	1.72600e+03	-1.18712e-02	6.53000e+02
1727	6.53556e+02	1.72700e+03	-1.18407e-02	6.53500e+02
1728	6.54062e+02	1.72800e+03	-1.17346e-02	6.54000e+02
1729	6.54554e+02	1.72900e+03	-1.16527e-02	6.54500e+02
1730	6.55073e+02	1.73000e+03	-1.15712e-02	6.55000e+02
1731	6.55566e+02	1.73100e+03	-1.14875e-02	6.55500e+02
1732	6.56061e+02	1.73200e+03	-1.13952e-02	6.56000e+02
1733	6.56560e+02	1.73300e+03	-1.13264e-02	6.56500e+02
1734	6.57068e+02	1.73400e+03	-1.12724e-02	6.57000e+02
1735	6.57581e+02	1.73500e+03	-1.12274e-02	6.57500e+02
1736	6.58079e+02	1.73600e+03	-1.12380e-02	6.58000e+02
1737	6.58589e+02	1.73700e+03	-1.12417e-02	6.58500e+02
1738	6.59087e+02	1.73800e+03	-1.12548e-02	6.59000e+02
1739	6.59580e+02	1.73900e+03	-1.12762e-02	6.59500e+02
1740	6.60080e+02	1.74000e+03	-1.13472e-02	6.60000e+02
1741	6.60581e+02	1.74100e+03	-1.14018e-02	6.60500e+02
1742	6.61087e+02	1.74200e+03	-1.14570e-02	6.61000e+02
1743	6.61579e+02	1.74300e+03	-1.15149e-02	6.61500e+02
1744	6.62072e+02	1.74400e+03	-1.15834e-02	6.62000e+02
1745	6.62572e+02	1.74500e+03	-1.16396e-02	6.62500e+02
1746	6.63079e+02	1.74600e+03	-1.16894e-02	6.63000e+02
1747	6.63581e+02	1.74700e+03	-1.17356e-02	6.63500e+02
1748	6.64075e+02	1.74800e+03	-1.17597e-02	6.64000e+02
1749	6.64583e+02	1.74900e+03	-1.17828e-02	6.64500e+02
1750	6.65083e+02	1.75000e+03	-1.17985e-02	6.65000e+02
1751	6.65584e+02	1.75100e+03	-1.18085e-02	6.65500e+02
1752	6.66092e+02	1.75200e+03	-1.17883e-02	6.66000e+02
1753	6.66594e+02	1.75300e+03	-1.17755e-02	6.66500e+02
1754	6.67104e+02	1.75400e+03	-1.17609e-02	6.67000e+02
1755	6.67591e+02	1.75500e+03	-1.17443e-02	6.67500e+02
1756	6.68105e+02	1.75600e+03	-1.17147e-02	6.68000e+02
1757	6.68603e+02	1.75700e+03	-1.16945e-02	6.68500e+02
1758	6.69116e+02	1.75800e+03	-1.16769e-02	6.69000e+02
1759	6.69620e+02	1.75900e+03	-1.16606e-02	6.69500e+02
1760	6.70104e+02	1.76000e+03	-1.16573e-02	6.70000e+02
1761	6.70602e+02	1.76100e+03	-1.16548e-02	6.70500e+02
1762	6.71108e+02	1.76200e+03	-1.16560e-02	6.71000e+02
1763	6.71601e+02	1.76300e+03	-1.16599e-02	6.71500e+02
1764	6.72099e+02	1.76400e+03	-1.16809e-02	6.72000e+02
1765	6.72599e+02	1.76500e+03	-1.16977e-02	6.72500e+02
1766	6.73108e+02	1.76600e+03	-1.17150e-02	6.73000e+02
1767	6.73606e+02	1.76700e+03	-1.17324e-02	6.73500e+02
1768	6.74109e+02	1.76800e+03	-1.17506e-02	6.74000e+02
1769	6.74618e+02	1.76900e+03	-1.17619e-02	6.74500e+02
1770	6.75097e+02	1.77000e+03	-1.17690e-02	6.75000e+02
1771	6.75596e+02	1.77100e+03	-1.17738e-02	6.75500e+02
1772	6.76081e+02	1.77200e+03	-1.17655e-02	6.76000e+02
1773	6.76575e+02	1.77300e+03	-1.17639e-02	6.76500e+02
1774	6.77070e+02	1.77400e+03	-1.17644e-02	6.77000e+02
1775	6.77547e+02	1.77500e+03	-1.17659e-02	6.77500e+02
1776	6.78050e+02	1.77600e+03	-1.17713e-02	6.78000e+02
1777	6.78548e+02	1.77700e+03	-1.17785e-02	6.78500e+02
1778	6.79047e+02	1.77800e+03	-1.17854e-02	6.79000e+02
1779	6.79539e+02	1.77900e+03	-1.17919e-02	6.79500e+02
1780	6.80024e+02	1.78000e+03	-1.18025e-02	6.80000e+02
1781	6.80530e+02	1.78100e+03	-1.18089e-02	6.80500e+02
1782	6.81035e+02	1.78200e+03	-1.18166e-02	6.81000e+02
1783	6.81508e+02	1.78300e+03	-1.18265e-02	6.81500e+02
1784	6.82011e+02	1.78400e+03	-1.18460e-02	6.82000e+02
1785	6.82511e+02	1.78500e+03	-1.18747e-02	6.82500e+02
1786	6.83008e+02	1.78600e+03	-1.19089e-02	6.83000e+02
1787	6.83507e+02	1.78700e+03	-1.19452e-02	6.83500e+02
1788	6.84000e+02	1.78800e+03	-1.19983e-02	6.84000e+02
1789	6.84498e+02	1.78900e+03	-1.20302e-02	6.84500e+02
1790	6.84995e+02	1.79000e+03	-1.20481e-02	6.85000e+02
1791	6.85497e+02	1.79100e+03	-1.20570e-02	6.85500e+02
1792	6.85994e+02	1.79200e+03	-1.20113e-02	6.86000e+02
1793	6.86491e+02	1.79300e+03	-1.19630e-02	6.86500e+02
1794	6.87008e+02	1.79400e+03	-1.19020e-02	6.87000e+02
1795	6.87216e+02	1.79500e+03	-1.18319e-02	6.87500e+02
1796	6.87374e+02	1.79600e+03	-1.17084e-02	6.88000e+02
1797	6.87642e+02	1.79700e+03	-1.16170e-02	6.88500e+02
1798	6.87976e+02	1.79800e+03	-1.15361e-02	6.89000e+02
1799	6.88325e+02	1.79900e+03	-1.14603e-02	6.89500e+02
1800	6.88662e+02	1.80000e+03	-1.14123e-02	6.90000e+02
1801	6.88991e+02	1.80100e+03	-1.13736e-02	6.90500e+02
1802	6.89308e+02	1.80200e+03	-1.13512e-02	6.91000e+02
1803	6.89605e+02	1.80300e+03	-1.13401e-02	6.91500e+02
1804	6.89902e+02	1.80400e+03	-1.13764e-02	6.92000e+02
1805	6.90175e+02	1.80500e+03	-1.13978e-02	6.92500e+02
1806	6.90452e+02	1.80600e+03	-1.14212e-02	6.93000e+02
1807	6.90732e+02	1.80700e+03	-1.14468e-02	6.93500e+02
1808	6.90988e+02	1.80800e+03	-1.14859e-02	6.94000e+02
1809	6.91246e+02	1.80900e+03	-1.15136e-02	6.94500e+02
1810	6.91497e+02	1.81000e+03	-1.15374e-02	6.95000e+02
1811	6.91736e+02	1.81100e+03	-1.15598e-02	6.95500e+02
1812	6.91978e+02	1.81200e+03	-1.15708e-02	6.96000e+02
1813	6.92210e+02	1.81300e+03	-1.15839e-02	6.96500e+02
1814	6.92424e+02	1.81400e+03	-1.15947e-02	6.97000e+02
1815	6.92634e+02	1.81500e+03	-1.16029e-02	6.97500e+02
1816	6.92840e+02	1.81600e+03	-1.15991e-02	6.98000e+02
1817	6.93044e+02	1.81700e+03	-1.15926e-02	6.98500e+02
1818	6.93238e+02	1.81800e+03	-1.15784e-02	6.99000e+02
1819	6.93426e+02	1.81900e+03	-1.15579e-02	6.99500e+02
1820	6.93625e+02	1.82000e+03	-1.15134e-02	7.00000e+02
