index	ts	t	weight	tr
[#]	[°C]	[s]	[mg]	[°C]
683	1.28913e+02	6.83000e+02	9.43312e-01	1.31500e+02
684	1.29422e+02	6.84000e+02	9.43295e-01	1.32000e+02
685	1.29909e+02	6.85000e+02	9.43273e-01	1.32500e+02
686	1.30402e+02	6.86000e+02	9.43251e-01	1.33000e+02
687	1.30966e+02	6.87000e+02	9.43228e-01	1.33500e+02
688	1.31498e+02	6.88000e+02	9.43201e-01	1.34000e+02
689	1.31989e+02	6.89000e+02	9.43178e-01	1.34500e+02
690	1.32481e+02	6.90000e+02	9.43157e-01	1.35000e+02
691	1.32989e+02	6.91000e+02	9.43137e-01	1.35500e+02
692	1.33479e+02	6.92000e+02	9.43124e-01	1.36000e+02
693	1.33957e+02	6.93000e+02	9.43109e-01	1.36500e+02
694	1.34452e+02	6.94000e+02	9.43096e-01	1.37000e+02
695	1.34939e+02	6.95000e+02	9.43084e-01	1.37500e+02
696	1.35432e+02	6.96000e+02	9.43074e-01	1.38000e+02
697	1.35922e+02	6.97000e+02	9.43060e-01	1.38500e+02
698	1.36413e+02	6.98000e+02	9.43043e-01	1.39000e+02
699	1.36904e+02	6.99000e+02	9.43024e-01	1.39500e+02
700	1.37382e+02	7.00000e+02	9.42999e-01	1.40000e+02
701	1.37876e+02	7.01000e+02	9.42975e-01	1.40500e+02
702	1.38382e+02	7.02000e+02	9.42952e-01	1.41000e+02
703	1.38864e+02	7.03000e+02	9.42930e-01	1.41500e+02
704	1.39353e+02	7.04000e+02	9.42908e-01	1.42000e+02
705	1.39851e+02	7.05000e+02	9.42890e-01	1.42500e+02
706	1.40349e+02	7.06000e+02	9.42873e-01	1.43000e+02
707	1.40853e+02	7.07000e+02	9.42858e-01	1.43500e+02
708	1.41330e+02	7.08000e+02	9.42851e-01	1.44000e+02
709	1.41830e+02	7.09000e+02	9.42832e-01	1.44500e+02
710	1.42325e+02	7.10000e+02	9.42763e-01	1.45000e+02
711	1.42796e+02	7.11000e+02	9.42633e-01	1.45500e+02
712	1.43234e+02	7.12000e+02	9.42186e-01	1.46000e+02
713	1.43759e+02	7.13000e+02	9.41578e-01	1.46500e+02
714	1.44261e+02	7.14000e+02	9.40826e-01	1.47000e+02
715	1.44779e+02	7.15000e+02	9.40014e-01	1.47500e+02
716	1.45289e+02	7.16000e+02	9.38860e-01	1.48000e+02
717	1.45804e+02	7.17000e+02	9.38162e-01	1.48500e+02
718	1.46319e+02	7.18000e+02	9.37749e-01	1.49000e+02
719	1.46807e+02	7.19000e+02	9.37505e-01	1.49500e+02
720	1.47306e+02	7.20000e+02	9.37986e-01	1.50000e+02
721	1.47819e+02	7.21000e+02	9.38372e-01	1.50500e+02
722	1.48310e+02	7.22000e+02	9.38836e-01	1.51000e+02
723	1.48811e+02	7.23000e+02	9.39363e-01	1.51500e+02
724	1.49297e+02	7.24000e+02	9.40395e-01	1.52000e+02
725	1.49798e+02	7.25000e+02	9.41089e-01	1.52500e+02
726	1.50300e+02	7.26000e+02	9.41673e-01	1.53000e+02
727	1.50820e+02	7.27000e+02	9.42214e-01	1.53500e+02
728	1.51311e+02	7.28000e+02	9.42496e-01	1.54000e+02
729	1.51798e+02	7.29000e+02	9.42814e-01	1.54500e+02
730	1.52316e+02	7.30000e+02	9.43087e-01	1.55000e+02
731	1.52802e+02	7.31000e+02	9.43323e-01	1.55500e+02
732	1.53298e+02	7.32000e+02	9.43339e-01	1.56000e+02
733	1.53797e+02	7.33000e+02	9.43427e-01	1.56500e+02
734	1.54290e+02	7.34000e+02	9.43508e-01	1.57000e+02
735	1.54787e+02	7.35000e+02	9.43571e-01	1.57500e+02
736	1.55274e+02	7.36000e+02	9.43550e-01	1.58000e+02
737	1.55786e+02	7.37000e+02	9.43554e-01	1.58500e+02
738	1.56276e+02	7.38000e+02	9.43555e-01	1.59000e+02
739	1.56789e+02	7.39000e+02	9.43549e-01	1.59500e+02
740	1.57274e+02	7.40000e+02	9.43507e-01	1.60000e+02
741	1.57787e+02	7.41000e+02	9.43479e-01	1.60500e+02
742	1.58286e+02	7.42000e+02	9.43450e-01	1.61000e+02
743	1.58781e+02	7.43000e+02	9.43418e-01	1.61500e+02
744	1.59278e+02	7.44000e+02	9.43375e-01	1.62000e+02
745	1.59785e+02	7.45000e+02	9.43336e-01	1.62500e+02
746	1.60286e+02	7.46000e+02	9.43296e-01	1.63000e+02
747	1.60787e+02	7.47000e+02	9.43256e-01	1.63500e+02
748	1.61284e+02	7.48000e+02	9.43215e-01	1.64000e+02
749	1.61784e+02	7.49000e+02	9.43177e-01	1.64500e+02
750	1.62295e+02	7.50000e+02	9.43140e-01	1.65000e+02
751	1.62800e+02	7.51000e+02	9.43103e-01	1.65500e+02
752	1.63290e+02	7.52000e+02	9.43069e-01	1.66000e+02
753	1.63798e+02	7.53000e+02	9.43032e-01	1.66500e+02
754	1.64298e+02	7.54000e+02	9.42993e-01	1.67000e+02
755	1.64810e+02	7.55000e+02	9.42953e-01	1.67500e+02
756	1.65309e+02	7.56000e+02	9.42909e-01	1.68000e+02
757	1.65817e+02	7.57000e+02	9.42867e-01	1.68500e+02
758	1.66312e+02	7.58000e+02	9.42825e-01	1.69000e+02
759	1.66813e+02	7.59000e+02	9.42783e-01	1.69500e+02
760	1.67310e+02	7.60000e+02	9.42741e-01	1.70000e+02
761	1.67826e+02	7.61000e+02	9.42700e-01	1.70500e+02
762	1.68334e+02	7.62000e+02	9.42662e-01	1.71000e+02
763	1.68832e+02	7.63000e+02	9.42626e-01	1.71500e+02
764	1.69346e+02	7.64000e+02	9.42593e-01	1.72000e+02
765	1.69834e+02	7.65000e+02	9.42557e-01	1.72500e+02
766	1.70343e+02	7.66000e+02	9.42520e-01	1.73000e+02
767	1.70856e+02	7.67000e+02	9.42481e-01	1.73500e+02
768	1.71356e+02	7.68000e+02	9.42433e-01	1.74000e+02
769	1.71866e+02	7.69000e+02	9.42348e-01	1.74500e+02
770	1.72373e+02	7.70000e+02	9.42154e-01	1.75000e+02
771	1.72779e+02	7.71000e+02	9.41845e-01	1.75500e+02
772	1.73292e+02	7.72000e+02	9.41100e-01	1.76000e+02
773	1.73820e+02	7.73000e+02	9.40247e-01	1.76500e+02
774	1.74340e+02	7.74000e+02	9.39315e-01	1.77000e+02
775	1.74854e+02	7.75000e+02	9.38376e-01	1.77500e+02
776	1.75349e+02	7.76000e+02	9.37168e-01	1.78000e+02
777	1.75856e+02	7.77000e+02	9.36507e-01	1.78500e+02
778	1.76367e+02	7.78000e+02	9.36181e-01	1.79000e+02
779	1.76882e+02	7.79000e+02	9.36045e-01	1.79500e+02
780	1.77376e+02	7.80000e+02	9.36874e-01	1.80000e+02
781	1.77875e+02	7.81000e+02	9.37433e-01	1.80500e+02
782	1.78390e+02	7.82000e+02	9.38017e-01	1.81000e+02
783	1.78889e+02	7.83000e+02	9.38642e-01	1.81500e+02
784	1.79398e+02	7.84000e+02	9.39637e-01	1.82000e+02
785	1.79901e+02	7.85000e+02	9.40334e-01	1.82500e+02
786	1.80408e+02	7.86000e+02	9.40913e-01	1.83000e+02
787	1.80920e+02	7.87000e+02	9.41440e-01	1.83500e+02
788	1.81430e+02	7.88000e+02	9.41647e-01	1.84000e+02
789	1.81937e+02	7.89000e+02	9.41916e-01	1.84500e+02
790	1.82443e+02	7.90000e+02	9.42142e-01	1.85000e+02
791	1.82938e+02	7.91000e+02	9.42327e-01	1.85500e+02
792	1.83442e+02	7.92000e+02	9.42285e-01	1.86000e+02
793	1.83942e+02	7.93000e+02	9.42320e-01	1.86500e+02
794	1.84455e+02	7.94000e+02	9.42348e-01	1.87000e+02
795	1.84945e+02	7.95000e+02	9.42361e-01	1.87500e+02
796	1.85452e+02	7.96000e+02	9.42292e-01	1.88000e+02
797	1.85966e+02	7.97000e+02	9.42252e-01	1.88500e+02
798	1.86461e+02	7.98000e+02	9.42210e-01	1.89000e+02
799	1.86964e+02	7.99000e+02	9.42161e-01	1.89500e+02
800	1.87467e+02	8.00000e+02	9.42086e-01	1.90000e+02
801	1.87965e+02	8.01000e+02	9.42019e-01	1.90500e+02
802	1.88469e+02	8.02000e+02	9.41952e-01	1.91000e+02
803	1.88976e+02	8.03000e+02	9.41884e-01	1.91500e+02
804	1.89475e+02	8.04000e+02	9.41805e-01	1.92000e+02
805	1.89968e+02	8.05000e+02	9.41731e-01	1.92500e+02
806	1.90471e+02	8.06000e+02	9.41658e-01	1.93000e+02
807	1.90972e+02	8.07000e+02	9.41585e-01	1.93500e+02
808	1.91472e+02	8.08000e+02	9.41515e-01	1.94000e+02
809	1.91990e+02	8.09000e+02	9.41448e-01	1.94500e+02
810	1.92488e+02	8.10000e+02	9.41383e-01	1.95000e+02
811	1.92993e+02	8.11000e+02	9.41320e-01	1.95500e+02
812	1.93490e+02	8.12000e+02	9.41265e-01	1.96000e+02
813	1.93992e+02	8.13000e+02	9.41207e-01	1.96500e+02
814	1.94499e+02	8.14000e+02	9.41148e-01	1.97000e+02
815	1.94999e+02	8.15000e+02	9.41089e-01	1.97500e+02
816	1.95502e+02	8.16000e+02	9.41028e-01	1.98000e+02
817	1.96002e+02	8.17000e+02	9.40963e-01	1.98500e+02
818	1.96518e+02	8.18000e+02	9.40893e-01	1.99000e+02
819	1.97020e+02	8.19000e+02	9.40821e-01	1.99500e+02
820	1.97546e+02	8.20000e+02	9.40734e-01	2.00000e+02
821	1.98056e+02	8.21000e+02	9.40648e-01	2.00500e+02
822	1.98556e+02	8.22000e+02	9.40558e-01	2.01000e+02
823	1.99070e+02	8.23000e+02	9.40466e-01	2.01500e+02
824	1.99579e+02	8.24000e+02	9.40357e-01	2.02000e+02
825	2.00074e+02	8.25000e+02	9.40253e-01	2.02500e+02
826	2.00588e+02	8.26000e+02	9.40148e-01	2.03000e+02
827	2.01101e+02	8.27000e+02	9.40041e-01	2.03500e+02
828	2.01612e+02	8.28000e+02	9.39885e-01	2.04000e+02
829	2.02117e+02	8.29000e+02	9.39627e-01	2.04500e+02
830	2.02541e+02	8.30000e+02	9.39166e-01	2.05000e+02
831	2.03013e+02	8.31000e+02	9.38531e-01	2.05500e+02
832	2.03575e+02	8.32000e+02	9.37349e-01	2.06000e+02
833	2.04096e+02	8.33000e+02	9.36193e-01	2.06500e+02
834	2.04623e+02	8.34000e+02	9.35077e-01	2.07000e+02
835	2.05131e+02	8.35000e+02	9.34031e-01	2.07500e+02
836	2.05638e+02	8.36000e+02	9.32903e-01	2.08000e+02
837	2.06162e+02	8.37000e+02	9.32338e-01	2.08500e+02
838	2.06664e+02	8.38000e+02	9.32127e-01	2.09000e+02
839	2.07169e+02	8.39000e+02	9.32113e-01	2.09500e+02
840	2.07687e+02	8.40000e+02	9.33249e-01	2.10000e+02
841	2.08200e+02	8.41000e+02	9.33930e-01	2.10500e+02
842	2.08707e+02	8.42000e+02	9.34560e-01	2.11000e+02
843	2.09225e+02	8.43000e+02	9.35200e-01	2.11500e+02
844	2.09730e+02	8.44000e+02	9.35989e-01	2.12000e+02
845	2.10244e+02	8.45000e+02	9.36562e-01	2.12500e+02
846	2.10751e+02	8.46000e+02	9.37019e-01	2.13000e+02
847	2.11267e+02	8.47000e+02	9.37414e-01	2.13500e+02
848	2.11782e+02	8.48000e+02	9.37441e-01	2.14000e+02
849	2.12287e+02	8.49000e+02	9.37564e-01	2.14500e+02
850	2.12805e+02	8.50000e+02	9.37656e-01	2.15000e+02
851	2.13317e+02	8.51000e+02	9.37713e-01	2.15500e+02
852	2.13840e+02	8.52000e+02	9.37573e-01	2.16000e+02
853	2.14359e+02	8.53000e+02	9.37505e-01	2.16500e+02
854	2.14870e+02	8.54000e+02	9.37436e-01	2.17000e+02
855	2.15387e+02	8.55000e+02	9.37355e-01	2.17500e+02
856	2.15894e+02	8.56000e+02	9.37223e-01	2.18000e+02
857	2.16441e+02	8.57000e+02	9.37112e-01	2.18500e+02
858	2.16949e+02	8.58000e+02	9.36987e-01	2.19000e+02
859	2.17475e+02	8.59000e+02	9.36834e-01	2.19500e+02
860	2.17926e+02	8.60000e+02	9.36457e-01	2.20000e+02
861	2.18374e+02	8.61000e+02	9.35907e-01	2.20500e+02
862	2.18930e+02	8.62000e+02	9.35161e-01	2.21000e+02
863	2.19460e+02	8.63000e+02	9.34303e-01	2.21500e+02
864	2.19991e+02	8.64000e+02	9.33032e-01	2.22000e+02
865	2.20488e+02	8.65000e+02	9.32103e-01	2.22500e+02
866	2.20985e+02	8.66000e+02	9.31397e-01	2.23000e+02
867	2.21521e+02	8.67000e+02	9.30836e-01	2.23500e+02
868	2.22040e+02	8.68000e+02	9.30746e-01	2.24000e+02
869	2.22547e+02	8.69000e+02	9.30756e-01	2.24500e+02
870	2.23048e+02	8.70000e+02	9.30918e-01	2.25000e+02
871	2.23567e+02	8.71000e+02	9.31174e-01	2.25500e+02
872	2.24072e+02	8.72000e+02	9.32113e-01	2.26000e+02
873	2.24559e+02	8.73000e+02	9.32670e-01	2.26500e+02
874	2.25078e+02	8.74000e+02	9.33130e-01	2.27000e+02
875	2.25608e+02	8.75000e+02	9.33558e-01	2.27500e+02
876	2.26111e+02	8.76000e+02	9.33818e-01	2.28000e+02
877	2.26636e+02	8.77000e+02	9.34058e-01	2.28500e+02
878	2.27144e+02	8.78000e+02	9.34241e-01	2.29000e+02
879	2.27643e+02	8.79000e+02	9.34381e-01	2.29500e+02
880	2.28150e+02	8.80000e+02	9.34276e-01	2.30000e+02
881	2.28660e+02	8.81000e+02	9.34253e-01	2.30500e+02
882	2.29185e+02	8.82000e+02	9.34220e-01	2.31000e+02
883	2.29703e+02	8.83000e+02	9.34169e-01	2.31500e+02
884	2.30207e+02	8.84000e+02	9.34027e-01	2.32000e+02
885	2.30741e+02	8.85000e+02	9.33917e-01	2.32500e+02
886	2.31274e+02	8.86000e+02	9.33804e-01	2.33000e+02
887	2.31884e+02	8.87000e+02	9.33683e-01	2.33500e+02
888	2.32440e+02	8.88000e+02	9.33499e-01	2.34000e+02
889	2.33014e+02	8.89000e+02	9.33241e-01	2.34500e+02
890	2.33441e+02	8.90000e+02	9.32828e-01	2.35000e+02
891	2.33990e+02	8.91000e+02	9.32288e-01	2.35500e+02
892	2.34531e+02	8.92000e+02	9.31350e-01	2.36000e+02
893	2.35038e+02	8.93000e+02	9.30458e-01	2.36500e+02
894	2.35559e+02	8.94000e+02	9.29609e-01	2.37000e+02
895	2.36081e+02	8.95000e+02	9.28816e-01	2.37500e+02
896	2.36628e+02	8.96000e+02	9.27988e-01	2.38000e+02
897	2.37120e+02	8.97000e+02	9.27536e-01	2.38500e+02
898	2.37631e+02	8.98000e+02	9.27319e-01	2.39000e+02
899	2.38151e+02	8.99000e+02	9.27231e-01	2.39500e+02
900	2.38660e+02	9.00000e+02	9.27927e-01	2.40000e+02
901	2.39169e+02	9.01000e+02	9.28303e-01	2.40500e+02
902	2.39676e+02	9.02000e+02	9.28640e-01	2.41000e+02
903	2.40213e+02	9.03000e+02	9.28981e-01	2.41500e+02
904	2.40738e+02	9.04000e+02	9.29403e-01	2.42000e+02
905	2.41252e+02	9.05000e+02	9.29693e-01	2.42500e+02
906	2.41761e+02	9.06000e+02	9.29908e-01	2.43000e+02
907	2.42284e+02	9.07000e+02	9.30082e-01	2.43500e+02
908	2.42806e+02	9.08000e+02	9.30017e-01	2.44000e+02
909	2.43328e+02	9.09000e+02	9.30014e-01	2.44500e+02
910	2.43832e+02	9.10000e+02	9.29988e-01	2.45000e+02
911	2.44352e+02	9.11000e+02	9.29939e-01	2.45500e+02
912	2.44896e+02	9.12000e+02	9.29761e-01	2.46000e+02
913	2.45429e+02	9.13000e+02	9.29630e-01	2.46500e+02
914	2.45971e+02	9.14000e+02	9.29500e-01	2.47000e+02
915	2.46488e+02	9.15000e+02	9.29363e-01	2.47500e+02
916	2.46981e+02	9.16000e+02	9.29192e-01	2.48000e+02
917	2.47480e+02	9.17000e+02	9.29035e-01	2.48500e+02
918	2.47986e+02	9.18000e+02	9.28878e-01	2.49000e+02
919	2.48512e+02	9.19000e+02	9.28720e-01	2.49500e+02
920	2.49012e+02	9.20000e+02	9.28553e-01	2.50000e+02
921	2.49516e+02	9.21000e+02	9.28388e-01	2.50500e+02
922	2.50033e+02	9.22000e+02	9.28222e-01	2.51000e+02
923	2.50552e+02	9.23000e+02	9.28052e-01	2.51500e+02
924	2.51067e+02	9.24000e+02	9.27877e-01	2.52000e+02
925	2.51587e+02	9.25000e+02	9.27704e-01	2.52500e+02
926	2.52086e+02	9.26000e+02	9.27530e-01	2.53000e+02
927	2.52608e+02	9.27000e+02	9.27353e-01	2.53500e+02
928	2.53117e+02	9.28000e+02	9.27173e-01	2.54000e+02
929	2.53646e+02	9.29000e+02	9.26992e-01	2.54500e+02
930	2.54186e+02	9.30000e+02	9.26810e-01	2.55000e+02
931	2.54705e+02	9.31000e+02	9.26626e-01	2.55500e+02
932	2.55259e+02	9.32000e+02	9.26439e-01	2.56000e+02
933	2.55770e+02	9.33000e+02	9.26255e-01	2.56500e+02
934	2.56310e+02	9.34000e+02	9.26072e-01	2.57000e+02
935	2.56862e+02	9.35000e+02	9.25888e-01	2.57500e+02
936	2.57376e+02	9.36000e+02	9.25708e-01	2.58000e+02
937	2.57897e+02	9.37000e+02	9.25527e-01	2.58500e+02
938	2.58437e+02	9.38000e+02	9.25344e-01	2.59000e+02
939	2.58988e+02	9.39000e+02	9.25159e-01	2.59500e+02
940	2.59499e+02	9.40000e+02	9.24969e-01	2.60000e+02
941	2.60019e+02	9.41000e+02	9.24779e-01	2.60500e+02
942	2.60540e+02	9.42000e+02	9.24589e-01	2.61000e+02
943	2.61061e+02	9.43000e+02	9.24398e-01	2.61500e+02
944	2.61572e+02	9.44000e+02	9.24199e-01	2.62000e+02
945	2.62073e+02	9.45000e+02	9.24007e-01	2.62500e+02
946	2.62582e+02	9.46000e+02	9.23806e-01	2.63000e+02
947	2.63097e+02	9.47000e+02	9.23584e-01	2.63500e+02
948	2.63586e+02	9.48000e+02	9.23146e-01	2.64000e+02
949	2.64008e+02	9.49000e+02	9.22496e-01	2.64500e+02
950	2.64552e+02	9.50000e+02	9.21594e-01	2.65000e+02
951	2.65136e+02	9.51000e+02	9.20535e-01	2.65500e+02
952	2.65695e+02	9.52000e+02	9.18945e-01	2.66000e+02
953	2.66184e+02	9.53000e+02	9.17715e-01	2.66500e+02
954	2.66700e+02	9.54000e+02	9.16730e-01	2.67000e+02
955	2.67229e+02	9.55000e+02	9.15911e-01	2.67500e+02
956	2.67766e+02	9.56000e+02	9.15563e-01	2.68000e+02
957	2.68266e+02	9.57000e+02	9.15435e-01	2.68500e+02
958	2.68782e+02	9.58000e+02	9.15533e-01	2.69000e+02
959	2.69291e+02	9.59000e+02	9.15763e-01	2.69500e+02
960	2.69804e+02	9.60000e+02	9.16933e-01	2.70000e+02
961	2.70327e+02	9.61000e+02	9.17607e-01	2.70500e+02
962	2.70838e+02	9.62000e+02	9.18166e-01	2.71000e+02
963	2.71337e+02	9.63000e+02	9.18694e-01	2.71500e+02
964	2.71846e+02	9.64000e+02	9.19063e-01	2.72000e+02
965	2.72339e+02	9.65000e+02	9.19382e-01	2.72500e+02
966	2.72795e+02	9.66000e+02	9.19622e-01	2.73000e+02
967	2.73304e+02	9.67000e+02	9.19807e-01	2.73500e+02
968	2.73802e+02	9.68000e+02	9.19671e-01	2.74000e+02
969	2.74298e+02	9.69000e+02	9.19630e-01	2.74500e+02
970	2.74786e+02	9.70000e+02	9.19571e-01	2.75000e+02
971	2.75297e+02	9.71000e+02	9.19485e-01	2.75500e+02
972	2.75788e+02	9.72000e+02	9.19256e-01	2.76000e+02
973	2.76301e+02	9.73000e+02	9.19081e-01	2.76500e+02
974	2.76808e+02	9.74000e+02	9.18905e-01	2.77000e+02
975	2.77319e+02	9.75000e+02	9.18723e-01	2.77500e+02
976	2.77848e+02	9.76000e+02	9.18505e-01	2.78000e+02
977	2.78381e+02	9.77000e+02	9.18302e-01	2.78500e+02
978	2.78894e+02	9.78000e+02	9.18097e-01	2.79000e+02
979	2.79400e+02	9.79000e+02	9.17886e-01	2.79500e+02
980	2.79906e+02	9.80000e+02	9.17664e-01	2.80000e+02
981	2.80404e+02	9.81000e+02	9.17441e-01	2.80500e+02
982	2.80907e+02	9.82000e+02	9.17214e-01	2.81000e+02
983	2.81409e+02	9.83000e+02	9.16985e-01	2.81500e+02
984	2.81924e+02	9.84000e+02	9.16745e-01	2.82000e+02
985	2.82439e+02	9.85000e+02	9.16513e-01	2.82500e+02
986	2.82933e+02	9.86000e+02	9.16284e-01	2.83000e+02
987	2.83433e+02	9.87000e+02	9.16057e-01	2.83500e+02
988	2.83937e+02	9.88000e+02	9.15837e-01	2.84000e+02
989	2.84443e+02	9.89000e+02	9.15615e-01	2.84500e+02
990	2.84944e+02	9.90000e+02	9.15395e-01	2.85000e+02
991	2.85443e+02	9.91000e+02	9.15176e-01	2.85500e+02
992	2.85949e+02	9.92000e+02	9.14963e-01	2.86000e+02
993	2.86458e+02	9.93000e+02	9.14747e-01	2.86500e+02
994	2.86975e+02	9.94000e+02	9.14526e-01	2.87000e+02
995	2.87460e+02	9.95000e+02	9.14303e-01	2.87500e+02
996	2.87960e+02	9.96000e+02	9.14078e-01	2.88000e+02
997	2.88462e+02	9.97000e+02	9.13850e-01	2.88500e+02
998	2.88963e+02	9.98000e+02	9.13620e-01	2.89000e+02
999	2.89461e+02	9.99000e+02	9.13388e-01	2.89500e+02
1000	2.89956e+02	1.00000e+03	9.13146e-01	2.90000e+02
1001	2.90451e+02	1.00100e+03	9.12907e-01	2.90500e+02
1002	2.90958e+02	1.00200e+03	9.12665e-01	2.91000e+02
1003	2.91469e+02	1.00300e+03	9.12422e-01	2.91500e+02
1004	2.91960e+02	1.00400e+03	9.12168e-01	2.92000e+02
1005	2.92450e+02	1.00500e+03	9.11906e-01	2.92500e+02
1006	2.92957e+02	1.00600e+03	9.11604e-01	2.93000e+02
1007	2.93454e+02	1.00700e+03	9.11246e-01	2.93500e+02
1008	2.93843e+02	1.00800e+03	9.10564e-01	2.94000e+02
1009	2.94351e+02	1.00900e+03	9.09692e-01	2.94500e+02
1010	2.94899e+02	1.01000e+03	9.08619e-01	2.95000e+02
1011	2.95410e+02	1.01100e+03	9.07442e-01	2.95500e+02
1012	2.95918e+02	1.01200e+03	9.05805e-01	2.96000e+02
1013	2.96443e+02	1.01300e+03	9.04624e-01	2.96500e+02
1014	2.96943e+02	1.01400e+03	9.03724e-01	2.97000e+02
1015	2.97457e+02	1.01500e+03	9.02996e-01	2.97500e+02
1016	2.97987e+02	1.01600e+03	9.02919e-01	2.98000e+02
1017	2.98489e+02	1.01700e+03	9.02856e-01	2.98500e+02
1018	2.98971e+02	1.01800e+03	9.02923e-01	2.99000e+02
1019	2.99477e+02	1.01900e+03	9.03076e-01	2.99500e+02
1020	2.99976e+02	1.02000e+03	9.03897e-01	3.00000e+02
1021	3.00488e+02	1.02100e+03	9.04313e-01	3.00500e+02
1022	3.00982e+02	1.02200e+03	9.04614e-01	3.01000e+02
1023	3.01497e+02	1.02300e+03	9.04876e-01	3.01500e+02
1024	3.01999e+02	1.02400e+03	9.04905e-01	3.02000e+02
1025	3.02493e+02	1.02500e+03	9.04942e-01	3.02500e+02
1026	3.03003e+02	1.02600e+03	9.04918e-01	3.03000e+02
1027	3.03518e+02	1.02700e+03	9.04847e-01	3.03500e+02
1028	3.04043e+02	1.02800e+03	9.04511e-01	3.04000e+02
1029	3.04555e+02	1.02900e+03	9.04251e-01	3.04500e+02
1030	3.05068e+02	1.03000e+03	9.03972e-01	3.05000e+02
1031	3.05587e+02	1.03100e+03	9.03671e-01	3.05500e+02
1032	3.06094e+02	1.03200e+03	9.03243e-01	3.06000e+02
1033	3.06605e+02	1.03300e+03	9.02860e-01	3.06500e+02
1034	3.07109e+02	1.03400e+03	9.02473e-01	3.07000e+02
1035	3.07608e+02	1.03500e+03	9.02078e-01	3.07500e+02
1036	3.08126e+02	1.03600e+03	9.01640e-01	3.08000e+02
1037	3.08632e+02	1.03700e+03	9.01214e-01	3.08500e+02
1038	3.09150e+02	1.03800e+03	9.00785e-01	3.09000e+02
1039	3.09658e+02	1.03900e+03	9.00351e-01	3.09500e+02
1040	3.10181e+02	1.04000e+03	8.99894e-01	3.10000e+02
1041	3.10713e+02	1.04100e+03	8.99440e-01	3.10500e+02
1042	3.11212e+02	1.04200e+03	8.98981e-01	3.11000e+02
1043	3.11706e+02	1.04300e+03	8.98517e-01	3.11500e+02
1044	3.12206e+02	1.04400e+03	8.98031e-01	3.12000e+02
1045	3.12705e+02	1.04500e+03	8.97550e-01	3.12500e+02
1046	3.13202e+02	1.04600e+03	8.97066e-01	3.13000e+02
1047	3.13696e+02	1.04700e+03	8.96580e-01	3.13500e+02
1048	3.14204e+02	1.04800e+03	8.96079e-01	3.14000e+02
1049	3.14691e+02	1.04900e+03	8.95582e-01	3.14500e+02
1050	3.15199e+02	1.05000e+03	8.95082e-01	3.15000e+02
1051	3.15705e+02	1.05100e+03	8.94580e-01	3.15500e+02
1052	3.16209e+02	1.05200e+03	8.94068e-01	3.16000e+02
1053	3.16709e+02	1.05300e+03	8.93556e-01	3.16500e+02
1054	3.17211e+02	1.05400e+03	8.93040e-01	3.17000e+02
1055	3.17715e+02	1.05500e+03	8.92520e-01	3.17500e+02
1056	3.18220e+02	1.05600e+03	8.91980e-01	3.18000e+02
1057	3.18725e+02	1.05700e+03	8.91441e-01	3.18500e+02
1058	3.19225e+02	1.05800e+03	8.90897e-01	3.19000e+02
1059	3.19729e+02	1.05900e+03	8.90349e-01	3.19500e+02
1060	3.20225e+02	1.06000e+03	8.89778e-01	3.20000e+02
1061	3.20713e+02	1.06100e+03	8.89213e-01	3.20500e+02
1062	3.21213e+02	1.06200e+03	8.88649e-01	3.21000e+02
1063	3.21722e+02	1.06300e+03	8.88083e-01	3.21500e+02
1064	3.22202e+02	1.06400e+03	8.87504e-01	3.22000e+02
1065	3.22699e+02	1.06500e+03	8.86895e-01	3.22500e+02
1066	3.23211e+02	1.06600e+03	8.86171e-01	3.23000e+02
1067	3.23606e+02	1.06700e+03	8.85314e-01	3.23500e+02
1068	3.24012e+02	1.06800e+03	8.83866e-01	3.24000e+02
1069	3.24585e+02	1.06900e+03	8.82183e-01	3.24500e+02
1070	3.25110e+02	1.07000e+03	8.80289e-01	3.25000e+02
1071	3.25621e+02	1.07100e+03	8.78314e-01	3.25500e+02
1072	3.26134e+02	1.07200e+03	8.75777e-01	3.26000e+02
1073	3.26638e+02	1.07300e+03	8.74026e-01	3.26500e+02
1074	3.27149e+02	1.07400e+03	8.72489e-01	3.27000e+02
1075	3.27661e+02	1.07500e+03	8.70703e-01	3.27500e+02
1076	3.28175e+02	1.07600e+03	8.71643e-01	3.28000e+02
1077	3.28688e+02	1.07700e+03	8.71854e-01	3.28500e+02
1078	3.29182e+02	1.07800e+03	8.72052e-01	3.29000e+02
1079	3.29692e+02	1.07900e+03	8.72328e-01	3.29500e+02
1080	3.30185e+02	1.08000e+03	8.73356e-01	3.30000e+02
1081	3.30696e+02	1.08100e+03	8.73862e-01	3.30500e+02
1082	3.31196e+02	1.08200e+03	8.74177e-01	3.31000e+02
1083	3.31696e+02	1.08300e+03	8.74412e-01	3.31500e+02
1084	3.32195e+02	1.08400e+03	8.74177e-01	3.32000e+02
1085	3.32713e+02	1.08500e+03	8.74008e-01	3.32500e+02
1086	3.33223e+02	1.08600e+03	8.73757e-01	3.33000e+02
1087	3.33720e+02	1.08700e+03	8.73435e-01	3.33500e+02
1088	3.34235e+02	1.08800e+03	8.72712e-01	3.34000e+02
1089	3.34737e+02	1.08900e+03	8.72117e-01	3.34500e+02
1090	3.35244e+02	1.09000e+03	8.71507e-01	3.35000e+02
1091	3.35746e+02	1.09100e+03	8.70867e-01	3.35500e+02
1092	3.36250e+02	1.09200e+03	8.70068e-01	3.36000e+02
1093	3.36768e+02	1.09300e+03	8.69320e-01	3.36500e+02
1094	3.37281e+02	1.09400e+03	8.68562e-01	3.37000e+02
1095	3.37775e+02	1.09500e+03	8.67788e-01	3.37500e+02
1096	3.38270e+02	1.09600e+03	8.66943e-01	3.38000e+02
1097	3.38779e+02	1.09700e+03	8.66106e-01	3.38500e+02
1098	3.39287e+02	1.09800e+03	8.65254e-01	3.39000e+02
1099	3.39784e+02	1.09900e+03	8.64386e-01	3.39500e+02
1100	3.40295e+02	1.10000e+03	8.63440e-01	3.40000e+02
1101	3.40809e+02	1.10100e+03	8.62499e-01	3.40500e+02
1102	3.41319e+02	1.10200e+03	8.61538e-01	3.41000e+02
1103	3.41809e+02	1.10300e+03	8.60559e-01	3.41500e+02
1104	3.42312e+02	1.10400e+03	8.59488e-01	3.42000e+02
1105	3.42817e+02	1.10500e+03	8.58431e-01	3.42500e+02
1106	3.43327e+02	1.10600e+03	8.57356e-01	3.43000e+02
1107	3.43829e+02	1.10700e+03	8.56265e-01	3.43500e+02
1108	3.44327e+02	1.10800e+03	8.55082e-01	3.44000e+02
1109	3.44833e+02	1.10900e+03	8.53912e-01	3.44500e+02
1110	3.45330e+02	1.11000e+03	8.52721e-01	3.45000e+02
1111	3.45833e+02	1.11100e+03	8.51511e-01	3.45500e+02
1112	3.46341e+02	1.11200e+03	8.50206e-01	3.46000e+02
1113	3.46834e+02	1.11300e+03	8.48906e-01	3.46500e+02
1114	3.47341e+02	1.11400e+03	8.47581e-01	3.47000e+02
1115	3.47850e+02	1.11500e+03	8.46231e-01	3.47500e+02
1116	3.48347e+02	1.11600e+03	8.44759e-01	3.48000e+02
1117	3.48847e+02	1.11700e+03	8.43293e-01	3.48500e+02
1118	3.49349e+02	1.11800e+03	8.41790e-01	3.49000e+02
1119	3.49842e+02	1.11900e+03	8.40255e-01	3.49500e+02
1120	3.50339e+02	1.12000e+03	8.38556e-01	3.50000e+02
1121	3.50839e+02	1.12100e+03	8.36863e-01	3.50500e+02
1122	3.51339e+02	1.12200e+03	8.35118e-01	3.51000e+02
1123	3.51848e+02	1.12300e+03	8.33329e-01	3.51500e+02
1124	3.52350e+02	1.12400e+03	8.31280e-01	3.52000e+02
1125	3.52870e+02	1.12500e+03	8.29153e-01	3.52500e+02
1126	3.53280e+02	1.12600e+03	8.26780e-01	3.53000e+02
1127	3.53721e+02	1.12700e+03	8.24191e-01	3.53500e+02
1128	3.54282e+02	1.12800e+03	8.20787e-01	3.54000e+02
1129	3.54809e+02	1.12900e+03	8.17392e-01	3.54500e+02
1130	3.55312e+02	1.13000e+03	8.13918e-01	3.55000e+02
1131	3.55823e+02	1.13100e+03	8.10416e-01	3.55500e+02
1132	3.56327e+02	1.13200e+03	8.06401e-01	3.56000e+02
1133	3.56824e+02	1.13300e+03	8.02981e-01	3.56500e+02
1134	3.57339e+02	1.13400e+03	7.99829e-01	3.57000e+02
1135	3.57826e+02	1.13500e+03	7.96801e-01	3.57500e+02
1136	3.58336e+02	1.13600e+03	7.94505e-01	3.58000e+02
1137	3.58829e+02	1.13700e+03	7.91905e-01	3.58500e+02
1138	3.59331e+02	1.13800e+03	7.89245e-01	3.59000e+02
1139	3.59830e+02	1.13900e+03	7.86564e-01	3.59500e+02
1140	3.60334e+02	1.14000e+03	7.83884e-01	3.60000e+02
1141	3.60838e+02	1.14100e+03	7.81007e-01	3.60500e+02
1142	3.61336e+02	1.14200e+03	7.77975e-01	3.61000e+02
1143	3.61838e+02	1.14300e+03	7.74841e-01	3.61500e+02
1144	3.62341e+02	1.14400e+03	7.71151e-01	3.62000e+02
1145	3.62843e+02	1.14500e+03	7.67536e-01	3.62500e+02
1146	3.63346e+02	1.14600e+03	7.63809e-01	3.63000e+02
1147	3.63837e+02	1.14700e+03	7.59979e-01	3.63500e+02
1148	3.64351e+02	1.14800e+03	7.55614e-01	3.64000e+02
1149	3.64842e+02	1.14900e+03	7.51340e-01	3.64500e+02
1150	3.65345e+02	1.15000e+03	7.46974e-01	3.65000e+02
1151	3.65855e+02	1.15100e+03	7.42518e-01	3.65500e+02
1152	3.66344e+02	1.15200e+03	7.37605e-01	3.66000e+02
1153	3.66843e+02	1.15300e+03	7.32777e-01	3.66500e+02
1154	3.67346e+02	1.15400e+03	7.27877e-01	3.67000e+02
1155	3.67842e+02	1.15500e+03	7.22904e-01	3.67500e+02
1156	3.68353e+02	1.15600e+03	7.17533e-01	3.68000e+02
1157	3.68847e+02	1.15700e+03	7.12200e-01	3.68500e+02
1158	3.69352e+02	1.15800e+03	7.06748e-01	3.69000e+02
1159	3.69860e+02	1.15900e+03	7.01187e-01	3.69500e+02
1160	3.70357e+02	1.16000e+03	6.95099e-01	3.70000e+02
1161	3.70859e+02	1.16100e+03	6.89006e-01	3.70500e+02
1162	3.71358e+02	1.16200e+03	6.82751e-01	3.71000e+02
1163	3.71861e+02	1.16300e+03	6.76365e-01	3.71500e+02
1164	3.72360e+02	1.16400e+03	6.69298e-01	3.72000e+02
1165	3.72862e+02	1.16500e+03	6.62372e-01	3.72500e+02
1166	3.73361e+02	1.16600e+03	6.55357e-01	3.73000e+02
1167	3.73861e+02	1.16700e+03	6.48251e-01	3.73500e+02
1168	3.74360e+02	1.16800e+03	6.40653e-01	3.74000e+02
1169	3.74842e+02	1.16900e+03	6.33178e-01	3.74500e+02
1170	3.75357e+02	1.17000e+03	6.25650e-01	3.75000e+02
1171	3.75856e+02	1.17100e+03	6.18063e-01	3.75500e+02
1172	3.76356e+02	1.17200e+03	6.10173e-01	3.76000e+02
1173	3.76852e+02	1.17300e+03	6.02352e-01	3.76500e+02
1174	3.77359e+02	1.17400e+03	5.94489e-01	3.77000e+02
1175	3.77845e+02	1.17500e+03	5.86582e-01	3.77500e+02
1176	3.78336e+02	1.17600e+03	5.78447e-01	3.78000e+02
1177	3.78842e+02	1.17700e+03	5.70342e-01	3.78500e+02
1178	3.79332e+02	1.17800e+03	5.62187e-01	3.79000e+02
1179	3.79821e+02	1.17900e+03	5.53989e-01	3.79500e+02
1180	3.80319e+02	1.18000e+03	5.45567e-01	3.80000e+02
1181	3.80823e+02	1.18100e+03	5.37174e-01	3.80500e+02
1182	3.81326e+02	1.18200e+03	5.28734e-01	3.81000e+02
1183	3.81827e+02	1.18300e+03	5.20249e-01	3.81500e+02
1184	3.82352e+02	1.18400e+03	5.11441e-01	3.82000e+02
1185	3.82740e+02	1.18500e+03	5.02504e-01	3.82500e+02
1186	3.83131e+02	1.18600e+03	4.93274e-01	3.83000e+02
1187	3.83722e+02	1.18700e+03	4.83820e-01	3.83500e+02
1188	3.84239e+02	1.18800e+03	4.73618e-01	3.84000e+02
1189	3.84746e+02	1.18900e+03	4.63629e-01	3.84500e+02
1190	3.85262e+02	1.19000e+03	4.53754e-01	3.85000e+02
1191	3.85767e+02	1.19100e+03	4.43978e-01	3.85500e+02
1192	3.86266e+02	1.19200e+03	4.34224e-01	3.86000e+02
1193	3.86770e+02	1.19300e+03	4.24960e-01	3.86500e+02
1194	3.87270e+02	1.19400e+03	4.16006e-01	3.87000e+02
1195	3.87770e+02	1.19500e+03	4.07220e-01	3.87500e+02
1196	3.88262e+02	1.19600e+03	3.99521e-01	3.88000e+02
1197	3.88762e+02	1.19700e+03	3.91347e-01	3.88500e+02
1198	3.89259e+02	1.19800e+03	3.83104e-01	3.89000e+02
1199	3.89758e+02	1.19900e+03	3.74863e-01	3.89500e+02
1200	3.90252e+02	1.20000e+03	3.66692e-01	3.90000e+02
1201	3.90827e+02	1.20100e+03	3.58392e-01	3.90500e+02
1202	3.90978e+02	1.20200e+03	3.50016e-01	3.91000e+02
1203	3.91447e+02	1.20300e+03	3.41598e-01	3.91500e+02
1204	3.91943e+02	1.20400e+03	3.32923e-01	3.92000e+02
1205	3.92434e+02	1.20500e+03	3.24321e-01	3.92500e+02
1206	3.92922e+02	1.20600e+03	3.15709e-01	3.93000e+02
1207	3.93418e+02	1.20700e+03	3.07083e-01	3.93500e+02
1208	3.93921e+02	1.20800e+03	2.98357e-01	3.94000e+02
1209	3.94421e+02	1.20900e+03	2.89697e-01	3.94500e+02
1210	3.94903e+02	1.21000e+03	2.81059e-01	3.95000e+02
1211	3.95401e+02	1.21100e+03	2.72431e-01	3.95500e+02
1212	3.95896e+02	1.21200e+03	2.63857e-01	3.96000e+02
1213	3.96379e+02	1.21300e+03	2.55285e-01	3.96500e+02
1214	3.96878e+02	1.21400e+03	2.46738e-01	3.97000e+02
1215	3.97364e+02	1.21500e+03	2.38214e-01	3.97500e+02
1216	3.97858e+02	1.21600e+03	2.29800e-01	3.98000e+02
1217	3.98336e+02	1.21700e+03	2.21396e-01	3.98500e+02
1218	3.98819e+02	1.21800e+03	2.13043e-01	3.99000e+02
1219	3.99309e+02	1.21900e+03	2.04731e-01	3.99500e+02
1220	3.99806e+02	1.22000e+03	1.96624e-01	4.00000e+02
1221	4.00299e+02	1.22100e+03	1.88517e-01	4.00500e+02
1222	4.00804e+02	1.22200e+03	1.80484e-01	4.01000e+02
1223	4.01304e+02	1.22300e+03	1.72515e-01	4.01500e+02
1224	4.01792e+02	1.22400e+03	1.64875e-01	4.02000e+02
1225	4.02288e+02	1.22500e+03	1.57230e-01	4.02500e+02
1226	4.02789e+02	1.22600e+03	1.49692e-01	4.03000e+02
1227	4.03282e+02	1.22700e+03	1.42248e-01	4.03500e+02
1228	4.03777e+02	1.22800e+03	1.35272e-01	4.04000e+02
1229	4.04281e+02	1.22900e+03	1.28263e-01	4.04500e+02
1230	4.04767e+02	1.23000e+03	1.21381e-01	4.05000e+02
1231	4.05263e+02	1.23100e+03	1.14611e-01	4.05500e+02
1232	4.05769e+02	1.23200e+03	1.08410e-01	4.06000e+02
1233	4.06271e+02	1.23300e+03	1.02151e-01	4.06500e+02
1234	4.06760e+02	1.23400e+03	9.60245e-02	4.07000e+02
1235	4.07261e+02	1.23500e+03	9.00179e-02	4.07500e+02
1236	4.07763e+02	1.23600e+03	8.46264e-02	4.08000e+02
1237	4.08251e+02	1.23700e+03	7.91513e-02	4.08500e+02
1238	4.08739e+02	1.23800e+03	7.38002e-02	4.09000e+02
1239	4.09238e+02	1.23900e+03	6.85635e-02	4.09500e+02
1240	4.09727e+02	1.24000e+03	6.39260e-02	4.10000e+02
1241	4.10228e+02	1.24100e+03	5.91957e-02	4.10500e+02
1242	4.10720e+02	1.24200e+03	5.45787e-02	4.11000e+02
1243	4.11216e+02	1.24300e+03	5.00685e-02	4.11500e+02
1244	4.11726e+02	1.24400e+03	4.61064e-02	4.12000e+02
1245	4.12239e+02	1.24500e+03	4.20595e-02	4.12500e+02
1246	4.12756e+02	1.24600e+03	3.81174e-02	4.13000e+02
1247	4.13279e+02	1.24700e+03	3.42744e-02	4.13500e+02
1248	4.13794e+02	1.24800e+03	3.09346e-02	4.14000e+02
1249	4.14305e+02	1.24900e+03	2.75178e-02	4.14500e+02
1250	4.14808e+02	1.25000e+03	2.41961e-02	4.15000e+02
1251	4.15330e+02	1.25100e+03	2.09646e-02	4.15500e+02
1252	4.15837e+02	1.25200e+03	1.81942e-02	4.16000e+02
1253	4.16336e+02	1.25300e+03	1.53489e-02	4.16500e+02
1254	4.16846e+02	1.25400e+03	1.25881e-02	4.17000e+02
1255	4.17328e+02	1.25500e+03	9.90740e-03	4.17500e+02
1256	4.17818e+02	1.25600e+03	7.63824e-03	4.18000e+02
1257	4.18316e+02	1.25700e+03	5.30149e-03	4.18500e+02
1258	4.18815e+02	1.25800e+03	3.03870e-03	4.19000e+02
1259	4.19309e+02	1.25900e+03	8.46355e-04	4.19500e+02
1260	4.19818e+02	1.26000e+03	-9.81051e-04	4.20000e+02
1261	4.20310e+02	1.26100e+03	-2.86946e-03	4.20500e+02
1262	4.20835e+02	1.26200e+03	-4.69361e-03	4.21000e+02
1263	4.21325e+02	1.26300e+03	-6.45569e-03	4.21500e+02
1264	4.21815e+02	1.26400e+03	-7.90068e-03	4.22000e+02
1265	4.22305e+02	1.26500e+03	-9.40078e-03	4.22500e+02
1266	4.22816e+02	1.26600e+03	-1.08471e-02	4.23000e+02
1267	4.23321e+02	1.26700e+03	-1.22418e-02	4.23500e+02
1268	4.23816e+02	1.26800e+03	-1.33709e-02	4.24000e+02
1269	4.24319e+02	1.26900e+03	-1.45503e-02	4.24500e+02
1270	4.24855e+02	1.27000e+03	-1.56883e-02	4.25000e+02
1271	4.25394e+02	1.27100e+03	-1.67850e-02	4.25500e+02
1272	4.25912e+02	1.27200e+03	-1.76682e-02	4.26000e+02
1273	4.26526e+02	1.27300e+03	-1.85921e-02	4.26500e+02
1274	4.27014e+02	1.27400e+03	-1.94827e-02	4.27000e+02
1275	4.27523e+02	1.27500e+03	-2.03396e-02	4.27500e+02
1276	4.28019e+02	1.27600e+03	-2.10224e-02	4.28000e+02
1277	4.28497e+02	1.27700e+03	-2.17361e-02	4.28500e+02
1278	4.28991e+02	1.27800e+03	-2.24225e-02	4.29000e+02
1279	4.29490e+02	1.27900e+03	-2.30821e-02	4.29500e+02
1280	4.29986e+02	1.28000e+03	-2.36020e-02	4.30000e+02
1281	4.30470e+02	1.28100e+03	-2.41524e-02	4.30500e+02
1282	4.30957e+02	1.28200e+03	-2.46839e-02	4.31000e+02
1283	4.31460e+02	1.28300e+03	-2.51953e-02	4.31500e+02
1284	4.31943e+02	1.28400e+03	-2.56066e-02	4.32000e+02
1285	4.32438e+02	1.28500e+03	-2.60395e-02	4.32500e+02
1286	4.32948e+02	1.28600e+03	-2.64598e-02	4.33000e+02
1287	4.33434e+02	1.28700e+03	-2.68667e-02	4.33500e+02
1288	4.33921e+02	1.28800e+03	-2.72016e-02	4.34000e+02
1289	4.34401e+02	1.28900e+03	-2.75518e-02	4.34500e+02
1290	4.34895e+02	1.29000e+03	-2.78917e-02	4.35000e+02
1291	4.35389e+02	1.29100e+03	-2.82209e-02	4.35500e+02
1292	4.35886e+02	1.29200e+03	-2.84919e-02	4.36000e+02
1293	4.36381e+02	1.29300e+03	-2.87687e-02	4.36500e+02
1294	4.36884e+02	1.29400e+03	-2.90357e-02	4.37000e+02
1295	4.37386e+02	1.29500e+03	-2.92938e-02	4.37500e+02
1296	4.37880e+02	1.29600e+03	-2.94951e-02	4.38000e+02
1297	4.38379e+02	1.29700e+03	-2.97075e-02	4.38500e+02
1298	4.38886e+02	1.29800e+03	-2.99121e-02	4.39000e+02
1299	4.39400e+02	1.29900e+03	-3.01091e-02	4.39500e+02
1300	4.39904e+02	1.30000e+03	-3.02663e-02	4.40000e+02
1301	4.40412e+02	1.30100e+03	-3.04374e-02	4.40500e+02
1302	4.40921e+02	1.30200e+03	-3.06302e-02	4.41000e+02
1303	4.41448e+02	1.30300e+03	-3.08559e-02	4.41500e+02
1304	4.41823e+02	1.30400e+03	-3.13024e-02	4.42000e+02
1305	4.42354e+02	1.30500e+03	-3.19127e-02	4.42500e+02
1306	4.42897e+02	1.30600e+03	-3.26809e-02	4.43000e+02
1307	4.43394e+02	1.30700e+03	-3.35281e-02	4.43500e+02
1308	4.43889e+02	1.30800e+03	-3.47087e-02	4.44000e+02
1309	4.44375e+02	1.30900e+03	-3.55234e-02	4.44500e+02
1310	4.44870e+02	1.31000e+03	-3.61011e-02	4.45000e+02
1311	4.45343e+02	1.31100e+03	-3.65309e-02	4.45500e+02
1312	4.45831e+02	1.31200e+03	-3.63972e-02	4.46000e+02
1313	4.46301e+02	1.31300e+03	-3.62601e-02	4.46500e+02
1314	4.46794e+02	1.31400e+03	-3.60133e-02	4.47000e+02
1315	4.47272e+02	1.31500e+03	-3.56919e-02	4.47500e+02
1316	4.47772e+02	1.31600e+03	-3.48071e-02	4.48000e+02
1317	4.48268e+02	1.31700e+03	-3.42596e-02	4.48500e+02
1318	4.48771e+02	1.31800e+03	-3.38073e-02	4.49000e+02
1319	4.49275e+02	1.31900e+03	-3.33881e-02	4.49500e+02
1320	4.49795e+02	1.32000e+03	-3.31563e-02	4.50000e+02
1321	4.50290e+02	1.32100e+03	-3.29168e-02	4.50500e+02
1322	4.50783e+02	1.32200e+03	-3.27217e-02	4.51000e+02
1323	4.51287e+02	1.32300e+03	-3.25605e-02	4.51500e+02
1324	4.51796e+02	1.32400e+03	-3.25956e-02	4.52000e+02
1325	4.52304e+02	1.32500e+03	-3.25566e-02	4.52500e+02
1326	4.52824e+02	1.32600e+03	-3.25165e-02	4.53000e+02
1327	4.53340e+02	1.32700e+03	-3.24847e-02	4.53500e+02
1328	4.53859e+02	1.32800e+03	-3.24981e-02	4.54000e+02
1329	4.54379e+02	1.32900e+03	-3.24881e-02	4.54500e+02
1330	4.54872e+02	1.33000e+03	-3.24749e-02	4.55000e+02
1331	4.55378e+02	1.33100e+03	-3.24626e-02	4.55500e+02
1332	4.55885e+02	1.33200e+03	-3.24497e-02	4.56000e+02
1333	4.56390e+02	1.33300e+03	-3.24409e-02	4.56500e+02
1334	4.56892e+02	1.33400e+03	-3.24343e-02	4.57000e+02
1335	4.57405e+02	1.33500e+03	-3.24290e-02	4.57500e+02
1336	4.57897e+02	1.33600e+03	-3.24334e-02	4.58000e+02
1337	4.58393e+02	1.33700e+03	-3.24383e-02	4.58500e+02
1338	4.58873e+02	1.33800e+03	-3.24479e-02	4.59000e+02
1339	4.59353e+02	1.33900e+03	-3.24609e-02	4.59500e+02
1340	4.59847e+02	1.34000e+03	-3.24875e-02	4.60000e+02
1341	4.60320e+02	1.34100e+03	-3.25108e-02	4.60500e+02
1342	4.60805e+02	1.34200e+03	-3.25329e-02	4.61000e+02
1343	4.61293e+02	1.34300e+03	-3.25538e-02	4.61500e+02
1344	4.61789e+02	1.34400e+03	-3.25754e-02	4.62000e+02
1345	4.62272e+02	1.34500e+03	-3.25893e-02	4.62500e+02
1346	4.62763e+02	1.34600e+03	-3.25996e-02	4.63000e+02
1347	4.63255e+02	1.34700e+03	-3.26088e-02	4.63500e+02
1348	4.63749e+02	1.34800e+03	-3.26064e-02	4.64000e+02
1349	4.64255e+02	1.34900e+03	-3.26132e-02	4.64500e+02
1350	4.64766e+02	1.35000e+03	-3.26231e-02	4.65000e+02
1351	4.65259e+02	1.35100e+03	-3.26345e-02	4.65500e+02
1352	4.65758e+02	1.35200e+03	-3.26509e-02	4.66000e+02
1353	4.66258e+02	1.35300e+03	-3.26635e-02	4.66500e+02
1354	4.66740e+02	1.35400e+03	-3.26749e-02	4.67000e+02
1355	4.67235e+02	1.35500e+03	-3.26857e-02	4.67500e+02
1356	4.67738e+02	1.35600e+03	-3.26956e-02	4.68000e+02
1357	4.68242e+02	1.35700e+03	-3.27043e-02	4.68500e+02
1358	4.68746e+02	1.35800e+03	-3.27102e-02	4.69000e+02
1359	4.69241e+02	1.35900e+03	-3.27140e-02	4.69500e+02
1360	4.69727e+02	1.36000e+03	-3.27112e-02	4.70000e+02
1361	4.70234e+02	1.36100e+03	-3.27100e-02	4.70500e+02
1362	4.70735e+02	1.36200e+03	-3.27095e-02	4.71000e+02
1363	4.71249e+02	1.36300e+03	-3.27094e-02	4.71500e+02
1364	4.71748e+02	1.36400e+03	-3.27067e-02	4.72000e+02
1365	4.72238e+02	1.36500e+03	-3.27080e-02	4.72500e+02
1366	4.72731e+02	1.36600e+03	-3.27104e-02	4.73000e+02
1367	4.73253e+02	1.36700e+03	-3.27125e-02	4.73500e+02
1368	4.73762e+02	1.36800e+03	-3.27174e-02	4.74000e+02
1369	4.74262e+02	1.36900e+03	-3.27179e-02	4.74500e+02
1370	4.74777e+02	1.37000e+03	-3.27168e-02	4.75000e+02
1371	4.75280e+02	1.37100e+03	-3.27154e-02	4.75500e+02
1372	4.75775e+02	1.37200e+03	-3.27090e-02	4.76000e+02
1373	4.76269e+02	1.37300e+03	-3.27056e-02	4.76500e+02
1374	4.76772e+02	1.37400e+03	-3.27019e-02	4.77000e+02
1375	4.77235e+02	1.37500e+03	-3.26978e-02	4.77500e+02
1376	4.77707e+02	1.37600e+03	-3.26948e-02	4.78000e+02
1377	4.78197e+02	1.37700e+03	-3.26919e-02	4.78500e+02
1378	4.78685e+02	1.37800e+03	-3.26895e-02	4.79000e+02
1379	4.79180e+02	1.37900e+03	-3.26877e-02	4.79500e+02
1380	4.79647e+02	1.38000e+03	-3.26897e-02	4.80000e+02
1381	4.80119e+02	1.38100e+03	-3.26923e-02	4.80500e+02
1382	4.80591e+02	1.38200e+03	-3.26957e-02	4.81000e+02
1383	4.81066e+02	1.38300e+03	-3.26996e-02	4.81500e+02
1384	4.81555e+02	1.38400e+03	-3.27085e-02	4.82000e+02
1385	4.82038e+02	1.38500e+03	-3.27141e-02	4.82500e+02
1386	4.82533e+02	1.38600e+03	-3.27190e-02	4.83000e+02
1387	4.83027e+02	1.38700e+03	-3.27237e-02	4.83500e+02
1388	4.83514e+02	1.38800e+03	-3.27256e-02	4.84000e+02
1389	4.84018e+02	1.38900e+03	-3.27268e-02	4.84500e+02
1390	4.84504e+02	1.39000e+03	-3.27266e-02	4.85000e+02
1391	4.84986e+02	1.39100e+03	-3.27253e-02	4.85500e+02
1392	4.85470e+02	1.39200e+03	-3.27219e-02	4.86000e+02
1393	4.85954e+02	1.39300e+03	-3.27225e-02	4.86500e+02
1394	4.86448e+02	1.39400e+03	-3.27276e-02	4.87000e+02
1395	4.86930e+02	1.39500e+03	-3.27359e-02	4.87500e+02
1396	4.87436e+02	1.39600e+03	-3.27550e-02	4.88000e+02
1397	4.87918e+02	1.39700e+03	-3.27751e-02	4.88500e+02
1398	4.88419e+02	1.39800e+03	-3.27972e-02	4.89000e+02
1399	4.88920e+02	1.39900e+03	-3.28203e-02	4.89500e+02
1400	4.89429e+02	1.40000e+03	-3.28525e-02	4.90000e+02
1401	4.89944e+02	1.40100e+03	-3.28755e-02	4.90500e+02
1402	4.90449e+02	1.40200e+03	-3.28935e-02	4.91000e+02
1403	4.90944e+02	1.40300e+03	-3.29087e-02	4.91500e+02
1404	4.91446e+02	1.40400e+03	-3.29086e-02	4.92000e+02
1405	4.91944e+02	1.40500e+03	-3.29106e-02	4.92500e+02
1406	4.92432e+02	1.40600e+03	-3.29113e-02	4.93000e+02
1407	4.92940e+02	1.40700e+03	-3.29111e-02	4.93500e+02
1408	4.93464e+02	1.40800e+03	-3.29011e-02	4.94000e+02
1409	4.93917e+02	1.40900e+03	-3.28973e-02	4.94500e+02
1410	4.94391e+02	1.41000e+03	-3.28952e-02	4.95000e+02
1411	4.94848e+02	1.41100e+03	-3.28931e-02	4.95500e+02
1412	4.95335e+02	1.41200e+03	-3.28924e-02	4.96000e+02
1413	4.95809e+02	1.41300e+03	-3.28887e-02	4.96500e+02
1414	4.96305e+02	1.41400e+03	-3.28826e-02	4.97000e+02
1415	4.96803e+02	1.41500e+03	-3.28752e-02	4.97500e+02
1416	4.97309e+02	1.41600e+03	-3.28617e-02	4.98000e+02
1417	4.97833e+02	1.41700e+03	-3.28476e-02	4.98500e+02
1418	4.98336e+02	1.41800e+03	-3.28314e-02	4.99000e+02
1419	4.98845e+02	1.41900e+03	-3.28143e-02	4.99500e+02
1420	4.99340e+02	1.42000e+03	-3.28121e-02	5.00000e+02
1421	4.99854e+02	1.42100e+03	-3.28793e-02	5.00500e+02
1422	5.00264e+02	1.42200e+03	-3.30937e-02	5.01000e+02
1423	5.00671e+02	1.42300e+03	-3.34429e-02	5.01500e+02
1424	5.01239e+02	1.42400e+03	-3.42439e-02	5.02000e+02
1425	5.01755e+02	1.42500e+03	-3.50825e-02	5.02500e+02
1426	5.02252e+02	1.42600e+03	-3.59418e-02	5.03000e+02
1427	5.02745e+02	1.42700e+03	-3.67760e-02	5.03500e+02
1428	5.03242e+02	1.42800e+03	-3.77979e-02	5.04000e+02
1429	5.03720e+02	1.42900e+03	-3.83239e-02	5.04500e+02
1430	5.04223e+02	1.43000e+03	-3.85525e-02	5.05000e+02
1431	5.04711e+02	1.43100e+03	-3.86168e-02	5.05500e+02
1432	5.05222e+02	1.43200e+03	-3.77684e-02	5.06000e+02
1433	5.05741e+02	1.43300e+03	-3.72323e-02	5.06500e+02
1434	5.06251e+02	1.43400e+03	-3.67036e-02	5.07000e+02
1435	5.06739e+02	1.43500e+03	-3.61494e-02	5.07500e+02
1436	5.07232e+02	1.43600e+03	-3.53621e-02	5.08000e+02
1437	5.07736e+02	1.43700e+03	-3.47877e-02	5.08500e+02
1438	5.08218e+02	1.43800e+03	-3.43040e-02	5.09000e+02
1439	5.08726e+02	1.43900e+03	-3.38642e-02	5.09500e+02
1440	5.09222e+02	1.44000e+03	-3.36894e-02	5.10000e+02
1441	5.09709e+02	1.44100e+03	-3.34557e-02	5.10500e+02
1442	5.10196e+02	1.44200e+03	-3.32518e-02	5.11000e+02
1443	5.10660e+02	1.44300e+03	-3.30777e-02	5.11500e+02
1444	5.11159e+02	1.44400e+03	-3.30709e-02	5.12000e+02
1445	5.11667e+02	1.44500e+03	-3.30059e-02	5.12500e+02
1446	5.12161e+02	1.44600e+03	-3.29448e-02	5.13000e+02
1447	5.12655e+02	1.44700e+03	-3.28946e-02	5.13500e+02
1448	5.13130e+02	1.44800e+03	-3.28982e-02	5.14000e+02
1449	5.13614e+02	1.44900e+03	-3.28810e-02	5.14500e+02
1450	5.14124e+02	1.45000e+03	-3.28624e-02	5.15000e+02
1451	5.14620e+02	1.45100e+03	-3.28455e-02	5.15500e+02
1452	5.15095e+02	1.45200e+03	-3.28401e-02	5.16000e+02
1453	5.15583e+02	1.45300e+03	-3.28287e-02	5.16500e+02
1454	5.16069e+02	1.45400e+03	-3.28168e-02	5.17000e+02
1455	5.16568e+02	1.45500e+03	-3.28058e-02	5.17500e+02
1456	5.17049e+02	1.45600e+03	-3.27980e-02	5.18000e+02
1457	5.17548e+02	1.45700e+03	-3.27933e-02	5.18500e+02
1458	5.18029e+02	1.45800e+03	-3.27912e-02	5.19000e+02
1459	5.18507e+02	1.45900e+03	-3.27907e-02	5.19500e+02
1460	5.18979e+02	1.46000e+03	-3.27999e-02	5.20000e+02
1461	5.19479e+02	1.46100e+03	-3.28054e-02	5.20500e+02
1462	5.19949e+02	1.46200e+03	-3.28111e-02	5.21000e+02
1463	5.20449e+02	1.46300e+03	-3.28178e-02	5.21500e+02
1464	5.20942e+02	1.46400e+03	-3.28278e-02	5.22000e+02
1465	5.21426e+02	1.46500e+03	-3.28364e-02	5.22500e+02
1466	5.21906e+02	1.46600e+03	-3.28434e-02	5.23000e+02
1467	5.22385e+02	1.46700e+03	-3.28491e-02	5.23500e+02
1468	5.22882e+02	1.46800e+03	-3.28491e-02	5.24000e+02
1469	5.23372e+02	1.46900e+03	-3.28458e-02	5.24500e+02
1470	5.23873e+02	1.47000e+03	-3.28389e-02	5.25000e+02
1471	5.24378e+02	1.47100e+03	-3.28297e-02	5.25500e+02
1472	5.24885e+02	1.47200e+03	-3.28054e-02	5.26000e+02
1473	5.25406e+02	1.47300e+03	-3.27860e-02	5.26500e+02
1474	5.25906e+02	1.47400e+03	-3.27669e-02	5.27000e+02
1475	5.26407e+02	1.47500e+03	-3.27476e-02	5.27500e+02
1476	5.26913e+02	1.47600e+03	-3.27285e-02	5.28000e+02
1477	5.27388e+02	1.47700e+03	-3.27152e-02	5.28500e+02
1478	5.27878e+02	1.47800e+03	-3.27057e-02	5.29000e+02
1479	5.28377e+02	1.47900e+03	-3.26986e-02	5.29500e+02
1480	5.28863e+02	1.48000e+03	-3.27069e-02	5.30000e+02
1481	5.29363e+02	1.48100e+03	-3.27116e-02	5.30500e+02
1482	5.29844e+02	1.48200e+03	-3.27172e-02	5.31000e+02
1483	5.30346e+02	1.48300e+03	-3.27237e-02	5.31500e+02
1484	5.30856e+02	1.48400e+03	-3.27376e-02	5.32000e+02
1485	5.31350e+02	1.48500e+03	-3.27460e-02	5.32500e+02
1486	5.31827e+02	1.48600e+03	-3.27524e-02	5.33000e+02
1487	5.32291e+02	1.48700e+03	-3.27585e-02	5.33500e+02
1488	5.32779e+02	1.48800e+03	-3.27617e-02	5.34000e+02
1489	5.33282e+02	1.48900e+03	-3.27667e-02	5.34500e+02
1490	5.33760e+02	1.49000e+03	-3.27713e-02	5.35000e+02
1491	5.34257e+02	1.49100e+03	-3.27748e-02	5.35500e+02
1492	5.34743e+02	1.49200e+03	-3.27754e-02	5.36000e+02
1493	5.35226e+02	1.49300e+03	-3.27745e-02	5.36500e+02
1494	5.35693e+02	1.49400e+03	-3.27715e-02	5.37000e+02
1495	5.36160e+02	1.49500e+03	-3.27670e-02	5.37500e+02
1496	5.36640e+02	1.49600e+03	-3.27544e-02	5.38000e+02
1497	5.37112e+02	1.49700e+03	-3.27430e-02	5.38500e+02
1498	5.37589e+02	1.49800e+03	-3.27300e-02	5.39000e+02
1499	5.38081e+02	1.49900e+03	-3.27155e-02	5.39500e+02
1500	5.38562e+02	1.50000e+03	-3.26944e-02	5.40000e+02
1501	5.39049e+02	1.50100e+03	-3.26748e-02	5.40500e+02
1502	5.39542e+02	1.50200e+03	-3.26544e-02	5.41000e+02
1503	5.40028e+02	1.50300e+03	-3.26334e-02	5.41500e+02
1504	5.40522e+02	1.50400e+03	-3.26087e-02	5.42000e+02
1505	5.41018e+02	1.50500e+03	-3.25857e-02	5.42500e+02
1506	5.41506e+02	1.50600e+03	-3.25623e-02	5.43000e+02
1507	5.41993e+02	1.50700e+03	-3.25379e-02	5.43500e+02
1508	5.42481e+02	1.50800e+03	-3.25121e-02	5.44000e+02
1509	5.42970e+02	1.50900e+03	-3.24869e-02	5.44500e+02
1510	5.43463e+02	1.51000e+03	-3.24627e-02	5.45000e+02
1511	5.43961e+02	1.51100e+03	-3.24397e-02	5.45500e+02
1512	5.44443e+02	1.51200e+03	-3.24211e-02	5.46000e+02
1513	5.44930e+02	1.51300e+03	-3.24070e-02	5.46500e+02
1514	5.45430e+02	1.51400e+03	-3.23980e-02	5.47000e+02
1515	5.45927e+02	1.51500e+03	-3.23921e-02	5.47500e+02
1516	5.46409e+02	1.51600e+03	-3.24024e-02	5.48000e+02
1517	5.46906e+02	1.51700e+03	-3.24078e-02	5.48500e+02
1518	5.47401e+02	1.51800e+03	-3.24130e-02	5.49000e+02
1519	5.47884e+02	1.51900e+03	-3.24189e-02	5.49500e+02
1520	5.48376e+02	1.52000e+03	-3.24305e-02	5.50000e+02
1521	5.48867e+02	1.52100e+03	-3.24377e-02	5.50500e+02
1522	5.49364e+02	1.52200e+03	-3.24447e-02	5.51000e+02
1523	5.49855e+02	1.52300e+03	-3.24524e-02	5.51500e+02
1524	5.50346e+02	1.52400e+03	-3.24588e-02	5.52000e+02
1525	5.50830e+02	1.52500e+03	-3.24680e-02	5.52500e+02
1526	5.51328e+02	1.52600e+03	-3.24777e-02	5.53000e+02
1527	5.51830e+02	1.52700e+03	-3.24871e-02	5.53500e+02
1528	5.52324e+02	1.52800e+03	-3.24954e-02	5.54000e+02
1529	5.52819e+02	1.52900e+03	-3.24974e-02	5.54500e+02
1530	5.53314e+02	1.53000e+03	-3.24948e-02	5.55000e+02
1531	5.53820e+02	1.53100e+03	-3.24898e-02	5.55500e+02
1532	5.54310e+02	1.53200e+03	-3.24729e-02	5.56000e+02
1533	5.54817e+02	1.53300e+03	-3.24625e-02	5.56500e+02
1534	5.55317e+02	1.53400e+03	-3.24538e-02	5.57000e+02
1535	5.55804e+02	1.53500e+03	-3.24456e-02	5.57500e+02
1536	5.56297e+02	1.53600e+03	-3.24375e-02	5.58000e+02
1537	5.56788e+02	1.53700e+03	-3.24308e-02	5.58500e+02
1538	5.57294e+02	1.53800e+03	-3.24250e-02	5.59000e+02
1539	5.57791e+02	1.53900e+03	-3.24197e-02	5.59500e+02
1540	5.58295e+02	1.54000e+03	-3.24180e-02	5.60000e+02
1541	5.58782e+02	1.54100e+03	-3.24137e-02	5.60500e+02
1542	5.59278e+02	1.54200e+03	-3.24071e-02	5.61000e+02
1543	5.59765e+02	1.54300e+03	-3.23984e-02	5.61500e+02
1544	5.60268e+02	1.54400e+03	-3.23828e-02	5.62000e+02
1545	5.60772e+02	1.54500e+03	-3.23668e-02	5.62500e+02
1546	5.61264e+02	1.54600e+03	-3.23504e-02	5.63000e+02
1547	5.61745e+02	1.54700e+03	-3.23339e-02	5.63500e+02
1548	5.62283e+02	1.54800e+03	-3.23132e-02	5.64000e+02
1549	5.62789e+02	1.54900e+03	-3.23003e-02	5.64500e+02
1550	5.63293e+02	1.55000e+03	-3.22903e-02	5.65000e+02
1551	5.63811e+02	1.55100e+03	-3.22809e-02	5.65500e+02
1552	5.64293e+02	1.55200e+03	-3.22781e-02	5.66000e+02
1553	5.64809e+02	1.55300e+03	-3.22681e-02	5.66500e+02
1554	5.65374e+02	1.55400e+03	-3.22545e-02	5.67000e+02
1555	5.65941e+02	1.55500e+03	-3.22393e-02	5.67500e+02
1556	5.66455e+02	1.55600e+03	-3.22171e-02	5.68000e+02
1557	5.66898e+02	1.55700e+03	-3.21987e-02	5.68500e+02
1558	5.67404e+02	1.55800e+03	-3.21816e-02	5.69000e+02
1559	5.67846e+02	1.55900e+03	-3.21650e-02	5.69500e+02
1560	5.68298e+02	1.56000e+03	-3.21520e-02	5.70000e+02
1561	5.68813e+02	1.56100e+03	-3.21411e-02	5.70500e+02
1562	5.69267e+02	1.56200e+03	-3.21318e-02	5.71000e+02
1563	5.69730e+02	1.56300e+03	-3.21234e-02	5.71500e+02
1564	5.70229e+02	1.56400e+03	-3.21216e-02	5.72000e+02
1565	5.70720e+02	1.56500e+03	-3.21155e-02	5.72500e+02
1566	5.71270e+02	1.56600e+03	-3.21078e-02	5.73000e+02
1567	5.71774e+02	1.56700e+03	-3.20996e-02	5.73500e+02
1568	5.72202e+02	1.56800e+03	-3.20869e-02	5.74000e+02
1569	5.72688e+02	1.56900e+03	-3.20743e-02	5.74500e+02
1570	5.73162e+02	1.57000e+03	-3.20600e-02	5.75000e+02
1571	5.73647e+02	1.57100e+03	-3.20443e-02	5.75500e+02
1572	5.74144e+02	1.57200e+03	-3.20218e-02	5.76000e+02
1573	5.74641e+02	1.57300e+03	-3.20003e-02	5.76500e+02
1574	5.75120e+02	1.57400e+03	-3.19784e-02	5.77000e+02
1575	5.75573e+02	1.57500e+03	-3.19563e-02	5.77500e+02
1576	5.76023e+02	1.57600e+03	-3.19310e-02	5.78000e+02
1577	5.76470e+02	1.57700e+03	-3.19089e-02	5.78500e+02
1578	5.76945e+02	1.57800e+03	-3.18880e-02	5.79000e+02
1579	5.77408e+02	1.57900e+03	-3.18677e-02	5.79500e+02
1580	5.77885e+02	1.58000e+03	-3.18507e-02	5.80000e+02
1581	5.78367e+02	1.58100e+03	-3.18326e-02	5.80500e+02
1582	5.78858e+02	1.58200e+03	-3.18145e-02	5.81000e+02
1583	5.79347e+02	1.58300e+03	-3.17965e-02	5.81500e+02
1584	5.79836e+02	1.58400e+03	-3.17775e-02	5.82000e+02
1585	5.80322e+02	1.58500e+03	-3.17565e-02	5.82500e+02
1586	5.80793e+02	1.58600e+03	-3.17345e-02	5.83000e+02
1587	5.81284e+02	1.58700e+03	-3.17115e-02	5.83500e+02
1588	5.81773e+02	1.58800e+03	-3.16865e-02	5.84000e+02
1589	5.82247e+02	1.58900e+03	-3.16653e-02	5.84500e+02
1590	5.82729e+02	1.59000e+03	-3.16470e-02	5.85000e+02
1591	5.83217e+02	1.59100e+03	-3.16310e-02	5.85500e+02
1592	5.83710e+02	1.59200e+03	-3.16252e-02	5.86000e+02
1593	5.84204e+02	1.59300e+03	-3.16201e-02	5.86500e+02
1594	5.84684e+02	1.59400e+03	-3.16175e-02	5.87000e+02
1595	5.85174e+02	1.59500e+03	-3.16172e-02	5.87500e+02
1596	5.85676e+02	1.59600e+03	-3.16298e-02	5.88000e+02
1597	5.86153e+02	1.59700e+03	-3.16362e-02	5.88500e+02
1598	5.86636e+02	1.59800e+03	-3.16402e-02	5.89000e+02
1599	5.87117e+02	1.59900e+03	-3.16427e-02	5.89500e+02
1600	5.87605e+02	1.60000e+03	-3.16389e-02	5.90000e+02
1601	5.88096e+02	1.60100e+03	-3.16300e-02	5.90500e+02
1602	5.88572e+02	1.60200e+03	-3.16160e-02	5.91000e+02
1603	5.89055e+02	1.60300e+03	-3.15986e-02	5.91500e+02
1604	5.89549e+02	1.60400e+03	-3.15598e-02	5.92000e+02
1605	5.90035e+02	1.60500e+03	-3.15258e-02	5.92500e+02
1606	5.90528e+02	1.60600e+03	-3.14915e-02	5.93000e+02
1607	5.91010e+02	1.60700e+03	-3.14565e-02	5.93500e+02
1608	5.91513e+02	1.60800e+03	-3.14143e-02	5.94000e+02
1609	5.92001e+02	1.60900e+03	-3.13806e-02	5.94500e+02
1610	5.92483e+02	1.61000e+03	-3.13519e-02	5.95000e+02
1611	5.92968e+02	1.61100e+03	-3.13259e-02	5.95500e+02
1612	5.93457e+02	1.61200e+03	-3.13131e-02	5.96000e+02
1613	5.93934e+02	1.61300e+03	-3.12986e-02	5.96500e+02
1614	5.94421e+02	1.61400e+03	-3.12863e-02	5.97000e+02
1615	5.94918e+02	1.61500e+03	-3.12753e-02	5.97500e+02
1616	5.95402e+02	1.61600e+03	-3.12725e-02	5.98000e+02
1617	5.95908e+02	1.61700e+03	-3.12644e-02	5.98500e+02
1618	5.96387e+02	1.61800e+03	-3.12554e-02	5.99000e+02
1619	5.96880e+02	1.61900e+03	-3.12470e-02	5.99500e+02
1620	5.97378e+02	1.62000e+03	-3.12368e-02	6.00000e+02
1621	5.97863e+02	1.62100e+03	-3.12268e-02	6.00500e+02
1622	5.98357e+02	1.62200e+03	-3.12158e-02	6.01000e+02
1623	5.98852e+02	1.62300e+03	-3.12039e-02	6.01500e+02
1624	5.99337e+02	1.62400e+03	-3.11866e-02	6.02000e+02
1625	5.99824e+02	1.62500e+03	-3.11665e-02	6.02500e+02
1626	6.00317e+02	1.62600e+03	-3.11432e-02	6.03000e+02
1627	6.00801e+02	1.62700e+03	-3.11179e-02	6.03500e+02
1628	6.01294e+02	1.62800e+03	-3.10817e-02	6.04000e+02
1629	6.01783e+02	1.62900e+03	-3.10498e-02	6.04500e+02
1630	6.02278e+02	1.63000e+03	-3.10179e-02	6.05000e+02
1631	6.02777e+02	1.63100e+03	-3.09855e-02	6.05500e+02
1632	6.03246e+02	1.63200e+03	-3.09503e-02	6.06000e+02
1633	6.03746e+02	1.63300e+03	-3.09159e-02	6.06500e+02
1634	6.04243e+02	1.63400e+03	-3.08813e-02	6.07000e+02
1635	6.04755e+02	1.63500e+03	-3.08465e-02	6.07500e+02
1636	6.05274e+02	1.63600e+03	-3.08142e-02	6.08000e+02
1637	6.05809e+02	1.63700e+03	-3.07853e-02	6.08500e+02
1638	6.06361e+02	1.63800e+03	-3.07620e-02	6.09000e+02
1639	6.06929e+02	1.63900e+03	-3.07434e-02	6.09500e+02
1640	6.07500e+02	1.64000e+03	-3.07432e-02	6.10000e+02
1641	6.08061e+02	1.64100e+03	-3.07428e-02	6.10500e+02
1642	6.08583e+02	1.64200e+03	-3.07435e-02	6.11000e+02
1643	6.09067e+02	1.64300e+03	-3.07444e-02	6.11500e+02
1644	6.09535e+02	1.64400e+03	-3.07565e-02	6.12000e+02
1645	6.10039e+02	1.64500e+03	-3.07555e-02	6.12500e+02
1646	6.10538e+02	1.64600e+03	-3.07496e-02	6.13000e+02
1647	6.11060e+02	1.64700e+03	-3.07414e-02	6.13500e+02
1648	6.11577e+02	1.64800e+03	-3.07169e-02	6.14000e+02
1649	6.12072e+02	1.64900e+03	-3.06998e-02	6.14500e+02
1650	6.12536e+02	1.65000e+03	-3.06838e-02	6.15000e+02
1651	6.12982e+02	1.65100e+03	-3.06675e-02	6.15500e+02
1652	6.13475e+02	1.65200e+03	-3.06512e-02	6.16000e+02
1653	6.13970e+02	1.65300e+03	-3.06365e-02	6.16500e+02
1654	6.14465e+02	1.65400e+03	-3.06231e-02	6.17000e+02
1655	6.14951e+02	1.65500e+03	-3.06107e-02	6.17500e+02
1656	6.15448e+02	1.65600e+03	-3.06031e-02	6.18000e+02
1657	6.15943e+02	1.65700e+03	-3.05955e-02	6.18500e+02
1658	6.16420e+02	1.65800e+03	-3.05898e-02	6.19000e+02
1659	6.16916e+02	1.65900e+03	-3.05854e-02	6.19500e+02
1660	6.17404e+02	1.66000e+03	-3.05886e-02	6.20000e+02
1661	6.17910e+02	1.66100e+03	-3.05917e-02	6.20500e+02
1662	6.18410e+02	1.66200e+03	-3.05950e-02	6.21000e+02
1663	6.18900e+02	1.66300e+03	-3.05980e-02	6.21500e+02
1664	6.19419e+02	1.66400e+03	-3.06021e-02	6.22000e+02
1665	6.19921e+02	1.66500e+03	-3.06000e-02	6.22500e+02
1666	6.20418e+02	1.66600e+03	-3.05944e-02	6.23000e+02
1667	6.20912e+02	1.66700e+03	-3.05871e-02	6.23500e+02
1668	6.21425e+02	1.66800e+03	-3.05715e-02	6.24000e+02
1669	6.21930e+02	1.66900e+03	-3.05623e-02	6.24500e+02
1670	6.22428e+02	1.67000e+03	-3.05548e-02	6.25000e+02
1671	6.22938e+02	1.67100e+03	-3.05475e-02	6.25500e+02
1672	6.23447e+02	1.67200e+03	-3.05397e-02	6.26000e+02
1673	6.23959e+02	1.67300e+03	-3.05281e-02	6.26500e+02
1674	6.24460e+02	1.67400e+03	-3.05134e-02	6.27000e+02
1675	6.24961e+02	1.67500e+03	-3.04965e-02	6.27500e+02
1676	6.25458e+02	1.67600e+03	-3.04707e-02	6.28000e+02
1677	6.25957e+02	1.67700e+03	-3.04473e-02	6.28500e+02
1678	6.26436e+02	1.67800e+03	-3.04253e-02	6.29000e+02
1679	6.26931e+02	1.67900e+03	-3.04046e-02	6.29500e+02
1680	6.27430e+02	1.68000e+03	-3.03844e-02	6.30000e+02
1681	6.27931e+02	1.68100e+03	-3.03700e-02	6.30500e+02
1682	6.28436e+02	1.68200e+03	-3.03600e-02	6.31000e+02
1683	6.28934e+02	1.68300e+03	-3.03525e-02	6.31500e+02
1684	6.29446e+02	1.68400e+03	-3.03588e-02	6.32000e+02
1685	6.29955e+02	1.68500e+03	-3.03581e-02	6.32500e+02
1686	6.30454e+02	1.68600e+03	-3.03538e-02	6.33000e+02
1687	6.30959e+02	1.68700e+03	-3.03472e-02	6.33500e+02
1688	6.31468e+02	1.68800e+03	-3.03323e-02	6.34000e+02
1689	6.31964e+02	1.68900e+03	-3.03126e-02	6.34500e+02
1690	6.32472e+02	1.69000e+03	-3.02891e-02	6.35000e+02
1691	6.32966e+02	1.69100e+03	-3.02638e-02	6.35500e+02
1692	6.33469e+02	1.69200e+03	-3.02226e-02	6.36000e+02
1693	6.33968e+02	1.69300e+03	-3.01923e-02	6.36500e+02
1694	6.34474e+02	1.69400e+03	-3.01682e-02	6.37000e+02
1695	6.34976e+02	1.69500e+03	-3.01484e-02	6.37500e+02
1696	6.35480e+02	1.69600e+03	-3.01426e-02	6.38000e+02
1697	6.35980e+02	1.69700e+03	-3.01370e-02	6.38500e+02
1698	6.36481e+02	1.69800e+03	-3.01340e-02	6.39000e+02
1699	6.36977e+02	1.69900e+03	-3.01330e-02	6.39500e+02
1700	6.37463e+02	1.70000e+03	-3.01457e-02	6.40000e+02
1701	6.37960e+02	1.70100e+03	-3.01487e-02	6.40500e+02
1702	6.38473e+02	1.70200e+03	-3.01477e-02	6.41000e+02
1703	6.38985e+02	1.70300e+03	-3.01444e-02	6.41500e+02
1704	6.39496e+02	1.70400e+03	-3.01308e-02	6.42000e+02
1705	6.40014e+02	1.70500e+03	-3.01177e-02	6.42500e+02
1706	6.40529e+02	1.70600e+03	-3.01023e-02	6.43000e+02
1707	6.41043e+02	1.70700e+03	-3.00850e-02	6.43500e+02
1708	6.41558e+02	1.70800e+03	-3.00594e-02	6.44000e+02
1709	6.42077e+02	1.70900e+03	-3.00389e-02	6.44500e+02
1710	6.42574e+02	1.71000e+03	-3.00183e-02	6.45000e+02
1711	6.43071e+02	1.71100e+03	-2.99970e-02	6.45500e+02
1712	6.43575e+02	1.71200e+03	-2.99749e-02	6.46000e+02
1713	6.44078e+02	1.71300e+03	-2.99519e-02	6.46500e+02
1714	6.44567e+02	1.71400e+03	-2.99292e-02	6.47000e+02
1715	6.45061e+02	1.71500e+03	-2.99064e-02	6.47500e+02
1716	6.45555e+02	1.71600e+03	-2.98822e-02	6.48000e+02
1717	6.46061e+02	1.71700e+03	-2.98618e-02	6.48500e+02
1718	6.46550e+02	1.71800e+03	-2.98445e-02	6.49000e+02
1719	6.47039e+02	1.71900e+03	-2.98291e-02	6.49500e+02
1720	6.47550e+02	1.72000e+03	-2.98215e-02	6.50000e+02
1721	6.48035e+02	1.72100e+03	-2.98126e-02	6.50500e+02
1722	6.48529e+02	1.72200e+03	-2.98045e-02	6.51000e+02
1723	6.49024e+02	1.72300e+03	-2.97977e-02	6.51500e+02
1724	6.49519e+02	1.72400e+03	-2.97977e-02	6.52000e+02
1725	6.50026e+02	1.72500e+03	-2.97945e-02	6.52500e+02
1726	6.50520e+02	1.72600e+03	-2.97900e-02	6.53000e+02
1727	6.51102e+02	1.72700e+03	-2.97843e-02	6.53500e+02
1728	6.51655e+02	1.72800e+03	-2.97723e-02	6.54000e+02
1729	6.52181e+02	1.72900e+03	-2.97566e-02	6.54500e+02
1730	6.52710e+02	1.73000e+03	-2.97384e-02	6.55000e+02
1731	6.53229e+02	1.73100e+03	-2.97195e-02	6.55500e+02
1732	6.53754e+02	1.73200e+03	-2.96930e-02	6.56000e+02
1733	6.54254e+02	1.73300e+03	-2.96766e-02	6.56500e+02
1734	6.54770e+02	1.73400e+03	-2.96654e-02	6.57000e+02
1735	6.55276e+02	1.73500e+03	-2.96568e-02	6.57500e+02
1736	6.55783e+02	1.73600e+03	-2.96632e-02	6.58000e+02
1737	6.56295e+02	1.73700e+03	-2.96662e-02	6.58500e+02
1738	6.56807e+02	1.73800e+03	-2.96698e-02	6.59000e+02
1739	6.57318e+02	1.73900e+03	-2.96739e-02	6.59500e+02
1740	6.57834e+02	1.74000e+03	-2.96836e-02	6.60000e+02
1741	6.58340e+02	1.74100e+03	-2.96881e-02	6.60500e+02
1742	6.58841e+02	1.74200e+03	-2.96915e-02	6.61000e+02
1743	6.59345e+02	1.74300e+03	-2.96947e-02	6.61500e+02
1744	6.59862e+02	1.74400e+03	-2.96905e-02	6.62000e+02
1745	6.60365e+02	1.74500e+03	-2.96874e-02	6.62500e+02
1746	6.60877e+02	1.74600e+03	-2.96838e-02	6.63000e+02
1747	6.61398e+02	1.74700e+03	-2.96796e-02	6.63500e+02
1748	6.61897e+02	1.74800e+03	-2.96730e-02	6.64000e+02
1749	6.62387e+02	1.74900e+03	-2.96701e-02	6.64500e+02
1750	6.62881e+02	1.75000e+03	-2.96701e-02	6.65000e+02
1751	6.63383e+02	1.75100e+03	-2.96715e-02	6.65500e+02
1752	6.63891e+02	1.75200e+03	-2.96770e-02	6.66000e+02
1753	6.64408e+02	1.75300e+03	-2.96808e-02	6.66500e+02
1754	6.64910e+02	1.75400e+03	-2.96836e-02	6.67000e+02
1755	6.65392e+02	1.75500e+03	-2.96855e-02	6.67500e+02
1756	6.65874e+02	1.75600e+03	-2.96846e-02	6.68000e+02
1757	6.66365e+02	1.75700e+03	-2.96803e-02	6.68500e+02
1758	6.66850e+02	1.75800e+03	-2.96735e-02	6.69000e+02
1759	6.67350e+02	1.75900e+03	-2.96650e-02	6.69500e+02
1760	6.67859e+02	1.76000e+03	-2.96466e-02	6.70000e+02
1761	6.68359e+02	1.76100e+03	-2.96330e-02	6.70500e+02
1762	6.68845e+02	1.76200e+03	-2.96211e-02	6.71000e+02
1763	6.69352e+02	1.76300e+03	-2.96103e-02	6.71500e+02
1764	6.69861e+02	1.76400e+03	-2.96008e-02	6.72000e+02
1765	6.70347e+02	1.76500e+03	-2.95932e-02	6.72500e+02
1766	6.70851e+02	1.76600e+03	-2.95877e-02	6.73000e+02
1767	6.71346e+02	1.76700e+03	-2.95839e-02	6.73500e+02
1768	6.71836e+02	1.76800e+03	-2.95867e-02	6.74000e+02
1769	6.72335e+02	1.76900e+03	-2.95864e-02	6.74500e+02
1770	6.72837e+02	1.77000e+03	-2.95852e-02	6.75000e+02
1771	6.73346e+02	1.77100e+03	-2.95832e-02	6.75500e+02
1772	6.73857e+02	1.77200e+03	-2.95804e-02	6.76000e+02
1773	6.74364e+02	1.77300e+03	-2.95773e-02	6.76500e+02
1774	6.74869e+02	1.77400e+03	-2.95753e-02	6.77000e+02
1775	6.75375e+02	1.77500e+03	-2.95752e-02	6.77500e+02
1776	6.75897e+02	1.77600e+03	-2.96398e-02	6.78000e+02
1777	6.76403e+02	1.77700e+03	-2.98236e-02	6.78500e+02
1778	6.76763e+02	1.77800e+03	-3.01988e-02	6.79000e+02
1779	6.77373e+02	1.77900e+03	-3.07207e-02	6.79500e+02
1780	6.77895e+02	1.78000e+03	-3.16955e-02	6.80000e+02
1781	6.78403e+02	1.78100e+03	-3.25707e-02	6.80500e+02
1782	6.78905e+02	1.78200e+03	-3.33650e-02	6.81000e+02
1783	6.79408e+02	1.78300e+03	-3.40791e-02	6.81500e+02
1784	6.79913e+02	1.78400e+03	-3.47529e-02	6.82000e+02
1785	6.80421e+02	1.78500e+03	-3.50401e-02	6.82500e+02
1786	6.80919e+02	1.78600e+03	-3.50706e-02	6.83000e+02
1787	6.81400e+02	1.78700e+03	-3.49584e-02	6.83500e+02
1788	6.81872e+02	1.78800e+03	-3.39584e-02	6.84000e+02
1789	6.82334e+02	1.78900e+03	-3.33361e-02	6.84500e+02
1790	6.82823e+02	1.79000e+03	-3.27640e-02	6.85000e+02
1791	6.83317e+02	1.79100e+03	-3.21896e-02	6.85500e+02
1792	6.83806e+02	1.79200e+03	-3.15522e-02	6.86000e+02
1793	6.84297e+02	1.79300e+03	-3.10449e-02	6.86500e+02
1794	6.84802e+02	1.79400e+03	-3.06146e-02	6.87000e+02
1795	6.84983e+02	1.79500e+03	-3.02267e-02	6.87500e+02
1796	6.85181e+02	1.79600e+03	-3.00909e-02	6.88000e+02
1797	6.85502e+02	1.79700e+03	-2.98889e-02	6.88500e+02
1798	6.85879e+02	1.79800e+03	-2.97104e-02	6.89000e+02
1799	6.86262e+02	1.79900e+03	-2.95587e-02	6.89500e+02
1800	6.86630e+02	1.80000e+03	-2.95462e-02	6.90000e+02
1801	6.87008e+02	1.80100e+03	-2.94951e-02	6.90500e+02
1802	6.87328e+02	1.80200e+03	-2.94554e-02	6.91000e+02
1803	6.87609e+02	1.80300e+03	-2.94295e-02	6.91500e+02
1804	6.87923e+02	1.80400e+03	-2.94627e-02	6.92000e+02
1805	6.88229e+02	1.80500e+03	-2.94722e-02	6.92500e+02
1806	6.88512e+02	1.80600e+03	-2.94801e-02	6.93000e+02
1807	6.88805e+02	1.80700e+03	-2.94894e-02	6.93500e+02
1808	6.89095e+02	1.80800e+03	-2.95083e-02	6.94000e+02
1809	6.89392e+02	1.80900e+03	-2.95201e-02	6.94500e+02
1810	6.89634e+02	1.81000e+03	-2.95312e-02	6.95000e+02
1811	6.89885e+02	1.81100e+03	-2.95430e-02	6.95500e+02
1812	6.90126e+02	1.81200e+03	-2.95528e-02	6.96000e+02
1813	6.90365e+02	1.81300e+03	-2.95664e-02	6.96500e+02
1814	6.90597e+02	1.81400e+03	-2.95813e-02	6.97000e+02
1815	6.90817e+02	1.81500e+03	-2.95966e-02	6.97500e+02
1816	6.91040e+02	1.81600e+03	-2.96170e-02	6.98000e+02
1817	6.91275e+02	1.81700e+03	-2.96333e-02	6.98500e+02
1818	6.91511e+02	1.81800e+03	-2.96486e-02	6.99000e+02
1819	6.91737e+02	1.81900e+03	-2.96639e-02	6.99500e+02
1820	6.91958e+02	1.82000e+03	-2.96792e-02	7.00000e+02
