index	ts	t	weight	tr
[#]	[°C]	[s]	[mg]	[°C]
683	1.30822e+02	6.83000e+02	3.05140e+00	1.31500e+02
684	1.31314e+02	6.84000e+02	3.05138e+00	1.32000e+02
685	1.31822e+02	6.85000e+02	3.05136e+00	1.32500e+02
686	1.32323e+02	6.86000e+02	3.05134e+00	1.33000e+02
687	1.32838e+02	6.87000e+02	3.05132e+00	1.33500e+02
688	1.33331e+02	6.88000e+02	3.05130e+00	1.34000e+02
689	1.33828e+02	6.89000e+02	3.05129e+00	1.34500e+02
690	1.34345e+02	6.90000e+02	3.05128e+00	1.35000e+02
691	1.34836e+02	6.91000e+02	3.05127e+00	1.35500e+02
692	1.35333e+02	6.92000e+02	3.05126e+00	1.36000e+02
693	1.35839e+02	6.93000e+02	3.05125e+00	1.36500e+02
694	1.36344e+02	6.94000e+02	3.05123e+00	1.37000e+02
695	1.36858e+02	6.95000e+02	3.05121e+00	1.37500e+02
696	1.37341e+02	6.96000e+02	3.05118e+00	1.38000e+02
697	1.37853e+02	6.97000e+02	3.05115e+00	1.38500e+02
698	1.38347e+02	6.98000e+02	3.05113e+00	1.39000e+02
699	1.38847e+02	6.99000e+02	3.05110e+00	1.39500e+02
700	1.39353e+02	7.00000e+02	3.05107e+00	1.40000e+02
701	1.39848e+02	7.01000e+02	3.05104e+00	1.40500e+02
702	1.40349e+02	7.02000e+02	3.05102e+00	1.41000e+02
703	1.40844e+02	7.03000e+02	3.05100e+00	1.41500e+02
704	1.41341e+02	7.04000e+02	3.05099e+00	1.42000e+02
705	1.41853e+02	7.05000e+02	3.05098e+00	1.42500e+02
706	1.42351e+02	7.06000e+02	3.05097e+00	1.43000e+02
707	1.42854e+02	7.07000e+02	3.05096e+00	1.43500e+02
708	1.43349e+02	7.08000e+02	3.05094e+00	1.44000e+02
709	1.43862e+02	7.09000e+02	3.05092e+00	1.44500e+02
710	1.44366e+02	7.10000e+02	3.05089e+00	1.45000e+02
711	1.44871e+02	7.11000e+02	3.05086e+00	1.45500e+02
712	1.45373e+02	7.12000e+02	3.05082e+00	1.46000e+02
713	1.45866e+02	7.13000e+02	3.05078e+00	1.46500e+02
714	1.46370e+02	7.14000e+02	3.05075e+00	1.47000e+02
715	1.46877e+02	7.15000e+02	3.05073e+00	1.47500e+02
716	1.47378e+02	7.16000e+02	3.05071e+00	1.48000e+02
717	1.47878e+02	7.17000e+02	3.05068e+00	1.48500e+02
718	1.48391e+02	7.18000e+02	3.05066e+00	1.49000e+02
719	1.48880e+02	7.19000e+02	3.05063e+00	1.49500e+02
720	1.49386e+02	7.20000e+02	3.05059e+00	1.50000e+02
721	1.49882e+02	7.21000e+02	3.05056e+00	1.50500e+02
722	1.50385e+02	7.22000e+02	3.05052e+00	1.51000e+02
723	1.50891e+02	7.23000e+02	3.05049e+00	1.51500e+02
724	1.51390e+02	7.24000e+02	3.05046e+00	1.52000e+02
725	1.51900e+02	7.25000e+02	3.05043e+00	1.52500e+02
726	1.52407e+02	7.26000e+02	3.05041e+00	1.53000e+02
727	1.52913e+02	7.27000e+02	3.05039e+00	1.53500e+02
728	1.53404e+02	7.28000e+02	3.05037e+00	1.54000e+02
729	1.53917e+02	7.29000e+02	3.05035e+00	1.54500e+02
730	1.54408e+02	7.30000e+02	3.05032e+00	1.55000e+02
731	1.54916e+02	7.31000e+02	3.05029e+00	1.55500e+02
732	1.55424e+02	7.32000e+02	3.05025e+00	1.56000e+02
733	1.55917e+02	7.33000e+02	3.05021e+00	1.56500e+02
734	1.56426e+02	7.34000e+02	3.05017e+00	1.57000e+02
735	1.56922e+02	7.35000e+02	3.05013e+00	1.57500e+02
736	1.57438e+02	7.36000e+02	3.05009e+00	1.58000e+02
737	1.57941e+02	7.37000e+02	3.05004e+00	1.58500e+02
738	1.58443e+02	7.38000e+02	3.05000e+00	1.59000e+02
739	1.58955e+02	7.39000e+02	3.04996e+00	1.59500e+02
740	1.59447e+02	7.40000e+02	3.04991e+00	1.60000e+02
741	1.59953e+02	7.41000e+02	3.04987e+00	1.60500e+02
742	1.60460e+02	7.42000e+02	3.04982e+00	1.61000e+02
743	1.60965e+02	7.43000e+02	3.04978e+00	1.61500e+02
744	1.61471e+02	7.44000e+02	3.04973e+00	1.62000e+02
745	1.61971e+02	7.45000e+02	3.04968e+00	1.62500e+02
746	1.62481e+02	7.46000e+02	3.04963e+00	1.63000e+02
747	1.62980e+02	7.47000e+02	3.04959e+00	1.63500e+02
748	1.63484e+02	7.48000e+02	3.04954e+00	1.64000e+02
749	1.63983e+02	7.49000e+02	3.04950e+00	1.64500e+02
750	1.64486e+02	7.50000e+02	3.04946e+00	1.65000e+02
751	1.64996e+02	7.51000e+02	3.04942e+00	1.65500e+02
752	1.65496e+02	7.52000e+02	3.04937e+00	1.66000e+02
753	1.65998e+02	7.53000e+02	3.04932e+00	1.66500e+02
754	1.66496e+02	7.54000e+02	3.04926e+00	1.67000e+02
755	1.67017e+02	7.55000e+02	3.04919e+00	1.67500e+02
756	1.67512e+02	7.56000e+02	3.04911e+00	1.68000e+02
757	1.68017e+02	7.57000e+02	3.04903e+00	1.68500e+02
758	1.68525e+02	7.58000e+02	3.04895e+00	1.69000e+02
759	1.69030e+02	7.59000e+02	3.04888e+00	1.69500e+02
760	1.69547e+02	7.60000e+02	3.04880e+00	1.70000e+02
761	1.70046e+02	7.61000e+02	3.04873e+00	1.70500e+02
762	1.70547e+02	7.62000e+02	3.04866e+00	1.71000e+02
763	1.71053e+02	7.63000e+02	3.04860e+00	1.71500e+02
764	1.71571e+02	7.64000e+02	3.04856e+00	1.72000e+02
765	1.72075e+02	7.65000e+02	3.04851e+00	1.72500e+02
766	1.72586e+02	7.66000e+02	3.04847e+00	1.73000e+02
767	1.73076e+02	7.67000e+02	3.04842e+00	1.73500e+02
768	1.73585e+02	7.68000e+02	3.04837e+00	1.74000e+02
769	1.74084e+02	7.69000e+02	3.04832e+00	1.74500e+02
770	1.74596e+02	7.70000e+02	3.04827e+00	1.75000e+02
771	1.75103e+02	7.71000e+02	3.04822e+00	1.75500e+02
772	1.75600e+02	7.72000e+02	3.04816e+00	1.76000e+02
773	1.76121e+02	7.73000e+02	3.04810e+00	1.76500e+02
774	1.76632e+02	7.74000e+02	3.04805e+00	1.77000e+02
775	1.77135e+02	7.75000e+02	3.04800e+00	1.77500e+02
776	1.77637e+02	7.76000e+02	3.04794e+00	1.78000e+02
777	1.78151e+02	7.77000e+02	3.04789e+00	1.78500e+02
778	1.78639e+02	7.78000e+02	3.04784e+00	1.79000e+02
779	1.79161e+02	7.79000e+02	3.04779e+00	1.79500e+02
780	1.79661e+02	7.80000e+02	3.04773e+00	1.80000e+02
781	1.80164e+02	7.81000e+02	3.04767e+00	1.80500e+02
782	1.80675e+02	7.82000e+02	3.04760e+00	1.81000e+02
783	1.81185e+02	7.83000e+02	3.04754e+00	1.81500e+02
784	1.81693e+02	7.84000e+02	3.04746e+00	1.82000e+02
785	1.82198e+02	7.85000e+02	3.04739e+00	1.82500e+02
786	1.82702e+02	7.86000e+02	3.04732e+00	1.83000e+02
787	1.83207e+02	7.87000e+02	3.04725e+00	1.83500e+02
788	1.83712e+02	7.88000e+02	3.04716e+00	1.84000e+02
789	1.84227e+02	7.89000e+02	3.04706e+00	1.84500e+02
790	1.84733e+02	7.90000e+02	3.04695e+00	1.85000e+02
791	1.85226e+02	7.91000e+02	3.04684e+00	1.85500e+02
792	1.85747e+02	7.92000e+02	3.04669e+00	1.86000e+02
793	1.86247e+02	7.93000e+02	3.04656e+00	1.86500e+02
794	1.86758e+02	7.94000e+02	3.04643e+00	1.87000e+02
795	1.87267e+02	7.95000e+02	3.04630e+00	1.87500e+02
796	1.87769e+02	7.96000e+02	3.04616e+00	1.88000e+02
797	1.88280e+02	7.97000e+02	3.04602e+00	1.88500e+02
798	1.88784e+02	7.98000e+02	3.04588e+00	1.89000e+02
799	1.89299e+02	7.99000e+02	3.04574e+00	1.89500e+02
800	1.89809e+02	8.00000e+02	3.04559e+00	1.90000e+02
801	1.90322e+02	8.01000e+02	3.04544e+00	1.90500e+02
802	1.90832e+02	8.02000e+02	3.04528e+00	1.91000e+02
803	1.91329e+02	8.03000e+02	3.04512e+00	1.91500e+02
804	1.91837e+02	8.04000e+02	3.04495e+00	1.92000e+02
805	1.92342e+02	8.05000e+02	3.04477e+00	1.92500e+02
806	1.92858e+02	8.06000e+02	3.04459e+00	1.93000e+02
807	1.93354e+02	8.07000e+02	3.04440e+00	1.93500e+02
808	1.93878e+02	8.08000e+02	3.04420e+00	1.94000e+02
809	1.94376e+02	8.09000e+02	3.04400e+00	1.94500e+02
810	1.94886e+02	8.10000e+02	3.04380e+00	1.95000e+02
811	1.95405e+02	8.11000e+02	3.04360e+00	1.95500e+02
812	1.95916e+02	8.12000e+02	3.04338e+00	1.96000e+02
813	1.96406e+02	8.13000e+02	3.04315e+00	1.96500e+02
814	1.96935e+02	8.14000e+02	3.04293e+00	1.97000e+02
815	1.97433e+02	8.15000e+02	3.04269e+00	1.97500e+02
816	1.97929e+02	8.16000e+02	3.04242e+00	1.98000e+02
817	1.98444e+02	8.17000e+02	3.04216e+00	1.98500e+02
818	1.98952e+02	8.18000e+02	3.04189e+00	1.99000e+02
819	1.99466e+02	8.19000e+02	3.04162e+00	1.99500e+02
820	1.99975e+02	8.20000e+02	3.04133e+00	2.00000e+02
821	2.00493e+02	8.21000e+02	3.04103e+00	2.00500e+02
822	2.01002e+02	8.22000e+02	3.04074e+00	2.01000e+02
823	2.01514e+02	8.23000e+02	3.04044e+00	2.01500e+02
824	2.02024e+02	8.24000e+02	3.04012e+00	2.02000e+02
825	2.02524e+02	8.25000e+02	3.03980e+00	2.02500e+02
826	2.03044e+02	8.26000e+02	3.03948e+00	2.03000e+02
827	2.03548e+02	8.27000e+02	3.03916e+00	2.03500e+02
828	2.04054e+02	8.28000e+02	3.03882e+00	2.04000e+02
829	2.04564e+02	8.29000e+02	3.03850e+00	2.04500e+02
830	2.05075e+02	8.30000e+02	3.03817e+00	2.05000e+02
831	2.05583e+02	8.31000e+02	3.03785e+00	2.05500e+02
832	2.06088e+02	8.32000e+02	3.03752e+00	2.06000e+02
833	2.06599e+02	8.33000e+02	3.03718e+00	2.06500e+02
834	2.07123e+02	8.34000e+02	3.03683e+00	2.07000e+02
835	2.07629e+02	8.35000e+02	3.03648e+00	2.07500e+02
836	2.08137e+02	8.36000e+02	3.03610e+00	2.08000e+02
837	2.08655e+02	8.37000e+02	3.03572e+00	2.08500e+02
838	2.09169e+02	8.38000e+02	3.03533e+00	2.09000e+02
839	2.09681e+02	8.39000e+02	3.03494e+00	2.09500e+02
840	2.10184e+02	8.40000e+02	3.03453e+00	2.10000e+02
841	2.10700e+02	8.41000e+02	3.03413e+00	2.10500e+02
842	2.11215e+02	8.42000e+02	3.03374e+00	2.11000e+02
843	2.11708e+02	8.43000e+02	3.03334e+00	2.11500e+02
844	2.12204e+02	8.44000e+02	3.03294e+00	2.12000e+02
845	2.12729e+02	8.45000e+02	3.03253e+00	2.12500e+02
846	2.13247e+02	8.46000e+02	3.03213e+00	2.13000e+02
847	2.13745e+02	8.47000e+02	3.03173e+00	2.13500e+02
848	2.14257e+02	8.48000e+02	3.03133e+00	2.14000e+02
849	2.14771e+02	8.49000e+02	3.03094e+00	2.14500e+02
850	2.15281e+02	8.50000e+02	3.03055e+00	2.15000e+02
851	2.15780e+02	8.51000e+02	3.03016e+00	2.15500e+02
852	2.16290e+02	8.52000e+02	3.02978e+00	2.16000e+02
853	2.16804e+02	8.53000e+02	3.02940e+00	2.16500e+02
854	2.17314e+02	8.54000e+02	3.02902e+00	2.17000e+02
855	2.17829e+02	8.55000e+02	3.02863e+00	2.17500e+02
856	2.18325e+02	8.56000e+02	3.02824e+00	2.18000e+02
857	2.18844e+02	8.57000e+02	3.02785e+00	2.18500e+02
858	2.19350e+02	8.58000e+02	3.02747e+00	2.19000e+02
859	2.19861e+02	8.59000e+02	3.02707e+00	2.19500e+02
860	2.20369e+02	8.60000e+02	3.02668e+00	2.20000e+02
861	2.20871e+02	8.61000e+02	3.02628e+00	2.20500e+02
862	2.21395e+02	8.62000e+02	3.02588e+00	2.21000e+02
863	2.21896e+02	8.63000e+02	3.02549e+00	2.21500e+02
864	2.22410e+02	8.64000e+02	3.02510e+00	2.22000e+02
865	2.22911e+02	8.65000e+02	3.02471e+00	2.22500e+02
866	2.23426e+02	8.66000e+02	3.02433e+00	2.23000e+02
867	2.23933e+02	8.67000e+02	3.02395e+00	2.23500e+02
868	2.24450e+02	8.68000e+02	3.02358e+00	2.24000e+02
869	2.24968e+02	8.69000e+02	3.02321e+00	2.24500e+02
870	2.25467e+02	8.70000e+02	3.02282e+00	2.25000e+02
871	2.25982e+02	8.71000e+02	3.02244e+00	2.25500e+02
872	2.26494e+02	8.72000e+02	3.02205e+00	2.26000e+02
873	2.27003e+02	8.73000e+02	3.02165e+00	2.26500e+02
874	2.27513e+02	8.74000e+02	3.02125e+00	2.27000e+02
875	2.28029e+02	8.75000e+02	3.02085e+00	2.27500e+02
876	2.28530e+02	8.76000e+02	3.02043e+00	2.28000e+02
877	2.29042e+02	8.77000e+02	3.02001e+00	2.28500e+02
878	2.29559e+02	8.78000e+02	3.01958e+00	2.29000e+02
879	2.30051e+02	8.79000e+02	3.01915e+00	2.29500e+02
880	2.30571e+02	8.80000e+02	3.01869e+00	2.30000e+02
881	2.31084e+02	8.81000e+02	3.01824e+00	2.30500e+02
882	2.31598e+02	8.82000e+02	3.01778e+00	2.31000e+02
883	2.32110e+02	8.83000e+02	3.01732e+00	2.31500e+02
884	2.32621e+02	8.84000e+02	3.01685e+00	2.32000e+02
885	2.33135e+02	8.85000e+02	3.01638e+00	2.32500e+02
886	2.33637e+02	8.86000e+02	3.01592e+00	2.33000e+02
887	2.34143e+02	8.87000e+02	3.01545e+00	2.33500e+02
888	2.34650e+02	8.88000e+02	3.01500e+00	2.34000e+02
889	2.35154e+02	8.89000e+02	3.01454e+00	2.34500e+02
890	2.35674e+02	8.90000e+02	3.01409e+00	2.35000e+02
891	2.36176e+02	8.91000e+02	3.01365e+00	2.35500e+02
892	2.36688e+02	8.92000e+02	3.01322e+00	2.36000e+02
893	2.37191e+02	8.93000e+02	3.01278e+00	2.36500e+02
894	2.37709e+02	8.94000e+02	3.01235e+00	2.37000e+02
895	2.38215e+02	8.95000e+02	3.01191e+00	2.37500e+02
896	2.38720e+02	8.96000e+02	3.01148e+00	2.38000e+02
897	2.39227e+02	8.97000e+02	3.01103e+00	2.38500e+02
898	2.39741e+02	8.98000e+02	3.01058e+00	2.39000e+02
899	2.40257e+02	8.99000e+02	3.01013e+00	2.39500e+02
900	2.40763e+02	9.00000e+02	3.00966e+00	2.40000e+02
901	2.41270e+02	9.01000e+02	3.00919e+00	2.40500e+02
902	2.41785e+02	9.02000e+02	3.00872e+00	2.41000e+02
903	2.42283e+02	9.03000e+02	3.00825e+00	2.41500e+02
904	2.42800e+02	9.04000e+02	3.00777e+00	2.42000e+02
905	2.43314e+02	9.05000e+02	3.00729e+00	2.42500e+02
906	2.43824e+02	9.06000e+02	3.00682e+00	2.43000e+02
907	2.44336e+02	9.07000e+02	3.00634e+00	2.43500e+02
908	2.44841e+02	9.08000e+02	3.00585e+00	2.44000e+02
909	2.45344e+02	9.09000e+02	3.00536e+00	2.44500e+02
910	2.45860e+02	9.10000e+02	3.00488e+00	2.45000e+02
911	2.46363e+02	9.11000e+02	3.00439e+00	2.45500e+02
912	2.46879e+02	9.12000e+02	3.00390e+00	2.46000e+02
913	2.47374e+02	9.13000e+02	3.00340e+00	2.46500e+02
914	2.47884e+02	9.14000e+02	3.00290e+00	2.47000e+02
915	2.48397e+02	9.15000e+02	3.00240e+00	2.47500e+02
916	2.48914e+02	9.16000e+02	3.00189e+00	2.48000e+02
917	2.49421e+02	9.17000e+02	3.00139e+00	2.48500e+02
918	2.49933e+02	9.18000e+02	3.00089e+00	2.49000e+02
919	2.50431e+02	9.19000e+02	3.00039e+00	2.49500e+02
920	2.50946e+02	9.20000e+02	2.99989e+00	2.50000e+02
921	2.51452e+02	9.21000e+02	2.99938e+00	2.50500e+02
922	2.51964e+02	9.22000e+02	2.99887e+00	2.51000e+02
923	2.52476e+02	9.23000e+02	2.99837e+00	2.51500e+02
924	2.52986e+02	9.24000e+02	2.99785e+00	2.52000e+02
925	2.53487e+02	9.25000e+02	2.99734e+00	2.52500e+02
926	2.53999e+02	9.26000e+02	2.99682e+00	2.53000e+02
927	2.54512e+02	9.27000e+02	2.99631e+00	2.53500e+02
928	2.55009e+02	9.28000e+02	2.99579e+00	2.54000e+02
929	2.55525e+02	9.29000e+02	2.99528e+00	2.54500e+02
930	2.56046e+02	9.30000e+02	2.99477e+00	2.55000e+02
931	2.56537e+02	9.31000e+02	2.99426e+00	2.55500e+02
932	2.57054e+02	9.32000e+02	2.99376e+00	2.56000e+02
933	2.57554e+02	9.33000e+02	2.99324e+00	2.56500e+02
934	2.58073e+02	9.34000e+02	2.99273e+00	2.57000e+02
935	2.58582e+02	9.35000e+02	2.99220e+00	2.57500e+02
936	2.59080e+02	9.36000e+02	2.99167e+00	2.58000e+02
937	2.59573e+02	9.37000e+02	2.99113e+00	2.58500e+02
938	2.60092e+02	9.38000e+02	2.99060e+00	2.59000e+02
939	2.60601e+02	9.39000e+02	2.99006e+00	2.59500e+02
940	2.61121e+02	9.40000e+02	2.98951e+00	2.60000e+02
941	2.61626e+02	9.41000e+02	2.98897e+00	2.60500e+02
942	2.62130e+02	9.42000e+02	2.98842e+00	2.61000e+02
943	2.62642e+02	9.43000e+02	2.98788e+00	2.61500e+02
944	2.63147e+02	9.44000e+02	2.98734e+00	2.62000e+02
945	2.63651e+02	9.45000e+02	2.98680e+00	2.62500e+02
946	2.64168e+02	9.46000e+02	2.98627e+00	2.63000e+02
947	2.64679e+02	9.47000e+02	2.98573e+00	2.63500e+02
948	2.65185e+02	9.48000e+02	2.98521e+00	2.64000e+02
949	2.65699e+02	9.49000e+02	2.98468e+00	2.64500e+02
950	2.66210e+02	9.50000e+02	2.98415e+00	2.65000e+02
951	2.66729e+02	9.51000e+02	2.98362e+00	2.65500e+02
952	2.67245e+02	9.52000e+02	2.98309e+00	2.66000e+02
953	2.67752e+02	9.53000e+02	2.98255e+00	2.66500e+02
954	2.68249e+02	9.54000e+02	2.98201e+00	2.67000e+02
955	2.68769e+02	9.55000e+02	2.98147e+00	2.67500e+02
956	2.69288e+02	9.56000e+02	2.98092e+00	2.68000e+02
957	2.69794e+02	9.57000e+02	2.98038e+00	2.68500e+02
958	2.70310e+02	9.58000e+02	2.97984e+00	2.69000e+02
959	2.70824e+02	9.59000e+02	2.97930e+00	2.69500e+02
960	2.71342e+02	9.60000e+02	2.97876e+00	2.70000e+02
961	2.71868e+02	9.61000e+02	2.97821e+00	2.70500e+02
962	2.72374e+02	9.62000e+02	2.97766e+00	2.71000e+02
963	2.72886e+02	9.63000e+02	2.97711e+00	2.71500e+02
964	2.73407e+02	9.64000e+02	2.97654e+00	2.72000e+02
965	2.73930e+02	9.65000e+02	2.97598e+00	2.72500e+02
966	2.74449e+02	9.66000e+02	2.97540e+00	2.73000e+02
967	2.74951e+02	9.67000e+02	2.97483e+00	2.73500e+02
968	2.75471e+02	9.68000e+02	2.97423e+00	2.74000e+02
969	2.75980e+02	9.69000e+02	2.97364e+00	2.74500e+02
970	2.76494e+02	9.70000e+02	2.97305e+00	2.75000e+02
971	2.77005e+02	9.71000e+02	2.97246e+00	2.75500e+02
972	2.77500e+02	9.72000e+02	2.97185e+00	2.76000e+02
973	2.78016e+02	9.73000e+02	2.97124e+00	2.76500e+02
974	2.78537e+02	9.74000e+02	2.97063e+00	2.77000e+02
975	2.79043e+02	9.75000e+02	2.97002e+00	2.77500e+02
976	2.79552e+02	9.76000e+02	2.96939e+00	2.78000e+02
977	2.80064e+02	9.77000e+02	2.96877e+00	2.78500e+02
978	2.80582e+02	9.78000e+02	2.96815e+00	2.79000e+02
979	2.81091e+02	9.79000e+02	2.96753e+00	2.79500e+02
980	2.81596e+02	9.80000e+02	2.96690e+00	2.80000e+02
981	2.82111e+02	9.81000e+02	2.96628e+00	2.80500e+02
982	2.82622e+02	9.82000e+02	2.96566e+00	2.81000e+02
983	2.83134e+02	9.83000e+02	2.96504e+00	2.81500e+02
984	2.83643e+02	9.84000e+02	2.96442e+00	2.82000e+02
985	2.84157e+02	9.85000e+02	2.96379e+00	2.82500e+02
986	2.84676e+02	9.86000e+02	2.96316e+00	2.83000e+02
987	2.85195e+02	9.87000e+02	2.96252e+00	2.83500e+02
988	2.85718e+02	9.88000e+02	2.96187e+00	2.84000e+02
989	2.86240e+02	9.89000e+02	2.96121e+00	2.84500e+02
990	2.86747e+02	9.90000e+02	2.96054e+00	2.85000e+02
991	2.87255e+02	9.91000e+02	2.95988e+00	2.85500e+02
992	2.87759e+02	9.92000e+02	2.95918e+00	2.86000e+02
993	2.88254e+02	9.93000e+02	2.95849e+00	2.86500e+02
994	2.88771e+02	9.94000e+02	2.95780e+00	2.87000e+02
995	2.89285e+02	9.95000e+02	2.95711e+00	2.87500e+02
996	2.89801e+02	9.96000e+02	2.95639e+00	2.88000e+02
997	2.90322e+02	9.97000e+02	2.95568e+00	2.88500e+02
998	2.90830e+02	9.98000e+02	2.95495e+00	2.89000e+02
999	2.91331e+02	9.99000e+02	2.95422e+00	2.89500e+02
1000	2.91822e+02	1.00000e+03	2.95345e+00	2.90000e+02
1001	2.92321e+02	1.00100e+03	2.95267e+00	2.90500e+02
1002	2.92833e+02	1.00200e+03	2.95187e+00	2.91000e+02
1003	2.93345e+02	1.00300e+03	2.95106e+00	2.91500e+02
1004	2.93855e+02	1.00400e+03	2.95018e+00	2.92000e+02
1005	2.94348e+02	1.00500e+03	2.94931e+00	2.92500e+02
1006	2.94851e+02	1.00600e+03	2.94844e+00	2.93000e+02
1007	2.95343e+02	1.00700e+03	2.94756e+00	2.93500e+02
1008	2.95848e+02	1.00800e+03	2.94664e+00	2.94000e+02
1009	2.96359e+02	1.00900e+03	2.94573e+00	2.94500e+02
1010	2.96857e+02	1.01000e+03	2.94482e+00	2.95000e+02
1011	2.97360e+02	1.01100e+03	2.94390e+00	2.95500e+02
1012	2.97864e+02	1.01200e+03	2.94294e+00	2.96000e+02
1013	2.98375e+02	1.01300e+03	2.94198e+00	2.96500e+02
1014	2.98886e+02	1.01400e+03	2.94100e+00	2.97000e+02
1015	2.99412e+02	1.01500e+03	2.94000e+00	2.97500e+02
1016	2.99917e+02	1.01600e+03	2.93894e+00	2.98000e+02
1017	3.00448e+02	1.01700e+03	2.93789e+00	2.98500e+02
1018	3.00969e+02	1.01800e+03	2.93682e+00	2.99000e+02
1019	3.01468e+02	1.01900e+03	2.93574e+00	2.99500e+02
1020	3.01968e+02	1.02000e+03	2.93460e+00	3.00000e+02
1021	3.02488e+02	1.02100e+03	2.93347e+00	3.00500e+02
1022	3.02993e+02	1.02200e+03	2.93234e+00	3.01000e+02
1023	3.03519e+02	1.02300e+03	2.93120e+00	3.01500e+02
1024	3.04046e+02	1.02400e+03	2.93004e+00	3.02000e+02
1025	3.04561e+02	1.02500e+03	2.92888e+00	3.02500e+02
1026	3.05061e+02	1.02600e+03	2.92772e+00	3.03000e+02
1027	3.05561e+02	1.02700e+03	2.92656e+00	3.03500e+02
1028	3.06070e+02	1.02800e+03	2.92536e+00	3.04000e+02
1029	3.06570e+02	1.02900e+03	2.92416e+00	3.04500e+02
1030	3.07071e+02	1.03000e+03	2.92294e+00	3.05000e+02
1031	3.07569e+02	1.03100e+03	2.92171e+00	3.05500e+02
1032	3.08073e+02	1.03200e+03	2.92042e+00	3.06000e+02
1033	3.08571e+02	1.03300e+03	2.91912e+00	3.06500e+02
1034	3.09085e+02	1.03400e+03	2.91782e+00	3.07000e+02
1035	3.09584e+02	1.03500e+03	2.91649e+00	3.07500e+02
1036	3.10091e+02	1.03600e+03	2.91509e+00	3.08000e+02
1037	3.10607e+02	1.03700e+03	2.91369e+00	3.08500e+02
1038	3.11103e+02	1.03800e+03	2.91228e+00	3.09000e+02
1039	3.11595e+02	1.03900e+03	2.91085e+00	3.09500e+02
1040	3.12088e+02	1.04000e+03	2.90935e+00	3.10000e+02
1041	3.12571e+02	1.04100e+03	2.90785e+00	3.10500e+02
1042	3.13069e+02	1.04200e+03	2.90635e+00	3.11000e+02
1043	3.13561e+02	1.04300e+03	2.90483e+00	3.11500e+02
1044	3.14074e+02	1.04400e+03	2.90323e+00	3.12000e+02
1045	3.14575e+02	1.04500e+03	2.90164e+00	3.12500e+02
1046	3.15060e+02	1.04600e+03	2.90003e+00	3.13000e+02
1047	3.15561e+02	1.04700e+03	2.89840e+00	3.13500e+02
1048	3.16060e+02	1.04800e+03	2.89667e+00	3.14000e+02
1049	3.16547e+02	1.04900e+03	2.89495e+00	3.14500e+02
1050	3.17027e+02	1.05000e+03	2.89320e+00	3.15000e+02
1051	3.17515e+02	1.05100e+03	2.89143e+00	3.15500e+02
1052	3.17982e+02	1.05200e+03	2.88953e+00	3.16000e+02
1053	3.18430e+02	1.05300e+03	2.88765e+00	3.16500e+02
1054	3.18826e+02	1.05400e+03	2.88575e+00	3.17000e+02
1055	3.19225e+02	1.05500e+03	2.88382e+00	3.17500e+02
1056	3.19636e+02	1.05600e+03	2.88177e+00	3.18000e+02
1057	3.20073e+02	1.05700e+03	2.87974e+00	3.18500e+02
1058	3.20527e+02	1.05800e+03	2.87769e+00	3.19000e+02
1059	3.21007e+02	1.05900e+03	2.87562e+00	3.19500e+02
1060	3.21466e+02	1.06000e+03	2.87346e+00	3.20000e+02
1061	3.21936e+02	1.06100e+03	2.87133e+00	3.20500e+02
1062	3.22421e+02	1.06200e+03	2.86920e+00	3.21000e+02
1063	3.22902e+02	1.06300e+03	2.86706e+00	3.21500e+02
1064	3.23388e+02	1.06400e+03	2.86489e+00	3.22000e+02
1065	3.23879e+02	1.06500e+03	2.86275e+00	3.22500e+02
1066	3.24377e+02	1.06600e+03	2.86061e+00	3.23000e+02
1067	3.24865e+02	1.06700e+03	2.85847e+00	3.23500e+02
1068	3.25375e+02	1.06800e+03	2.85636e+00	3.24000e+02
1069	3.25877e+02	1.06900e+03	2.85425e+00	3.24500e+02
1070	3.26366e+02	1.07000e+03	2.85216e+00	3.25000e+02
1071	3.26859e+02	1.07100e+03	2.85009e+00	3.25500e+02
1072	3.27371e+02	1.07200e+03	2.84806e+00	3.26000e+02
1073	3.27862e+02	1.07300e+03	2.84602e+00	3.26500e+02
1074	3.28362e+02	1.07400e+03	2.84398e+00	3.27000e+02
1075	3.28872e+02	1.07500e+03	2.84195e+00	3.27500e+02
1076	3.29359e+02	1.07600e+03	2.83994e+00	3.28000e+02
1077	3.29857e+02	1.07700e+03	2.83791e+00	3.28500e+02
1078	3.30364e+02	1.07800e+03	2.83587e+00	3.29000e+02
1079	3.30865e+02	1.07900e+03	2.83382e+00	3.29500e+02
1080	3.31360e+02	1.08000e+03	2.83173e+00	3.30000e+02
1081	3.31858e+02	1.08100e+03	2.82963e+00	3.30500e+02
1082	3.32365e+02	1.08200e+03	2.82751e+00	3.31000e+02
1083	3.32858e+02	1.08300e+03	2.82537e+00	3.31500e+02
1084	3.33355e+02	1.08400e+03	2.82315e+00	3.32000e+02
1085	3.33851e+02	1.08500e+03	2.82094e+00	3.32500e+02
1086	3.34358e+02	1.08600e+03	2.81871e+00	3.33000e+02
1087	3.34850e+02	1.08700e+03	2.81645e+00	3.33500e+02
1088	3.35350e+02	1.08800e+03	2.81408e+00	3.34000e+02
1089	3.35850e+02	1.08900e+03	2.81172e+00	3.34500e+02
1090	3.36338e+02	1.09000e+03	2.80932e+00	3.35000e+02
1091	3.36827e+02	1.09100e+03	2.80690e+00	3.35500e+02
1092	3.37317e+02	1.09200e+03	2.80432e+00	3.36000e+02
1093	3.37817e+02	1.09300e+03	2.80175e+00	3.36500e+02
1094	3.38316e+02	1.09400e+03	2.79914e+00	3.37000e+02
1095	3.38799e+02	1.09500e+03	2.79649e+00	3.37500e+02
1096	3.39310e+02	1.09600e+03	2.79365e+00	3.38000e+02
1097	3.39790e+02	1.09700e+03	2.79082e+00	3.38500e+02
1098	3.40282e+02	1.09800e+03	2.78794e+00	3.39000e+02
1099	3.40775e+02	1.09900e+03	2.78502e+00	3.39500e+02
1100	3.41256e+02	1.10000e+03	2.78186e+00	3.40000e+02
1101	3.41754e+02	1.10100e+03	2.77872e+00	3.40500e+02
1102	3.42252e+02	1.10200e+03	2.77553e+00	3.41000e+02
1103	3.42741e+02	1.10300e+03	2.77227e+00	3.41500e+02
1104	3.43245e+02	1.10400e+03	2.76875e+00	3.42000e+02
1105	3.43736e+02	1.10500e+03	2.76525e+00	3.42500e+02
1106	3.44228e+02	1.10600e+03	2.76169e+00	3.43000e+02
1107	3.44723e+02	1.10700e+03	2.75807e+00	3.43500e+02
1108	3.45212e+02	1.10800e+03	2.75415e+00	3.44000e+02
1109	3.45711e+02	1.10900e+03	2.75026e+00	3.44500e+02
1110	3.46208e+02	1.11000e+03	2.74629e+00	3.45000e+02
1111	3.46704e+02	1.11100e+03	2.74224e+00	3.45500e+02
1112	3.47205e+02	1.11200e+03	2.73784e+00	3.46000e+02
1113	3.47711e+02	1.11300e+03	2.73344e+00	3.46500e+02
1114	3.48210e+02	1.11400e+03	2.72891e+00	3.47000e+02
1115	3.48709e+02	1.11500e+03	2.72426e+00	3.47500e+02
1116	3.49215e+02	1.11600e+03	2.71906e+00	3.48000e+02
1117	3.49715e+02	1.11700e+03	2.71385e+00	3.48500e+02
1118	3.50217e+02	1.11800e+03	2.70846e+00	3.49000e+02
1119	3.50709e+02	1.11900e+03	2.70293e+00	3.49500e+02
1120	3.51210e+02	1.12000e+03	2.69664e+00	3.50000e+02
1121	3.51714e+02	1.12100e+03	2.69047e+00	3.50500e+02
1122	3.52214e+02	1.12200e+03	2.68417e+00	3.51000e+02
1123	3.52708e+02	1.12300e+03	2.67775e+00	3.51500e+02
1124	3.53211e+02	1.12400e+03	2.67064e+00	3.52000e+02
1125	3.53726e+02	1.12500e+03	2.66366e+00	3.52500e+02
1126	3.54212e+02	1.12600e+03	2.65655e+00	3.53000e+02
1127	3.54701e+02	1.12700e+03	2.64931e+00	3.53500e+02
1128	3.55190e+02	1.12800e+03	2.64145e+00	3.54000e+02
1129	3.55684e+02	1.12900e+03	2.63363e+00	3.54500e+02
1130	3.56177e+02	1.13000e+03	2.62562e+00	3.55000e+02
1131	3.56666e+02	1.13100e+03	2.61745e+00	3.55500e+02
1132	3.57169e+02	1.13200e+03	2.60846e+00	3.56000e+02
1133	3.57687e+02	1.13300e+03	2.59950e+00	3.56500e+02
1134	3.58186e+02	1.13400e+03	2.59029e+00	3.57000e+02
1135	3.58698e+02	1.13500e+03	2.58088e+00	3.57500e+02
1136	3.59223e+02	1.13600e+03	2.57042e+00	3.58000e+02
1137	3.59728e+02	1.13700e+03	2.56008e+00	3.58500e+02
1138	3.60221e+02	1.13800e+03	2.54949e+00	3.59000e+02
1139	3.60712e+02	1.13900e+03	2.53870e+00	3.59500e+02
1140	3.61204e+02	1.14000e+03	2.52679e+00	3.60000e+02
1141	3.61711e+02	1.14100e+03	2.51502e+00	3.60500e+02
1142	3.62200e+02	1.14200e+03	2.50301e+00	3.61000e+02
1143	3.62707e+02	1.14300e+03	2.49077e+00	3.61500e+02
1144	3.63211e+02	1.14400e+03	2.47741e+00	3.62000e+02
1145	3.63710e+02	1.14500e+03	2.46418e+00	3.62500e+02
1146	3.64222e+02	1.14600e+03	2.45072e+00	3.63000e+02
1147	3.64724e+02	1.14700e+03	2.43703e+00	3.63500e+02
1148	3.65211e+02	1.14800e+03	2.42219e+00	3.64000e+02
1149	3.65715e+02	1.14900e+03	2.40750e+00	3.64500e+02
1150	3.66214e+02	1.15000e+03	2.39254e+00	3.65000e+02
1151	3.66723e+02	1.15100e+03	2.37735e+00	3.65500e+02
1152	3.67221e+02	1.15200e+03	2.36095e+00	3.66000e+02
1153	3.67730e+02	1.15300e+03	2.34470e+00	3.66500e+02
1154	3.68223e+02	1.15400e+03	2.32816e+00	3.67000e+02
1155	3.68716e+02	1.15500e+03	2.31138e+00	3.67500e+02
1156	3.69209e+02	1.15600e+03	2.29329e+00	3.68000e+02
1157	3.69708e+02	1.15700e+03	2.27537e+00	3.68500e+02
1158	3.70188e+02	1.15800e+03	2.25718e+00	3.69000e+02
1159	3.70695e+02	1.15900e+03	2.23875e+00	3.69500e+02
1160	3.71191e+02	1.16000e+03	2.21902e+00	3.70000e+02
1161	3.71683e+02	1.16100e+03	2.19952e+00	3.70500e+02
1162	3.72164e+02	1.16200e+03	2.17981e+00	3.71000e+02
1163	3.72639e+02	1.16300e+03	2.15989e+00	3.71500e+02
1164	3.73120e+02	1.16400e+03	2.13890e+00	3.72000e+02
1165	3.73605e+02	1.16500e+03	2.11812e+00	3.72500e+02
1166	3.74090e+02	1.16600e+03	2.09717e+00	3.73000e+02
1167	3.74581e+02	1.16700e+03	2.07603e+00	3.73500e+02
1168	3.75071e+02	1.16800e+03	2.05401e+00	3.74000e+02
1169	3.75575e+02	1.16900e+03	2.03211e+00	3.74500e+02
1170	3.76059e+02	1.17000e+03	2.01004e+00	3.75000e+02
1171	3.76550e+02	1.17100e+03	1.98781e+00	3.75500e+02
1172	3.77054e+02	1.17200e+03	1.96474e+00	3.76000e+02
1173	3.77554e+02	1.17300e+03	1.94180e+00	3.76500e+02
1174	3.78050e+02	1.17400e+03	1.91872e+00	3.77000e+02
1175	3.78533e+02	1.17500e+03	1.89548e+00	3.77500e+02
1176	3.79056e+02	1.17600e+03	1.87150e+00	3.78000e+02
1177	3.79563e+02	1.17700e+03	1.84764e+00	3.78500e+02
1178	3.80066e+02	1.17800e+03	1.82365e+00	3.79000e+02
1179	3.80569e+02	1.17900e+03	1.79955e+00	3.79500e+02
1180	3.81073e+02	1.18000e+03	1.77484e+00	3.80000e+02
1181	3.81589e+02	1.18100e+03	1.75030e+00	3.80500e+02
1182	3.82073e+02	1.18200e+03	1.72570e+00	3.81000e+02
1183	3.82577e+02	1.18300e+03	1.70103e+00	3.81500e+02
1184	3.83072e+02	1.18400e+03	1.67603e+00	3.82000e+02
1185	3.83563e+02	1.18500e+03	1.65112e+00	3.82500e+02
1186	3.84078e+02	1.18600e+03	1.62618e+00	3.83000e+02
1187	3.84570e+02	1.18700e+03	1.60122e+00	3.83500e+02
1188	3.85081e+02	1.18800e+03	1.57608e+00	3.84000e+02
1189	3.85574e+02	1.18900e+03	1.55100e+00	3.84500e+02
1190	3.86078e+02	1.19000e+03	1.52590e+00	3.85000e+02
1191	3.86569e+02	1.19100e+03	1.50079e+00	3.85500e+02
1192	3.87077e+02	1.19200e+03	1.47561e+00	3.86000e+02
1193	3.87571e+02	1.19300e+03	1.45045e+00	3.86500e+02
1194	3.88079e+02	1.19400e+03	1.42530e+00	3.87000e+02
1195	3.88563e+02	1.19500e+03	1.40014e+00	3.87500e+02
1196	3.89075e+02	1.19600e+03	1.37501e+00	3.88000e+02
1197	3.89580e+02	1.19700e+03	1.34993e+00	3.88500e+02
1198	3.90102e+02	1.19800e+03	1.32490e+00	3.89000e+02
1199	3.90635e+02	1.19900e+03	1.29991e+00	3.89500e+02
1200	3.91148e+02	1.20000e+03	1.27509e+00	3.90000e+02
1201	3.91644e+02	1.20100e+03	1.25026e+00	3.90500e+02
1202	3.92147e+02	1.20200e+03	1.22551e+00	3.91000e+02
1203	3.92636e+02	1.20300e+03	1.20082e+00	3.91500e+02
1204	3.93134e+02	1.20400e+03	1.17643e+00	3.92000e+02
1205	3.93627e+02	1.20500e+03	1.15206e+00	3.92500e+02
1206	3.94124e+02	1.20600e+03	1.12780e+00	3.93000e+02
1207	3.94606e+02	1.20700e+03	1.10361e+00	3.93500e+02
1208	3.95098e+02	1.20800e+03	1.07983e+00	3.94000e+02
1209	3.95607e+02	1.20900e+03	1.05594e+00	3.94500e+02
1210	3.96106e+02	1.21000e+03	1.03205e+00	3.95000e+02
1211	3.96604e+02	1.21100e+03	1.00818e+00	3.95500e+02
1212	3.97100e+02	1.21200e+03	9.84420e-01	3.96000e+02
1213	3.97595e+02	1.21300e+03	9.60523e-01	3.96500e+02
1214	3.98109e+02	1.21400e+03	9.36555e-01	3.97000e+02
1215	3.98620e+02	1.21500e+03	9.12543e-01	3.97500e+02
1216	3.99108e+02	1.21600e+03	8.88296e-01	3.98000e+02
1217	3.99624e+02	1.21700e+03	8.64069e-01	3.98500e+02
1218	4.00133e+02	1.21800e+03	8.39784e-01	3.99000e+02
1219	4.00643e+02	1.21900e+03	8.15445e-01	3.99500e+02
1220	4.01124e+02	1.22000e+03	7.90818e-01	4.00000e+02
1221	4.01638e+02	1.22100e+03	7.66212e-01	4.00500e+02
1222	4.02146e+02	1.22200e+03	7.41550e-01	4.01000e+02
1223	4.02642e+02	1.22300e+03	7.16842e-01	4.01500e+02
1224	4.03133e+02	1.22400e+03	6.91885e-01	4.02000e+02
1225	4.03639e+02	1.22500e+03	6.67051e-01	4.02500e+02
1226	4.04148e+02	1.22600e+03	6.42278e-01	4.03000e+02
1227	4.04662e+02	1.22700e+03	6.17554e-01	4.03500e+02
1228	4.05172e+02	1.22800e+03	5.93046e-01	4.04000e+02
1229	4.05687e+02	1.22900e+03	5.68755e-01	4.04500e+02
1230	4.06180e+02	1.23000e+03	5.44764e-01	4.05000e+02
1231	4.06698e+02	1.23100e+03	5.21003e-01	4.05500e+02
1232	4.07209e+02	1.23200e+03	4.98387e-01	4.06000e+02
1233	4.07729e+02	1.23300e+03	4.75878e-01	4.06500e+02
1234	4.08257e+02	1.23400e+03	4.53834e-01	4.07000e+02
1235	4.08759e+02	1.23500e+03	4.32163e-01	4.07500e+02
1236	4.09250e+02	1.23600e+03	4.12425e-01	4.08000e+02
1237	4.09743e+02	1.23700e+03	3.92209e-01	4.08500e+02
1238	4.10246e+02	1.23800e+03	3.72393e-01	4.09000e+02
1239	4.10750e+02	1.23900e+03	3.54035e-01	4.09500e+02
1240	4.11265e+02	1.24000e+03	3.37119e-01	4.10000e+02
1241	4.11778e+02	1.24100e+03	3.19719e-01	4.10500e+02
1242	4.12287e+02	1.24200e+03	3.02766e-01	4.11000e+02
1243	4.12796e+02	1.24300e+03	2.87294e-01	4.11500e+02
1244	4.13305e+02	1.24400e+03	2.73225e-01	4.12000e+02
1245	4.13826e+02	1.24500e+03	2.58901e-01	4.12500e+02
1246	4.14347e+02	1.24600e+03	2.45030e-01	4.13000e+02
1247	4.14848e+02	1.24700e+03	2.31568e-01	4.13500e+02
1248	4.15359e+02	1.24800e+03	2.20024e-01	4.14000e+02
1249	4.15880e+02	1.24900e+03	2.08158e-01	4.14500e+02
1250	4.16398e+02	1.25000e+03	1.96651e-01	4.15000e+02
1251	4.16914e+02	1.25100e+03	1.85483e-01	4.15500e+02
1252	4.17424e+02	1.25200e+03	1.76047e-01	4.16000e+02
1253	4.17933e+02	1.25300e+03	1.66339e-01	4.16500e+02
1254	4.18444e+02	1.25400e+03	1.56949e-01	4.17000e+02
1255	4.18953e+02	1.25500e+03	1.47858e-01	4.17500e+02
1256	4.19474e+02	1.25600e+03	1.40321e-01	4.18000e+02
1257	4.19998e+02	1.25700e+03	1.32514e-01	4.18500e+02
1258	4.20507e+02	1.25800e+03	1.24973e-01	4.19000e+02
1259	4.21013e+02	1.25900e+03	1.17689e-01	4.19500e+02
1260	4.21522e+02	1.26000e+03	1.11722e-01	4.20000e+02
1261	4.22038e+02	1.26100e+03	1.05522e-01	4.20500e+02
1262	4.22542e+02	1.26200e+03	9.95374e-02	4.21000e+02
1263	4.23048e+02	1.26300e+03	9.37649e-02	4.21500e+02
1264	4.23545e+02	1.26400e+03	8.90851e-02	4.22000e+02
1265	4.24050e+02	1.26500e+03	8.42005e-02	4.22500e+02
1266	4.24559e+02	1.26600e+03	7.94900e-02	4.23000e+02
1267	4.25063e+02	1.26700e+03	7.49514e-02	4.23500e+02
1268	4.25566e+02	1.26800e+03	7.12947e-02	4.24000e+02
1269	4.26086e+02	1.26900e+03	6.74724e-02	4.24500e+02
1270	4.26586e+02	1.27000e+03	6.37868e-02	4.25000e+02
1271	4.27091e+02	1.27100e+03	6.02357e-02	4.25500e+02
1272	4.27594e+02	1.27200e+03	5.73802e-02	4.26000e+02
1273	4.28098e+02	1.27300e+03	5.43809e-02	4.26500e+02
1274	4.28608e+02	1.27400e+03	5.14819e-02	4.27000e+02
1275	4.29092e+02	1.27500e+03	4.86856e-02	4.27500e+02
1276	4.29599e+02	1.27600e+03	4.64168e-02	4.28000e+02
1277	4.30116e+02	1.27700e+03	4.40508e-02	4.28500e+02
1278	4.30620e+02	1.27800e+03	4.17709e-02	4.29000e+02
1279	4.31107e+02	1.27900e+03	3.95761e-02	4.29500e+02
1280	4.31611e+02	1.28000e+03	3.78146e-02	4.30000e+02
1281	4.32103e+02	1.28100e+03	3.59736e-02	4.30500e+02
1282	4.32604e+02	1.28200e+03	3.41983e-02	4.31000e+02
1283	4.33098e+02	1.28300e+03	3.24878e-02	4.31500e+02
1284	4.33600e+02	1.28400e+03	3.11189e-02	4.32000e+02
1285	4.34092e+02	1.28500e+03	2.96726e-02	4.32500e+02
1286	4.34594e+02	1.28600e+03	2.82695e-02	4.33000e+02
1287	4.35068e+02	1.28700e+03	2.69134e-02	4.33500e+02
1288	4.35560e+02	1.28800e+03	2.58013e-02	4.34000e+02
1289	4.36061e+02	1.28900e+03	2.46463e-02	4.34500e+02
1290	4.36558e+02	1.29000e+03	2.35315e-02	4.35000e+02
1291	4.37052e+02	1.29100e+03	2.24558e-02	4.35500e+02
1292	4.37568e+02	1.29200e+03	2.15747e-02	4.36000e+02
1293	4.38060e+02	1.29300e+03	2.06512e-02	4.36500e+02
1294	4.38559e+02	1.29400e+03	1.97530e-02	4.37000e+02
1295	4.39063e+02	1.29500e+03	1.88815e-02	4.37500e+02
1296	4.39574e+02	1.29600e+03	1.81507e-02	4.38000e+02
1297	4.40075e+02	1.29700e+03	1.73897e-02	4.38500e+02
1298	4.40560e+02	1.29800e+03	1.66480e-02	4.39000e+02
1299	4.41067e+02	1.29900e+03	1.59262e-02	4.39500e+02
1300	4.41576e+02	1.30000e+03	1.53000e-02	4.40000e+02
1301	4.42078e+02	1.30100e+03	1.46494e-02	4.40500e+02
1302	4.42575e+02	1.30200e+03	1.40084e-02	4.41000e+02
1303	4.43081e+02	1.30300e+03	1.33790e-02	4.41500e+02
1304	4.43564e+02	1.30400e+03	1.28171e-02	4.42000e+02
1305	4.44067e+02	1.30500e+03	1.22465e-02	4.42500e+02
1306	4.44553e+02	1.30600e+03	1.16913e-02	4.43000e+02
1307	4.45052e+02	1.30700e+03	1.11510e-02	4.43500e+02
1308	4.45552e+02	1.30800e+03	1.06838e-02	4.44000e+02
1309	4.46044e+02	1.30900e+03	1.02125e-02	4.44500e+02
1310	4.46543e+02	1.31000e+03	9.75851e-03	4.45000e+02
1311	4.47040e+02	1.31100e+03	9.31913e-03	4.45500e+02
1312	4.47539e+02	1.31200e+03	8.95972e-03	4.46000e+02
1313	4.48034e+02	1.31300e+03	8.58272e-03	4.46500e+02
1314	4.48520e+02	1.31400e+03	8.21726e-03	4.47000e+02
1315	4.49022e+02	1.31500e+03	7.86441e-03	4.47500e+02
1316	4.49521e+02	1.31600e+03	7.57382e-03	4.48000e+02
1317	4.50015e+02	1.31700e+03	7.27408e-03	4.48500e+02
1318	4.50506e+02	1.31800e+03	6.98537e-03	4.49000e+02
1319	4.51007e+02	1.31900e+03	6.70702e-03	4.49500e+02
1320	4.51498e+02	1.32000e+03	6.48716e-03	4.50000e+02
1321	4.51989e+02	1.32100e+03	6.25645e-03	4.50500e+02
1322	4.52480e+02	1.32200e+03	6.03088e-03	4.51000e+02
1323	4.52978e+02	1.32300e+03	5.81083e-03	4.51500e+02
1324	4.53479e+02	1.32400e+03	5.63079e-03	4.52000e+02
1325	4.53969e+02	1.32500e+03	5.44026e-03	4.52500e+02
1326	4.54458e+02	1.32600e+03	5.25605e-03	4.53000e+02
1327	4.54952e+02	1.32700e+03	5.07907e-03	4.53500e+02
1328	4.55453e+02	1.32800e+03	4.93154e-03	4.54000e+02
1329	4.55951e+02	1.32900e+03	4.78422e-03	4.54500e+02
1330	4.56441e+02	1.33000e+03	4.64621e-03	4.55000e+02
1331	4.56941e+02	1.33100e+03	4.51614e-03	4.55500e+02
1332	4.57440e+02	1.33200e+03	4.43026e-03	4.56000e+02
1333	4.57933e+02	1.33300e+03	4.34049e-03	4.56500e+02
1334	4.58422e+02	1.33400e+03	4.26046e-03	4.57000e+02
1335	4.58923e+02	1.33500e+03	4.18823e-03	4.57500e+02
1336	4.59411e+02	1.33600e+03	4.15841e-03	4.58000e+02
1337	4.59897e+02	1.33700e+03	4.11810e-03	4.58500e+02
1338	4.60388e+02	1.33800e+03	4.08124e-03	4.59000e+02
1339	4.60881e+02	1.33900e+03	4.04884e-03	4.59500e+02
1340	4.61371e+02	1.34000e+03	4.04157e-03	4.60000e+02
1341	4.61862e+02	1.34100e+03	4.02454e-03	4.60500e+02
1342	4.62342e+02	1.34200e+03	4.00555e-03	4.61000e+02
1343	4.62827e+02	1.34300e+03	3.98599e-03	4.61500e+02
1344	4.63317e+02	1.34400e+03	3.96279e-03	4.62000e+02
1345	4.63812e+02	1.34500e+03	3.93115e-03	4.62500e+02
1346	4.64302e+02	1.34600e+03	3.89303e-03	4.63000e+02
1347	4.64794e+02	1.34700e+03	3.85145e-03	4.63500e+02
1348	4.65283e+02	1.34800e+03	3.79031e-03	4.64000e+02
1349	4.65764e+02	1.34900e+03	3.73927e-03	4.64500e+02
1350	4.66256e+02	1.35000e+03	3.69264e-03	4.65000e+02
1351	4.66757e+02	1.35100e+03	3.64869e-03	4.65500e+02
1352	4.67241e+02	1.35200e+03	3.61148e-03	4.66000e+02
1353	4.67731e+02	1.35300e+03	3.57782e-03	4.66500e+02
1354	4.68215e+02	1.35400e+03	3.54700e-03	4.67000e+02
1355	4.68702e+02	1.35500e+03	3.51771e-03	4.67500e+02
1356	4.69203e+02	1.35600e+03	3.50378e-03	4.68000e+02
1357	4.69689e+02	1.35700e+03	3.48283e-03	4.68500e+02
1358	4.70184e+02	1.35800e+03	3.46099e-03	4.69000e+02
1359	4.70673e+02	1.35900e+03	3.43933e-03	4.69500e+02
1360	4.71172e+02	1.36000e+03	3.41641e-03	4.70000e+02
1361	4.71664e+02	1.36100e+03	3.39126e-03	4.70500e+02
1362	4.72158e+02	1.36200e+03	3.36341e-03	4.71000e+02
1363	4.72650e+02	1.36300e+03	3.33338e-03	4.71500e+02
1364	4.73133e+02	1.36400e+03	3.29955e-03	4.72000e+02
1365	4.73621e+02	1.36500e+03	3.27236e-03	4.72500e+02
1366	4.74117e+02	1.36600e+03	3.25201e-03	4.73000e+02
1367	4.74601e+02	1.36700e+03	3.23612e-03	4.73500e+02
1368	4.75090e+02	1.36800e+03	3.23051e-03	4.74000e+02
1369	4.75591e+02	1.36900e+03	3.22375e-03	4.74500e+02
1370	4.76107e+02	1.37000e+03	3.21650e-03	4.75000e+02
1371	4.76610e+02	1.37100e+03	3.20896e-03	4.75500e+02
1372	4.77104e+02	1.37200e+03	3.20814e-03	4.76000e+02
1373	4.77626e+02	1.37300e+03	3.19802e-03	4.76500e+02
1374	4.78129e+02	1.37400e+03	3.18355e-03	4.77000e+02
1375	4.78640e+02	1.37500e+03	3.16666e-03	4.77500e+02
1376	4.79145e+02	1.37600e+03	3.13230e-03	4.78000e+02
1377	4.79639e+02	1.37700e+03	3.10207e-03	4.78500e+02
1378	4.80145e+02	1.37800e+03	3.07167e-03	4.79000e+02
1379	4.80638e+02	1.37900e+03	3.04105e-03	4.79500e+02
1380	4.81116e+02	1.38000e+03	3.00747e-03	4.80000e+02
1381	4.81613e+02	1.38100e+03	2.98208e-03	4.80500e+02
1382	4.82102e+02	1.38200e+03	2.96113e-03	4.81000e+02
1383	4.82590e+02	1.38300e+03	2.94215e-03	4.81500e+02
1384	4.83075e+02	1.38400e+03	2.93563e-03	4.82000e+02
1385	4.83558e+02	1.38500e+03	2.92359e-03	4.82500e+02
1386	4.84057e+02	1.38600e+03	2.91130e-03	4.83000e+02
1387	4.84544e+02	1.38700e+03	2.89937e-03	4.83500e+02
1388	4.85026e+02	1.38800e+03	2.88310e-03	4.84000e+02
1389	4.85521e+02	1.38900e+03	2.86065e-03	4.84500e+02
1390	4.86014e+02	1.39000e+03	2.83078e-03	4.85000e+02
1391	4.86495e+02	1.39100e+03	2.79587e-03	4.85500e+02
1392	4.86984e+02	1.39200e+03	2.74549e-03	4.86000e+02
1393	4.87472e+02	1.39300e+03	2.70185e-03	4.86500e+02
1394	4.87961e+02	1.39400e+03	2.66151e-03	4.87000e+02
1395	4.88463e+02	1.39500e+03	2.62355e-03	4.87500e+02
1396	4.88946e+02	1.39600e+03	2.58704e-03	4.88000e+02
1397	4.89434e+02	1.39700e+03	2.55546e-03	4.88500e+02
1398	4.89935e+02	1.39800e+03	2.52781e-03	4.89000e+02
1399	4.90416e+02	1.39900e+03	2.50293e-03	4.89500e+02
1400	4.90900e+02	1.40000e+03	2.49150e-03	4.90000e+02
1401	4.91391e+02	1.40100e+03	2.47338e-03	4.90500e+02
1402	4.91883e+02	1.40200e+03	2.45355e-03	4.91000e+02
1403	4.92362e+02	1.40300e+03	2.43310e-03	4.91500e+02
1404	4.92850e+02	1.40400e+03	2.40836e-03	4.92000e+02
1405	4.93342e+02	1.40500e+03	2.38164e-03	4.92500e+02
1406	4.93828e+02	1.40600e+03	2.35603e-03	4.93000e+02
1407	4.94318e+02	1.40700e+03	2.33238e-03	4.93500e+02
1408	4.94800e+02	1.40800e+03	2.31056e-03	4.94000e+02
1409	4.95286e+02	1.40900e+03	2.29374e-03	4.94500e+02
1410	4.95768e+02	1.41000e+03	2.27660e-03	4.95000e+02
1411	4.96261e+02	1.41100e+03	2.25833e-03	4.95500e+02
1412	4.96734e+02	1.41200e+03	2.24433e-03	4.96000e+02
1413	4.97229e+02	1.41300e+03	2.21868e-03	4.96500e+02
1414	4.97718e+02	1.41400e+03	2.18997e-03	4.97000e+02
1415	4.98203e+02	1.41500e+03	2.16087e-03	4.97500e+02
1416	4.98683e+02	1.41600e+03	2.11581e-03	4.98000e+02
1417	4.99171e+02	1.41700e+03	2.08306e-03	4.98500e+02
1418	4.99658e+02	1.41800e+03	2.05887e-03	4.99000e+02
1419	5.00150e+02	1.41900e+03	2.04067e-03	4.99500e+02
1420	5.00630e+02	1.42000e+03	2.04514e-03	5.00000e+02
1421	5.01106e+02	1.42100e+03	2.04952e-03	5.00500e+02
1422	5.01596e+02	1.42200e+03	2.05546e-03	5.01000e+02
1423	5.02083e+02	1.42300e+03	2.06187e-03	5.01500e+02
1424	5.02567e+02	1.42400e+03	2.08051e-03	5.02000e+02
1425	5.03056e+02	1.42500e+03	2.08002e-03	5.02500e+02
1426	5.03547e+02	1.42600e+03	2.06847e-03	5.03000e+02
1427	5.04033e+02	1.42700e+03	2.05021e-03	5.03500e+02
1428	5.04528e+02	1.42800e+03	2.00148e-03	5.04000e+02
1429	5.05012e+02	1.42900e+03	1.96108e-03	5.04500e+02
1430	5.05499e+02	1.43000e+03	1.91909e-03	5.05000e+02
1431	5.05987e+02	1.43100e+03	1.87619e-03	5.05500e+02
1432	5.06476e+02	1.43200e+03	1.82974e-03	5.06000e+02
1433	5.06955e+02	1.43300e+03	1.79667e-03	5.06500e+02
1434	5.07443e+02	1.43400e+03	1.77196e-03	5.07000e+02
1435	5.07927e+02	1.43500e+03	1.75226e-03	5.07500e+02
1436	5.08421e+02	1.43600e+03	1.75672e-03	5.08000e+02
1437	5.08903e+02	1.43700e+03	1.75305e-03	5.08500e+02
1438	5.09393e+02	1.43800e+03	1.74797e-03	5.09000e+02
1439	5.09888e+02	1.43900e+03	1.74204e-03	5.09500e+02
1440	5.10387e+02	1.44000e+03	1.73617e-03	5.10000e+02
1441	5.10866e+02	1.44100e+03	1.72278e-03	5.10500e+02
1442	5.11358e+02	1.44200e+03	1.70619e-03	5.11000e+02
1443	5.11853e+02	1.44300e+03	1.68859e-03	5.11500e+02
1444	5.12350e+02	1.44400e+03	1.65587e-03	5.12000e+02
1445	5.12832e+02	1.44500e+03	1.62617e-03	5.12500e+02
1446	5.13323e+02	1.44600e+03	1.59050e-03	5.13000e+02
1447	5.13802e+02	1.44700e+03	1.54922e-03	5.13500e+02
1448	5.14303e+02	1.44800e+03	1.48614e-03	5.14000e+02
1449	5.14801e+02	1.44900e+03	1.42283e-03	5.14500e+02
1450	5.15295e+02	1.45000e+03	1.36054e-03	5.15000e+02
1451	5.15788e+02	1.45100e+03	1.29977e-03	5.15500e+02
1452	5.16283e+02	1.45200e+03	1.24266e-03	5.16000e+02
1453	5.16776e+02	1.45300e+03	1.21533e-03	5.16500e+02
1454	5.17263e+02	1.45400e+03	1.21043e-03	5.17000e+02
1455	5.17753e+02	1.45500e+03	1.21950e-03	5.17500e+02
1456	5.18253e+02	1.45600e+03	1.31026e-03	5.18000e+02
1457	5.18729e+02	1.45700e+03	1.38031e-03	5.18500e+02
1458	5.19221e+02	1.45800e+03	1.45053e-03	5.19000e+02
1459	5.19688e+02	1.45900e+03	1.52147e-03	5.19500e+02
1460	5.20185e+02	1.46000e+03	1.60128e-03	5.20000e+02
1461	5.20659e+02	1.46100e+03	1.64597e-03	5.20500e+02
1462	5.21154e+02	1.46200e+03	1.67032e-03	5.21000e+02
1463	5.21635e+02	1.46300e+03	1.68328e-03	5.21500e+02
1464	5.22112e+02	1.46400e+03	1.62400e-03	5.22000e+02
1465	5.22611e+02	1.46500e+03	1.58738e-03	5.22500e+02
1466	5.23110e+02	1.46600e+03	1.54996e-03	5.23000e+02
1467	5.23588e+02	1.46700e+03	1.50928e-03	5.23500e+02
1468	5.24082e+02	1.46800e+03	1.44540e-03	5.24000e+02
1469	5.24578e+02	1.46900e+03	1.39677e-03	5.24500e+02
1470	5.25064e+02	1.47000e+03	1.35220e-03	5.25000e+02
1471	5.25558e+02	1.47100e+03	1.30874e-03	5.25500e+02
1472	5.26047e+02	1.47200e+03	1.27716e-03	5.26000e+02
1473	5.26543e+02	1.47300e+03	1.24446e-03	5.26500e+02
1474	5.27032e+02	1.47400e+03	1.21380e-03	5.27000e+02
1475	5.27520e+02	1.47500e+03	1.18452e-03	5.27500e+02
1476	5.28010e+02	1.47600e+03	1.16542e-03	5.28000e+02
1477	5.28509e+02	1.47700e+03	1.14393e-03	5.28500e+02
1478	5.28995e+02	1.47800e+03	1.12358e-03	5.29000e+02
1479	5.29484e+02	1.47900e+03	1.10453e-03	5.29500e+02
1480	5.29973e+02	1.48000e+03	1.09446e-03	5.30000e+02
1481	5.30466e+02	1.48100e+03	1.08539e-03	5.30500e+02
1482	5.30970e+02	1.48200e+03	1.07981e-03	5.31000e+02
1483	5.31449e+02	1.48300e+03	1.07688e-03	5.31500e+02
1484	5.31933e+02	1.48400e+03	1.08716e-03	5.32000e+02
1485	5.32440e+02	1.48500e+03	1.09644e-03	5.32500e+02
1486	5.32927e+02	1.48600e+03	1.10812e-03	5.33000e+02
1487	5.33423e+02	1.48700e+03	1.12103e-03	5.33500e+02
1488	5.33911e+02	1.48800e+03	1.14123e-03	5.34000e+02
1489	5.34401e+02	1.48900e+03	1.15416e-03	5.34500e+02
1490	5.34891e+02	1.49000e+03	1.16118e-03	5.35000e+02
1491	5.35369e+02	1.49100e+03	1.16273e-03	5.35500e+02
1492	5.35850e+02	1.49200e+03	1.13896e-03	5.36000e+02
1493	5.36350e+02	1.49300e+03	1.10976e-03	5.36500e+02
1494	5.36837e+02	1.49400e+03	1.07321e-03	5.37000e+02
1495	5.37328e+02	1.49500e+03	1.03269e-03	5.37500e+02
1496	5.37806e+02	1.49600e+03	9.59480e-04	5.38000e+02
1497	5.38296e+02	1.49700e+03	9.05742e-04	5.38500e+02
1498	5.38778e+02	1.49800e+03	8.59422e-04	5.39000e+02
1499	5.39266e+02	1.49900e+03	8.16568e-04	5.39500e+02
1500	5.39760e+02	1.50000e+03	7.87469e-04	5.40000e+02
1501	5.40259e+02	1.50100e+03	7.59411e-04	5.40500e+02
1502	5.40753e+02	1.50200e+03	7.37440e-04	5.41000e+02
1503	5.41244e+02	1.50300e+03	7.20466e-04	5.41500e+02
1504	5.41730e+02	1.50400e+03	7.26782e-04	5.42000e+02
1505	5.42218e+02	1.50500e+03	7.26983e-04	5.42500e+02
1506	5.42705e+02	1.50600e+03	7.29068e-04	5.43000e+02
1507	5.43201e+02	1.50700e+03	7.33358e-04	5.43500e+02
1508	5.43697e+02	1.50800e+03	7.50223e-04	5.44000e+02
1509	5.44185e+02	1.50900e+03	7.61373e-04	5.44500e+02
1510	5.44679e+02	1.51000e+03	7.70291e-04	5.45000e+02
1511	5.45172e+02	1.51100e+03	7.77494e-04	5.45500e+02
1512	5.45662e+02	1.51200e+03	7.77094e-04	5.46000e+02
1513	5.46147e+02	1.51300e+03	7.72254e-04	5.46500e+02
1514	5.46644e+02	1.51400e+03	7.63293e-04	5.47000e+02
1515	5.47130e+02	1.51500e+03	7.52060e-04	5.47500e+02
1516	5.47628e+02	1.51600e+03	7.25647e-04	5.48000e+02
1517	5.48122e+02	1.51700e+03	7.08159e-04	5.48500e+02
1518	5.48624e+02	1.51800e+03	6.94180e-04	5.49000e+02
1519	5.49121e+02	1.51900e+03	6.81529e-04	5.49500e+02
1520	5.49608e+02	1.52000e+03	6.71640e-04	5.50000e+02
1521	5.50091e+02	1.52100e+03	6.61468e-04	5.50500e+02
1522	5.50587e+02	1.52200e+03	6.51914e-04	5.51000e+02
1523	5.51077e+02	1.52300e+03	6.42741e-04	5.51500e+02
1524	5.51568e+02	1.52400e+03	6.33685e-04	5.52000e+02
1525	5.52066e+02	1.52500e+03	6.19675e-04	5.52500e+02
1526	5.52560e+02	1.52600e+03	6.00425e-04	5.53000e+02
1527	5.53059e+02	1.52700e+03	5.76936e-04	5.53500e+02
1528	5.53539e+02	1.52800e+03	5.28930e-04	5.54000e+02
1529	5.54037e+02	1.52900e+03	4.77108e-04	5.54500e+02
1530	5.54543e+02	1.53000e+03	4.19399e-04	5.55000e+02
1531	5.55022e+02	1.53100e+03	3.58905e-04	5.55500e+02
1532	5.55528e+02	1.53200e+03	2.80476e-04	5.56000e+02
1533	5.56030e+02	1.53300e+03	2.29623e-04	5.56500e+02
1534	5.56526e+02	1.53400e+03	1.99408e-04	5.57000e+02
1535	5.57011e+02	1.53500e+03	1.82165e-04	5.57500e+02
1536	5.57498e+02	1.53600e+03	2.29373e-04	5.58000e+02
1537	5.57991e+02	1.53700e+03	2.71386e-04	5.58500e+02
1538	5.58487e+02	1.53800e+03	3.18015e-04	5.59000e+02
1539	5.58992e+02	1.53900e+03	3.66994e-04	5.59500e+02
1540	5.59479e+02	1.54000e+03	4.50944e-04	5.60000e+02
1541	5.59973e+02	1.54100e+03	4.95601e-04	5.60500e+02
1542	5.60456e+02	1.54200e+03	5.24481e-04	5.61000e+02
1543	5.60956e+02	1.54300e+03	5.46440e-04	5.61500e+02
1544	5.61438e+02	1.54400e+03	5.09548e-04	5.62000e+02
1545	5.61937e+02	1.54500e+03	4.89844e-04	5.62500e+02
1546	5.62429e+02	1.54600e+03	4.69198e-04	5.63000e+02
1547	5.62916e+02	1.54700e+03	4.45765e-04	5.63500e+02
1548	5.63416e+02	1.54800e+03	4.03750e-04	5.64000e+02
1549	5.63906e+02	1.54900e+03	3.76274e-04	5.64500e+02
1550	5.64409e+02	1.55000e+03	3.54364e-04	5.65000e+02
1551	5.64896e+02	1.55100e+03	3.34655e-04	5.65500e+02
1552	5.65384e+02	1.55200e+03	3.29498e-04	5.66000e+02
1553	5.65858e+02	1.55300e+03	3.20201e-04	5.66500e+02
1554	5.66360e+02	1.55400e+03	3.11144e-04	5.67000e+02
1555	5.66849e+02	1.55500e+03	3.03077e-04	5.67500e+02
1556	5.67339e+02	1.55600e+03	2.99434e-04	5.68000e+02
1557	5.67819e+02	1.55700e+03	2.88724e-04	5.68500e+02
1558	5.68321e+02	1.55800e+03	2.72330e-04	5.69000e+02
1559	5.68819e+02	1.55900e+03	2.51646e-04	5.69500e+02
1560	5.69312e+02	1.56000e+03	2.12305e-04	5.70000e+02
1561	5.69820e+02	1.56100e+03	1.69843e-04	5.70500e+02
1562	5.70312e+02	1.56200e+03	1.19897e-04	5.71000e+02
1563	5.70810e+02	1.56300e+03	6.59156e-05	5.71500e+02
1564	5.71298e+02	1.56400e+03	-3.81152e-06	5.72000e+02
1565	5.71788e+02	1.56500e+03	-5.55652e-05	5.72500e+02
1566	5.72295e+02	1.56600e+03	-9.77315e-05	5.73000e+02
1567	5.72784e+02	1.56700e+03	-1.34512e-04	5.73500e+02
1568	5.73283e+02	1.56800e+03	-1.47139e-04	5.74000e+02
1569	5.73771e+02	1.56900e+03	-1.63069e-04	5.74500e+02
1570	5.74265e+02	1.57000e+03	-1.76692e-04	5.75000e+02
1571	5.74756e+02	1.57100e+03	-1.88044e-04	5.75500e+02
1572	5.75245e+02	1.57200e+03	-1.77116e-04	5.76000e+02
1573	5.75748e+02	1.57300e+03	-1.74185e-04	5.76500e+02
1574	5.76240e+02	1.57400e+03	-1.70579e-04	5.77000e+02
1575	5.76737e+02	1.57500e+03	-1.65508e-04	5.77500e+02
1576	5.77228e+02	1.57600e+03	-1.57394e-04	5.78000e+02
1577	5.77728e+02	1.57700e+03	-1.52027e-04	5.78500e+02
1578	5.78223e+02	1.57800e+03	-1.48351e-04	5.79000e+02
1579	5.78711e+02	1.57900e+03	-1.45560e-04	5.79500e+02
1580	5.79197e+02	1.58000e+03	-1.44591e-04	5.80000e+02
1581	5.79699e+02	1.58100e+03	-1.42391e-04	5.80500e+02
1582	5.80185e+02	1.58200e+03	-1.40183e-04	5.81000e+02
1583	5.80671e+02	1.58300e+03	-1.38747e-04	5.81500e+02
1584	5.81166e+02	1.58400e+03	-1.41479e-04	5.82000e+02
1585	5.81660e+02	1.58500e+03	-1.44198e-04	5.82500e+02
1586	5.82149e+02	1.58600e+03	-1.47915e-04	5.83000e+02
1587	5.82636e+02	1.58700e+03	-1.52716e-04	5.83500e+02
1588	5.83136e+02	1.58800e+03	-1.61530e-04	5.84000e+02
1589	5.83622e+02	1.58900e+03	-1.68720e-04	5.84500e+02
1590	5.84117e+02	1.59000e+03	-1.76731e-04	5.85000e+02
1591	5.84613e+02	1.59100e+03	-1.85924e-04	5.85500e+02
1592	5.85118e+02	1.59200e+03	-1.99215e-04	5.86000e+02
1593	5.85610e+02	1.59300e+03	-2.13054e-04	5.86500e+02
1594	5.86113e+02	1.59400e+03	-2.28190e-04	5.87000e+02
1595	5.86620e+02	1.59500e+03	-2.44354e-04	5.87500e+02
1596	5.87129e+02	1.59600e+03	-2.65539e-04	5.88000e+02
1597	5.87630e+02	1.59700e+03	-2.82666e-04	5.88500e+02
1598	5.88114e+02	1.59800e+03	-2.96980e-04	5.89000e+02
1599	5.88606e+02	1.59900e+03	-3.09600e-04	5.89500e+02
1600	5.89101e+02	1.60000e+03	-3.19581e-04	5.90000e+02
1601	5.89600e+02	1.60100e+03	-3.30185e-04	5.90500e+02
1602	5.90100e+02	1.60200e+03	-3.40193e-04	5.91000e+02
1603	5.90593e+02	1.60300e+03	-3.49878e-04	5.91500e+02
1604	5.91081e+02	1.60400e+03	-3.56932e-04	5.92000e+02
1605	5.91574e+02	1.60500e+03	-3.64520e-04	5.92500e+02
1606	5.92076e+02	1.60600e+03	-3.70665e-04	5.93000e+02
1607	5.92567e+02	1.60700e+03	-3.75645e-04	5.93500e+02
1608	5.93066e+02	1.60800e+03	-3.77915e-04	5.94000e+02
1609	5.93560e+02	1.60900e+03	-3.80575e-04	5.94500e+02
1610	5.94075e+02	1.61000e+03	-3.83588e-04	5.95000e+02
1611	5.94574e+02	1.61100e+03	-3.86932e-04	5.95500e+02
1612	5.95083e+02	1.61200e+03	-3.89785e-04	5.96000e+02
1613	5.95596e+02	1.61300e+03	-3.95134e-04	5.96500e+02
1614	5.96095e+02	1.61400e+03	-4.01161e-04	5.97000e+02
1615	5.96581e+02	1.61500e+03	-4.07369e-04	5.97500e+02
1616	5.97076e+02	1.61600e+03	-4.20041e-04	5.98000e+02
1617	5.97574e+02	1.61700e+03	-4.32210e-04	5.98500e+02
1618	5.98075e+02	1.61800e+03	-4.46827e-04	5.99000e+02
1619	5.98589e+02	1.61900e+03	-4.63718e-04	5.99500e+02
1620	5.99095e+02	1.62000e+03	-4.90223e-04	6.00000e+02
1621	5.99594e+02	1.62100e+03	-5.17163e-04	6.00500e+02
1622	6.00088e+02	1.62200e+03	-5.45092e-04	6.01000e+02
1623	6.00583e+02	1.62300e+03	-5.73310e-04	6.01500e+02
1624	6.01082e+02	1.62400e+03	-6.08372e-04	6.02000e+02
1625	6.01591e+02	1.62500e+03	-6.35703e-04	6.02500e+02
1626	6.02107e+02	1.62600e+03	-6.58511e-04	6.03000e+02
1627	6.02602e+02	1.62700e+03	-6.78679e-04	6.03500e+02
1628	6.03092e+02	1.62800e+03	-6.83419e-04	6.04000e+02
1629	6.03596e+02	1.62900e+03	-6.87746e-04	6.04500e+02
1630	6.04083e+02	1.63000e+03	-6.87061e-04	6.05000e+02
1631	6.04580e+02	1.63100e+03	-6.82707e-04	6.05500e+02
1632	6.05078e+02	1.63200e+03	-6.64316e-04	6.06000e+02
1633	6.05579e+02	1.63300e+03	-6.56288e-04	6.06500e+02
1634	6.06085e+02	1.63400e+03	-6.53254e-04	6.07000e+02
1635	6.06572e+02	1.63500e+03	-6.52737e-04	6.07500e+02
1636	6.07075e+02	1.63600e+03	-6.61523e-04	6.08000e+02
1637	6.07578e+02	1.63700e+03	-6.72926e-04	6.08500e+02
1638	6.08068e+02	1.63800e+03	-6.89397e-04	6.09000e+02
1639	6.08572e+02	1.63900e+03	-7.09412e-04	6.09500e+02
1640	6.09068e+02	1.64000e+03	-7.42280e-04	6.10000e+02
1641	6.09557e+02	1.64100e+03	-7.63960e-04	6.10500e+02
1642	6.10055e+02	1.64200e+03	-7.79688e-04	6.11000e+02
1643	6.10547e+02	1.64300e+03	-7.91970e-04	6.11500e+02
1644	6.11050e+02	1.64400e+03	-7.91312e-04	6.12000e+02
1645	6.11545e+02	1.64500e+03	-7.87507e-04	6.12500e+02
1646	6.12041e+02	1.64600e+03	-7.76752e-04	6.13000e+02
1647	6.12520e+02	1.64700e+03	-7.60761e-04	6.13500e+02
1648	6.13010e+02	1.64800e+03	-7.16751e-04	6.14000e+02
1649	6.13513e+02	1.64900e+03	-6.77934e-04	6.14500e+02
1650	6.13997e+02	1.65000e+03	-6.37030e-04	6.15000e+02
1651	6.14480e+02	1.65100e+03	-5.94645e-04	6.15500e+02
1652	6.14977e+02	1.65200e+03	-5.42447e-04	6.16000e+02
1653	6.15470e+02	1.65300e+03	-5.05238e-04	6.16500e+02
1654	6.15967e+02	1.65400e+03	-4.78971e-04	6.17000e+02
1655	6.16469e+02	1.65500e+03	-4.60757e-04	6.17500e+02
1656	6.16963e+02	1.65600e+03	-4.76335e-04	6.18000e+02
1657	6.17451e+02	1.65700e+03	-4.88960e-04	6.18500e+02
1658	6.17957e+02	1.65800e+03	-5.05084e-04	6.19000e+02
1659	6.18449e+02	1.65900e+03	-5.23290e-04	6.19500e+02
1660	6.18952e+02	1.66000e+03	-5.67027e-04	6.20000e+02
1661	6.19430e+02	1.66100e+03	-5.92135e-04	6.20500e+02
1662	6.19929e+02	1.66200e+03	-6.10283e-04	6.21000e+02
1663	6.20435e+02	1.66300e+03	-6.25815e-04	6.21500e+02
1664	6.20925e+02	1.66400e+03	-6.26371e-04	6.22000e+02
1665	6.21446e+02	1.66500e+03	-6.31383e-04	6.22500e+02
1666	6.21940e+02	1.66600e+03	-6.35695e-04	6.23000e+02
1667	6.22429e+02	1.66700e+03	-6.39114e-04	6.23500e+02
1668	6.22924e+02	1.66800e+03	-6.35501e-04	6.24000e+02
1669	6.23430e+02	1.66900e+03	-6.35230e-04	6.24500e+02
1670	6.23936e+02	1.67000e+03	-6.35768e-04	6.25000e+02
1671	6.24430e+02	1.67100e+03	-6.37068e-04	6.25500e+02
1672	6.24939e+02	1.67200e+03	-6.44328e-04	6.26000e+02
1673	6.25447e+02	1.67300e+03	-6.54287e-04	6.26500e+02
1674	6.25954e+02	1.67400e+03	-6.67421e-04	6.27000e+02
1675	6.26458e+02	1.67500e+03	-6.82617e-04	6.27500e+02
1676	6.26964e+02	1.67600e+03	-7.07616e-04	6.28000e+02
1677	6.27461e+02	1.67700e+03	-7.25926e-04	6.28500e+02
1678	6.27969e+02	1.67800e+03	-7.41684e-04	6.29000e+02
1679	6.28491e+02	1.67900e+03	-7.56488e-04	6.29500e+02
1680	6.29008e+02	1.68000e+03	-7.65346e-04	6.30000e+02
1681	6.29509e+02	1.68100e+03	-7.71766e-04	6.30500e+02
1682	6.30000e+02	1.68200e+03	-7.74940e-04	6.31000e+02
1683	6.30499e+02	1.68300e+03	-7.75889e-04	6.31500e+02
1684	6.30993e+02	1.68400e+03	-7.63649e-04	6.32000e+02
1685	6.31497e+02	1.68500e+03	-7.56314e-04	6.32500e+02
1686	6.32005e+02	1.68600e+03	-7.50751e-04	6.33000e+02
1687	6.32520e+02	1.68700e+03	-7.46070e-04	6.33500e+02
1688	6.33029e+02	1.68800e+03	-7.41373e-04	6.34000e+02
1689	6.33537e+02	1.68900e+03	-7.39386e-04	6.34500e+02
1690	6.34028e+02	1.69000e+03	-7.38184e-04	6.35000e+02
1691	6.34520e+02	1.69100e+03	-7.37501e-04	6.35500e+02
1692	6.35026e+02	1.69200e+03	-7.42398e-04	6.36000e+02
1693	6.35521e+02	1.69300e+03	-7.43229e-04	6.36500e+02
1694	6.36016e+02	1.69400e+03	-7.42939e-04	6.37000e+02
1695	6.36528e+02	1.69500e+03	-7.42049e-04	6.37500e+02
1696	6.37042e+02	1.69600e+03	-7.34879e-04	6.38000e+02
1697	6.37579e+02	1.69700e+03	-7.27695e-04	6.38500e+02
1698	6.38093e+02	1.69800e+03	-7.19926e-04	6.39000e+02
1699	6.38622e+02	1.69900e+03	-7.12286e-04	6.39500e+02
1700	6.39132e+02	1.70000e+03	-7.04827e-04	6.40000e+02
1701	6.39661e+02	1.70100e+03	-7.02115e-04	6.40500e+02
1702	6.40210e+02	1.70200e+03	-7.02548e-04	6.41000e+02
1703	6.40752e+02	1.70300e+03	-7.04925e-04	6.41500e+02
1704	6.41287e+02	1.70400e+03	-7.18535e-04	6.42000e+02
1705	6.41768e+02	1.70500e+03	-7.27663e-04	6.42500e+02
1706	6.42263e+02	1.70600e+03	-7.35025e-04	6.43000e+02
1707	6.42745e+02	1.70700e+03	-7.41122e-04	6.43500e+02
1708	6.43236e+02	1.70800e+03	-7.47217e-04	6.44000e+02
1709	6.43735e+02	1.70900e+03	-7.51904e-04	6.44500e+02
1710	6.44223e+02	1.71000e+03	-7.57237e-04	6.45000e+02
1711	6.44725e+02	1.71100e+03	-7.63681e-04	6.45500e+02
1712	6.45209e+02	1.71200e+03	-7.69286e-04	6.46000e+02
1713	6.45721e+02	1.71300e+03	-7.78915e-04	6.46500e+02
1714	6.46216e+02	1.71400e+03	-7.91425e-04	6.47000e+02
1715	6.46701e+02	1.71500e+03	-8.06159e-04	6.47500e+02
1716	6.47200e+02	1.71600e+03	-8.38972e-04	6.48000e+02
1717	6.47695e+02	1.71700e+03	-8.75098e-04	6.48500e+02
1718	6.48195e+02	1.71800e+03	-9.18843e-04	6.49000e+02
1719	6.48685e+02	1.71900e+03	-9.67642e-04	6.49500e+02
1720	6.49183e+02	1.72000e+03	-1.03778e-03	6.50000e+02
1721	6.49675e+02	1.72100e+03	-1.09071e-03	6.50500e+02
1722	6.50172e+02	1.72200e+03	-1.13140e-03	6.51000e+02
1723	6.50673e+02	1.72300e+03	-1.16426e-03	6.51500e+02
1724	6.51178e+02	1.72400e+03	-1.15754e-03	6.52000e+02
1725	6.51677e+02	1.72500e+03	-1.13720e-03	6.52500e+02
1726	6.52174e+02	1.72600e+03	-1.10121e-03	6.53000e+02
1727	6.52670e+02	1.72700e+03	-1.05565e-03	6.53500e+02
1728	6.53181e+02	1.72800e+03	-9.37541e-04	6.54000e+02
1729	6.53679e+02	1.72900e+03	-8.48489e-04	6.54500e+02
1730	6.54176e+02	1.73000e+03	-7.62119e-04	6.55000e+02
1731	6.54682e+02	1.73100e+03	-6.74174e-04	6.55500e+02
1732	6.55164e+02	1.73200e+03	-5.85488e-04	6.56000e+02
1733	6.55650e+02	1.73300e+03	-5.10181e-04	6.56500e+02
1734	6.56149e+02	1.73400e+03	-4.46018e-04	6.57000e+02
1735	6.56644e+02	1.73500e+03	-3.89806e-04	6.57500e+02
1736	6.57144e+02	1.73600e+03	-3.79717e-04	6.58000e+02
1737	6.57633e+02	1.73700e+03	-3.69266e-04	6.58500e+02
1738	6.58136e+02	1.73800e+03	-3.70464e-04	6.59000e+02
1739	6.58617e+02	1.73900e+03	-3.80932e-04	6.59500e+02
1740	6.59113e+02	1.74000e+03	-4.46314e-04	6.60000e+02
1741	6.59592e+02	1.74100e+03	-4.94841e-04	6.60500e+02
1742	6.60084e+02	1.74200e+03	-5.43236e-04	6.61000e+02
1743	6.60590e+02	1.74300e+03	-5.93182e-04	6.61500e+02
1744	6.61076e+02	1.74400e+03	-6.56492e-04	6.62000e+02
1745	6.61571e+02	1.74500e+03	-7.07166e-04	6.62500e+02
1746	6.62060e+02	1.74600e+03	-7.53401e-04	6.63000e+02
1747	6.62560e+02	1.74700e+03	-7.97645e-04	6.63500e+02
1748	6.63052e+02	1.74800e+03	-8.22519e-04	6.64000e+02
1749	6.63553e+02	1.74900e+03	-8.48647e-04	6.64500e+02
1750	6.64035e+02	1.75000e+03	-8.67864e-04	6.65000e+02
1751	6.64529e+02	1.75100e+03	-8.80958e-04	6.65500e+02
1752	6.65022e+02	1.75200e+03	-8.65519e-04	6.66000e+02
1753	6.65510e+02	1.75300e+03	-8.50563e-04	6.66500e+02
1754	6.65999e+02	1.75400e+03	-8.29835e-04	6.67000e+02
1755	6.66495e+02	1.75500e+03	-8.04557e-04	6.67500e+02
1756	6.66978e+02	1.75600e+03	-7.50939e-04	6.68000e+02
1757	6.67478e+02	1.75700e+03	-7.11402e-04	6.68500e+02
1758	6.67966e+02	1.75800e+03	-6.75292e-04	6.69000e+02
1759	6.68458e+02	1.75900e+03	-6.40596e-04	6.69500e+02
1760	6.68942e+02	1.76000e+03	-6.17861e-04	6.70000e+02
1761	6.69450e+02	1.76100e+03	-6.02445e-04	6.70500e+02
1762	6.69951e+02	1.76200e+03	-5.94754e-04	6.71000e+02
1763	6.70439e+02	1.76300e+03	-5.92122e-04	6.71500e+02
1764	6.70933e+02	1.76400e+03	-6.19831e-04	6.72000e+02
1765	6.71427e+02	1.76500e+03	-6.39515e-04	6.72500e+02
1766	6.71917e+02	1.76600e+03	-6.61510e-04	6.73000e+02
1767	6.72404e+02	1.76700e+03	-6.86554e-04	6.73500e+02
1768	6.72889e+02	1.76800e+03	-7.22943e-04	6.74000e+02
1769	6.73392e+02	1.76900e+03	-7.48176e-04	6.74500e+02
1770	6.73872e+02	1.77000e+03	-7.68257e-04	6.75000e+02
1771	6.74369e+02	1.77100e+03	-7.86480e-04	6.75500e+02
1772	6.74874e+02	1.77200e+03	-7.93675e-04	6.76000e+02
1773	6.75376e+02	1.77300e+03	-8.00582e-04	6.76500e+02
1774	6.75858e+02	1.77400e+03	-8.03731e-04	6.77000e+02
1775	6.76363e+02	1.77500e+03	-8.03940e-04	6.77500e+02
1776	6.76859e+02	1.77600e+03	-7.89100e-04	6.78000e+02
1777	6.77361e+02	1.77700e+03	-7.77933e-04	6.78500e+02
1778	6.77863e+02	1.77800e+03	-7.67455e-04	6.79000e+02
1779	6.78342e+02	1.77900e+03	-7.57819e-04	6.79500e+02
1780	6.78847e+02	1.78000e+03	-7.48878e-04	6.80000e+02
1781	6.79339e+02	1.78100e+03	-7.52492e-04	6.80500e+02
1782	6.79833e+02	1.78200e+03	-7.68088e-04	6.81000e+02
1783	6.80339e+02	1.78300e+03	-7.91633e-04	6.81500e+02
1784	6.80843e+02	1.78400e+03	-8.56008e-04	6.82000e+02
1785	6.81339e+02	1.78500e+03	-9.17149e-04	6.82500e+02
1786	6.81841e+02	1.78600e+03	-9.80826e-04	6.83000e+02
1787	6.82333e+02	1.78700e+03	-1.04471e-03	6.83500e+02
1788	6.82824e+02	1.78800e+03	-1.12122e-03	6.84000e+02
1789	6.83325e+02	1.78900e+03	-1.16338e-03	6.84500e+02
1790	6.83825e+02	1.79000e+03	-1.18109e-03	6.85000e+02
1791	6.84328e+02	1.79100e+03	-1.18413e-03	6.85500e+02
1792	6.84818e+02	1.79200e+03	-1.10258e-03	6.86000e+02
1793	6.85331e+02	1.79300e+03	-1.03475e-03	6.86500e+02
1794	6.85822e+02	1.79400e+03	-9.63796e-04	6.87000e+02
1795	6.85980e+02	1.79500e+03	-8.90496e-04	6.87500e+02
1796	6.86111e+02	1.79600e+03	-7.75195e-04	6.88000e+02
1797	6.86401e+02	1.79700e+03	-6.96907e-04	6.88500e+02
1798	6.86764e+02	1.79800e+03	-6.33449e-04	6.89000e+02
1799	6.87139e+02	1.79900e+03	-5.76304e-04	6.89500e+02
1800	6.87493e+02	1.80000e+03	-5.57770e-04	6.90000e+02
1801	6.87844e+02	1.80100e+03	-5.27471e-04	6.90500e+02
1802	6.88175e+02	1.80200e+03	-5.06244e-04	6.91000e+02
1803	6.88493e+02	1.80300e+03	-4.94621e-04	6.91500e+02
1804	6.88810e+02	1.80400e+03	-5.05751e-04	6.92000e+02
1805	6.89117e+02	1.80500e+03	-5.13959e-04	6.92500e+02
1806	6.89400e+02	1.80600e+03	-5.26289e-04	6.93000e+02
1807	6.89690e+02	1.80700e+03	-5.42345e-04	6.93500e+02
1808	6.89976e+02	1.80800e+03	-5.80363e-04	6.94000e+02
1809	6.90252e+02	1.80900e+03	-6.08823e-04	6.94500e+02
1810	6.90520e+02	1.81000e+03	-6.36791e-04	6.95000e+02
1811	6.90774e+02	1.81100e+03	-6.65466e-04	6.95500e+02
1812	6.91017e+02	1.81200e+03	-6.92469e-04	6.96000e+02
1813	6.91253e+02	1.81300e+03	-7.13972e-04	6.96500e+02
1814	6.91476e+02	1.81400e+03	-7.30126e-04	6.97000e+02
1815	6.91708e+02	1.81500e+03	-7.42440e-04	6.97500e+02
1816	6.91935e+02	1.81600e+03	-7.37328e-04	6.98000e+02
1817	6.92141e+02	1.81700e+03	-7.33375e-04	6.98500e+02
1818	6.92341e+02	1.81800e+03	-7.26198e-04	6.99000e+02
1819	6.92551e+02	1.81900e+03	-7.16230e-04	6.99500e+02
1820	6.92744e+02	1.82000e+03	-6.90921e-04	7.00000e+02
