index	ts	t	weight	tr
[#]	[°C]	[s]	[mg]	[°C]
723	1.30061e+02	7.23000e+02	9.82431e-01	1.31000e+02
724	1.30403e+02	7.24000e+02	9.82425e-01	1.31333e+02
725	1.30730e+02	7.25000e+02	9.82424e-01	1.31667e+02
726	1.31060e+02	7.26000e+02	9.82426e-01	1.32000e+02
727	1.31391e+02	7.27000e+02	9.82431e-01	1.32333e+02
728	1.31722e+02	7.28000e+02	9.82444e-01	1.32667e+02
729	1.32054e+02	7.29000e+02	9.82455e-01	1.33000e+02
730	1.32397e+02	7.30000e+02	9.82466e-01	1.33333e+02
731	1.32731e+02	7.31000e+02	9.82478e-01	1.33667e+02
732	1.33057e+02	7.32000e+02	9.82494e-01	1.34000e+02
733	1.33387e+02	7.33000e+02	9.82506e-01	1.34333e+02
734	1.33721e+02	7.34000e+02	9.82512e-01	1.34667e+02
735	1.34048e+02	7.35000e+02	9.82515e-01	1.35000e+02
736	1.34372e+02	7.36000e+02	9.82499e-01	1.35333e+02
737	1.34705e+02	7.37000e+02	9.82478e-01	1.35667e+02
738	1.35046e+02	7.38000e+02	9.82452e-01	1.36000e+02
739	1.35391e+02	7.39000e+02	9.82423e-01	1.36333e+02
740	1.35710e+02	7.40000e+02	9.82378e-01	1.36667e+02
741	1.36048e+02	7.41000e+02	9.82356e-01	1.37000e+02
742	1.36381e+02	7.42000e+02	9.82346e-01	1.37333e+02
743	1.36700e+02	7.43000e+02	9.82341e-01	1.37667e+02
744	1.37038e+02	7.44000e+02	9.82364e-01	1.38000e+02
745	1.37390e+02	7.45000e+02	9.82376e-01	1.38333e+02
746	1.37713e+02	7.46000e+02	9.82387e-01	1.38667e+02
747	1.38045e+02	7.47000e+02	9.82398e-01	1.39000e+02
748	1.38375e+02	7.48000e+02	9.82413e-01	1.39333e+02
749	1.38717e+02	7.49000e+02	9.82419e-01	1.39667e+02
750	1.39052e+02	7.50000e+02	9.82419e-01	1.40000e+02
751	1.39379e+02	7.51000e+02	9.82418e-01	1.40333e+02
752	1.39714e+02	7.52000e+02	9.82401e-01	1.40667e+02
753	1.40042e+02	7.53000e+02	9.82391e-01	1.41000e+02
754	1.40364e+02	7.54000e+02	9.82382e-01	1.41333e+02
755	1.40708e+02	7.55000e+02	9.82372e-01	1.41667e+02
756	1.41052e+02	7.56000e+02	9.82361e-01	1.42000e+02
757	1.41374e+02	7.57000e+02	9.82353e-01	1.42333e+02
758	1.41702e+02	7.58000e+02	9.82346e-01	1.42667e+02
759	1.42035e+02	7.59000e+02	9.82339e-01	1.43000e+02
760	1.42365e+02	7.60000e+02	9.82335e-01	1.43333e+02
761	1.42705e+02	7.61000e+02	9.82331e-01	1.43667e+02
762	1.43045e+02	7.62000e+02	9.82327e-01	1.44000e+02
763	1.43367e+02	7.63000e+02	9.82325e-01	1.44333e+02
764	1.43702e+02	7.64000e+02	9.82329e-01	1.44667e+02
765	1.44044e+02	7.65000e+02	9.82337e-01	1.45000e+02
766	1.44361e+02	7.66000e+02	9.82349e-01	1.45333e+02
767	1.44692e+02	7.67000e+02	9.82363e-01	1.45667e+02
768	1.45033e+02	7.68000e+02	9.82389e-01	1.46000e+02
769	1.45374e+02	7.69000e+02	9.82406e-01	1.46333e+02
770	1.45702e+02	7.70000e+02	9.82418e-01	1.46667e+02
771	1.46035e+02	7.71000e+02	9.82425e-01	1.47000e+02
772	1.46368e+02	7.72000e+02	9.82424e-01	1.47333e+02
773	1.46708e+02	7.73000e+02	9.82423e-01	1.47667e+02
774	1.47034e+02	7.74000e+02	9.82419e-01	1.48000e+02
775	1.47373e+02	7.75000e+02	9.82414e-01	1.48333e+02
776	1.47702e+02	7.76000e+02	9.82395e-01	1.48667e+02
777	1.48039e+02	7.77000e+02	9.82378e-01	1.49000e+02
778	1.48369e+02	7.78000e+02	9.82359e-01	1.49333e+02
779	1.48696e+02	7.79000e+02	9.82339e-01	1.49667e+02
780	1.49034e+02	7.80000e+02	9.82314e-01	1.50000e+02
781	1.49377e+02	7.81000e+02	9.82292e-01	1.50333e+02
782	1.49703e+02	7.82000e+02	9.82272e-01	1.50667e+02
783	1.50043e+02	7.83000e+02	9.82254e-01	1.51000e+02
784	1.50376e+02	7.84000e+02	9.82241e-01	1.51333e+02
785	1.50714e+02	7.85000e+02	9.82233e-01	1.51667e+02
786	1.51061e+02	7.86000e+02	9.82230e-01	1.52000e+02
787	1.51384e+02	7.87000e+02	9.82230e-01	1.52333e+02
788	1.51730e+02	7.88000e+02	9.82245e-01	1.52667e+02
789	1.52048e+02	7.89000e+02	9.82253e-01	1.53000e+02
790	1.52396e+02	7.90000e+02	9.82257e-01	1.53333e+02
791	1.52722e+02	7.91000e+02	9.82259e-01	1.53667e+02
792	1.53060e+02	7.92000e+02	9.82255e-01	1.54000e+02
793	1.53375e+02	7.93000e+02	9.82244e-01	1.54333e+02
794	1.53719e+02	7.94000e+02	9.82225e-01	1.54667e+02
795	1.54049e+02	7.95000e+02	9.82203e-01	1.55000e+02
796	1.54393e+02	7.96000e+02	9.82157e-01	1.55333e+02
797	1.54726e+02	7.97000e+02	9.82121e-01	1.55667e+02
798	1.55064e+02	7.98000e+02	9.82089e-01	1.56000e+02
799	1.55390e+02	7.99000e+02	9.82057e-01	1.56333e+02
800	1.55731e+02	8.00000e+02	9.82028e-01	1.56667e+02
801	1.56064e+02	8.01000e+02	9.82004e-01	1.57000e+02
802	1.56403e+02	8.02000e+02	9.81984e-01	1.57333e+02
803	1.56736e+02	8.03000e+02	9.81967e-01	1.57667e+02
804	1.57075e+02	8.04000e+02	9.81968e-01	1.58000e+02
805	1.57407e+02	8.05000e+02	9.81966e-01	1.58333e+02
806	1.57742e+02	8.06000e+02	9.81966e-01	1.58667e+02
807	1.58079e+02	8.07000e+02	9.81969e-01	1.59000e+02
808	1.58425e+02	8.08000e+02	9.81984e-01	1.59333e+02
809	1.58753e+02	8.09000e+02	9.81995e-01	1.59667e+02
810	1.59096e+02	8.10000e+02	9.82007e-01	1.60000e+02
811	1.59421e+02	8.11000e+02	9.82020e-01	1.60333e+02
812	1.59758e+02	8.12000e+02	9.82046e-01	1.60667e+02
813	1.60084e+02	8.13000e+02	9.82074e-01	1.61000e+02
814	1.60434e+02	8.14000e+02	9.82106e-01	1.61333e+02
815	1.60768e+02	8.15000e+02	9.82140e-01	1.61667e+02
816	1.61100e+02	8.16000e+02	9.82183e-01	1.62000e+02
817	1.61446e+02	8.17000e+02	9.82214e-01	1.62333e+02
818	1.61778e+02	8.18000e+02	9.82239e-01	1.62667e+02
819	1.62106e+02	8.19000e+02	9.82259e-01	1.63000e+02
820	1.62441e+02	8.20000e+02	9.82263e-01	1.63333e+02
821	1.62775e+02	8.21000e+02	9.82267e-01	1.63667e+02
822	1.63120e+02	8.22000e+02	9.82268e-01	1.64000e+02
823	1.63447e+02	8.23000e+02	9.82267e-01	1.64333e+02
824	1.63779e+02	8.24000e+02	9.82249e-01	1.64667e+02
825	1.64132e+02	8.25000e+02	9.82240e-01	1.65000e+02
826	1.64458e+02	8.26000e+02	9.82234e-01	1.65333e+02
827	1.64791e+02	8.27000e+02	9.82229e-01	1.65667e+02
828	1.65124e+02	8.28000e+02	9.82227e-01	1.66000e+02
829	1.65465e+02	8.29000e+02	9.82226e-01	1.66333e+02
830	1.65806e+02	8.30000e+02	9.82227e-01	1.66667e+02
831	1.66143e+02	8.31000e+02	9.82228e-01	1.67000e+02
832	1.66469e+02	8.32000e+02	9.82236e-01	1.67333e+02
833	1.66814e+02	8.33000e+02	9.82241e-01	1.67667e+02
834	1.67153e+02	8.34000e+02	9.82245e-01	1.68000e+02
835	1.67492e+02	8.35000e+02	9.82248e-01	1.68333e+02
836	1.67831e+02	8.36000e+02	9.82247e-01	1.68667e+02
837	1.68161e+02	8.37000e+02	9.82244e-01	1.69000e+02
838	1.68498e+02	8.38000e+02	9.82239e-01	1.69333e+02
839	1.68839e+02	8.39000e+02	9.82233e-01	1.69667e+02
840	1.69179e+02	8.40000e+02	9.82220e-01	1.70000e+02
841	1.69505e+02	8.41000e+02	9.82211e-01	1.70333e+02
842	1.69843e+02	8.42000e+02	9.82203e-01	1.70667e+02
843	1.70180e+02	8.43000e+02	9.82196e-01	1.71000e+02
844	1.70514e+02	8.44000e+02	9.82189e-01	1.71333e+02
845	1.70862e+02	8.45000e+02	9.82180e-01	1.71667e+02
846	1.71177e+02	8.46000e+02	9.82170e-01	1.72000e+02
847	1.71531e+02	8.47000e+02	9.82160e-01	1.72333e+02
848	1.71868e+02	8.48000e+02	9.82144e-01	1.72667e+02
849	1.72205e+02	8.49000e+02	9.82126e-01	1.73000e+02
850	1.72542e+02	8.50000e+02	9.82107e-01	1.73333e+02
851	1.72870e+02	8.51000e+02	9.82088e-01	1.73667e+02
852	1.73217e+02	8.52000e+02	9.82063e-01	1.74000e+02
853	1.73545e+02	8.53000e+02	9.82042e-01	1.74333e+02
854	1.73885e+02	8.54000e+02	9.82023e-01	1.74667e+02
855	1.74224e+02	8.55000e+02	9.82006e-01	1.75000e+02
856	1.74560e+02	8.56000e+02	9.81992e-01	1.75333e+02
857	1.74906e+02	8.57000e+02	9.81979e-01	1.75667e+02
858	1.75237e+02	8.58000e+02	9.81967e-01	1.76000e+02
859	1.75569e+02	8.59000e+02	9.81956e-01	1.76333e+02
860	1.75914e+02	8.60000e+02	9.81950e-01	1.76667e+02
861	1.76247e+02	8.61000e+02	9.81942e-01	1.77000e+02
862	1.76592e+02	8.62000e+02	9.81931e-01	1.77333e+02
863	1.76932e+02	8.63000e+02	9.81918e-01	1.77667e+02
864	1.77281e+02	8.64000e+02	9.81899e-01	1.78000e+02
865	1.77625e+02	8.65000e+02	9.81874e-01	1.78333e+02
866	1.77964e+02	8.66000e+02	9.81845e-01	1.78667e+02
867	1.78304e+02	8.67000e+02	9.81813e-01	1.79000e+02
868	1.78630e+02	8.68000e+02	9.81763e-01	1.79333e+02
869	1.78978e+02	8.69000e+02	9.81721e-01	1.79667e+02
870	1.79306e+02	8.70000e+02	9.81680e-01	1.80000e+02
871	1.79655e+02	8.71000e+02	9.81641e-01	1.80333e+02
872	1.80002e+02	8.72000e+02	9.81606e-01	1.80667e+02
873	1.80337e+02	8.73000e+02	9.81578e-01	1.81000e+02
874	1.80676e+02	8.74000e+02	9.81556e-01	1.81333e+02
875	1.81026e+02	8.75000e+02	9.81535e-01	1.81667e+02
876	1.81349e+02	8.76000e+02	9.81530e-01	1.82000e+02
877	1.81686e+02	8.77000e+02	9.81514e-01	1.82333e+02
878	1.82029e+02	8.78000e+02	9.81495e-01	1.82667e+02
879	1.82361e+02	8.79000e+02	9.81472e-01	1.83000e+02
880	1.82702e+02	8.80000e+02	9.81441e-01	1.83333e+02
881	1.83046e+02	8.81000e+02	9.81411e-01	1.83667e+02
882	1.83391e+02	8.82000e+02	9.81377e-01	1.84000e+02
883	1.83715e+02	8.83000e+02	9.81342e-01	1.84333e+02
884	1.84057e+02	8.84000e+02	9.81292e-01	1.84667e+02
885	1.84394e+02	8.85000e+02	9.81244e-01	1.85000e+02
886	1.84733e+02	8.86000e+02	9.81194e-01	1.85333e+02
887	1.85075e+02	8.87000e+02	9.81142e-01	1.85667e+02
888	1.85406e+02	8.88000e+02	9.81078e-01	1.86000e+02
889	1.85739e+02	8.89000e+02	9.81018e-01	1.86333e+02
890	1.86083e+02	8.90000e+02	9.80959e-01	1.86667e+02
891	1.86422e+02	8.91000e+02	9.80899e-01	1.87000e+02
892	1.86759e+02	8.92000e+02	9.80834e-01	1.87333e+02
893	1.87101e+02	8.93000e+02	9.80767e-01	1.87667e+02
894	1.87428e+02	8.94000e+02	9.80696e-01	1.88000e+02
895	1.87779e+02	8.95000e+02	9.80622e-01	1.88333e+02
896	1.88113e+02	8.96000e+02	9.80535e-01	1.88667e+02
897	1.88451e+02	8.97000e+02	9.80446e-01	1.89000e+02
898	1.88793e+02	8.98000e+02	9.80359e-01	1.89333e+02
899	1.89119e+02	8.99000e+02	9.80274e-01	1.89667e+02
900	1.89455e+02	9.00000e+02	9.80184e-01	1.90000e+02
901	1.89798e+02	9.01000e+02	9.80105e-01	1.90333e+02
902	1.90135e+02	9.02000e+02	9.80032e-01	1.90667e+02
903	1.90484e+02	9.03000e+02	9.79961e-01	1.91000e+02
904	1.90816e+02	9.04000e+02	9.79899e-01	1.91333e+02
905	1.91154e+02	9.05000e+02	9.79820e-01	1.91667e+02
906	1.91491e+02	9.06000e+02	9.79732e-01	1.92000e+02
907	1.91829e+02	9.07000e+02	9.79641e-01	1.92333e+02
908	1.92175e+02	9.08000e+02	9.79524e-01	1.92667e+02
909	1.92509e+02	9.09000e+02	9.79415e-01	1.93000e+02
910	1.92840e+02	9.10000e+02	9.79305e-01	1.93333e+02
911	1.93183e+02	9.11000e+02	9.79194e-01	1.93667e+02
912	1.93523e+02	9.12000e+02	9.79079e-01	1.94000e+02
913	1.93853e+02	9.13000e+02	9.78977e-01	1.94333e+02
914	1.94180e+02	9.14000e+02	9.78881e-01	1.94667e+02
915	1.94528e+02	9.15000e+02	9.78790e-01	1.95000e+02
916	1.94877e+02	9.16000e+02	9.78717e-01	1.95333e+02
917	1.95198e+02	9.17000e+02	9.78634e-01	1.95667e+02
918	1.95546e+02	9.18000e+02	9.78545e-01	1.96000e+02
919	1.95880e+02	9.19000e+02	9.78453e-01	1.96333e+02
920	1.96218e+02	9.20000e+02	9.78349e-01	1.96667e+02
921	1.96554e+02	9.21000e+02	9.78239e-01	1.97000e+02
922	1.96896e+02	9.22000e+02	9.78123e-01	1.97333e+02
923	1.97231e+02	9.23000e+02	9.78002e-01	1.97667e+02
924	1.97575e+02	9.24000e+02	9.77855e-01	1.98000e+02
925	1.97897e+02	9.25000e+02	9.77720e-01	1.98333e+02
926	1.98246e+02	9.26000e+02	9.77588e-01	1.98667e+02
927	1.98576e+02	9.27000e+02	9.77457e-01	1.99000e+02
928	1.98920e+02	9.28000e+02	9.77327e-01	1.99333e+02
929	1.99254e+02	9.29000e+02	9.77198e-01	1.99667e+02
930	1.99584e+02	9.30000e+02	9.77072e-01	2.00000e+02
931	1.99926e+02	9.31000e+02	9.76946e-01	2.00333e+02
932	2.00259e+02	9.32000e+02	9.76819e-01	2.00667e+02
933	2.00607e+02	9.33000e+02	9.76685e-01	2.01000e+02
934	2.00934e+02	9.34000e+02	9.76549e-01	2.01333e+02
935	2.01287e+02	9.35000e+02	9.76412e-01	2.01667e+02
936	2.01623e+02	9.36000e+02	9.76266e-01	2.02000e+02
937	2.01950e+02	9.37000e+02	9.76127e-01	2.02333e+02
938	2.02284e+02	9.38000e+02	9.75990e-01	2.02667e+02
939	2.02626e+02	9.39000e+02	9.75853e-01	2.03000e+02
940	2.02970e+02	9.40000e+02	9.75724e-01	2.03333e+02
941	2.03310e+02	9.41000e+02	9.75593e-01	2.03667e+02
942	2.03656e+02	9.42000e+02	9.75462e-01	2.04000e+02
943	2.03994e+02	9.43000e+02	9.75332e-01	2.04333e+02
944	2.04322e+02	9.44000e+02	9.75202e-01	2.04667e+02
945	2.04658e+02	9.45000e+02	9.75068e-01	2.05000e+02
946	2.04995e+02	9.46000e+02	9.74933e-01	2.05333e+02
947	2.05328e+02	9.47000e+02	9.74797e-01	2.05667e+02
948	2.05676e+02	9.48000e+02	9.74653e-01	2.06000e+02
949	2.06010e+02	9.49000e+02	9.74514e-01	2.06333e+02
950	2.06350e+02	9.50000e+02	9.74375e-01	2.06667e+02
951	2.06680e+02	9.51000e+02	9.74236e-01	2.07000e+02
952	2.07026e+02	9.52000e+02	9.74098e-01	2.07333e+02
953	2.07354e+02	9.53000e+02	9.73959e-01	2.07667e+02
954	2.07694e+02	9.54000e+02	9.73818e-01	2.08000e+02
955	2.08036e+02	9.55000e+02	9.73677e-01	2.08333e+02
956	2.08377e+02	9.56000e+02	9.73540e-01	2.08667e+02
957	2.08710e+02	9.57000e+02	9.73404e-01	2.09000e+02
958	2.09052e+02	9.58000e+02	9.73271e-01	2.09333e+02
959	2.09392e+02	9.59000e+02	9.73140e-01	2.09667e+02
960	2.09732e+02	9.60000e+02	9.73020e-01	2.10000e+02
961	2.10075e+02	9.61000e+02	9.72900e-01	2.10333e+02
962	2.10407e+02	9.62000e+02	9.72783e-01	2.10667e+02
963	2.10747e+02	9.63000e+02	9.72669e-01	2.11000e+02
964	2.11073e+02	9.64000e+02	9.72571e-01	2.11333e+02
965	2.11411e+02	9.65000e+02	9.72472e-01	2.11667e+02
966	2.11752e+02	9.66000e+02	9.72376e-01	2.12000e+02
967	2.12092e+02	9.67000e+02	9.72279e-01	2.12333e+02
968	2.12420e+02	9.68000e+02	9.72185e-01	2.12667e+02
969	2.12756e+02	9.69000e+02	9.72078e-01	2.13000e+02
970	2.13101e+02	9.70000e+02	9.71964e-01	2.13333e+02
971	2.13435e+02	9.71000e+02	9.71844e-01	2.13667e+02
972	2.13792e+02	9.72000e+02	9.71699e-01	2.14000e+02
973	2.14123e+02	9.73000e+02	9.71560e-01	2.14333e+02
974	2.14454e+02	9.74000e+02	9.71418e-01	2.14667e+02
975	2.14805e+02	9.75000e+02	9.71274e-01	2.15000e+02
976	2.15140e+02	9.76000e+02	9.71121e-01	2.15333e+02
977	2.15478e+02	9.77000e+02	9.70977e-01	2.15667e+02
978	2.15801e+02	9.78000e+02	9.70837e-01	2.16000e+02
979	2.16141e+02	9.79000e+02	9.70698e-01	2.16333e+02
980	2.16485e+02	9.80000e+02	9.70567e-01	2.16667e+02
981	2.16828e+02	9.81000e+02	9.70433e-01	2.17000e+02
982	2.17166e+02	9.82000e+02	9.70297e-01	2.17333e+02
983	2.17500e+02	9.83000e+02	9.70160e-01	2.17667e+02
984	2.17834e+02	9.84000e+02	9.70019e-01	2.18000e+02
985	2.18170e+02	9.85000e+02	9.69879e-01	2.18333e+02
986	2.18513e+02	9.86000e+02	9.69740e-01	2.18667e+02
987	2.18843e+02	9.87000e+02	9.69600e-01	2.19000e+02
988	2.19181e+02	9.88000e+02	9.69456e-01	2.19333e+02
989	2.19527e+02	9.89000e+02	9.69319e-01	2.19667e+02
990	2.19859e+02	9.90000e+02	9.69187e-01	2.20000e+02
991	2.20190e+02	9.91000e+02	9.69058e-01	2.20333e+02
992	2.20538e+02	9.92000e+02	9.68943e-01	2.20667e+02
993	2.20872e+02	9.93000e+02	9.68828e-01	2.21000e+02
994	2.21207e+02	9.94000e+02	9.68714e-01	2.21333e+02
995	2.21540e+02	9.95000e+02	9.68602e-01	2.21667e+02
996	2.21882e+02	9.96000e+02	9.68498e-01	2.22000e+02
997	2.22227e+02	9.97000e+02	9.68385e-01	2.22333e+02
998	2.22554e+02	9.98000e+02	9.68268e-01	2.22667e+02
999	2.22891e+02	9.99000e+02	9.68148e-01	2.23000e+02
1000	2.23227e+02	1.00000e+03	9.68012e-01	2.23333e+02
1001	2.23571e+02	1.00100e+03	9.67878e-01	2.23667e+02
1002	2.23906e+02	1.00200e+03	9.67741e-01	2.24000e+02
1003	2.24255e+02	1.00300e+03	9.67599e-01	2.24333e+02
1004	2.24588e+02	1.00400e+03	9.67437e-01	2.24667e+02
1005	2.24924e+02	1.00500e+03	9.67277e-01	2.25000e+02
1006	2.25265e+02	1.00600e+03	9.67113e-01	2.25333e+02
1007	2.25600e+02	1.00700e+03	9.66947e-01	2.25667e+02
1008	2.25937e+02	1.00800e+03	9.66767e-01	2.26000e+02
1009	2.26277e+02	1.00900e+03	9.66599e-01	2.26333e+02
1010	2.26607e+02	1.01000e+03	9.66437e-01	2.26667e+02
1011	2.26941e+02	1.01100e+03	9.66279e-01	2.27000e+02
1012	2.27279e+02	1.01200e+03	9.66139e-01	2.27333e+02
1013	2.27619e+02	1.01300e+03	9.66001e-01	2.27667e+02
1014	2.27958e+02	1.01400e+03	9.65868e-01	2.28000e+02
1015	2.28296e+02	1.01500e+03	9.65740e-01	2.28333e+02
1016	2.28639e+02	1.01600e+03	9.65632e-01	2.28667e+02
1017	2.28970e+02	1.01700e+03	9.65510e-01	2.29000e+02
1018	2.29304e+02	1.01800e+03	9.65387e-01	2.29333e+02
1019	2.29645e+02	1.01900e+03	9.65264e-01	2.29667e+02
1020	2.29982e+02	1.02000e+03	9.65134e-01	2.30000e+02
1021	2.30322e+02	1.02100e+03	9.65003e-01	2.30333e+02
1022	2.30662e+02	1.02200e+03	9.64867e-01	2.30667e+02
1023	2.31001e+02	1.02300e+03	9.64729e-01	2.31000e+02
1024	2.31341e+02	1.02400e+03	9.64579e-01	2.31333e+02
1025	2.31673e+02	1.02500e+03	9.64431e-01	2.31667e+02
1026	2.32029e+02	1.02600e+03	9.64285e-01	2.32000e+02
1027	2.32353e+02	1.02700e+03	9.64140e-01	2.32333e+02
1028	2.32697e+02	1.02800e+03	9.63997e-01	2.32667e+02
1029	2.33040e+02	1.02900e+03	9.63861e-01	2.33000e+02
1030	2.33373e+02	1.03000e+03	9.63729e-01	2.33333e+02
1031	2.33701e+02	1.03100e+03	9.63599e-01	2.33667e+02
1032	2.34039e+02	1.03200e+03	9.63480e-01	2.34000e+02
1033	2.34376e+02	1.03300e+03	9.63353e-01	2.34333e+02
1034	2.34711e+02	1.03400e+03	9.63225e-01	2.34667e+02
1035	2.35049e+02	1.03500e+03	9.63098e-01	2.35000e+02
1036	2.35386e+02	1.03600e+03	9.62969e-01	2.35333e+02
1037	2.35715e+02	1.03700e+03	9.62844e-01	2.35667e+02
1038	2.36061e+02	1.03800e+03	9.62717e-01	2.36000e+02
1039	2.36397e+02	1.03900e+03	9.62589e-01	2.36333e+02
1040	2.36730e+02	1.04000e+03	9.62456e-01	2.36667e+02
1041	2.37089e+02	1.04100e+03	9.62315e-01	2.37000e+02
1042	2.37414e+02	1.04200e+03	9.62166e-01	2.37333e+02
1043	2.37749e+02	1.04300e+03	9.62015e-01	2.37667e+02
1044	2.38094e+02	1.04400e+03	9.61849e-01	2.38000e+02
1045	2.38426e+02	1.04500e+03	9.61698e-01	2.38333e+02
1046	2.38767e+02	1.04600e+03	9.61554e-01	2.38667e+02
1047	2.39102e+02	1.04700e+03	9.61413e-01	2.39000e+02
1048	2.39438e+02	1.04800e+03	9.61288e-01	2.39333e+02
1049	2.39781e+02	1.04900e+03	9.61159e-01	2.39667e+02
1050	2.40107e+02	1.05000e+03	9.61028e-01	2.40000e+02
1051	2.40447e+02	1.05100e+03	9.60895e-01	2.40333e+02
1052	2.40780e+02	1.05200e+03	9.60772e-01	2.40667e+02
1053	2.41122e+02	1.05300e+03	9.60644e-01	2.41000e+02
1054	2.41451e+02	1.05400e+03	9.60513e-01	2.41333e+02
1055	2.41799e+02	1.05500e+03	9.60380e-01	2.41667e+02
1056	2.42133e+02	1.05600e+03	9.60246e-01	2.42000e+02
1057	2.42478e+02	1.05700e+03	9.60115e-01	2.42333e+02
1058	2.42813e+02	1.05800e+03	9.59982e-01	2.42667e+02
1059	2.43148e+02	1.05900e+03	9.59848e-01	2.43000e+02
1060	2.43477e+02	1.06000e+03	9.59710e-01	2.43333e+02
1061	2.43808e+02	1.06100e+03	9.59569e-01	2.43667e+02
1062	2.44148e+02	1.06200e+03	9.59425e-01	2.44000e+02
1063	2.44486e+02	1.06300e+03	9.59278e-01	2.44333e+02
1064	2.44821e+02	1.06400e+03	9.59118e-01	2.44667e+02
1065	2.45161e+02	1.06500e+03	9.58964e-01	2.45000e+02
1066	2.45496e+02	1.06600e+03	9.58815e-01	2.45333e+02
1067	2.45832e+02	1.06700e+03	9.58668e-01	2.45667e+02
1068	2.46168e+02	1.06800e+03	9.58527e-01	2.46000e+02
1069	2.46506e+02	1.06900e+03	9.58389e-01	2.46333e+02
1070	2.46847e+02	1.07000e+03	9.58254e-01	2.46667e+02
1071	2.47180e+02	1.07100e+03	9.58121e-01	2.47000e+02
1072	2.47509e+02	1.07200e+03	9.58006e-01	2.47333e+02
1073	2.47851e+02	1.07300e+03	9.57881e-01	2.47667e+02
1074	2.48189e+02	1.07400e+03	9.57755e-01	2.48000e+02
1075	2.48531e+02	1.07500e+03	9.57631e-01	2.48333e+02
1076	2.48874e+02	1.07600e+03	9.57511e-01	2.48667e+02
1077	2.49205e+02	1.07700e+03	9.57391e-01	2.49000e+02
1078	2.49535e+02	1.07800e+03	9.57273e-01	2.49333e+02
1079	2.49882e+02	1.07900e+03	9.57155e-01	2.49667e+02
1080	2.50221e+02	1.08000e+03	9.57038e-01	2.50000e+02
1081	2.50552e+02	1.08100e+03	9.56915e-01	2.50333e+02
1082	2.50882e+02	1.08200e+03	9.56787e-01	2.50667e+02
1083	2.51216e+02	1.08300e+03	9.56656e-01	2.51000e+02
1084	2.51551e+02	1.08400e+03	9.56517e-01	2.51333e+02
1085	2.51882e+02	1.08500e+03	9.56381e-01	2.51667e+02
1086	2.52230e+02	1.08600e+03	9.56243e-01	2.52000e+02
1087	2.52566e+02	1.08700e+03	9.56103e-01	2.52333e+02
1088	2.52890e+02	1.08800e+03	9.55955e-01	2.52667e+02
1089	2.53240e+02	1.08900e+03	9.55811e-01	2.53000e+02
1090	2.53574e+02	1.09000e+03	9.55668e-01	2.53333e+02
1091	2.53909e+02	1.09100e+03	9.55526e-01	2.53667e+02
1092	2.54241e+02	1.09200e+03	9.55382e-01	2.54000e+02
1093	2.54591e+02	1.09300e+03	9.55244e-01	2.54333e+02
1094	2.54921e+02	1.09400e+03	9.55111e-01	2.54667e+02
1095	2.55253e+02	1.09500e+03	9.54980e-01	2.55000e+02
1096	2.55587e+02	1.09600e+03	9.54862e-01	2.55333e+02
1097	2.55921e+02	1.09700e+03	9.54741e-01	2.55667e+02
1098	2.56250e+02	1.09800e+03	9.54622e-01	2.56000e+02
1099	2.56603e+02	1.09900e+03	9.54502e-01	2.56333e+02
1100	2.56939e+02	1.10000e+03	9.54386e-01	2.56667e+02
1101	2.57282e+02	1.10100e+03	9.54267e-01	2.57000e+02
1102	2.57615e+02	1.10200e+03	9.54147e-01	2.57333e+02
1103	2.57947e+02	1.10300e+03	9.54024e-01	2.57667e+02
1104	2.58277e+02	1.10400e+03	9.53898e-01	2.58000e+02
1105	2.58617e+02	1.10500e+03	9.53774e-01	2.58333e+02
1106	2.58943e+02	1.10600e+03	9.53647e-01	2.58667e+02
1107	2.59297e+02	1.10700e+03	9.53517e-01	2.59000e+02
1108	2.59623e+02	1.10800e+03	9.53380e-01	2.59333e+02
1109	2.59963e+02	1.10900e+03	9.53243e-01	2.59667e+02
1110	2.60300e+02	1.11000e+03	9.53107e-01	2.60000e+02
1111	2.60644e+02	1.11100e+03	9.52972e-01	2.60333e+02
1112	2.60975e+02	1.11200e+03	9.52827e-01	2.60667e+02
1113	2.61303e+02	1.11300e+03	9.52685e-01	2.61000e+02
1114	2.61645e+02	1.11400e+03	9.52543e-01	2.61333e+02
1115	2.61988e+02	1.11500e+03	9.52399e-01	2.61667e+02
1116	2.62318e+02	1.11600e+03	9.52252e-01	2.62000e+02
1117	2.62652e+02	1.11700e+03	9.52104e-01	2.62333e+02
1118	2.62993e+02	1.11800e+03	9.51955e-01	2.62667e+02
1119	2.63330e+02	1.11900e+03	9.51806e-01	2.63000e+02
1120	2.63651e+02	1.12000e+03	9.51658e-01	2.63333e+02
1121	2.63992e+02	1.12100e+03	9.51519e-01	2.63667e+02
1122	2.64331e+02	1.12200e+03	9.51385e-01	2.64000e+02
1123	2.64669e+02	1.12300e+03	9.51257e-01	2.64333e+02
1124	2.65012e+02	1.12400e+03	9.51150e-01	2.64667e+02
1125	2.65347e+02	1.12500e+03	9.51040e-01	2.65000e+02
1126	2.65669e+02	1.12600e+03	9.50932e-01	2.65333e+02
1127	2.66002e+02	1.12700e+03	9.50827e-01	2.65667e+02
1128	2.66340e+02	1.12800e+03	9.50738e-01	2.66000e+02
1129	2.66685e+02	1.12900e+03	9.50645e-01	2.66333e+02
1130	2.67019e+02	1.13000e+03	9.50556e-01	2.66667e+02
1131	2.67346e+02	1.13100e+03	9.50469e-01	2.67000e+02
1132	2.67685e+02	1.13200e+03	9.50382e-01	2.67333e+02
1133	2.68019e+02	1.13300e+03	9.50286e-01	2.67667e+02
1134	2.68357e+02	1.13400e+03	9.50182e-01	2.68000e+02
1135	2.68689e+02	1.13500e+03	9.50074e-01	2.68333e+02
1136	2.69029e+02	1.13600e+03	9.49944e-01	2.68667e+02
1137	2.69359e+02	1.13700e+03	9.49817e-01	2.69000e+02
1138	2.69701e+02	1.13800e+03	9.49685e-01	2.69333e+02
1139	2.70036e+02	1.13900e+03	9.49551e-01	2.69667e+02
1140	2.70371e+02	1.14000e+03	9.49398e-01	2.70000e+02
1141	2.70703e+02	1.14100e+03	9.49255e-01	2.70333e+02
1142	2.71035e+02	1.14200e+03	9.49116e-01	2.70667e+02
1143	2.71381e+02	1.14300e+03	9.48980e-01	2.71000e+02
1144	2.71704e+02	1.14400e+03	9.48849e-01	2.71333e+02
1145	2.72040e+02	1.14500e+03	9.48717e-01	2.71667e+02
1146	2.72371e+02	1.14600e+03	9.48589e-01	2.72000e+02
1147	2.72706e+02	1.14700e+03	9.48462e-01	2.72333e+02
1148	2.73049e+02	1.14800e+03	9.48337e-01	2.72667e+02
1149	2.73397e+02	1.14900e+03	9.48210e-01	2.73000e+02
1150	2.73724e+02	1.15000e+03	9.48083e-01	2.73333e+02
1151	2.74063e+02	1.15100e+03	9.47956e-01	2.73667e+02
1152	2.74404e+02	1.15200e+03	9.47823e-01	2.74000e+02
1153	2.74731e+02	1.15300e+03	9.47690e-01	2.74333e+02
1154	2.75057e+02	1.15400e+03	9.47557e-01	2.74667e+02
1155	2.75412e+02	1.15500e+03	9.47423e-01	2.75000e+02
1156	2.75740e+02	1.15600e+03	9.47290e-01	2.75333e+02
1157	2.76071e+02	1.15700e+03	9.47163e-01	2.75667e+02
1158	2.76409e+02	1.15800e+03	9.47038e-01	2.76000e+02
1159	2.76741e+02	1.15900e+03	9.46914e-01	2.76333e+02
1160	2.77080e+02	1.16000e+03	9.46794e-01	2.76667e+02
1161	2.77415e+02	1.16100e+03	9.46667e-01	2.77000e+02
1162	2.77753e+02	1.16200e+03	9.46534e-01	2.77333e+02
1163	2.78085e+02	1.16300e+03	9.46396e-01	2.77667e+02
1164	2.78426e+02	1.16400e+03	9.46238e-01	2.78000e+02
1165	2.78766e+02	1.16500e+03	9.46082e-01	2.78333e+02
1166	2.79097e+02	1.16600e+03	9.45925e-01	2.78667e+02
1167	2.79428e+02	1.16700e+03	9.45766e-01	2.79000e+02
1168	2.79757e+02	1.16800e+03	9.45592e-01	2.79333e+02
1169	2.80100e+02	1.16900e+03	9.45428e-01	2.79667e+02
1170	2.80435e+02	1.17000e+03	9.45268e-01	2.80000e+02
1171	2.80764e+02	1.17100e+03	9.45108e-01	2.80333e+02
1172	2.81101e+02	1.17200e+03	9.44955e-01	2.80667e+02
1173	2.81436e+02	1.17300e+03	9.44799e-01	2.81000e+02
1174	2.81781e+02	1.17400e+03	9.44643e-01	2.81333e+02
1175	2.82110e+02	1.17500e+03	9.44488e-01	2.81667e+02
1176	2.82438e+02	1.17600e+03	9.44333e-01	2.82000e+02
1177	2.82788e+02	1.17700e+03	9.44178e-01	2.82333e+02
1178	2.83117e+02	1.17800e+03	9.44020e-01	2.82667e+02
1179	2.83445e+02	1.17900e+03	9.43858e-01	2.83000e+02
1180	2.83782e+02	1.18000e+03	9.43683e-01	2.83333e+02
1181	2.84125e+02	1.18100e+03	9.43504e-01	2.83667e+02
1182	2.84461e+02	1.18200e+03	9.43321e-01	2.84000e+02
1183	2.84785e+02	1.18300e+03	9.43138e-01	2.84333e+02
1184	2.85122e+02	1.18400e+03	9.42941e-01	2.84667e+02
1185	2.85451e+02	1.18500e+03	9.42755e-01	2.85000e+02
1186	2.85793e+02	1.18600e+03	9.42571e-01	2.85333e+02
1187	2.86132e+02	1.18700e+03	9.42389e-01	2.85667e+02
1188	2.86458e+02	1.18800e+03	9.42222e-01	2.86000e+02
1189	2.86793e+02	1.18900e+03	9.42050e-01	2.86333e+02
1190	2.87128e+02	1.19000e+03	9.41876e-01	2.86667e+02
1191	2.87463e+02	1.19100e+03	9.41703e-01	2.87000e+02
1192	2.87803e+02	1.19200e+03	9.41531e-01	2.87333e+02
1193	2.88140e+02	1.19300e+03	9.41355e-01	2.87667e+02
1194	2.88470e+02	1.19400e+03	9.41177e-01	2.88000e+02
1195	2.88808e+02	1.19500e+03	9.40997e-01	2.88333e+02
1196	2.89138e+02	1.19600e+03	9.40807e-01	2.88667e+02
1197	2.89468e+02	1.19700e+03	9.40618e-01	2.89000e+02
1198	2.89806e+02	1.19800e+03	9.40426e-01	2.89333e+02
1199	2.90146e+02	1.19900e+03	9.40232e-01	2.89667e+02
1200	2.90477e+02	1.20000e+03	9.40025e-01	2.90000e+02
1201	2.90816e+02	1.20100e+03	9.39819e-01	2.90333e+02
1202	2.91155e+02	1.20200e+03	9.39609e-01	2.90667e+02
1203	2.91493e+02	1.20300e+03	9.39397e-01	2.91000e+02
1204	2.91831e+02	1.20400e+03	9.39174e-01	2.91333e+02
1205	2.92150e+02	1.20500e+03	9.38957e-01	2.91667e+02
1206	2.92485e+02	1.20600e+03	9.38738e-01	2.92000e+02
1207	2.92833e+02	1.20700e+03	9.38518e-01	2.92333e+02
1208	2.93159e+02	1.20800e+03	9.38290e-01	2.92667e+02
1209	2.93487e+02	1.20900e+03	9.38061e-01	2.93000e+02
1210	2.93830e+02	1.21000e+03	9.37830e-01	2.93333e+02
1211	2.94165e+02	1.21100e+03	9.37598e-01	2.93667e+02
1212	2.94502e+02	1.21200e+03	9.37354e-01	2.94000e+02
1213	2.94834e+02	1.21300e+03	9.37114e-01	2.94333e+02
1214	2.95183e+02	1.21400e+03	9.36873e-01	2.94667e+02
1215	2.95508e+02	1.21500e+03	9.36630e-01	2.95000e+02
1216	2.95843e+02	1.21600e+03	9.36378e-01	2.95333e+02
1217	2.96176e+02	1.21700e+03	9.36122e-01	2.95667e+02
1218	2.96520e+02	1.21800e+03	9.35862e-01	2.96000e+02
1219	2.96855e+02	1.21900e+03	9.35597e-01	2.96333e+02
1220	2.97172e+02	1.22000e+03	9.35314e-01	2.96667e+02
1221	2.97503e+02	1.22100e+03	9.35037e-01	2.97000e+02
1222	2.97842e+02	1.22200e+03	9.34761e-01	2.97333e+02
1223	2.98180e+02	1.22300e+03	9.34484e-01	2.97667e+02
1224	2.98515e+02	1.22400e+03	9.34200e-01	2.98000e+02
1225	2.98841e+02	1.22500e+03	9.33920e-01	2.98333e+02
1226	2.99180e+02	1.22600e+03	9.33639e-01	2.98667e+02
1227	2.99507e+02	1.22700e+03	9.33357e-01	2.99000e+02
1228	2.99845e+02	1.22800e+03	9.33072e-01	2.99333e+02
1229	3.00179e+02	1.22900e+03	9.32781e-01	2.99667e+02
1230	3.00506e+02	1.23000e+03	9.32487e-01	3.00000e+02
1231	3.00856e+02	1.23100e+03	9.32192e-01	3.00333e+02
1232	3.01184e+02	1.23200e+03	9.31885e-01	3.00667e+02
1233	3.01515e+02	1.23300e+03	9.31586e-01	3.01000e+02
1234	3.01857e+02	1.23400e+03	9.31288e-01	3.01333e+02
1235	3.02176e+02	1.23500e+03	9.30988e-01	3.01667e+02
1236	3.02515e+02	1.23600e+03	9.30686e-01	3.02000e+02
1237	3.02860e+02	1.23700e+03	9.30377e-01	3.02333e+02
1238	3.03190e+02	1.23800e+03	9.30061e-01	3.02667e+02
1239	3.03524e+02	1.23900e+03	9.29740e-01	3.03000e+02
1240	3.03855e+02	1.24000e+03	9.29398e-01	3.03333e+02
1241	3.04192e+02	1.24100e+03	9.29058e-01	3.03667e+02
1242	3.04526e+02	1.24200e+03	9.28714e-01	3.04000e+02
1243	3.04858e+02	1.24300e+03	9.28364e-01	3.04333e+02
1244	3.05204e+02	1.24400e+03	9.27990e-01	3.04667e+02
1245	3.05534e+02	1.24500e+03	9.27620e-01	3.05000e+02
1246	3.05869e+02	1.24600e+03	9.27244e-01	3.05333e+02
1247	3.06194e+02	1.24700e+03	9.26862e-01	3.05667e+02
1248	3.06540e+02	1.24800e+03	9.26458e-01	3.06000e+02
1249	3.06860e+02	1.24900e+03	9.26060e-01	3.06333e+02
1250	3.07207e+02	1.25000e+03	9.25662e-01	3.06667e+02
1251	3.07532e+02	1.25100e+03	9.25265e-01	3.07000e+02
1252	3.07862e+02	1.25200e+03	9.24865e-01	3.07333e+02
1253	3.08203e+02	1.25300e+03	9.24475e-01	3.07667e+02
1254	3.08548e+02	1.25400e+03	9.24093e-01	3.08000e+02
1255	3.08867e+02	1.25500e+03	9.23714e-01	3.08333e+02
1256	3.09196e+02	1.25600e+03	9.23353e-01	3.08667e+02
1257	3.09540e+02	1.25700e+03	9.22984e-01	3.09000e+02
1258	3.09869e+02	1.25800e+03	9.22615e-01	3.09333e+02
1259	3.10210e+02	1.25900e+03	9.22248e-01	3.09667e+02
1260	3.10544e+02	1.26000e+03	9.21883e-01	3.10000e+02
1261	3.10881e+02	1.26100e+03	9.21514e-01	3.10333e+02
1262	3.11215e+02	1.26200e+03	9.21142e-01	3.10667e+02
1263	3.11552e+02	1.26300e+03	9.20767e-01	3.11000e+02
1264	3.11889e+02	1.26400e+03	9.20382e-01	3.11333e+02
1265	3.12223e+02	1.26500e+03	9.19996e-01	3.11667e+02
1266	3.12550e+02	1.26600e+03	9.19607e-01	3.12000e+02
1267	3.12879e+02	1.26700e+03	9.19218e-01	3.12333e+02
1268	3.13226e+02	1.26800e+03	9.18817e-01	3.12667e+02
1269	3.13558e+02	1.26900e+03	9.18423e-01	3.13000e+02
1270	3.13880e+02	1.27000e+03	9.18031e-01	3.13333e+02
1271	3.14220e+02	1.27100e+03	9.17639e-01	3.13667e+02
1272	3.14552e+02	1.27200e+03	9.17252e-01	3.14000e+02
1273	3.14885e+02	1.27300e+03	9.16862e-01	3.14333e+02
1274	3.15220e+02	1.27400e+03	9.16472e-01	3.14667e+02
1275	3.15556e+02	1.27500e+03	9.16081e-01	3.15000e+02
1276	3.15895e+02	1.27600e+03	9.15689e-01	3.15333e+02
1277	3.16234e+02	1.27700e+03	9.15295e-01	3.15667e+02
1278	3.16571e+02	1.27800e+03	9.14899e-01	3.16000e+02
1279	3.16882e+02	1.27900e+03	9.14502e-01	3.16333e+02
1280	3.17223e+02	1.28000e+03	9.14097e-01	3.16667e+02
1281	3.17573e+02	1.28100e+03	9.13693e-01	3.17000e+02
1282	3.17903e+02	1.28200e+03	9.13288e-01	3.17333e+02
1283	3.18229e+02	1.28300e+03	9.12881e-01	3.17667e+02
1284	3.18559e+02	1.28400e+03	9.12468e-01	3.18000e+02
1285	3.18900e+02	1.28500e+03	9.12057e-01	3.18333e+02
1286	3.19233e+02	1.28600e+03	9.11644e-01	3.18667e+02
1287	3.19560e+02	1.28700e+03	9.11228e-01	3.19000e+02
1288	3.19902e+02	1.28800e+03	9.10804e-01	3.19333e+02
1289	3.20226e+02	1.28900e+03	9.10380e-01	3.19667e+02
1290	3.20559e+02	1.29000e+03	9.09954e-01	3.20000e+02
1291	3.20902e+02	1.29100e+03	9.09528e-01	3.20333e+02
1292	3.21233e+02	1.29200e+03	9.09090e-01	3.20667e+02
1293	3.21564e+02	1.29300e+03	9.08655e-01	3.21000e+02
1294	3.21896e+02	1.29400e+03	9.08221e-01	3.21333e+02
1295	3.22234e+02	1.29500e+03	9.07785e-01	3.21667e+02
1296	3.22557e+02	1.29600e+03	9.07344e-01	3.22000e+02
1297	3.22905e+02	1.29700e+03	9.06902e-01	3.22333e+02
1298	3.23235e+02	1.29800e+03	9.06458e-01	3.22667e+02
1299	3.23564e+02	1.29900e+03	9.06013e-01	3.23000e+02
1300	3.23902e+02	1.30000e+03	9.05560e-01	3.23333e+02
1301	3.24228e+02	1.30100e+03	9.05104e-01	3.23667e+02
1302	3.24565e+02	1.30200e+03	9.04641e-01	3.24000e+02
1303	3.24893e+02	1.30300e+03	9.04174e-01	3.24333e+02
1304	3.25230e+02	1.30400e+03	9.03686e-01	3.24667e+02
1305	3.25555e+02	1.30500e+03	9.03200e-01	3.25000e+02
1306	3.25891e+02	1.30600e+03	9.02711e-01	3.25333e+02
1307	3.26228e+02	1.30700e+03	9.02220e-01	3.25667e+02
1308	3.26560e+02	1.30800e+03	9.01708e-01	3.26000e+02
1309	3.26894e+02	1.30900e+03	9.01202e-01	3.26333e+02
1310	3.27226e+02	1.31000e+03	9.00692e-01	3.26667e+02
1311	3.27565e+02	1.31100e+03	9.00179e-01	3.27000e+02
1312	3.27892e+02	1.31200e+03	8.99653e-01	3.27333e+02
1313	3.28225e+02	1.31300e+03	8.99124e-01	3.27667e+02
1314	3.28566e+02	1.31400e+03	8.98588e-01	3.28000e+02
1315	3.28893e+02	1.31500e+03	8.98047e-01	3.28333e+02
1316	3.29230e+02	1.31600e+03	8.97477e-01	3.28667e+02
1317	3.29556e+02	1.31700e+03	8.96906e-01	3.29000e+02
1318	3.29898e+02	1.31800e+03	8.96324e-01	3.29333e+02
1319	3.30228e+02	1.31900e+03	8.95733e-01	3.29667e+02
1320	3.30565e+02	1.32000e+03	8.95100e-01	3.30000e+02
1321	3.30898e+02	1.32100e+03	8.94471e-01	3.30333e+02
1322	3.31228e+02	1.32200e+03	8.93833e-01	3.30667e+02
1323	3.31558e+02	1.32300e+03	8.93185e-01	3.31000e+02
1324	3.31890e+02	1.32400e+03	8.92492e-01	3.31333e+02
1325	3.32225e+02	1.32500e+03	8.91808e-01	3.31667e+02
1326	3.32558e+02	1.32600e+03	8.91116e-01	3.32000e+02
1327	3.32891e+02	1.32700e+03	8.90417e-01	3.32333e+02
1328	3.33217e+02	1.32800e+03	8.89681e-01	3.32667e+02
1329	3.33558e+02	1.32900e+03	8.88951e-01	3.33000e+02
1330	3.33888e+02	1.33000e+03	8.88211e-01	3.33333e+02
1331	3.34217e+02	1.33100e+03	8.87462e-01	3.33667e+02
1332	3.34560e+02	1.33200e+03	8.86674e-01	3.34000e+02
1333	3.34889e+02	1.33300e+03	8.85888e-01	3.34333e+02
1334	3.35228e+02	1.33400e+03	8.85090e-01	3.34667e+02
1335	3.35554e+02	1.33500e+03	8.84281e-01	3.35000e+02
1336	3.35885e+02	1.33600e+03	8.83418e-01	3.35333e+02
1337	3.36226e+02	1.33700e+03	8.82561e-01	3.35667e+02
1338	3.36552e+02	1.33800e+03	8.81694e-01	3.36000e+02
1339	3.36887e+02	1.33900e+03	8.80815e-01	3.36333e+02
1340	3.37217e+02	1.34000e+03	8.79881e-01	3.36667e+02
1341	3.37541e+02	1.34100e+03	8.78955e-01	3.37000e+02
1342	3.37878e+02	1.34200e+03	8.78018e-01	3.37333e+02
1343	3.38216e+02	1.34300e+03	8.77070e-01	3.37667e+02
1344	3.38548e+02	1.34400e+03	8.76067e-01	3.38000e+02
1345	3.38886e+02	1.34500e+03	8.75068e-01	3.38333e+02
1346	3.39212e+02	1.34600e+03	8.74056e-01	3.38667e+02
1347	3.39542e+02	1.34700e+03	8.73030e-01	3.39000e+02
1348	3.39876e+02	1.34800e+03	8.71936e-01	3.39333e+02
1349	3.40213e+02	1.34900e+03	8.70846e-01	3.39667e+02
1350	3.40540e+02	1.35000e+03	8.69739e-01	3.40000e+02
1351	3.40872e+02	1.35100e+03	8.68617e-01	3.40333e+02
1352	3.41204e+02	1.35200e+03	8.67411e-01	3.40667e+02
1353	3.41541e+02	1.35300e+03	8.66212e-01	3.41000e+02
1354	3.41878e+02	1.35400e+03	8.64995e-01	3.41333e+02
1355	3.42203e+02	1.35500e+03	8.63761e-01	3.41667e+02
1356	3.42530e+02	1.35600e+03	8.62438e-01	3.42000e+02
1357	3.42870e+02	1.35700e+03	8.61127e-01	3.42333e+02
1358	3.43199e+02	1.35800e+03	8.59800e-01	3.42667e+02
1359	3.43535e+02	1.35900e+03	8.58455e-01	3.43000e+02
1360	3.43871e+02	1.36000e+03	8.57020e-01	3.43333e+02
1361	3.44191e+02	1.36100e+03	8.55595e-01	3.43667e+02
1362	3.44523e+02	1.36200e+03	8.54146e-01	3.44000e+02
1363	3.44862e+02	1.36300e+03	8.52675e-01	3.44333e+02
1364	3.45184e+02	1.36400e+03	8.51096e-01	3.44667e+02
1365	3.45520e+02	1.36500e+03	8.49523e-01	3.45000e+02
1366	3.45844e+02	1.36600e+03	8.47919e-01	3.45333e+02
1367	3.46191e+02	1.36700e+03	8.46289e-01	3.45667e+02
1368	3.46513e+02	1.36800e+03	8.44532e-01	3.46000e+02
1369	3.46851e+02	1.36900e+03	8.42800e-01	3.46333e+02
1370	3.47185e+02	1.37000e+03	8.41049e-01	3.46667e+02
1371	3.47516e+02	1.37100e+03	8.39278e-01	3.47000e+02
1372	3.47839e+02	1.37200e+03	8.37404e-01	3.47333e+02
1373	3.48184e+02	1.37300e+03	8.35552e-01	3.47667e+02
1374	3.48515e+02	1.37400e+03	8.33683e-01	3.48000e+02
1375	3.48845e+02	1.37500e+03	8.31795e-01	3.48333e+02
1376	3.49173e+02	1.37600e+03	8.29815e-01	3.48667e+02
1377	3.49506e+02	1.37700e+03	8.27839e-01	3.49000e+02
1378	3.49832e+02	1.37800e+03	8.25835e-01	3.49333e+02
1379	3.50165e+02	1.37900e+03	8.23806e-01	3.49667e+02
1380	3.50506e+02	1.38000e+03	8.21653e-01	3.50000e+02
1381	3.50834e+02	1.38100e+03	8.19505e-01	3.50333e+02
1382	3.51161e+02	1.38200e+03	8.17322e-01	3.50667e+02
1383	3.51504e+02	1.38300e+03	8.15108e-01	3.51000e+02
1384	3.51833e+02	1.38400e+03	8.12742e-01	3.51333e+02
1385	3.52158e+02	1.38500e+03	8.10395e-01	3.51667e+02
1386	3.52481e+02	1.38600e+03	8.08019e-01	3.52000e+02
1387	3.52820e+02	1.38700e+03	8.05614e-01	3.52333e+02
1388	3.53145e+02	1.38800e+03	8.03057e-01	3.52667e+02
1389	3.53475e+02	1.38900e+03	8.00520e-01	3.53000e+02
1390	3.53806e+02	1.39000e+03	7.97949e-01	3.53333e+02
1391	3.54144e+02	1.39100e+03	7.95346e-01	3.53667e+02
1392	3.54467e+02	1.39200e+03	7.92584e-01	3.54000e+02
1393	3.54792e+02	1.39300e+03	7.89835e-01	3.54333e+02
1394	3.55142e+02	1.39400e+03	7.87048e-01	3.54667e+02
1395	3.55468e+02	1.39500e+03	7.84229e-01	3.55000e+02
1396	3.55802e+02	1.39600e+03	7.81231e-01	3.55333e+02
1397	3.56138e+02	1.39700e+03	7.78258e-01	3.55667e+02
1398	3.56468e+02	1.39800e+03	7.75247e-01	3.56000e+02
1399	3.56806e+02	1.39900e+03	7.72202e-01	3.56333e+02
1400	3.57128e+02	1.40000e+03	7.68978e-01	3.56667e+02
1401	3.57468e+02	1.40100e+03	7.65775e-01	3.57000e+02
1402	3.57788e+02	1.40200e+03	7.62536e-01	3.57333e+02
1403	3.58124e+02	1.40300e+03	7.59263e-01	3.57667e+02
1404	3.58448e+02	1.40400e+03	7.55810e-01	3.58000e+02
1405	3.58781e+02	1.40500e+03	7.52378e-01	3.58333e+02
1406	3.59113e+02	1.40600e+03	7.48902e-01	3.58667e+02
1407	3.59439e+02	1.40700e+03	7.45384e-01	3.59000e+02
1408	3.59771e+02	1.40800e+03	7.41666e-01	3.59333e+02
1409	3.60101e+02	1.40900e+03	7.37965e-01	3.59667e+02
1410	3.60435e+02	1.41000e+03	7.34225e-01	3.60000e+02
1411	3.60758e+02	1.41100e+03	7.30451e-01	3.60333e+02
1412	3.61100e+02	1.41200e+03	7.26483e-01	3.60667e+02
1413	3.61437e+02	1.41300e+03	7.22563e-01	3.61000e+02
1414	3.61757e+02	1.41400e+03	7.18609e-01	3.61333e+02
1415	3.62096e+02	1.41500e+03	7.14619e-01	3.61667e+02
1416	3.62421e+02	1.41600e+03	7.10453e-01	3.62000e+02
1417	3.62754e+02	1.41700e+03	7.06273e-01	3.62333e+02
1418	3.63086e+02	1.41800e+03	7.02017e-01	3.62667e+02
1419	3.63412e+02	1.41900e+03	6.97700e-01	3.63000e+02
1420	3.63747e+02	1.42000e+03	6.93087e-01	3.63333e+02
1421	3.64079e+02	1.42100e+03	6.88501e-01	3.63667e+02
1422	3.64398e+02	1.42200e+03	6.83851e-01	3.64000e+02
1423	3.64732e+02	1.42300e+03	6.79145e-01	3.64333e+02
1424	3.65056e+02	1.42400e+03	6.74149e-01	3.64667e+02
1425	3.65400e+02	1.42500e+03	6.69234e-01	3.65000e+02
1426	3.65725e+02	1.42600e+03	6.64294e-01	3.65333e+02
1427	3.66058e+02	1.42700e+03	6.59321e-01	3.65667e+02
1428	3.66388e+02	1.42800e+03	6.54173e-01	3.66000e+02
1429	3.66726e+02	1.42900e+03	6.49065e-01	3.66333e+02
1430	3.67058e+02	1.43000e+03	6.43943e-01	3.66667e+02
1431	3.67375e+02	1.43100e+03	6.38808e-01	3.67000e+02
1432	3.67705e+02	1.43200e+03	6.33569e-01	3.67333e+02
1433	3.68039e+02	1.43300e+03	6.28347e-01	3.67667e+02
1434	3.68370e+02	1.43400e+03	6.23089e-01	3.68000e+02
1435	3.68694e+02	1.43500e+03	6.17795e-01	3.68333e+02
1436	3.69033e+02	1.43600e+03	6.12366e-01	3.68667e+02
1437	3.69374e+02	1.43700e+03	6.06928e-01	3.69000e+02
1438	3.69698e+02	1.43800e+03	6.01452e-01	3.69333e+02
1439	3.70031e+02	1.43900e+03	5.95946e-01	3.69667e+02
1440	3.70362e+02	1.44000e+03	5.90250e-01	3.70000e+02
1441	3.70689e+02	1.44100e+03	5.84607e-01	3.70333e+02
1442	3.71013e+02	1.44200e+03	5.78940e-01	3.70667e+02
1443	3.71341e+02	1.44300e+03	5.73245e-01	3.71000e+02
1444	3.71677e+02	1.44400e+03	5.67418e-01	3.71333e+02
1445	3.72006e+02	1.44500e+03	5.61596e-01	3.71667e+02
1446	3.72341e+02	1.44600e+03	5.55743e-01	3.72000e+02
1447	3.72667e+02	1.44700e+03	5.49867e-01	3.72333e+02
1448	3.73006e+02	1.44800e+03	5.43853e-01	3.72667e+02
1449	3.73333e+02	1.44900e+03	5.37887e-01	3.73000e+02
1450	3.73656e+02	1.45000e+03	5.31920e-01	3.73333e+02
1451	3.73989e+02	1.45100e+03	5.25948e-01	3.73667e+02
1452	3.74318e+02	1.45200e+03	5.19934e-01	3.74000e+02
1453	3.74647e+02	1.45300e+03	5.13939e-01	3.74333e+02
1454	3.74977e+02	1.45400e+03	5.07942e-01	3.74667e+02
1455	3.75312e+02	1.45500e+03	5.01941e-01	3.75000e+02
1456	3.75637e+02	1.45600e+03	4.95930e-01	3.75333e+02
1457	3.75985e+02	1.45700e+03	4.89914e-01	3.75667e+02
1458	3.76322e+02	1.45800e+03	4.83896e-01	3.76000e+02
1459	3.76649e+02	1.45900e+03	4.77876e-01	3.76333e+02
1460	3.76983e+02	1.46000e+03	4.71852e-01	3.76667e+02
1461	3.77311e+02	1.46100e+03	4.65846e-01	3.77000e+02
1462	3.77664e+02	1.46200e+03	4.59858e-01	3.77333e+02
1463	3.77987e+02	1.46300e+03	4.53887e-01	3.77667e+02
1464	3.78314e+02	1.46400e+03	4.47978e-01	3.78000e+02
1465	3.78650e+02	1.46500e+03	4.42060e-01	3.78333e+02
1466	3.78970e+02	1.46600e+03	4.36136e-01	3.78667e+02
1467	3.79298e+02	1.46700e+03	4.30204e-01	3.79000e+02
1468	3.79636e+02	1.46800e+03	4.24281e-01	3.79333e+02
1469	3.79964e+02	1.46900e+03	4.18319e-01	3.79667e+02
1470	3.80298e+02	1.47000e+03	4.12352e-01	3.80000e+02
1471	3.80638e+02	1.47100e+03	4.06390e-01	3.80333e+02
1472	3.80958e+02	1.47200e+03	4.00411e-01	3.80667e+02
1473	3.81281e+02	1.47300e+03	3.94501e-01	3.81000e+02
1474	3.81619e+02	1.47400e+03	3.88634e-01	3.81333e+02
1475	3.81957e+02	1.47500e+03	3.82788e-01	3.81667e+02
1476	3.82287e+02	1.47600e+03	3.77062e-01	3.82000e+02
1477	3.82615e+02	1.47700e+03	3.71278e-01	3.82333e+02
1478	3.82953e+02	1.47800e+03	3.65476e-01	3.82667e+02
1479	3.83283e+02	1.47900e+03	3.59662e-01	3.83000e+02
1480	3.83604e+02	1.48000e+03	3.53827e-01	3.83333e+02
1481	3.83940e+02	1.48100e+03	3.47973e-01	3.83667e+02
1482	3.84278e+02	1.48200e+03	3.42110e-01	3.84000e+02
1483	3.84602e+02	1.48300e+03	3.36249e-01	3.84333e+02
1484	3.84935e+02	1.48400e+03	3.30353e-01	3.84667e+02
1485	3.85270e+02	1.48500e+03	3.24511e-01	3.85000e+02
1486	3.85607e+02	1.48600e+03	3.18699e-01	3.85333e+02
1487	3.85935e+02	1.48700e+03	3.12901e-01	3.85667e+02
1488	3.86266e+02	1.48800e+03	3.07198e-01	3.86000e+02
1489	3.86600e+02	1.48900e+03	3.01483e-01	3.86333e+02
1490	3.86940e+02	1.49000e+03	2.95793e-01	3.86667e+02
1491	3.87263e+02	1.49100e+03	2.90125e-01	3.87000e+02
1492	3.87601e+02	1.49200e+03	2.84567e-01	3.87333e+02
1493	3.87936e+02	1.49300e+03	2.79000e-01	3.87667e+02
1494	3.88261e+02	1.49400e+03	2.73456e-01	3.88000e+02
1495	3.88599e+02	1.49500e+03	2.67932e-01	3.88333e+02
1496	3.88935e+02	1.49600e+03	2.62526e-01	3.88667e+02
1497	3.89272e+02	1.49700e+03	2.57097e-01	3.89000e+02
1498	3.89600e+02	1.49800e+03	2.51691e-01	3.89333e+02
1499	3.89931e+02	1.49900e+03	2.46310e-01	3.89667e+02
1500	3.90271e+02	1.50000e+03	2.41045e-01	3.90000e+02
1501	3.90594e+02	1.50100e+03	2.35783e-01	3.90333e+02
1502	3.90938e+02	1.50200e+03	2.30561e-01	3.90667e+02
1503	3.91271e+02	1.50300e+03	2.25372e-01	3.91000e+02
1504	3.91605e+02	1.50400e+03	2.20357e-01	3.91333e+02
1505	3.91935e+02	1.50500e+03	2.15329e-01	3.91667e+02
1506	3.92271e+02	1.50600e+03	2.10351e-01	3.92000e+02
1507	3.92612e+02	1.50700e+03	2.05417e-01	3.92333e+02
1508	3.92937e+02	1.50800e+03	2.00696e-01	3.92667e+02
1509	3.93273e+02	1.50900e+03	1.95957e-01	3.93000e+02
1510	3.93609e+02	1.51000e+03	1.91272e-01	3.93333e+02
1511	3.93937e+02	1.51100e+03	1.86635e-01	3.93667e+02
1512	3.94267e+02	1.51200e+03	1.82251e-01	3.94000e+02
1513	3.94608e+02	1.51300e+03	1.77840e-01	3.94333e+02
1514	3.94952e+02	1.51400e+03	1.73485e-01	3.94667e+02
1515	3.95278e+02	1.51500e+03	1.69180e-01	3.95000e+02
1516	3.95618e+02	1.51600e+03	1.65138e-01	3.95333e+02
1517	3.95950e+02	1.51700e+03	1.61056e-01	3.95667e+02
1518	3.96290e+02	1.51800e+03	1.57024e-01	3.96000e+02
1519	3.96622e+02	1.51900e+03	1.53042e-01	3.96333e+02
1520	3.96952e+02	1.52000e+03	1.49308e-01	3.96667e+02
1521	3.97286e+02	1.52100e+03	1.45540e-01	3.97000e+02
1522	3.97617e+02	1.52200e+03	1.41824e-01	3.97333e+02
1523	3.97955e+02	1.52300e+03	1.38156e-01	3.97667e+02
1524	3.98289e+02	1.52400e+03	1.34738e-01	3.98000e+02
1525	3.98617e+02	1.52500e+03	1.31288e-01	3.98333e+02
1526	3.98958e+02	1.52600e+03	1.27892e-01	3.98667e+02
1527	3.99294e+02	1.52700e+03	1.24544e-01	3.99000e+02
1528	3.99620e+02	1.52800e+03	1.21451e-01	3.99333e+02
1529	3.99959e+02	1.52900e+03	1.18323e-01	3.99667e+02
1530	4.00292e+02	1.53000e+03	1.15250e-01	4.00000e+02
1531	4.00620e+02	1.53100e+03	1.12228e-01	4.00333e+02
1532	4.00953e+02	1.53200e+03	1.09462e-01	4.00667e+02
1533	4.01295e+02	1.53300e+03	1.06662e-01	4.01000e+02
1534	4.01631e+02	1.53400e+03	1.03912e-01	4.01333e+02
1535	4.01966e+02	1.53500e+03	1.01208e-01	4.01667e+02
1536	4.02301e+02	1.53600e+03	9.87516e-02	4.02000e+02
1537	4.02629e+02	1.53700e+03	9.62547e-02	4.02333e+02
1538	4.02962e+02	1.53800e+03	9.38066e-02	4.02667e+02
1539	4.03296e+02	1.53900e+03	9.14057e-02	4.03000e+02
1540	4.03634e+02	1.54000e+03	8.92349e-02	4.03333e+02
1541	4.03965e+02	1.54100e+03	8.70342e-02	4.03667e+02
1542	4.04305e+02	1.54200e+03	8.48794e-02	4.04000e+02
1543	4.04639e+02	1.54300e+03	8.27666e-02	4.04333e+02
1544	4.04973e+02	1.54400e+03	8.08763e-02	4.04667e+02
1545	4.05303e+02	1.54500e+03	7.89522e-02	4.05000e+02
1546	4.05655e+02	1.54600e+03	7.70789e-02	4.05333e+02
1547	4.05985e+02	1.54700e+03	7.52535e-02	4.05667e+02
1548	4.06308e+02	1.54800e+03	7.36464e-02	4.06000e+02
1549	4.06637e+02	1.54900e+03	7.20071e-02	4.06333e+02
1550	4.06971e+02	1.55000e+03	7.03979e-02	4.06667e+02
1551	4.07302e+02	1.55100e+03	6.88156e-02	4.07000e+02
1552	4.07641e+02	1.55200e+03	6.74015e-02	4.07333e+02
1553	4.07968e+02	1.55300e+03	6.59265e-02	4.07667e+02
1554	4.08298e+02	1.55400e+03	6.44706e-02	4.08000e+02
1555	4.08642e+02	1.55500e+03	6.30466e-02	4.08333e+02
1556	4.08965e+02	1.55600e+03	6.17788e-02	4.08667e+02
1557	4.09335e+02	1.55700e+03	6.05459e-02	4.09000e+02
1558	4.09625e+02	1.55800e+03	5.93333e-02	4.09333e+02
1559	4.09949e+02	1.55900e+03	5.81101e-02	4.09667e+02
1560	4.10299e+02	1.56000e+03	5.68978e-02	4.10000e+02
1561	4.10636e+02	1.56100e+03	5.55048e-02	4.10333e+02
1562	4.10963e+02	1.56200e+03	5.40491e-02	4.10667e+02
1563	4.11291e+02	1.56300e+03	5.25928e-02	4.11000e+02
1564	4.11627e+02	1.56400e+03	5.10339e-02	4.11333e+02
1565	4.11967e+02	1.56500e+03	4.97657e-02	4.11667e+02
1566	4.12298e+02	1.56600e+03	4.86833e-02	4.12000e+02
1567	4.12625e+02	1.56700e+03	4.77046e-02	4.12333e+02
1568	4.12958e+02	1.56800e+03	4.72321e-02	4.12667e+02
1569	4.13286e+02	1.56900e+03	4.65886e-02	4.13000e+02
1570	4.13629e+02	1.57000e+03	4.59359e-02	4.13333e+02
1571	4.13955e+02	1.57100e+03	4.52930e-02	4.13667e+02
1572	4.14281e+02	1.57200e+03	4.48019e-02	4.14000e+02
1573	4.14622e+02	1.57300e+03	4.41880e-02	4.14333e+02
1574	4.14951e+02	1.57400e+03	4.35418e-02	4.14667e+02
1575	4.15279e+02	1.57500e+03	4.28908e-02	4.15000e+02
1576	4.15622e+02	1.57600e+03	4.21606e-02	4.15333e+02
1577	4.15949e+02	1.57700e+03	4.15117e-02	4.15667e+02
1578	4.16288e+02	1.57800e+03	4.09044e-02	4.16000e+02
1579	4.16613e+02	1.57900e+03	4.03196e-02	4.16333e+02
1580	4.16944e+02	1.58000e+03	3.98331e-02	4.16667e+02
1581	4.17274e+02	1.58100e+03	3.93204e-02	4.17000e+02
1582	4.17597e+02	1.58200e+03	3.88160e-02	4.17333e+02
1583	4.17951e+02	1.58300e+03	3.83237e-02	4.17667e+02
1584	4.18286e+02	1.58400e+03	3.79173e-02	4.18000e+02
1585	4.18606e+02	1.58500e+03	3.75039e-02	4.18333e+02
1586	4.18941e+02	1.58600e+03	3.71110e-02	4.18667e+02
1587	4.19297e+02	1.58700e+03	3.67340e-02	4.19000e+02
1588	4.19598e+02	1.58800e+03	3.64104e-02	4.19333e+02
1589	4.19933e+02	1.58900e+03	3.60434e-02	4.19667e+02
1590	4.20265e+02	1.59000e+03	3.56489e-02	4.20000e+02
1591	4.20600e+02	1.59100e+03	3.52385e-02	4.20333e+02
1592	4.20936e+02	1.59200e+03	3.47908e-02	4.20667e+02
1593	4.21252e+02	1.59300e+03	3.43484e-02	4.21000e+02
1594	4.21594e+02	1.59400e+03	3.39148e-02	4.21333e+02
1595	4.21924e+02	1.59500e+03	3.34907e-02	4.21667e+02
1596	4.22254e+02	1.59600e+03	3.30674e-02	4.22000e+02
1597	4.22584e+02	1.59700e+03	3.26894e-02	4.22333e+02
1598	4.22925e+02	1.59800e+03	3.23422e-02	4.22667e+02
1599	4.23256e+02	1.59900e+03	3.20127e-02	4.23000e+02
1600	4.23584e+02	1.60000e+03	3.17902e-02	4.23333e+02
1601	4.23914e+02	1.60100e+03	3.15300e-02	4.23667e+02
1602	4.24256e+02	1.60200e+03	3.12722e-02	4.24000e+02
1603	4.24581e+02	1.60300e+03	3.10214e-02	4.24333e+02
1604	4.24918e+02	1.60400e+03	3.08084e-02	4.24667e+02
1605	4.25241e+02	1.60500e+03	3.05822e-02	4.25000e+02
1606	4.25571e+02	1.60600e+03	3.03569e-02	4.25333e+02
1607	4.25910e+02	1.60700e+03	3.01342e-02	4.25667e+02
1608	4.26236e+02	1.60800e+03	2.99235e-02	4.26000e+02
1609	4.26567e+02	1.60900e+03	2.97103e-02	4.26333e+02
1610	4.26895e+02	1.61000e+03	2.95022e-02	4.26667e+02
1611	4.27231e+02	1.61100e+03	2.92996e-02	4.27000e+02
1612	4.27563e+02	1.61200e+03	2.91140e-02	4.27333e+02
1613	4.27892e+02	1.61300e+03	2.89298e-02	4.27667e+02
1614	4.28221e+02	1.61400e+03	2.87514e-02	4.28000e+02
1615	4.28561e+02	1.61500e+03	2.85766e-02	4.28333e+02
1616	4.28892e+02	1.61600e+03	2.84252e-02	4.28667e+02
1617	4.29211e+02	1.61700e+03	2.82652e-02	4.29000e+02
1618	4.29562e+02	1.61800e+03	2.81082e-02	4.29333e+02
1619	4.29880e+02	1.61900e+03	2.79569e-02	4.29667e+02
1620	4.30216e+02	1.62000e+03	2.78297e-02	4.30000e+02
1621	4.30538e+02	1.62100e+03	2.77120e-02	4.30333e+02
1622	4.30873e+02	1.62200e+03	2.76091e-02	4.30667e+02
1623	4.31244e+02	1.62300e+03	2.75151e-02	4.31000e+02
1624	4.31517e+02	1.62400e+03	2.74308e-02	4.31333e+02
1625	4.31852e+02	1.62500e+03	2.72910e-02	4.31667e+02
1626	4.32197e+02	1.62600e+03	2.71044e-02	4.32000e+02
1627	4.32532e+02	1.62700e+03	2.68904e-02	4.32333e+02
1628	4.32857e+02	1.62800e+03	2.65890e-02	4.32667e+02
1629	4.33188e+02	1.62900e+03	2.63275e-02	4.33000e+02
1630	4.33525e+02	1.63000e+03	2.60891e-02	4.33333e+02
1631	4.33848e+02	1.63100e+03	2.58687e-02	4.33667e+02
1632	4.34181e+02	1.63200e+03	2.56810e-02	4.34000e+02
1633	4.34517e+02	1.63300e+03	2.55417e-02	4.34333e+02
1634	4.34847e+02	1.63400e+03	2.54362e-02	4.34667e+02
1635	4.35173e+02	1.63500e+03	2.53490e-02	4.35000e+02
1636	4.35490e+02	1.63600e+03	2.53956e-02	4.35333e+02
1637	4.35840e+02	1.63700e+03	2.53748e-02	4.35667e+02
1638	4.36169e+02	1.63800e+03	2.53417e-02	4.36000e+02
1639	4.36500e+02	1.63900e+03	2.53078e-02	4.36333e+02
1640	4.36825e+02	1.64000e+03	2.52692e-02	4.36667e+02
1641	4.37160e+02	1.64100e+03	2.52276e-02	4.37000e+02
1642	4.37480e+02	1.64200e+03	2.51825e-02	4.37333e+02
1643	4.37810e+02	1.64300e+03	2.51354e-02	4.37667e+02
1644	4.38141e+02	1.64400e+03	2.50722e-02	4.38000e+02
1645	4.38477e+02	1.64500e+03	2.50139e-02	4.38333e+02
1646	4.38801e+02	1.64600e+03	2.49547e-02	4.38667e+02
1647	4.39130e+02	1.64700e+03	2.48938e-02	4.39000e+02
1648	4.39465e+02	1.64800e+03	2.48263e-02	4.39333e+02
1649	4.39796e+02	1.64900e+03	2.47618e-02	4.39667e+02
1650	4.40112e+02	1.65000e+03	2.46987e-02	4.40000e+02
1651	4.40447e+02	1.65100e+03	2.46368e-02	4.40333e+02
1652	4.40771e+02	1.65200e+03	2.45814e-02	4.40667e+02
1653	4.41111e+02	1.65300e+03	2.45335e-02	4.41000e+02
1654	4.41447e+02	1.65400e+03	2.44963e-02	4.41333e+02
1655	4.41772e+02	1.65500e+03	2.44667e-02	4.41667e+02
1656	4.42099e+02	1.65600e+03	2.44663e-02	4.42000e+02
1657	4.42438e+02	1.65700e+03	2.44615e-02	4.42333e+02
1658	4.42764e+02	1.65800e+03	2.44581e-02	4.42667e+02
1659	4.43095e+02	1.65900e+03	2.44549e-02	4.43000e+02
1660	4.43421e+02	1.66000e+03	2.44620e-02	4.43333e+02
1661	4.43759e+02	1.66100e+03	2.44504e-02	4.43667e+02
1662	4.44083e+02	1.66200e+03	2.44286e-02	4.44000e+02
1663	4.44414e+02	1.66300e+03	2.44016e-02	4.44333e+02
1664	4.44748e+02	1.66400e+03	2.43480e-02	4.44667e+02
1665	4.45077e+02	1.66500e+03	2.43084e-02	4.45000e+02
1666	4.45407e+02	1.66600e+03	2.42737e-02	4.45333e+02
1667	4.45735e+02	1.66700e+03	2.42412e-02	4.45667e+02
1668	4.46066e+02	1.66800e+03	2.42122e-02	4.46000e+02
1669	4.46404e+02	1.66900e+03	2.41885e-02	4.46333e+02
1670	4.46731e+02	1.67000e+03	2.41693e-02	4.46667e+02
1671	4.47068e+02	1.67100e+03	2.41525e-02	4.47000e+02
1672	4.47400e+02	1.67200e+03	2.41487e-02	4.47333e+02
1673	4.47727e+02	1.67300e+03	2.41358e-02	4.47667e+02
1674	4.48046e+02	1.67400e+03	2.41200e-02	4.48000e+02
1675	4.48376e+02	1.67500e+03	2.41033e-02	4.48333e+02
1676	4.48712e+02	1.67600e+03	2.40771e-02	4.48667e+02
1677	4.49048e+02	1.67700e+03	2.40506e-02	4.49000e+02
1678	4.49379e+02	1.67800e+03	2.40257e-02	4.49333e+02
1679	4.49704e+02	1.67900e+03	2.40028e-02	4.49667e+02
1680	4.50027e+02	1.68000e+03	2.39770e-02	4.50000e+02
1681	4.50362e+02	1.68100e+03	2.39586e-02	4.50333e+02
1682	4.50701e+02	1.68200e+03	2.39447e-02	4.50667e+02
1683	4.51016e+02	1.68300e+03	2.39334e-02	4.51000e+02
1684	4.51350e+02	1.68400e+03	2.39360e-02	4.51333e+02
1685	4.51686e+02	1.68500e+03	2.39317e-02	4.51667e+02
1686	4.52027e+02	1.68600e+03	2.39259e-02	4.52000e+02
1687	4.52346e+02	1.68700e+03	2.39200e-02	4.52333e+02
1688	4.52681e+02	1.68800e+03	2.39149e-02	4.52667e+02
1689	4.53004e+02	1.68900e+03	2.39097e-02	4.53000e+02
1690	4.53339e+02	1.69000e+03	2.39070e-02	4.53333e+02
1691	4.53660e+02	1.69100e+03	2.39067e-02	4.53667e+02
1692	4.53990e+02	1.69200e+03	2.39090e-02	4.54000e+02
1693	4.54322e+02	1.69300e+03	2.39115e-02	4.54333e+02
1694	4.54649e+02	1.69400e+03	2.39135e-02	4.54667e+02
1695	4.54977e+02	1.69500e+03	2.39146e-02	4.55000e+02
1696	4.55306e+02	1.69600e+03	2.39188e-02	4.55333e+02
1697	4.55650e+02	1.69700e+03	2.39206e-02	4.55667e+02
1698	4.55975e+02	1.69800e+03	2.39226e-02	4.56000e+02
1699	4.56300e+02	1.69900e+03	2.39254e-02	4.56333e+02
1700	4.56623e+02	1.70000e+03	2.39252e-02	4.56667e+02
1701	4.56962e+02	1.70100e+03	2.39260e-02	4.57000e+02
1702	4.57295e+02	1.70200e+03	2.39257e-02	4.57333e+02
1703	4.57628e+02	1.70300e+03	2.39238e-02	4.57667e+02
1704	4.57954e+02	1.70400e+03	2.39171e-02	4.58000e+02
1705	4.58285e+02	1.70500e+03	2.39048e-02	4.58333e+02
1706	4.58613e+02	1.70600e+03	2.38866e-02	4.58667e+02
1707	4.58945e+02	1.70700e+03	2.38648e-02	4.59000e+02
1708	4.59274e+02	1.70800e+03	2.38253e-02	4.59333e+02
1709	4.59599e+02	1.70900e+03	2.37925e-02	4.59667e+02
1710	4.59929e+02	1.71000e+03	2.37633e-02	4.60000e+02
1711	4.60264e+02	1.71100e+03	2.37369e-02	4.60333e+02
1712	4.60586e+02	1.71200e+03	2.37115e-02	4.60667e+02
1713	4.60918e+02	1.71300e+03	2.36899e-02	4.61000e+02
1714	4.61258e+02	1.71400e+03	2.36689e-02	4.61333e+02
1715	4.61583e+02	1.71500e+03	2.36478e-02	4.61667e+02
1716	4.61914e+02	1.71600e+03	2.36370e-02	4.62000e+02
1717	4.62239e+02	1.71700e+03	2.36204e-02	4.62333e+02
1718	4.62577e+02	1.71800e+03	2.36048e-02	4.62667e+02
1719	4.62909e+02	1.71900e+03	2.35912e-02	4.63000e+02
1720	4.63242e+02	1.72000e+03	2.35811e-02	4.63333e+02
1721	4.63569e+02	1.72100e+03	2.35757e-02	4.63667e+02
1722	4.63897e+02	1.72200e+03	2.35746e-02	4.64000e+02
1723	4.64226e+02	1.72300e+03	2.35761e-02	4.64333e+02
1724	4.64558e+02	1.72400e+03	2.35900e-02	4.64667e+02
1725	4.64882e+02	1.72500e+03	2.35960e-02	4.65000e+02
1726	4.65230e+02	1.72600e+03	2.35998e-02	4.65333e+02
1727	4.65553e+02	1.72700e+03	2.36034e-02	4.65667e+02
1728	4.65870e+02	1.72800e+03	2.36049e-02	4.66000e+02
1729	4.66207e+02	1.72900e+03	2.36077e-02	4.66333e+02
1730	4.66536e+02	1.73000e+03	2.36127e-02	4.66667e+02
1731	4.66870e+02	1.73100e+03	2.36195e-02	4.67000e+02
1732	4.67200e+02	1.73200e+03	2.36263e-02	4.67333e+02
1733	4.67529e+02	1.73300e+03	2.36309e-02	4.67667e+02
1734	4.67859e+02	1.73400e+03	2.36327e-02	4.68000e+02
1735	4.68186e+02	1.73500e+03	2.36328e-02	4.68333e+02
1736	4.68516e+02	1.73600e+03	2.36279e-02	4.68667e+02
1737	4.68855e+02	1.73700e+03	2.36215e-02	4.69000e+02
1738	4.69179e+02	1.73800e+03	2.36145e-02	4.69333e+02
1739	4.69508e+02	1.73900e+03	2.36075e-02	4.69667e+02
1740	4.69840e+02	1.74000e+03	2.35957e-02	4.70000e+02
1741	4.70175e+02	1.74100e+03	2.35902e-02	4.70333e+02
1742	4.70505e+02	1.74200e+03	2.35878e-02	4.70667e+02
1743	4.70828e+02	1.74300e+03	2.35871e-02	4.71000e+02
1744	4.71159e+02	1.74400e+03	2.35967e-02	4.71333e+02
1745	4.71490e+02	1.74500e+03	2.36035e-02	4.71667e+02
1746	4.71812e+02	1.74600e+03	2.36106e-02	4.72000e+02
1747	4.72147e+02	1.74700e+03	2.36180e-02	4.72333e+02
1748	4.72469e+02	1.74800e+03	2.36270e-02	4.72667e+02
1749	4.72805e+02	1.74900e+03	2.36320e-02	4.73000e+02
1750	4.73132e+02	1.75000e+03	2.36343e-02	4.73333e+02
1751	4.73465e+02	1.75100e+03	2.36345e-02	4.73667e+02
1752	4.73788e+02	1.75200e+03	2.36227e-02	4.74000e+02
1753	4.74119e+02	1.75300e+03	2.36097e-02	4.74333e+02
1754	4.74449e+02	1.75400e+03	2.35919e-02	4.74667e+02
1755	4.74775e+02	1.75500e+03	2.35712e-02	4.75000e+02
1756	4.75103e+02	1.75600e+03	2.35381e-02	4.75333e+02
1757	4.75434e+02	1.75700e+03	2.35106e-02	4.75667e+02
1758	4.75776e+02	1.75800e+03	2.34840e-02	4.76000e+02
1759	4.76104e+02	1.75900e+03	2.34576e-02	4.76333e+02
1760	4.76425e+02	1.76000e+03	2.34316e-02	4.76667e+02
1761	4.76750e+02	1.76100e+03	2.34081e-02	4.77000e+02
1762	4.77083e+02	1.76200e+03	2.33886e-02	4.77333e+02
1763	4.77417e+02	1.76300e+03	2.33723e-02	4.77667e+02
1764	4.77750e+02	1.76400e+03	2.33659e-02	4.78000e+02
1765	4.78079e+02	1.76500e+03	2.33591e-02	4.78333e+02
1766	4.78405e+02	1.76600e+03	2.33549e-02	4.78667e+02
1767	4.78750e+02	1.76700e+03	2.33527e-02	4.79000e+02
1768	4.79075e+02	1.76800e+03	2.33604e-02	4.79333e+02
1769	4.79398e+02	1.76900e+03	2.33603e-02	4.79667e+02
1770	4.79725e+02	1.77000e+03	2.33546e-02	4.80000e+02
1771	4.80051e+02	1.77100e+03	2.33445e-02	4.80333e+02
1772	4.80389e+02	1.77200e+03	2.33211e-02	4.80667e+02
1773	4.80716e+02	1.77300e+03	2.32997e-02	4.81000e+02
1774	4.81043e+02	1.77400e+03	2.32833e-02	4.81333e+02
1775	4.81383e+02	1.77500e+03	2.32719e-02	4.81667e+02
1776	4.81710e+02	1.77600e+03	2.32641e-02	4.82000e+02
1777	4.82035e+02	1.77700e+03	2.32699e-02	4.82333e+02
1778	4.82363e+02	1.77800e+03	2.32846e-02	4.82667e+02
1779	4.82703e+02	1.77900e+03	2.33036e-02	4.83000e+02
1780	4.83030e+02	1.78000e+03	2.33533e-02	4.83333e+02
1781	4.83358e+02	1.78100e+03	2.33839e-02	4.83667e+02
1782	4.83692e+02	1.78200e+03	2.34079e-02	4.84000e+02
1783	4.84019e+02	1.78300e+03	2.34281e-02	4.84333e+02
1784	4.84342e+02	1.78400e+03	2.34316e-02	4.84667e+02
1785	4.84681e+02	1.78500e+03	2.34313e-02	4.85000e+02
1786	4.85019e+02	1.78600e+03	2.34253e-02	4.85333e+02
1787	4.85346e+02	1.78700e+03	2.34168e-02	4.85667e+02
1788	4.85666e+02	1.78800e+03	2.33877e-02	4.86000e+02
1789	4.85990e+02	1.78900e+03	2.33689e-02	4.86333e+02
1790	4.86323e+02	1.79000e+03	2.33493e-02	4.86667e+02
1791	4.86659e+02	1.79100e+03	2.33278e-02	4.87000e+02
1792	4.86988e+02	1.79200e+03	2.33115e-02	4.87333e+02
1793	4.87317e+02	1.79300e+03	2.33005e-02	4.87667e+02
1794	4.87654e+02	1.79400e+03	2.32955e-02	4.88000e+02
1795	4.87975e+02	1.79500e+03	2.32938e-02	4.88333e+02
1796	4.88298e+02	1.79600e+03	2.33038e-02	4.88667e+02
1797	4.88646e+02	1.79700e+03	2.33101e-02	4.89000e+02
1798	4.88969e+02	1.79800e+03	2.33173e-02	4.89333e+02
1799	4.89297e+02	1.79900e+03	2.33258e-02	4.89667e+02
1800	4.89624e+02	1.80000e+03	2.33458e-02	4.90000e+02
1801	4.89952e+02	1.80100e+03	2.33692e-02	4.90333e+02
1802	4.90291e+02	1.80200e+03	2.34047e-02	4.90667e+02
1803	4.90620e+02	1.80300e+03	2.34511e-02	4.91000e+02
1804	4.90945e+02	1.80400e+03	2.35317e-02	4.91333e+02
1805	4.91282e+02	1.80500e+03	2.36016e-02	4.91667e+02
1806	4.91600e+02	1.80600e+03	2.36563e-02	4.92000e+02
1807	4.91929e+02	1.80700e+03	2.36971e-02	4.92333e+02
1808	4.92264e+02	1.80800e+03	2.37049e-02	4.92667e+02
1809	4.92589e+02	1.80900e+03	2.36765e-02	4.93000e+02
1810	4.92923e+02	1.81000e+03	2.36240e-02	4.93333e+02
1811	4.93249e+02	1.81100e+03	2.35598e-02	4.93667e+02
1812	4.93583e+02	1.81200e+03	2.34038e-02	4.94000e+02
1813	4.93912e+02	1.81300e+03	2.33116e-02	4.94333e+02
1814	4.94237e+02	1.81400e+03	2.32423e-02	4.94667e+02
1815	4.94569e+02	1.81500e+03	2.31824e-02	4.95000e+02
1816	4.94901e+02	1.81600e+03	2.31721e-02	4.95333e+02
1817	4.95235e+02	1.81700e+03	2.31586e-02	4.95667e+02
1818	4.95553e+02	1.81800e+03	2.31557e-02	4.96000e+02
1819	4.95892e+02	1.81900e+03	2.31611e-02	4.96333e+02
1820	4.96218e+02	1.82000e+03	2.32155e-02	4.96667e+02
1821	4.96554e+02	1.82100e+03	2.32487e-02	4.97000e+02
1822	4.96875e+02	1.82200e+03	2.32758e-02	4.97333e+02
1823	4.97218e+02	1.82300e+03	2.33002e-02	4.97667e+02
1824	4.97539e+02	1.82400e+03	2.33195e-02	4.98000e+02
1825	4.97873e+02	1.82500e+03	2.33301e-02	4.98333e+02
1826	4.98205e+02	1.82600e+03	2.33353e-02	4.98667e+02
1827	4.98533e+02	1.82700e+03	2.33376e-02	4.99000e+02
1828	4.98859e+02	1.82800e+03	2.33148e-02	4.99333e+02
1829	4.99190e+02	1.82900e+03	2.33015e-02	4.99667e+02
1830	4.99514e+02	1.83000e+03	2.32881e-02	5.00000e+02
1831	4.99836e+02	1.83100e+03	2.32732e-02	5.00333e+02
1832	5.00173e+02	1.83200e+03	2.32554e-02	5.00667e+02
1833	5.00511e+02	1.83300e+03	2.32417e-02	5.01000e+02
1834	5.00837e+02	1.83400e+03	2.32310e-02	5.01333e+02
1835	5.01160e+02	1.83500e+03	2.32223e-02	5.01667e+02
1836	5.01508e+02	1.83600e+03	2.32196e-02	5.02000e+02
1837	5.01837e+02	1.83700e+03	2.32163e-02	5.02333e+02
1838	5.02162e+02	1.83800e+03	2.32143e-02	5.02667e+02
1839	5.02498e+02	1.83900e+03	2.32135e-02	5.03000e+02
1840	5.02819e+02	1.84000e+03	2.32193e-02	5.03333e+02
1841	5.03161e+02	1.84100e+03	2.32224e-02	5.03667e+02
1842	5.03493e+02	1.84200e+03	2.32260e-02	5.04000e+02
1843	5.03815e+02	1.84300e+03	2.32306e-02	5.04333e+02
1844	5.04148e+02	1.84400e+03	2.32356e-02	5.04667e+02
1845	5.04477e+02	1.84500e+03	2.32386e-02	5.05000e+02
1846	5.04803e+02	1.84600e+03	2.32390e-02	5.05333e+02
1847	5.05135e+02	1.84700e+03	2.32372e-02	5.05667e+02
1848	5.05464e+02	1.84800e+03	2.32257e-02	5.06000e+02
1849	5.05789e+02	1.84900e+03	2.32103e-02	5.06333e+02
1850	5.06127e+02	1.85000e+03	2.31916e-02	5.06667e+02
1851	5.06463e+02	1.85100e+03	2.31727e-02	5.07000e+02
1852	5.06787e+02	1.85200e+03	2.31432e-02	5.07333e+02
1853	5.07121e+02	1.85300e+03	2.31238e-02	5.07667e+02
1854	5.07451e+02	1.85400e+03	2.31108e-02	5.08000e+02
1855	5.07780e+02	1.85500e+03	2.31023e-02	5.08333e+02
1856	5.08101e+02	1.85600e+03	2.31118e-02	5.08667e+02
1857	5.08425e+02	1.85700e+03	2.31187e-02	5.09000e+02
1858	5.08767e+02	1.85800e+03	2.31263e-02	5.09333e+02
1859	5.09104e+02	1.85900e+03	2.31342e-02	5.09667e+02
1860	5.09418e+02	1.86000e+03	2.31487e-02	5.10000e+02
1861	5.09750e+02	1.86100e+03	2.31520e-02	5.10333e+02
1862	5.10087e+02	1.86200e+03	2.31494e-02	5.10667e+02
1863	5.10421e+02	1.86300e+03	2.31437e-02	5.11000e+02
1864	5.10754e+02	1.86400e+03	2.31245e-02	5.11333e+02
1865	5.11080e+02	1.86500e+03	2.31125e-02	5.11667e+02
1866	5.11403e+02	1.86600e+03	2.31012e-02	5.12000e+02
1867	5.11743e+02	1.86700e+03	2.30903e-02	5.12333e+02
1868	5.12076e+02	1.86800e+03	2.30830e-02	5.12667e+02
1869	5.12398e+02	1.86900e+03	2.30774e-02	5.13000e+02
1870	5.12732e+02	1.87000e+03	2.30743e-02	5.13333e+02
1871	5.13061e+02	1.87100e+03	2.30732e-02	5.13667e+02
1872	5.13387e+02	1.87200e+03	2.30803e-02	5.14000e+02
1873	5.13715e+02	1.87300e+03	2.30837e-02	5.14333e+02
1874	5.14049e+02	1.87400e+03	2.30862e-02	5.14667e+02
1875	5.14381e+02	1.87500e+03	2.30884e-02	5.15000e+02
1876	5.14719e+02	1.87600e+03	2.30914e-02	5.15333e+02
1877	5.15043e+02	1.87700e+03	2.30919e-02	5.15667e+02
1878	5.15362e+02	1.87800e+03	2.30907e-02	5.16000e+02
1879	5.15710e+02	1.87900e+03	2.30886e-02	5.16333e+02
1880	5.16035e+02	1.88000e+03	2.30831e-02	5.16667e+02
1881	5.16370e+02	1.88100e+03	2.30803e-02	5.17000e+02
1882	5.16693e+02	1.88200e+03	2.30777e-02	5.17333e+02
1883	5.17019e+02	1.88300e+03	2.30751e-02	5.17667e+02
1884	5.17356e+02	1.88400e+03	2.30748e-02	5.18000e+02
1885	5.17694e+02	1.88500e+03	2.30759e-02	5.18333e+02
1886	5.18021e+02	1.88600e+03	2.30803e-02	5.18667e+02
1887	5.18358e+02	1.88700e+03	2.30874e-02	5.19000e+02
1888	5.18677e+02	1.88800e+03	2.31041e-02	5.19333e+02
1889	5.19014e+02	1.88900e+03	2.31207e-02	5.19667e+02
1890	5.19342e+02	1.89000e+03	2.31374e-02	5.20000e+02
1891	5.19680e+02	1.89100e+03	2.31536e-02	5.20333e+02
1892	5.20007e+02	1.89200e+03	2.31731e-02	5.20667e+02
1893	5.20345e+02	1.89300e+03	2.31827e-02	5.21000e+02
1894	5.20663e+02	1.89400e+03	2.31839e-02	5.21333e+02
1895	5.20999e+02	1.89500e+03	2.31796e-02	5.21667e+02
1896	5.21328e+02	1.89600e+03	2.31544e-02	5.22000e+02
1897	5.21660e+02	1.89700e+03	2.31346e-02	5.22333e+02
1898	5.21991e+02	1.89800e+03	2.31140e-02	5.22667e+02
1899	5.22315e+02	1.89900e+03	2.30929e-02	5.23000e+02
1900	5.22649e+02	1.90000e+03	2.30636e-02	5.23333e+02
1901	5.22982e+02	1.90100e+03	2.30411e-02	5.23667e+02
1902	5.23311e+02	1.90200e+03	2.30196e-02	5.24000e+02
1903	5.23637e+02	1.90300e+03	2.29969e-02	5.24333e+02
1904	5.23972e+02	1.90400e+03	2.29758e-02	5.24667e+02
1905	5.24302e+02	1.90500e+03	2.29513e-02	5.25000e+02
1906	5.24634e+02	1.90600e+03	2.29268e-02	5.25333e+02
1907	5.24965e+02	1.90700e+03	2.29041e-02	5.25667e+02
1908	5.25281e+02	1.90800e+03	2.28868e-02	5.26000e+02
1909	5.25627e+02	1.90900e+03	2.28805e-02	5.26333e+02
1910	5.25953e+02	1.91000e+03	2.28837e-02	5.26667e+02
1911	5.26285e+02	1.91100e+03	2.28931e-02	5.27000e+02
1912	5.26620e+02	1.91200e+03	2.29314e-02	5.27333e+02
1913	5.26951e+02	1.91300e+03	2.29582e-02	5.27667e+02
1914	5.27284e+02	1.91400e+03	2.29826e-02	5.28000e+02
1915	5.27611e+02	1.91500e+03	2.30055e-02	5.28333e+02
1916	5.27943e+02	1.91600e+03	2.30256e-02	5.28667e+02
1917	5.28269e+02	1.91700e+03	2.30372e-02	5.29000e+02
1918	5.28604e+02	1.91800e+03	2.30445e-02	5.29333e+02
1919	5.28938e+02	1.91900e+03	2.30495e-02	5.29667e+02
1920	5.29266e+02	1.92000e+03	2.30336e-02	5.30000e+02
1921	5.29596e+02	1.92100e+03	2.30274e-02	5.30333e+02
1922	5.29932e+02	1.92200e+03	2.30223e-02	5.30667e+02
1923	5.30266e+02	1.92300e+03	2.30165e-02	5.31000e+02
1924	5.30596e+02	1.92400e+03	2.30095e-02	5.31333e+02
1925	5.30924e+02	1.92500e+03	2.30032e-02	5.31667e+02
1926	5.31262e+02	1.92600e+03	2.29965e-02	5.32000e+02
1927	5.31592e+02	1.92700e+03	2.29880e-02	5.32333e+02
1928	5.31925e+02	1.92800e+03	2.29727e-02	5.32667e+02
1929	5.32251e+02	1.92900e+03	2.29564e-02	5.33000e+02
1930	5.32581e+02	1.93000e+03	2.29391e-02	5.33333e+02
1931	5.32908e+02	1.93100e+03	2.29212e-02	5.33667e+02
1932	5.33242e+02	1.93200e+03	2.29000e-02	5.34000e+02
1933	5.33576e+02	1.93300e+03	2.28876e-02	5.34333e+02
1934	5.33909e+02	1.93400e+03	2.28805e-02	5.34667e+02
1935	5.34233e+02	1.93500e+03	2.28766e-02	5.35000e+02
1936	5.34575e+02	1.93600e+03	2.28894e-02	5.35333e+02
1937	5.34898e+02	1.93700e+03	2.28988e-02	5.35667e+02
1938	5.35233e+02	1.93800e+03	2.29097e-02	5.36000e+02
1939	5.35564e+02	1.93900e+03	2.29219e-02	5.36333e+02
1940	5.35892e+02	1.94000e+03	2.29430e-02	5.36667e+02
1941	5.36227e+02	1.94100e+03	2.29595e-02	5.37000e+02
1942	5.36558e+02	1.94200e+03	2.29763e-02	5.37333e+02
1943	5.36889e+02	1.94300e+03	2.29940e-02	5.37667e+02
1944	5.37228e+02	1.94400e+03	2.30109e-02	5.38000e+02
1945	5.37558e+02	1.94500e+03	2.30269e-02	5.38333e+02
1946	5.37888e+02	1.94600e+03	2.30411e-02	5.38667e+02
1947	5.38214e+02	1.94700e+03	2.30541e-02	5.39000e+02
1948	5.38551e+02	1.94800e+03	2.30591e-02	5.39333e+02
1949	5.38876e+02	1.94900e+03	2.30590e-02	5.39667e+02
1950	5.39214e+02	1.95000e+03	2.30522e-02	5.40000e+02
1951	5.39539e+02	1.95100e+03	2.30411e-02	5.40333e+02
1952	5.39876e+02	1.95200e+03	2.30141e-02	5.40667e+02
1953	5.40202e+02	1.95300e+03	2.29953e-02	5.41000e+02
1954	5.40529e+02	1.95400e+03	2.29798e-02	5.41333e+02
1955	5.40867e+02	1.95500e+03	2.29661e-02	5.41667e+02
1956	5.41194e+02	1.95600e+03	2.29542e-02	5.42000e+02
1957	5.41527e+02	1.95700e+03	2.29450e-02	5.42333e+02
1958	5.41854e+02	1.95800e+03	2.29396e-02	5.42667e+02
1959	5.42194e+02	1.95900e+03	2.29371e-02	5.43000e+02
1960	5.42523e+02	1.96000e+03	2.29486e-02	5.43333e+02
1961	5.42850e+02	1.96100e+03	2.29571e-02	5.43667e+02
1962	5.43189e+02	1.96200e+03	2.29665e-02	5.44000e+02
1963	5.43509e+02	1.96300e+03	2.29770e-02	5.44333e+02
1964	5.43837e+02	1.96400e+03	2.29939e-02	5.44667e+02
1965	5.44164e+02	1.96500e+03	2.30057e-02	5.45000e+02
1966	5.44498e+02	1.96600e+03	2.30166e-02	5.45333e+02
1967	5.44833e+02	1.96700e+03	2.30276e-02	5.45667e+02
1968	5.45167e+02	1.96800e+03	2.30325e-02	5.46000e+02
1969	5.45499e+02	1.96900e+03	2.30342e-02	5.46333e+02
1970	5.45824e+02	1.97000e+03	2.30291e-02	5.46667e+02
1971	5.46154e+02	1.97100e+03	2.30195e-02	5.47000e+02
1972	5.46488e+02	1.97200e+03	2.29967e-02	5.47333e+02
1973	5.46821e+02	1.97300e+03	2.29765e-02	5.47667e+02
1974	5.47153e+02	1.97400e+03	2.29573e-02	5.48000e+02
1975	5.47491e+02	1.97500e+03	2.29397e-02	5.48333e+02
1976	5.47821e+02	1.97600e+03	2.29198e-02	5.48667e+02
1977	5.48150e+02	1.97700e+03	2.29075e-02	5.49000e+02
1978	5.48483e+02	1.97800e+03	2.28993e-02	5.49333e+02
1979	5.48815e+02	1.97900e+03	2.28935e-02	5.49667e+02
1980	5.49135e+02	1.98000e+03	2.29047e-02	5.50000e+02
1981	5.49467e+02	1.98100e+03	2.29099e-02	5.50333e+02
1982	5.49810e+02	1.98200e+03	2.29158e-02	5.50667e+02
1983	5.50141e+02	1.98300e+03	2.29236e-02	5.51000e+02
1984	5.50467e+02	1.98400e+03	2.29375e-02	5.51333e+02
1985	5.50797e+02	1.98500e+03	2.29494e-02	5.51667e+02
1986	5.51128e+02	1.98600e+03	2.29617e-02	5.52000e+02
1987	5.51476e+02	1.98700e+03	2.29749e-02	5.52333e+02
1988	5.51806e+02	1.98800e+03	2.29873e-02	5.52667e+02
1989	5.52123e+02	1.98900e+03	2.29950e-02	5.53000e+02
1990	5.52458e+02	1.99000e+03	2.29971e-02	5.53333e+02
1991	5.52800e+02	1.99100e+03	2.29946e-02	5.53667e+02
1992	5.53124e+02	1.99200e+03	2.29756e-02	5.54000e+02
1993	5.53446e+02	1.99300e+03	2.29573e-02	5.54333e+02
1994	5.53789e+02	1.99400e+03	2.29380e-02	5.54667e+02
1995	5.54113e+02	1.99500e+03	2.29196e-02	5.55000e+02
1996	5.54443e+02	1.99600e+03	2.28944e-02	5.55333e+02
1997	5.54786e+02	1.99700e+03	2.28795e-02	5.55667e+02
1998	5.55111e+02	1.99800e+03	2.28694e-02	5.56000e+02
1999	5.55445e+02	1.99900e+03	2.28618e-02	5.56333e+02
2000	5.55763e+02	2.00000e+03	2.28689e-02	5.56667e+02
2001	5.56110e+02	2.00100e+03	2.28671e-02	5.57000e+02
2002	5.56445e+02	2.00200e+03	2.28633e-02	5.57333e+02
2003	5.56768e+02	2.00300e+03	2.28592e-02	5.57667e+02
2004	5.57098e+02	2.00400e+03	2.28544e-02	5.58000e+02
2005	5.57422e+02	2.00500e+03	2.28527e-02	5.58333e+02
2006	5.57759e+02	2.00600e+03	2.28534e-02	5.58667e+02
2007	5.58088e+02	2.00700e+03	2.28555e-02	5.59000e+02
2008	5.58422e+02	2.00800e+03	2.28608e-02	5.59333e+02
2009	5.58757e+02	2.00900e+03	2.28646e-02	5.59667e+02
2010	5.59083e+02	2.01000e+03	2.28681e-02	5.60000e+02
2011	5.59417e+02	2.01100e+03	2.28716e-02	5.60333e+02
2012	5.59740e+02	2.01200e+03	2.28760e-02	5.60667e+02
2013	5.60084e+02	2.01300e+03	2.28800e-02	5.61000e+02
2014	5.60414e+02	2.01400e+03	2.28852e-02	5.61333e+02
2015	5.60733e+02	2.01500e+03	2.28913e-02	5.61667e+02
2016	5.61070e+02	2.01600e+03	2.28983e-02	5.62000e+02
2017	5.61405e+02	2.01700e+03	2.29054e-02	5.62333e+02
2018	5.61737e+02	2.01800e+03	2.29126e-02	5.62667e+02
2019	5.62070e+02	2.01900e+03	2.29200e-02	5.63000e+02
2020	5.62397e+02	2.02000e+03	2.29313e-02	5.63333e+02
2021	5.62739e+02	2.02100e+03	2.29424e-02	5.63667e+02
2022	5.63073e+02	2.02200e+03	2.29542e-02	5.64000e+02
2023	5.63397e+02	2.02300e+03	2.29661e-02	5.64333e+02
2024	5.63725e+02	2.02400e+03	2.29777e-02	5.64667e+02
2025	5.64061e+02	2.02500e+03	2.29845e-02	5.65000e+02
2026	5.64394e+02	2.02600e+03	2.29874e-02	5.65333e+02
2027	5.64721e+02	2.02700e+03	2.29886e-02	5.65667e+02
2028	5.65053e+02	2.02800e+03	2.29804e-02	5.66000e+02
2029	5.65391e+02	2.02900e+03	2.29741e-02	5.66333e+02
2030	5.65723e+02	2.03000e+03	2.29691e-02	5.66667e+02
2031	5.66051e+02	2.03100e+03	2.29657e-02	5.67000e+02
2032	5.66383e+02	2.03200e+03	2.29604e-02	5.67333e+02
2033	5.66711e+02	2.03300e+03	2.29586e-02	5.67667e+02
2034	5.67041e+02	2.03400e+03	2.29573e-02	5.68000e+02
2035	5.67371e+02	2.03500e+03	2.29555e-02	5.68333e+02
2036	5.67710e+02	2.03600e+03	2.29567e-02	5.68667e+02
2037	5.68047e+02	2.03700e+03	2.29505e-02	5.69000e+02
2038	5.68376e+02	2.03800e+03	2.29401e-02	5.69333e+02
2039	5.68709e+02	2.03900e+03	2.29285e-02	5.69667e+02
2040	5.69043e+02	2.04000e+03	2.29095e-02	5.70000e+02
2041	5.69371e+02	2.04100e+03	2.28969e-02	5.70333e+02
2042	5.69696e+02	2.04200e+03	2.28868e-02	5.70667e+02
2043	5.70039e+02	2.04300e+03	2.28777e-02	5.71000e+02
2044	5.70367e+02	2.04400e+03	2.28758e-02	5.71333e+02
2045	5.70700e+02	2.04500e+03	2.28751e-02	5.71667e+02
2046	5.71029e+02	2.04600e+03	2.28767e-02	5.72000e+02
2047	5.71365e+02	2.04700e+03	2.28800e-02	5.72333e+02
2048	5.71694e+02	2.04800e+03	2.28916e-02	5.72667e+02
2049	5.72025e+02	2.04900e+03	2.28973e-02	5.73000e+02
2050	5.72356e+02	2.05000e+03	2.28977e-02	5.73333e+02
2051	5.72695e+02	2.05100e+03	2.28943e-02	5.73667e+02
2052	5.73017e+02	2.05200e+03	2.28808e-02	5.74000e+02
2053	5.73340e+02	2.05300e+03	2.28655e-02	5.74333e+02
2054	5.73685e+02	2.05400e+03	2.28470e-02	5.74667e+02
2055	5.74007e+02	2.05500e+03	2.28260e-02	5.75000e+02
2056	5.74346e+02	2.05600e+03	2.27917e-02	5.75333e+02
2057	5.74678e+02	2.05700e+03	2.27682e-02	5.75667e+02
2058	5.75011e+02	2.05800e+03	2.27497e-02	5.76000e+02
2059	5.75346e+02	2.05900e+03	2.27338e-02	5.76333e+02
2060	5.75667e+02	2.06000e+03	2.27299e-02	5.76667e+02
2061	5.76000e+02	2.06100e+03	2.27263e-02	5.77000e+02
2062	5.76333e+02	2.06200e+03	2.27264e-02	5.77333e+02
2063	5.76664e+02	2.06300e+03	2.27297e-02	5.77667e+02
2064	5.76996e+02	2.06400e+03	2.27497e-02	5.78000e+02
2065	5.77326e+02	2.06500e+03	2.27637e-02	5.78333e+02
2066	5.77652e+02	2.06600e+03	2.27769e-02	5.78667e+02
2067	5.77993e+02	2.06700e+03	2.27906e-02	5.79000e+02
2068	5.78323e+02	2.06800e+03	2.28089e-02	5.79333e+02
2069	5.78656e+02	2.06900e+03	2.28229e-02	5.79667e+02
2070	5.78991e+02	2.07000e+03	2.28338e-02	5.80000e+02
2071	5.79326e+02	2.07100e+03	2.28422e-02	5.80333e+02
2072	5.79646e+02	2.07200e+03	2.28410e-02	5.80667e+02
2073	5.79975e+02	2.07300e+03	2.28383e-02	5.81000e+02
2074	5.80318e+02	2.07400e+03	2.28338e-02	5.81333e+02
2075	5.80645e+02	2.07500e+03	2.28296e-02	5.81667e+02
2076	5.80968e+02	2.07600e+03	2.28177e-02	5.82000e+02
2077	5.81310e+02	2.07700e+03	2.28120e-02	5.82333e+02
2078	5.81643e+02	2.07800e+03	2.28074e-02	5.82667e+02
2079	5.81964e+02	2.07900e+03	2.28028e-02	5.83000e+02
2080	5.82294e+02	2.08000e+03	2.28011e-02	5.83333e+02
2081	5.82625e+02	2.08100e+03	2.27939e-02	5.83667e+02
2082	5.82972e+02	2.08200e+03	2.27839e-02	5.84000e+02
2083	5.83303e+02	2.08300e+03	2.27735e-02	5.84333e+02
2084	5.83627e+02	2.08400e+03	2.27584e-02	5.84667e+02
2085	5.83958e+02	2.08500e+03	2.27496e-02	5.85000e+02
2086	5.84298e+02	2.08600e+03	2.27461e-02	5.85333e+02
2087	5.84628e+02	2.08700e+03	2.27455e-02	5.85667e+02
2088	5.84954e+02	2.08800e+03	2.27559e-02	5.86000e+02
2089	5.85295e+02	2.08900e+03	2.27663e-02	5.86333e+02
2090	5.85621e+02	2.09000e+03	2.27779e-02	5.86667e+02
2091	5.85952e+02	2.09100e+03	2.27900e-02	5.87000e+02
2092	5.86284e+02	2.09200e+03	2.28106e-02	5.87333e+02
2093	5.86617e+02	2.09300e+03	2.28248e-02	5.87667e+02
2094	5.86957e+02	2.09400e+03	2.28378e-02	5.88000e+02
2095	5.87274e+02	2.09500e+03	2.28506e-02	5.88333e+02
2096	5.87616e+02	2.09600e+03	2.28561e-02	5.88667e+02
2097	5.87950e+02	2.09700e+03	2.28606e-02	5.89000e+02
2098	5.88284e+02	2.09800e+03	2.28617e-02	5.89333e+02
2099	5.88615e+02	2.09900e+03	2.28605e-02	5.89667e+02
2100	5.88946e+02	2.10000e+03	2.28475e-02	5.90000e+02
2101	5.89271e+02	2.10100e+03	2.28351e-02	5.90333e+02
2102	5.89623e+02	2.10200e+03	2.28206e-02	5.90667e+02
2103	5.89944e+02	2.10300e+03	2.28040e-02	5.91000e+02
2104	5.90267e+02	2.10400e+03	2.27759e-02	5.91333e+02
2105	5.90613e+02	2.10500e+03	2.27544e-02	5.91667e+02
2106	5.90942e+02	2.10600e+03	2.27362e-02	5.92000e+02
2107	5.91274e+02	2.10700e+03	2.27207e-02	5.92333e+02
2108	5.91607e+02	2.10800e+03	2.27153e-02	5.92667e+02
2109	5.91940e+02	2.10900e+03	2.27121e-02	5.93000e+02
2110	5.92272e+02	2.11000e+03	2.27106e-02	5.93333e+02
2111	5.92605e+02	2.11100e+03	2.27100e-02	5.93667e+02
2112	5.92926e+02	2.11200e+03	2.27163e-02	5.94000e+02
2113	5.93266e+02	2.11300e+03	2.27082e-02	5.94333e+02
2114	5.93599e+02	2.11400e+03	2.26934e-02	5.94667e+02
2115	5.93927e+02	2.11500e+03	2.26757e-02	5.95000e+02
2116	5.94265e+02	2.11600e+03	2.26415e-02	5.95333e+02
2117	5.94591e+02	2.11700e+03	2.26202e-02	5.95667e+02
2118	5.94931e+02	2.11800e+03	2.26068e-02	5.96000e+02
2119	5.95255e+02	2.11900e+03	2.25979e-02	5.96333e+02
2120	5.95583e+02	2.12000e+03	2.26046e-02	5.96667e+02
2121	5.95924e+02	2.12100e+03	2.26146e-02	5.97000e+02
2122	5.96254e+02	2.12200e+03	2.26289e-02	5.97333e+02
2123	5.96588e+02	2.12300e+03	2.26452e-02	5.97667e+02
2124	5.96917e+02	2.12400e+03	2.26787e-02	5.98000e+02
2125	5.97238e+02	2.12500e+03	2.26949e-02	5.98333e+02
2126	5.97585e+02	2.12600e+03	2.27032e-02	5.98667e+02
2127	5.97910e+02	2.12700e+03	2.27084e-02	5.99000e+02
2128	5.98237e+02	2.12800e+03	2.26973e-02	5.99333e+02
2129	5.98575e+02	2.12900e+03	2.26946e-02	5.99667e+02
2130	5.98913e+02	2.13000e+03	2.26958e-02	6.00000e+02
2131	5.99235e+02	2.13100e+03	2.26989e-02	6.00333e+02
2132	5.99577e+02	2.13200e+03	2.27046e-02	6.00667e+02
2133	5.99913e+02	2.13300e+03	2.27159e-02	6.01000e+02
2134	6.00239e+02	2.13400e+03	2.27316e-02	6.01333e+02
2135	6.00567e+02	2.13500e+03	2.27492e-02	6.01667e+02
2136	6.00899e+02	2.13600e+03	2.27780e-02	6.02000e+02
2137	6.01242e+02	2.13700e+03	2.27980e-02	6.02333e+02
2138	6.01573e+02	2.13800e+03	2.28138e-02	6.02667e+02
2139	6.01900e+02	2.13900e+03	2.28258e-02	6.03000e+02
2140	6.02223e+02	2.14000e+03	2.28217e-02	6.03333e+02
2141	6.02561e+02	2.14100e+03	2.28157e-02	6.03667e+02
2142	6.02895e+02	2.14200e+03	2.28062e-02	6.04000e+02
2143	6.03233e+02	2.14300e+03	2.27946e-02	6.04333e+02
2144	6.03557e+02	2.14400e+03	2.27605e-02	6.04667e+02
2145	6.03887e+02	2.14500e+03	2.27348e-02	6.05000e+02
2146	6.04221e+02	2.14600e+03	2.27104e-02	6.05333e+02
2147	6.04561e+02	2.14700e+03	2.26861e-02	6.05667e+02
2148	6.04898e+02	2.14800e+03	2.26653e-02	6.06000e+02
2149	6.05219e+02	2.14900e+03	2.26507e-02	6.06333e+02
2150	6.05559e+02	2.15000e+03	2.26409e-02	6.06667e+02
2151	6.05889e+02	2.15100e+03	2.26340e-02	6.07000e+02
2152	6.06216e+02	2.15200e+03	2.26447e-02	6.07333e+02
2153	6.06543e+02	2.15300e+03	2.26503e-02	6.07667e+02
2154	6.06885e+02	2.15400e+03	2.26565e-02	6.08000e+02
2155	6.07218e+02	2.15500e+03	2.26639e-02	6.08333e+02
2156	6.07545e+02	2.15600e+03	2.26792e-02	6.08667e+02
2157	6.07874e+02	2.15700e+03	2.26879e-02	6.09000e+02
2158	6.08212e+02	2.15800e+03	2.26925e-02	6.09333e+02
2159	6.08540e+02	2.15900e+03	2.26962e-02	6.09667e+02
2160	6.08879e+02	2.16000e+03	2.27031e-02	6.10000e+02
2161	6.09204e+02	2.16100e+03	2.27147e-02	6.10333e+02
2162	6.09544e+02	2.16200e+03	2.27295e-02	6.10667e+02
2163	6.09869e+02	2.16300e+03	2.27464e-02	6.11000e+02
2164	6.10207e+02	2.16400e+03	2.27727e-02	6.11333e+02
2165	6.10536e+02	2.16500e+03	2.27941e-02	6.11667e+02
2166	6.10860e+02	2.16600e+03	2.28125e-02	6.12000e+02
2167	6.11204e+02	2.16700e+03	2.28283e-02	6.12333e+02
2168	6.11533e+02	2.16800e+03	2.28370e-02	6.12667e+02
2169	6.11866e+02	2.16900e+03	2.28417e-02	6.13000e+02
2170	6.12197e+02	2.17000e+03	2.28425e-02	6.13333e+02
2171	6.12525e+02	2.17100e+03	2.28410e-02	6.13667e+02
2172	6.12861e+02	2.17200e+03	2.28217e-02	6.14000e+02
2173	6.13197e+02	2.17300e+03	2.28103e-02	6.14333e+02
2174	6.13519e+02	2.17400e+03	2.27999e-02	6.14667e+02
2175	6.13862e+02	2.17500e+03	2.27882e-02	6.15000e+02
2176	6.14184e+02	2.17600e+03	2.27754e-02	6.15333e+02
2177	6.14526e+02	2.17700e+03	2.27658e-02	6.15667e+02
2178	6.14863e+02	2.17800e+03	2.27579e-02	6.16000e+02
2179	6.15188e+02	2.17900e+03	2.27516e-02	6.16333e+02
2180	6.15514e+02	2.18000e+03	2.27504e-02	6.16667e+02
2181	6.15855e+02	2.18100e+03	2.27455e-02	6.17000e+02
2182	6.16184e+02	2.18200e+03	2.27374e-02	6.17333e+02
2183	6.16507e+02	2.18300e+03	2.27269e-02	6.17667e+02
2184	6.16851e+02	2.18400e+03	2.27121e-02	6.18000e+02
2185	6.17185e+02	2.18500e+03	2.26979e-02	6.18333e+02
2186	6.17509e+02	2.18600e+03	2.26843e-02	6.18667e+02
2187	6.17849e+02	2.18700e+03	2.26707e-02	6.19000e+02
2188	6.18181e+02	2.18800e+03	2.26522e-02	6.19333e+02
2189	6.18524e+02	2.18900e+03	2.26396e-02	6.19667e+02
2190	6.18845e+02	2.19000e+03	2.26314e-02	6.20000e+02
2191	6.19176e+02	2.19100e+03	2.26262e-02	6.20333e+02
2192	6.19505e+02	2.19200e+03	2.26346e-02	6.20667e+02
2193	6.19839e+02	2.19300e+03	2.26425e-02	6.21000e+02
2194	6.20173e+02	2.19400e+03	2.26542e-02	6.21333e+02
2195	6.20510e+02	2.19500e+03	2.26689e-02	6.21667e+02
2196	6.20844e+02	2.19600e+03	2.26983e-02	6.22000e+02
2197	6.21175e+02	2.19700e+03	2.27216e-02	6.22333e+02
2198	6.21519e+02	2.19800e+03	2.27437e-02	6.22667e+02
2199	6.21842e+02	2.19900e+03	2.27655e-02	6.23000e+02
2200	6.22172e+02	2.20000e+03	2.27869e-02	6.23333e+02
2201	6.22515e+02	2.20100e+03	2.28017e-02	6.23667e+02
2202	6.22840e+02	2.20200e+03	2.28107e-02	6.24000e+02
2203	6.23170e+02	2.20300e+03	2.28168e-02	6.24333e+02
2204	6.23504e+02	2.20400e+03	2.28051e-02	6.24667e+02
2205	6.23841e+02	2.20500e+03	2.27961e-02	6.25000e+02
2206	6.24182e+02	2.20600e+03	2.27849e-02	6.25333e+02
2207	6.24514e+02	2.20700e+03	2.27712e-02	6.25667e+02
2208	6.24843e+02	2.20800e+03	2.27463e-02	6.26000e+02
2209	6.25174e+02	2.20900e+03	2.27291e-02	6.26333e+02
2210	6.25501e+02	2.21000e+03	2.27127e-02	6.26667e+02
2211	6.25842e+02	2.21100e+03	2.26964e-02	6.27000e+02
2212	6.26170e+02	2.21200e+03	2.26844e-02	6.27333e+02
2213	6.26494e+02	2.21300e+03	2.26698e-02	6.27667e+02
2214	6.26824e+02	2.21400e+03	2.26550e-02	6.28000e+02
2215	6.27165e+02	2.21500e+03	2.26407e-02	6.28333e+02
2216	6.27497e+02	2.21600e+03	2.26283e-02	6.28667e+02
2217	6.27836e+02	2.21700e+03	2.26188e-02	6.29000e+02
2218	6.28166e+02	2.21800e+03	2.26124e-02	6.29333e+02
2219	6.28507e+02	2.21900e+03	2.26075e-02	6.29667e+02
2220	6.28835e+02	2.22000e+03	2.26124e-02	6.30000e+02
2221	6.29169e+02	2.22100e+03	2.26170e-02	6.30333e+02
2222	6.29493e+02	2.22200e+03	2.26224e-02	6.30667e+02
2223	6.29837e+02	2.22300e+03	2.26277e-02	6.31000e+02
2224	6.30162e+02	2.22400e+03	2.26399e-02	6.31333e+02
2225	6.30498e+02	2.22500e+03	2.26501e-02	6.31667e+02
2226	6.30838e+02	2.22600e+03	2.26622e-02	6.32000e+02
2227	6.31172e+02	2.22700e+03	2.26752e-02	6.32333e+02
2228	6.31506e+02	2.22800e+03	2.26886e-02	6.32667e+02
2229	6.31841e+02	2.22900e+03	2.27029e-02	6.33000e+02
2230	6.32166e+02	2.23000e+03	2.27164e-02	6.33333e+02
2231	6.32495e+02	2.23100e+03	2.27276e-02	6.33667e+02
2232	6.32832e+02	2.23200e+03	2.27303e-02	6.34000e+02
2233	6.33163e+02	2.23300e+03	2.27280e-02	6.34333e+02
2234	6.33504e+02	2.23400e+03	2.27229e-02	6.34667e+02
2235	6.33830e+02	2.23500e+03	2.27163e-02	6.35000e+02
2236	6.34174e+02	2.23600e+03	2.26913e-02	6.35333e+02
2237	6.34504e+02	2.23700e+03	2.26756e-02	6.35667e+02
2238	6.34830e+02	2.23800e+03	2.26627e-02	6.36000e+02
2239	6.35163e+02	2.23900e+03	2.26507e-02	6.36333e+02
2240	6.35496e+02	2.24000e+03	2.26400e-02	6.36667e+02
2241	6.35829e+02	2.24100e+03	2.26293e-02	6.37000e+02
2242	6.36161e+02	2.24200e+03	2.26190e-02	6.37333e+02
2243	6.36492e+02	2.24300e+03	2.26082e-02	6.37667e+02
2244	6.36828e+02	2.24400e+03	2.25979e-02	6.38000e+02
2245	6.37161e+02	2.24500e+03	2.25862e-02	6.38333e+02
2246	6.37482e+02	2.24600e+03	2.25749e-02	6.38667e+02
2247	6.37827e+02	2.24700e+03	2.25649e-02	6.39000e+02
2248	6.38158e+02	2.24800e+03	2.25594e-02	6.39333e+02
2249	6.38488e+02	2.24900e+03	2.25582e-02	6.39667e+02
2250	6.38824e+02	2.25000e+03	2.25605e-02	6.40000e+02
2251	6.39155e+02	2.25100e+03	2.25648e-02	6.40333e+02
2252	6.39491e+02	2.25200e+03	2.25814e-02	6.40667e+02
2253	6.39821e+02	2.25300e+03	2.25910e-02	6.41000e+02
2254	6.40147e+02	2.25400e+03	2.25961e-02	6.41333e+02
2255	6.40483e+02	2.25500e+03	2.25981e-02	6.41667e+02
2256	6.40823e+02	2.25600e+03	2.25943e-02	6.42000e+02
2257	6.41156e+02	2.25700e+03	2.25902e-02	6.42333e+02
2258	6.41483e+02	2.25800e+03	2.25842e-02	6.42667e+02
2259	6.41819e+02	2.25900e+03	2.25763e-02	6.43000e+02
2260	6.42150e+02	2.26000e+03	2.25563e-02	6.43333e+02
2261	6.42483e+02	2.26100e+03	2.25402e-02	6.43667e+02
2262	6.42811e+02	2.26200e+03	2.25237e-02	6.44000e+02
2263	6.43147e+02	2.26300e+03	2.25060e-02	6.44333e+02
2264	6.43481e+02	2.26400e+03	2.24815e-02	6.44667e+02
2265	6.43817e+02	2.26500e+03	2.24593e-02	6.45000e+02
2266	6.44152e+02	2.26600e+03	2.24398e-02	6.45333e+02
2267	6.44476e+02	2.26700e+03	2.24229e-02	6.45667e+02
2268	6.44808e+02	2.26800e+03	2.24118e-02	6.46000e+02
2269	6.45146e+02	2.26900e+03	2.24062e-02	6.46333e+02
2270	6.45485e+02	2.27000e+03	2.24074e-02	6.46667e+02
2271	6.45818e+02	2.27100e+03	2.24131e-02	6.47000e+02
2272	6.46145e+02	2.27200e+03	2.24396e-02	6.47333e+02
2273	6.46478e+02	2.27300e+03	2.24574e-02	6.47667e+02
2274	6.46818e+02	2.27400e+03	2.24725e-02	6.48000e+02
2275	6.47152e+02	2.27500e+03	2.24855e-02	6.48333e+02
2276	6.47482e+02	2.27600e+03	2.24943e-02	6.48667e+02
2277	6.47814e+02	2.27700e+03	2.24967e-02	6.49000e+02
2278	6.48151e+02	2.27800e+03	2.24955e-02	6.49333e+02
2279	6.48489e+02	2.27900e+03	2.24935e-02	6.49667e+02
2280	6.48804e+02	2.28000e+03	2.24809e-02	6.50000e+02
2281	6.49141e+02	2.28100e+03	2.24802e-02	6.50333e+02
2282	6.49476e+02	2.28200e+03	2.24844e-02	6.50667e+02
2283	6.49810e+02	2.28300e+03	2.24905e-02	6.51000e+02
2284	6.50142e+02	2.28400e+03	2.25091e-02	6.51333e+02
2285	6.50475e+02	2.28500e+03	2.25211e-02	6.51667e+02
2286	6.50807e+02	2.28600e+03	2.25308e-02	6.52000e+02
2287	6.51137e+02	2.28700e+03	2.25385e-02	6.52333e+02
2288	6.51465e+02	2.28800e+03	2.25367e-02	6.52667e+02
2289	6.51812e+02	2.28900e+03	2.25342e-02	6.53000e+02
2290	6.52151e+02	2.29000e+03	2.25338e-02	6.53333e+02
2291	6.52478e+02	2.29100e+03	2.25356e-02	6.53667e+02
2292	6.52813e+02	2.29200e+03	2.25325e-02	6.54000e+02
2293	6.53147e+02	2.29300e+03	2.25378e-02	6.54333e+02
2294	6.53472e+02	2.29400e+03	2.25475e-02	6.54667e+02
2295	6.53813e+02	2.29500e+03	2.25595e-02	6.55000e+02
2296	6.54146e+02	2.29600e+03	2.25855e-02	6.55333e+02
2297	6.54479e+02	2.29700e+03	2.26007e-02	6.55667e+02
2298	6.54808e+02	2.29800e+03	2.26123e-02	6.56000e+02
2299	6.55141e+02	2.29900e+03	2.26230e-02	6.56333e+02
2300	6.55470e+02	2.30000e+03	2.26312e-02	6.56667e+02
2301	6.55810e+02	2.30100e+03	2.26398e-02	6.57000e+02
2302	6.56142e+02	2.30200e+03	2.26464e-02	6.57333e+02
2303	6.56466e+02	2.30300e+03	2.26524e-02	6.57667e+02
2304	6.56809e+02	2.30400e+03	2.26601e-02	6.58000e+02
2305	6.57140e+02	2.30500e+03	2.26712e-02	6.58333e+02
2306	6.57466e+02	2.30600e+03	2.26842e-02	6.58667e+02
2307	6.57801e+02	2.30700e+03	2.26978e-02	6.59000e+02
2308	6.58139e+02	2.30800e+03	2.27162e-02	6.59333e+02
2309	6.58467e+02	2.30900e+03	2.27318e-02	6.59667e+02
2310	6.58800e+02	2.31000e+03	2.27448e-02	6.60000e+02
2311	6.59136e+02	2.31100e+03	2.27566e-02	6.60333e+02
2312	6.59468e+02	2.31200e+03	2.27684e-02	6.60667e+02
2313	6.59805e+02	2.31300e+03	2.27800e-02	6.61000e+02
2314	6.60138e+02	2.31400e+03	2.27897e-02	6.61333e+02
2315	6.60469e+02	2.31500e+03	2.27970e-02	6.61667e+02
2316	6.60798e+02	2.31600e+03	2.27976e-02	6.62000e+02
2317	6.61133e+02	2.31700e+03	2.27950e-02	6.62333e+02
2318	6.61466e+02	2.31800e+03	2.27857e-02	6.62667e+02
2319	6.61796e+02	2.31900e+03	2.27727e-02	6.63000e+02
2320	6.62131e+02	2.32000e+03	2.27431e-02	6.63333e+02
2321	6.62466e+02	2.32100e+03	2.27191e-02	6.63667e+02
2322	6.62791e+02	2.32200e+03	2.26991e-02	6.64000e+02
2323	6.63132e+02	2.32300e+03	2.26823e-02	6.64333e+02
2324	6.63463e+02	2.32400e+03	2.26673e-02	6.64667e+02
2325	6.63790e+02	2.32500e+03	2.26582e-02	6.65000e+02
2326	6.64132e+02	2.32600e+03	2.26524e-02	6.65333e+02
2327	6.64456e+02	2.32700e+03	2.26488e-02	6.65667e+02
2328	6.64797e+02	2.32800e+03	2.26622e-02	6.66000e+02
2329	6.65124e+02	2.32900e+03	2.26661e-02	6.66333e+02
2330	6.65453e+02	2.33000e+03	2.26644e-02	6.66667e+02
2331	6.65784e+02	2.33100e+03	2.26581e-02	6.67000e+02
2332	6.66129e+02	2.33200e+03	2.26435e-02	6.67333e+02
2333	6.66454e+02	2.33300e+03	2.26310e-02	6.67667e+02
2334	6.66790e+02	2.33400e+03	2.26188e-02	6.68000e+02
2335	6.67120e+02	2.33500e+03	2.26063e-02	6.68333e+02
2336	6.67458e+02	2.33600e+03	2.25891e-02	6.68667e+02
2337	6.67790e+02	2.33700e+03	2.25832e-02	6.69000e+02
2338	6.68119e+02	2.33800e+03	2.25847e-02	6.69333e+02
2339	6.68444e+02	2.33900e+03	2.25895e-02	6.69667e+02
2340	6.68784e+02	2.34000e+03	2.26078e-02	6.70000e+02
2341	6.69111e+02	2.34100e+03	2.26148e-02	6.70333e+02
2342	6.69452e+02	2.34200e+03	2.26171e-02	6.70667e+02
2343	6.69788e+02	2.34300e+03	2.26179e-02	6.71000e+02
2344	6.70120e+02	2.34400e+03	2.26103e-02	6.71333e+02
2345	6.70453e+02	2.34500e+03	2.26032e-02	6.71667e+02
2346	6.70783e+02	2.34600e+03	2.25963e-02	6.72000e+02
2347	6.71117e+02	2.34700e+03	2.25893e-02	6.72333e+02
2348	6.71450e+02	2.34800e+03	2.25759e-02	6.72667e+02
2349	6.71770e+02	2.34900e+03	2.25683e-02	6.73000e+02
2350	6.72116e+02	2.35000e+03	2.25598e-02	6.73333e+02
2351	6.72446e+02	2.35100e+03	2.25482e-02	6.73667e+02
2352	6.72783e+02	2.35200e+03	2.25384e-02	6.74000e+02
2353	6.73112e+02	2.35300e+03	2.25281e-02	6.74333e+02
2354	6.73448e+02	2.35400e+03	2.25201e-02	6.74667e+02
2355	6.73782e+02	2.35500e+03	2.25147e-02	6.75000e+02
2356	6.74108e+02	2.35600e+03	2.25094e-02	6.75333e+02
2357	6.74454e+02	2.35700e+03	2.25067e-02	6.75667e+02
2358	6.74781e+02	2.35800e+03	2.25046e-02	6.76000e+02
2359	6.75115e+02	2.35900e+03	2.25024e-02	6.76333e+02
2360	6.75444e+02	2.36000e+03	2.25077e-02	6.76667e+02
2361	6.75776e+02	2.36100e+03	2.25080e-02	6.77000e+02
2362	6.76118e+02	2.36200e+03	2.25082e-02	6.77333e+02
2363	6.76443e+02	2.36300e+03	2.25109e-02	6.77667e+02
2364	6.76778e+02	2.36400e+03	2.25214e-02	6.78000e+02
2365	6.77113e+02	2.36500e+03	2.25359e-02	6.78333e+02
2366	6.77444e+02	2.36600e+03	2.25525e-02	6.78667e+02
2367	6.77779e+02	2.36700e+03	2.25699e-02	6.79000e+02
2368	6.78109e+02	2.36800e+03	2.25973e-02	6.79333e+02
2369	6.78441e+02	2.36900e+03	2.26120e-02	6.79667e+02
2370	6.78771e+02	2.37000e+03	2.26177e-02	6.80000e+02
2371	6.79104e+02	2.37100e+03	2.26173e-02	6.80333e+02
2372	6.79439e+02	2.37200e+03	2.25964e-02	6.80667e+02
2373	6.79769e+02	2.37300e+03	2.25829e-02	6.81000e+02
2374	6.80106e+02	2.37400e+03	2.25719e-02	6.81333e+02
2375	6.80431e+02	2.37500e+03	2.25624e-02	6.81667e+02
2376	6.80771e+02	2.37600e+03	2.25518e-02	6.82000e+02
2377	6.81100e+02	2.37700e+03	2.25491e-02	6.82333e+02
2378	6.81444e+02	2.37800e+03	2.25498e-02	6.82667e+02
2379	6.81776e+02	2.37900e+03	2.25520e-02	6.83000e+02
2380	6.82100e+02	2.38000e+03	2.25696e-02	6.83333e+02
2381	6.82439e+02	2.38100e+03	2.25745e-02	6.83667e+02
2382	6.82763e+02	2.38200e+03	2.25710e-02	6.84000e+02
2383	6.83109e+02	2.38300e+03	2.25633e-02	6.84333e+02
2384	6.83439e+02	2.38400e+03	2.25436e-02	6.84667e+02
2385	6.83769e+02	2.38500e+03	2.25282e-02	6.85000e+02
2386	6.84109e+02	2.38600e+03	2.25137e-02	6.85333e+02
2387	6.84440e+02	2.38700e+03	2.24986e-02	6.85667e+02
2388	6.84773e+02	2.38800e+03	2.24788e-02	6.86000e+02
2389	6.85113e+02	2.38900e+03	2.24683e-02	6.86333e+02
2390	6.85440e+02	2.39000e+03	2.24633e-02	6.86667e+02
2391	6.85774e+02	2.39100e+03	2.24608e-02	6.87000e+02
2392	6.86105e+02	2.39200e+03	2.24704e-02	6.87333e+02
2393	6.86437e+02	2.39300e+03	2.24750e-02	6.87667e+02
2394	6.86780e+02	2.39400e+03	2.24816e-02	6.88000e+02
2395	6.87113e+02	2.39500e+03	2.24904e-02	6.88333e+02
2396	6.87442e+02	2.39600e+03	2.25037e-02	6.88667e+02
2397	6.87778e+02	2.39700e+03	2.25111e-02	6.89000e+02
2398	6.88106e+02	2.39800e+03	2.25134e-02	6.89333e+02
2399	6.88438e+02	2.39900e+03	2.25134e-02	6.89667e+02
2400	6.88770e+02	2.40000e+03	2.25104e-02	6.90000e+02
2401	6.89101e+02	2.40100e+03	2.25075e-02	6.90333e+02
2402	6.89436e+02	2.40200e+03	2.25028e-02	6.90667e+02
2403	6.89778e+02	2.40300e+03	2.24969e-02	6.91000e+02
2404	6.90098e+02	2.40400e+03	2.24870e-02	6.91333e+02
2405	6.90215e+02	2.40500e+03	2.24826e-02	6.91667e+02
2406	6.90363e+02	2.40600e+03	2.24822e-02	6.92000e+02
2407	6.90567e+02	2.40700e+03	2.24831e-02	6.92333e+02
2408	6.90820e+02	2.40800e+03	2.24932e-02	6.92667e+02
2409	6.91076e+02	2.40900e+03	2.25063e-02	6.93000e+02
2410	6.91327e+02	2.41000e+03	2.25222e-02	6.93333e+02
2411	6.91565e+02	2.41100e+03	2.25381e-02	6.93667e+02
2412	6.91799e+02	2.41200e+03	2.25617e-02	6.94000e+02
2413	6.92028e+02	2.41300e+03	2.25735e-02	6.94333e+02
2414	6.92248e+02	2.41400e+03	2.25775e-02	6.94667e+02
2415	6.92446e+02	2.41500e+03	2.25771e-02	6.95000e+02
2416	6.92650e+02	2.41600e+03	2.25580e-02	6.95333e+02
2417	6.92851e+02	2.41700e+03	2.25431e-02	6.95667e+02
2418	6.93042e+02	2.41800e+03	2.25294e-02	6.96000e+02
2419	6.93236e+02	2.41900e+03	2.25169e-02	6.96333e+02
2420	6.93412e+02	2.42000e+03	2.25024e-02	6.96667e+02
2421	6.93579e+02	2.42100e+03	2.24982e-02	6.97000e+02
2422	6.93756e+02	2.42200e+03	2.24996e-02	6.97333e+02
2423	6.93924e+02	2.42300e+03	2.25037e-02	6.97667e+02
2424	6.94082e+02	2.42400e+03	2.25252e-02	6.98000e+02
2425	6.94237e+02	2.42500e+03	2.25369e-02	6.98333e+02
2426	6.94394e+02	2.42600e+03	2.25450e-02	6.98667e+02
2427	6.94530e+02	2.42700e+03	2.25514e-02	6.99000e+02
2428	6.94678e+02	2.42800e+03	2.25540e-02	6.99333e+02
2429	6.94812e+02	2.42900e+03	2.25571e-02	6.99667e+02
2430	6.94945e+02	2.43000e+03	2.25588e-02	7.00000e+02
