index	ts	t	weight	tr
[#]	[°C]	[s]	[mg]	[°C]
683	1.29194e+02	6.83000e+02	1.28263e+00	1.31500e+02
684	1.29688e+02	6.84000e+02	1.28262e+00	1.32000e+02
685	1.30197e+02	6.85000e+02	1.28260e+00	1.32500e+02
686	1.30706e+02	6.86000e+02	1.28258e+00	1.33000e+02
687	1.31195e+02	6.87000e+02	1.28256e+00	1.33500e+02
688	1.31716e+02	6.88000e+02	1.28252e+00	1.34000e+02
689	1.32216e+02	6.89000e+02	1.28249e+00	1.34500e+02
690	1.32707e+02	6.90000e+02	1.28245e+00	1.35000e+02
691	1.33192e+02	6.91000e+02	1.28242e+00	1.35500e+02
692	1.33684e+02	6.92000e+02	1.28237e+00	1.36000e+02
693	1.34177e+02	6.93000e+02	1.28233e+00	1.36500e+02
694	1.34667e+02	6.94000e+02	1.28228e+00	1.37000e+02
695	1.35182e+02	6.95000e+02	1.28223e+00	1.37500e+02
696	1.35699e+02	6.96000e+02	1.28218e+00	1.38000e+02
697	1.36212e+02	6.97000e+02	1.28213e+00	1.38500e+02
698	1.36698e+02	6.98000e+02	1.28209e+00	1.39000e+02
699	1.37191e+02	6.99000e+02	1.28204e+00	1.39500e+02
700	1.37699e+02	7.00000e+02	1.28200e+00	1.40000e+02
701	1.38215e+02	7.01000e+02	1.28196e+00	1.40500e+02
702	1.38715e+02	7.02000e+02	1.28193e+00	1.41000e+02
703	1.39215e+02	7.03000e+02	1.28189e+00	1.41500e+02
704	1.39739e+02	7.04000e+02	1.28186e+00	1.42000e+02
705	1.40250e+02	7.05000e+02	1.28183e+00	1.42500e+02
706	1.40771e+02	7.06000e+02	1.28179e+00	1.43000e+02
707	1.41265e+02	7.07000e+02	1.28175e+00	1.43500e+02
708	1.41795e+02	7.08000e+02	1.28171e+00	1.44000e+02
709	1.42301e+02	7.09000e+02	1.28166e+00	1.44500e+02
710	1.42791e+02	7.10000e+02	1.28160e+00	1.45000e+02
711	1.43299e+02	7.11000e+02	1.28155e+00	1.45500e+02
712	1.43786e+02	7.12000e+02	1.28148e+00	1.46000e+02
713	1.44258e+02	7.13000e+02	1.28142e+00	1.46500e+02
714	1.44764e+02	7.14000e+02	1.28136e+00	1.47000e+02
715	1.45309e+02	7.15000e+02	1.28129e+00	1.47500e+02
716	1.45827e+02	7.16000e+02	1.28122e+00	1.48000e+02
717	1.46324e+02	7.17000e+02	1.28115e+00	1.48500e+02
718	1.46840e+02	7.18000e+02	1.28107e+00	1.49000e+02
719	1.47353e+02	7.19000e+02	1.28099e+00	1.49500e+02
720	1.47838e+02	7.20000e+02	1.28089e+00	1.50000e+02
721	1.48350e+02	7.21000e+02	1.28080e+00	1.50500e+02
722	1.48852e+02	7.22000e+02	1.28070e+00	1.51000e+02
723	1.49350e+02	7.23000e+02	1.28061e+00	1.51500e+02
724	1.49852e+02	7.24000e+02	1.28050e+00	1.52000e+02
725	1.50360e+02	7.25000e+02	1.28040e+00	1.52500e+02
726	1.50872e+02	7.26000e+02	1.28030e+00	1.53000e+02
727	1.51360e+02	7.27000e+02	1.28021e+00	1.53500e+02
728	1.51867e+02	7.28000e+02	1.28012e+00	1.54000e+02
729	1.52359e+02	7.29000e+02	1.28003e+00	1.54500e+02
730	1.52869e+02	7.30000e+02	1.27994e+00	1.55000e+02
731	1.53375e+02	7.31000e+02	1.27985e+00	1.55500e+02
732	1.53872e+02	7.32000e+02	1.27976e+00	1.56000e+02
733	1.54379e+02	7.33000e+02	1.27967e+00	1.56500e+02
734	1.54887e+02	7.34000e+02	1.27957e+00	1.57000e+02
735	1.55388e+02	7.35000e+02	1.27948e+00	1.57500e+02
736	1.55892e+02	7.36000e+02	1.27937e+00	1.58000e+02
737	1.56401e+02	7.37000e+02	1.27926e+00	1.58500e+02
738	1.56897e+02	7.38000e+02	1.27916e+00	1.59000e+02
739	1.57390e+02	7.39000e+02	1.27905e+00	1.59500e+02
740	1.57905e+02	7.40000e+02	1.27894e+00	1.60000e+02
741	1.58403e+02	7.41000e+02	1.27883e+00	1.60500e+02
742	1.58917e+02	7.42000e+02	1.27872e+00	1.61000e+02
743	1.59405e+02	7.43000e+02	1.27861e+00	1.61500e+02
744	1.59922e+02	7.44000e+02	1.27849e+00	1.62000e+02
745	1.60427e+02	7.45000e+02	1.27837e+00	1.62500e+02
746	1.60916e+02	7.46000e+02	1.27825e+00	1.63000e+02
747	1.61425e+02	7.47000e+02	1.27812e+00	1.63500e+02
748	1.61923e+02	7.48000e+02	1.27799e+00	1.64000e+02
749	1.62428e+02	7.49000e+02	1.27785e+00	1.64500e+02
750	1.62943e+02	7.50000e+02	1.27771e+00	1.65000e+02
751	1.63447e+02	7.51000e+02	1.27757e+00	1.65500e+02
752	1.63963e+02	7.52000e+02	1.27741e+00	1.66000e+02
753	1.64455e+02	7.53000e+02	1.27726e+00	1.66500e+02
754	1.64954e+02	7.54000e+02	1.27710e+00	1.67000e+02
755	1.65462e+02	7.55000e+02	1.27695e+00	1.67500e+02
756	1.65978e+02	7.56000e+02	1.27679e+00	1.68000e+02
757	1.66475e+02	7.57000e+02	1.27664e+00	1.68500e+02
758	1.66975e+02	7.58000e+02	1.27648e+00	1.69000e+02
759	1.67486e+02	7.59000e+02	1.27633e+00	1.69500e+02
760	1.67986e+02	7.60000e+02	1.27617e+00	1.70000e+02
761	1.68498e+02	7.61000e+02	1.27600e+00	1.70500e+02
762	1.69008e+02	7.62000e+02	1.27583e+00	1.71000e+02
763	1.69513e+02	7.63000e+02	1.27565e+00	1.71500e+02
764	1.70010e+02	7.64000e+02	1.27544e+00	1.72000e+02
765	1.70526e+02	7.65000e+02	1.27524e+00	1.72500e+02
766	1.71031e+02	7.66000e+02	1.27503e+00	1.73000e+02
767	1.71544e+02	7.67000e+02	1.27482e+00	1.73500e+02
768	1.72049e+02	7.68000e+02	1.27459e+00	1.74000e+02
769	1.72543e+02	7.69000e+02	1.27437e+00	1.74500e+02
770	1.73057e+02	7.70000e+02	1.27415e+00	1.75000e+02
771	1.73561e+02	7.71000e+02	1.27392e+00	1.75500e+02
772	1.74054e+02	7.72000e+02	1.27369e+00	1.76000e+02
773	1.74571e+02	7.73000e+02	1.27346e+00	1.76500e+02
774	1.75066e+02	7.74000e+02	1.27322e+00	1.77000e+02
775	1.75561e+02	7.75000e+02	1.27297e+00	1.77500e+02
776	1.76062e+02	7.76000e+02	1.27270e+00	1.78000e+02
777	1.76578e+02	7.77000e+02	1.27242e+00	1.78500e+02
778	1.77092e+02	7.78000e+02	1.27213e+00	1.79000e+02
779	1.77594e+02	7.79000e+02	1.27182e+00	1.79500e+02
780	1.78099e+02	7.80000e+02	1.27146e+00	1.80000e+02
781	1.78606e+02	7.81000e+02	1.27110e+00	1.80500e+02
782	1.79117e+02	7.82000e+02	1.27074e+00	1.81000e+02
783	1.79625e+02	7.83000e+02	1.27036e+00	1.81500e+02
784	1.80136e+02	7.84000e+02	1.26993e+00	1.82000e+02
785	1.80644e+02	7.85000e+02	1.26950e+00	1.82500e+02
786	1.81140e+02	7.86000e+02	1.26907e+00	1.83000e+02
787	1.81647e+02	7.87000e+02	1.26863e+00	1.83500e+02
788	1.82156e+02	7.88000e+02	1.26815e+00	1.84000e+02
789	1.82664e+02	7.89000e+02	1.26768e+00	1.84500e+02
790	1.83169e+02	7.90000e+02	1.26720e+00	1.85000e+02
791	1.83682e+02	7.91000e+02	1.26672e+00	1.85500e+02
792	1.84180e+02	7.92000e+02	1.26620e+00	1.86000e+02
793	1.84692e+02	7.93000e+02	1.26568e+00	1.86500e+02
794	1.85209e+02	7.94000e+02	1.26515e+00	1.87000e+02
795	1.85702e+02	7.95000e+02	1.26462e+00	1.87500e+02
796	1.86216e+02	7.96000e+02	1.26404e+00	1.88000e+02
797	1.86715e+02	7.97000e+02	1.26346e+00	1.88500e+02
798	1.87222e+02	7.98000e+02	1.26288e+00	1.89000e+02
799	1.87734e+02	7.99000e+02	1.26228e+00	1.89500e+02
800	1.88242e+02	8.00000e+02	1.26164e+00	1.90000e+02
801	1.88755e+02	8.01000e+02	1.26100e+00	1.90500e+02
802	1.89259e+02	8.02000e+02	1.26036e+00	1.91000e+02
803	1.89764e+02	8.03000e+02	1.25971e+00	1.91500e+02
804	1.90277e+02	8.04000e+02	1.25903e+00	1.92000e+02
805	1.90788e+02	8.05000e+02	1.25836e+00	1.92500e+02
806	1.91294e+02	8.06000e+02	1.25769e+00	1.93000e+02
807	1.91792e+02	8.07000e+02	1.25701e+00	1.93500e+02
808	1.92303e+02	8.08000e+02	1.25631e+00	1.94000e+02
809	1.92809e+02	8.09000e+02	1.25562e+00	1.94500e+02
810	1.93318e+02	8.10000e+02	1.25492e+00	1.95000e+02
811	1.93816e+02	8.11000e+02	1.25422e+00	1.95500e+02
812	1.94333e+02	8.12000e+02	1.25350e+00	1.96000e+02
813	1.94830e+02	8.13000e+02	1.25280e+00	1.96500e+02
814	1.95351e+02	8.14000e+02	1.25209e+00	1.97000e+02
815	1.95853e+02	8.15000e+02	1.25138e+00	1.97500e+02
816	1.96365e+02	8.16000e+02	1.25067e+00	1.98000e+02
817	1.96879e+02	8.17000e+02	1.24996e+00	1.98500e+02
818	1.97378e+02	8.18000e+02	1.24926e+00	1.99000e+02
819	1.97890e+02	8.19000e+02	1.24856e+00	1.99500e+02
820	1.98401e+02	8.20000e+02	1.24788e+00	2.00000e+02
821	1.98897e+02	8.21000e+02	1.24720e+00	2.00500e+02
822	1.99412e+02	8.22000e+02	1.24654e+00	2.01000e+02
823	1.99912e+02	8.23000e+02	1.24588e+00	2.01500e+02
824	2.00424e+02	8.24000e+02	1.24526e+00	2.02000e+02
825	2.00932e+02	8.25000e+02	1.24463e+00	2.02500e+02
826	2.01436e+02	8.26000e+02	1.24401e+00	2.03000e+02
827	2.01954e+02	8.27000e+02	1.24339e+00	2.03500e+02
828	2.02456e+02	8.28000e+02	1.24281e+00	2.04000e+02
829	2.02968e+02	8.29000e+02	1.24222e+00	2.04500e+02
830	2.03483e+02	8.30000e+02	1.24164e+00	2.05000e+02
831	2.03983e+02	8.31000e+02	1.24106e+00	2.05500e+02
832	2.04491e+02	8.32000e+02	1.24052e+00	2.06000e+02
833	2.04999e+02	8.33000e+02	1.23998e+00	2.06500e+02
834	2.05516e+02	8.34000e+02	1.23945e+00	2.07000e+02
835	2.06016e+02	8.35000e+02	1.23893e+00	2.07500e+02
836	2.06535e+02	8.36000e+02	1.23847e+00	2.08000e+02
837	2.07029e+02	8.37000e+02	1.23799e+00	2.08500e+02
838	2.07548e+02	8.38000e+02	1.23753e+00	2.09000e+02
839	2.08055e+02	8.39000e+02	1.23708e+00	2.09500e+02
840	2.08566e+02	8.40000e+02	1.23668e+00	2.10000e+02
841	2.09067e+02	8.41000e+02	1.23627e+00	2.10500e+02
842	2.09574e+02	8.42000e+02	1.23588e+00	2.11000e+02
843	2.10076e+02	8.43000e+02	1.23549e+00	2.11500e+02
844	2.10600e+02	8.44000e+02	1.23516e+00	2.12000e+02
845	2.11103e+02	8.45000e+02	1.23482e+00	2.12500e+02
846	2.11600e+02	8.46000e+02	1.23449e+00	2.13000e+02
847	2.12117e+02	8.47000e+02	1.23416e+00	2.13500e+02
848	2.12616e+02	8.48000e+02	1.23389e+00	2.14000e+02
849	2.13136e+02	8.49000e+02	1.23360e+00	2.14500e+02
850	2.13637e+02	8.50000e+02	1.23333e+00	2.15000e+02
851	2.14136e+02	8.51000e+02	1.23306e+00	2.15500e+02
852	2.14647e+02	8.52000e+02	1.23283e+00	2.16000e+02
853	2.15159e+02	8.53000e+02	1.23259e+00	2.16500e+02
854	2.15665e+02	8.54000e+02	1.23236e+00	2.17000e+02
855	2.16165e+02	8.55000e+02	1.23213e+00	2.17500e+02
856	2.16668e+02	8.56000e+02	1.23194e+00	2.18000e+02
857	2.17177e+02	8.57000e+02	1.23174e+00	2.18500e+02
858	2.17687e+02	8.58000e+02	1.23154e+00	2.19000e+02
859	2.18192e+02	8.59000e+02	1.23135e+00	2.19500e+02
860	2.18694e+02	8.60000e+02	1.23119e+00	2.20000e+02
861	2.19199e+02	8.61000e+02	1.23102e+00	2.20500e+02
862	2.19701e+02	8.62000e+02	1.23084e+00	2.21000e+02
863	2.20199e+02	8.63000e+02	1.23068e+00	2.21500e+02
864	2.20709e+02	8.64000e+02	1.23052e+00	2.22000e+02
865	2.21203e+02	8.65000e+02	1.23037e+00	2.22500e+02
866	2.21690e+02	8.66000e+02	1.23021e+00	2.23000e+02
867	2.22197e+02	8.67000e+02	1.23005e+00	2.23500e+02
868	2.22715e+02	8.68000e+02	1.22990e+00	2.24000e+02
869	2.23208e+02	8.69000e+02	1.22975e+00	2.24500e+02
870	2.23717e+02	8.70000e+02	1.22960e+00	2.25000e+02
871	2.24213e+02	8.71000e+02	1.22945e+00	2.25500e+02
872	2.24715e+02	8.72000e+02	1.22930e+00	2.26000e+02
873	2.25232e+02	8.73000e+02	1.22916e+00	2.26500e+02
874	2.25741e+02	8.74000e+02	1.22902e+00	2.27000e+02
875	2.26254e+02	8.75000e+02	1.22887e+00	2.27500e+02
876	2.26755e+02	8.76000e+02	1.22874e+00	2.28000e+02
877	2.27258e+02	8.77000e+02	1.22860e+00	2.28500e+02
878	2.27768e+02	8.78000e+02	1.22846e+00	2.29000e+02
879	2.28283e+02	8.79000e+02	1.22831e+00	2.29500e+02
880	2.28805e+02	8.80000e+02	1.22817e+00	2.30000e+02
881	2.29308e+02	8.81000e+02	1.22802e+00	2.30500e+02
882	2.29814e+02	8.82000e+02	1.22787e+00	2.31000e+02
883	2.30327e+02	8.83000e+02	1.22772e+00	2.31500e+02
884	2.30836e+02	8.84000e+02	1.22756e+00	2.32000e+02
885	2.31343e+02	8.85000e+02	1.22741e+00	2.32500e+02
886	2.31864e+02	8.86000e+02	1.22726e+00	2.33000e+02
887	2.32370e+02	8.87000e+02	1.22711e+00	2.33500e+02
888	2.32878e+02	8.88000e+02	1.22696e+00	2.34000e+02
889	2.33382e+02	8.89000e+02	1.22681e+00	2.34500e+02
890	2.33896e+02	8.90000e+02	1.22665e+00	2.35000e+02
891	2.34404e+02	8.91000e+02	1.22650e+00	2.35500e+02
892	2.34925e+02	8.92000e+02	1.22635e+00	2.36000e+02
893	2.35440e+02	8.93000e+02	1.22620e+00	2.36500e+02
894	2.35956e+02	8.94000e+02	1.22605e+00	2.37000e+02
895	2.36465e+02	8.95000e+02	1.22590e+00	2.37500e+02
896	2.36976e+02	8.96000e+02	1.22575e+00	2.38000e+02
897	2.37481e+02	8.97000e+02	1.22560e+00	2.38500e+02
898	2.38000e+02	8.98000e+02	1.22545e+00	2.39000e+02
899	2.38507e+02	8.99000e+02	1.22530e+00	2.39500e+02
900	2.39012e+02	9.00000e+02	1.22514e+00	2.40000e+02
901	2.39519e+02	9.01000e+02	1.22499e+00	2.40500e+02
902	2.40024e+02	9.02000e+02	1.22483e+00	2.41000e+02
903	2.40528e+02	9.03000e+02	1.22467e+00	2.41500e+02
904	2.41038e+02	9.04000e+02	1.22451e+00	2.42000e+02
905	2.41539e+02	9.05000e+02	1.22435e+00	2.42500e+02
906	2.42054e+02	9.06000e+02	1.22420e+00	2.43000e+02
907	2.42557e+02	9.07000e+02	1.22405e+00	2.43500e+02
908	2.43066e+02	9.08000e+02	1.22391e+00	2.44000e+02
909	2.43563e+02	9.09000e+02	1.22377e+00	2.44500e+02
910	2.44050e+02	9.10000e+02	1.22363e+00	2.45000e+02
911	2.44538e+02	9.11000e+02	1.22349e+00	2.45500e+02
912	2.45037e+02	9.12000e+02	1.22337e+00	2.46000e+02
913	2.45520e+02	9.13000e+02	1.22324e+00	2.46500e+02
914	2.46008e+02	9.14000e+02	1.22311e+00	2.47000e+02
915	2.46488e+02	9.15000e+02	1.22298e+00	2.47500e+02
916	2.46996e+02	9.16000e+02	1.22285e+00	2.48000e+02
917	2.47501e+02	9.17000e+02	1.22273e+00	2.48500e+02
918	2.48005e+02	9.18000e+02	1.22261e+00	2.49000e+02
919	2.48496e+02	9.19000e+02	1.22248e+00	2.49500e+02
920	2.49011e+02	9.20000e+02	1.22237e+00	2.50000e+02
921	2.49497e+02	9.21000e+02	1.22226e+00	2.50500e+02
922	2.50010e+02	9.22000e+02	1.22215e+00	2.51000e+02
923	2.50521e+02	9.23000e+02	1.22204e+00	2.51500e+02
924	2.51041e+02	9.24000e+02	1.22194e+00	2.52000e+02
925	2.51541e+02	9.25000e+02	1.22184e+00	2.52500e+02
926	2.52044e+02	9.26000e+02	1.22173e+00	2.53000e+02
927	2.52569e+02	9.27000e+02	1.22163e+00	2.53500e+02
928	2.53078e+02	9.28000e+02	1.22151e+00	2.54000e+02
929	2.53608e+02	9.29000e+02	1.22140e+00	2.54500e+02
930	2.54132e+02	9.30000e+02	1.22129e+00	2.55000e+02
931	2.54669e+02	9.31000e+02	1.22117e+00	2.55500e+02
932	2.55187e+02	9.32000e+02	1.22105e+00	2.56000e+02
933	2.55698e+02	9.33000e+02	1.22092e+00	2.56500e+02
934	2.56216e+02	9.34000e+02	1.22080e+00	2.57000e+02
935	2.56725e+02	9.35000e+02	1.22068e+00	2.57500e+02
936	2.57231e+02	9.36000e+02	1.22056e+00	2.58000e+02
937	2.57745e+02	9.37000e+02	1.22044e+00	2.58500e+02
938	2.58253e+02	9.38000e+02	1.22032e+00	2.59000e+02
939	2.58775e+02	9.39000e+02	1.22020e+00	2.59500e+02
940	2.59288e+02	9.40000e+02	1.22008e+00	2.60000e+02
941	2.59806e+02	9.41000e+02	1.21995e+00	2.60500e+02
942	2.60333e+02	9.42000e+02	1.21983e+00	2.61000e+02
943	2.60856e+02	9.43000e+02	1.21970e+00	2.61500e+02
944	2.61397e+02	9.44000e+02	1.21957e+00	2.62000e+02
945	2.61933e+02	9.45000e+02	1.21944e+00	2.62500e+02
946	2.62470e+02	9.46000e+02	1.21932e+00	2.63000e+02
947	2.62995e+02	9.47000e+02	1.21920e+00	2.63500e+02
948	2.63515e+02	9.48000e+02	1.21909e+00	2.64000e+02
949	2.64022e+02	9.49000e+02	1.21899e+00	2.64500e+02
950	2.64546e+02	9.50000e+02	1.21889e+00	2.65000e+02
951	2.65082e+02	9.51000e+02	1.21878e+00	2.65500e+02
952	2.65609e+02	9.52000e+02	1.21870e+00	2.66000e+02
953	2.66134e+02	9.53000e+02	1.21860e+00	2.66500e+02
954	2.66649e+02	9.54000e+02	1.21850e+00	2.67000e+02
955	2.67165e+02	9.55000e+02	1.21841e+00	2.67500e+02
956	2.67676e+02	9.56000e+02	1.21830e+00	2.68000e+02
957	2.68191e+02	9.57000e+02	1.21819e+00	2.68500e+02
958	2.68710e+02	9.58000e+02	1.21808e+00	2.69000e+02
959	2.69220e+02	9.59000e+02	1.21796e+00	2.69500e+02
960	2.69726e+02	9.60000e+02	1.21783e+00	2.70000e+02
961	2.70248e+02	9.61000e+02	1.21769e+00	2.70500e+02
962	2.70760e+02	9.62000e+02	1.21756e+00	2.71000e+02
963	2.71269e+02	9.63000e+02	1.21742e+00	2.71500e+02
964	2.71789e+02	9.64000e+02	1.21727e+00	2.72000e+02
965	2.72311e+02	9.65000e+02	1.21712e+00	2.72500e+02
966	2.72824e+02	9.66000e+02	1.21696e+00	2.73000e+02
967	2.73347e+02	9.67000e+02	1.21681e+00	2.73500e+02
968	2.73888e+02	9.68000e+02	1.21664e+00	2.74000e+02
969	2.74384e+02	9.69000e+02	1.21647e+00	2.74500e+02
970	2.74884e+02	9.70000e+02	1.21629e+00	2.75000e+02
971	2.75367e+02	9.71000e+02	1.21612e+00	2.75500e+02
972	2.75876e+02	9.72000e+02	1.21593e+00	2.76000e+02
973	2.76374e+02	9.73000e+02	1.21575e+00	2.76500e+02
974	2.76879e+02	9.74000e+02	1.21558e+00	2.77000e+02
975	2.77376e+02	9.75000e+02	1.21540e+00	2.77500e+02
976	2.77888e+02	9.76000e+02	1.21523e+00	2.78000e+02
977	2.78432e+02	9.77000e+02	1.21506e+00	2.78500e+02
978	2.78968e+02	9.78000e+02	1.21489e+00	2.79000e+02
979	2.79501e+02	9.79000e+02	1.21472e+00	2.79500e+02
980	2.80027e+02	9.80000e+02	1.21455e+00	2.80000e+02
981	2.80553e+02	9.81000e+02	1.21439e+00	2.80500e+02
982	2.81076e+02	9.82000e+02	1.21422e+00	2.81000e+02
983	2.81603e+02	9.83000e+02	1.21406e+00	2.81500e+02
984	2.82139e+02	9.84000e+02	1.21389e+00	2.82000e+02
985	2.82650e+02	9.85000e+02	1.21372e+00	2.82500e+02
986	2.83171e+02	9.86000e+02	1.21354e+00	2.83000e+02
987	2.83709e+02	9.87000e+02	1.21336e+00	2.83500e+02
988	2.84260e+02	9.88000e+02	1.21315e+00	2.84000e+02
989	2.84762e+02	9.89000e+02	1.21295e+00	2.84500e+02
990	2.85292e+02	9.90000e+02	1.21274e+00	2.85000e+02
991	2.85810e+02	9.91000e+02	1.21252e+00	2.85500e+02
992	2.86317e+02	9.92000e+02	1.21228e+00	2.86000e+02
993	2.86837e+02	9.93000e+02	1.21204e+00	2.86500e+02
994	2.87356e+02	9.94000e+02	1.21180e+00	2.87000e+02
995	2.87909e+02	9.95000e+02	1.21155e+00	2.87500e+02
996	2.88403e+02	9.96000e+02	1.21127e+00	2.88000e+02
997	2.88928e+02	9.97000e+02	1.21100e+00	2.88500e+02
998	2.89422e+02	9.98000e+02	1.21073e+00	2.89000e+02
999	2.89901e+02	9.99000e+02	1.21045e+00	2.89500e+02
1000	2.90391e+02	1.00000e+03	1.21016e+00	2.90000e+02
1001	2.90893e+02	1.00100e+03	1.20986e+00	2.90500e+02
1002	2.91395e+02	1.00200e+03	1.20955e+00	2.91000e+02
1003	2.91935e+02	1.00300e+03	1.20924e+00	2.91500e+02
1004	2.92484e+02	1.00400e+03	1.20891e+00	2.92000e+02
1005	2.92996e+02	1.00500e+03	1.20857e+00	2.92500e+02
1006	2.93485e+02	1.00600e+03	1.20822e+00	2.93000e+02
1007	2.93979e+02	1.00700e+03	1.20786e+00	2.93500e+02
1008	2.94471e+02	1.00800e+03	1.20745e+00	2.94000e+02
1009	2.94959e+02	1.00900e+03	1.20705e+00	2.94500e+02
1010	2.95457e+02	1.01000e+03	1.20664e+00	2.95000e+02
1011	2.95994e+02	1.01100e+03	1.20622e+00	2.95500e+02
1012	2.96508e+02	1.01200e+03	1.20574e+00	2.96000e+02
1013	2.97010e+02	1.01300e+03	1.20528e+00	2.96500e+02
1014	2.97505e+02	1.01400e+03	1.20481e+00	2.97000e+02
1015	2.97995e+02	1.01500e+03	1.20432e+00	2.97500e+02
1016	2.98502e+02	1.01600e+03	1.20380e+00	2.98000e+02
1017	2.99003e+02	1.01700e+03	1.20327e+00	2.98500e+02
1018	2.99522e+02	1.01800e+03	1.20274e+00	2.99000e+02
1019	3.00044e+02	1.01900e+03	1.20220e+00	2.99500e+02
1020	3.00551e+02	1.02000e+03	1.20161e+00	3.00000e+02
1021	3.01062e+02	1.02100e+03	1.20103e+00	3.00500e+02
1022	3.01645e+02	1.02200e+03	1.20045e+00	3.01000e+02
1023	3.02152e+02	1.02300e+03	1.19985e+00	3.01500e+02
1024	3.02718e+02	1.02400e+03	1.19923e+00	3.02000e+02
1025	3.03220e+02	1.02500e+03	1.19861e+00	3.02500e+02
1026	3.03689e+02	1.02600e+03	1.19798e+00	3.03000e+02
1027	3.04171e+02	1.02700e+03	1.19733e+00	3.03500e+02
1028	3.04659e+02	1.02800e+03	1.19664e+00	3.04000e+02
1029	3.05194e+02	1.02900e+03	1.19595e+00	3.04500e+02
1030	3.05703e+02	1.03000e+03	1.19524e+00	3.05000e+02
1031	3.06212e+02	1.03100e+03	1.19453e+00	3.05500e+02
1032	3.06738e+02	1.03200e+03	1.19375e+00	3.06000e+02
1033	3.07204e+02	1.03300e+03	1.19299e+00	3.06500e+02
1034	3.07697e+02	1.03400e+03	1.19223e+00	3.07000e+02
1035	3.08222e+02	1.03500e+03	1.19146e+00	3.07500e+02
1036	3.08740e+02	1.03600e+03	1.19066e+00	3.08000e+02
1037	3.09252e+02	1.03700e+03	1.18986e+00	3.08500e+02
1038	3.09765e+02	1.03800e+03	1.18906e+00	3.09000e+02
1039	3.10264e+02	1.03900e+03	1.18824e+00	3.09500e+02
1040	3.10810e+02	1.04000e+03	1.18740e+00	3.10000e+02
1041	3.11355e+02	1.04100e+03	1.18656e+00	3.10500e+02
1042	3.11901e+02	1.04200e+03	1.18571e+00	3.11000e+02
1043	3.12448e+02	1.04300e+03	1.18486e+00	3.11500e+02
1044	3.12978e+02	1.04400e+03	1.18398e+00	3.12000e+02
1045	3.13500e+02	1.04500e+03	1.18310e+00	3.12500e+02
1046	3.14011e+02	1.04600e+03	1.18221e+00	3.13000e+02
1047	3.14519e+02	1.04700e+03	1.18132e+00	3.13500e+02
1048	3.15006e+02	1.04800e+03	1.18041e+00	3.14000e+02
1049	3.15499e+02	1.04900e+03	1.17950e+00	3.14500e+02
1050	3.15994e+02	1.05000e+03	1.17859e+00	3.15000e+02
1051	3.16515e+02	1.05100e+03	1.17768e+00	3.15500e+02
1052	3.17040e+02	1.05200e+03	1.17675e+00	3.16000e+02
1053	3.17553e+02	1.05300e+03	1.17582e+00	3.16500e+02
1054	3.18054e+02	1.05400e+03	1.17489e+00	3.17000e+02
1055	3.18554e+02	1.05500e+03	1.17395e+00	3.17500e+02
1056	3.19058e+02	1.05600e+03	1.17301e+00	3.18000e+02
1057	3.19562e+02	1.05700e+03	1.17208e+00	3.18500e+02
1058	3.20050e+02	1.05800e+03	1.17114e+00	3.19000e+02
1059	3.20570e+02	1.05900e+03	1.17021e+00	3.19500e+02
1060	3.21075e+02	1.06000e+03	1.16928e+00	3.20000e+02
1061	3.21592e+02	1.06100e+03	1.16834e+00	3.20500e+02
1062	3.22173e+02	1.06200e+03	1.16740e+00	3.21000e+02
1063	3.22668e+02	1.06300e+03	1.16645e+00	3.21500e+02
1064	3.23183e+02	1.06400e+03	1.16549e+00	3.22000e+02
1065	3.23685e+02	1.06500e+03	1.16453e+00	3.22500e+02
1066	3.24232e+02	1.06600e+03	1.16356e+00	3.23000e+02
1067	3.24775e+02	1.06700e+03	1.16257e+00	3.23500e+02
1068	3.25303e+02	1.06800e+03	1.16156e+00	3.24000e+02
1069	3.25804e+02	1.06900e+03	1.16055e+00	3.24500e+02
1070	3.26324e+02	1.07000e+03	1.15954e+00	3.25000e+02
1071	3.26827e+02	1.07100e+03	1.15854e+00	3.25500e+02
1072	3.27323e+02	1.07200e+03	1.15751e+00	3.26000e+02
1073	3.27844e+02	1.07300e+03	1.15649e+00	3.26500e+02
1074	3.28363e+02	1.07400e+03	1.15548e+00	3.27000e+02
1075	3.28881e+02	1.07500e+03	1.15445e+00	3.27500e+02
1076	3.29375e+02	1.07600e+03	1.15342e+00	3.28000e+02
1077	3.29917e+02	1.07700e+03	1.15237e+00	3.28500e+02
1078	3.30429e+02	1.07800e+03	1.15131e+00	3.29000e+02
1079	3.30891e+02	1.07900e+03	1.15023e+00	3.29500e+02
1080	3.31365e+02	1.08000e+03	1.14910e+00	3.30000e+02
1081	3.31847e+02	1.08100e+03	1.14797e+00	3.30500e+02
1082	3.32321e+02	1.08200e+03	1.14683e+00	3.31000e+02
1083	3.32827e+02	1.08300e+03	1.14566e+00	3.31500e+02
1084	3.33333e+02	1.08400e+03	1.14442e+00	3.32000e+02
1085	3.33845e+02	1.08500e+03	1.14319e+00	3.32500e+02
1086	3.34347e+02	1.08600e+03	1.14193e+00	3.33000e+02
1087	3.34861e+02	1.08700e+03	1.14065e+00	3.33500e+02
1088	3.35375e+02	1.08800e+03	1.13926e+00	3.34000e+02
1089	3.35884e+02	1.08900e+03	1.13788e+00	3.34500e+02
1090	3.36384e+02	1.09000e+03	1.13648e+00	3.35000e+02
1091	3.36893e+02	1.09100e+03	1.13505e+00	3.35500e+02
1092	3.37393e+02	1.09200e+03	1.13349e+00	3.36000e+02
1093	3.37907e+02	1.09300e+03	1.13194e+00	3.36500e+02
1094	3.38422e+02	1.09400e+03	1.13035e+00	3.37000e+02
1095	3.38936e+02	1.09500e+03	1.12874e+00	3.37500e+02
1096	3.39422e+02	1.09600e+03	1.12695e+00	3.38000e+02
1097	3.39909e+02	1.09700e+03	1.12518e+00	3.38500e+02
1098	3.40421e+02	1.09800e+03	1.12337e+00	3.39000e+02
1099	3.40912e+02	1.09900e+03	1.12152e+00	3.39500e+02
1100	3.41385e+02	1.10000e+03	1.11948e+00	3.40000e+02
1101	3.41900e+02	1.10100e+03	1.11747e+00	3.40500e+02
1102	3.42449e+02	1.10200e+03	1.11541e+00	3.41000e+02
1103	3.42985e+02	1.10300e+03	1.11332e+00	3.41500e+02
1104	3.43506e+02	1.10400e+03	1.11104e+00	3.42000e+02
1105	3.43987e+02	1.10500e+03	1.10878e+00	3.42500e+02
1106	3.44488e+02	1.10600e+03	1.10646e+00	3.43000e+02
1107	3.44985e+02	1.10700e+03	1.10410e+00	3.43500e+02
1108	3.45493e+02	1.10800e+03	1.10151e+00	3.44000e+02
1109	3.45999e+02	1.10900e+03	1.09893e+00	3.44500e+02
1110	3.46502e+02	1.11000e+03	1.09630e+00	3.45000e+02
1111	3.47012e+02	1.11100e+03	1.09361e+00	3.45500e+02
1112	3.47508e+02	1.11200e+03	1.09066e+00	3.46000e+02
1113	3.48023e+02	1.11300e+03	1.08773e+00	3.46500e+02
1114	3.48526e+02	1.11400e+03	1.08475e+00	3.47000e+02
1115	3.49028e+02	1.11500e+03	1.08171e+00	3.47500e+02
1116	3.49538e+02	1.11600e+03	1.07840e+00	3.48000e+02
1117	3.50050e+02	1.11700e+03	1.07511e+00	3.48500e+02
1118	3.50542e+02	1.11800e+03	1.07177e+00	3.49000e+02
1119	3.51034e+02	1.11900e+03	1.06836e+00	3.49500e+02
1120	3.51533e+02	1.12000e+03	1.06466e+00	3.50000e+02
1121	3.52033e+02	1.12100e+03	1.06099e+00	3.50500e+02
1122	3.52534e+02	1.12200e+03	1.05725e+00	3.51000e+02
1123	3.53042e+02	1.12300e+03	1.05345e+00	3.51500e+02
1124	3.53549e+02	1.12400e+03	1.04932e+00	3.52000e+02
1125	3.54038e+02	1.12500e+03	1.04523e+00	3.52500e+02
1126	3.54547e+02	1.12600e+03	1.04105e+00	3.53000e+02
1127	3.55044e+02	1.12700e+03	1.03681e+00	3.53500e+02
1128	3.55546e+02	1.12800e+03	1.03221e+00	3.54000e+02
1129	3.56030e+02	1.12900e+03	1.02765e+00	3.54500e+02
1130	3.56522e+02	1.13000e+03	1.02302e+00	3.55000e+02
1131	3.57040e+02	1.13100e+03	1.01831e+00	3.55500e+02
1132	3.57523e+02	1.13200e+03	1.01324e+00	3.56000e+02
1133	3.58010e+02	1.13300e+03	1.00822e+00	3.56500e+02
1134	3.58480e+02	1.13400e+03	1.00312e+00	3.57000e+02
1135	3.58984e+02	1.13500e+03	9.97954e-01	3.57500e+02
1136	3.59485e+02	1.13600e+03	9.92412e-01	3.58000e+02
1137	3.59933e+02	1.13700e+03	9.86912e-01	3.58500e+02
1138	3.60370e+02	1.13800e+03	9.81330e-01	3.59000e+02
1139	3.60823e+02	1.13900e+03	9.75673e-01	3.59500e+02
1140	3.61311e+02	1.14000e+03	9.69631e-01	3.60000e+02
1141	3.61801e+02	1.14100e+03	9.63646e-01	3.60500e+02
1142	3.62275e+02	1.14200e+03	9.57587e-01	3.61000e+02
1143	3.62769e+02	1.14300e+03	9.51457e-01	3.61500e+02
1144	3.63264e+02	1.14400e+03	9.44954e-01	3.62000e+02
1145	3.63770e+02	1.14500e+03	9.38500e-01	3.62500e+02
1146	3.64274e+02	1.14600e+03	9.31966e-01	3.63000e+02
1147	3.64764e+02	1.14700e+03	9.25358e-01	3.63500e+02
1148	3.65246e+02	1.14800e+03	9.18383e-01	3.64000e+02
1149	3.65745e+02	1.14900e+03	9.11462e-01	3.64500e+02
1150	3.66238e+02	1.15000e+03	9.04474e-01	3.65000e+02
1151	3.66729e+02	1.15100e+03	8.97423e-01	3.65500e+02
1152	3.67224e+02	1.15200e+03	8.90034e-01	3.66000e+02
1153	3.67720e+02	1.15300e+03	8.82699e-01	3.66500e+02
1154	3.68223e+02	1.15400e+03	8.75296e-01	3.67000e+02
1155	3.68716e+02	1.15500e+03	8.67828e-01	3.67500e+02
1156	3.69215e+02	1.15600e+03	8.60048e-01	3.68000e+02
1157	3.69693e+02	1.15700e+03	8.52306e-01	3.68500e+02
1158	3.70183e+02	1.15800e+03	8.44498e-01	3.69000e+02
1159	3.70673e+02	1.15900e+03	8.36629e-01	3.69500e+02
1160	3.71142e+02	1.16000e+03	8.28448e-01	3.70000e+02
1161	3.71647e+02	1.16100e+03	8.20318e-01	3.70500e+02
1162	3.72148e+02	1.16200e+03	8.12125e-01	3.71000e+02
1163	3.72640e+02	1.16300e+03	8.03872e-01	3.71500e+02
1164	3.73148e+02	1.16400e+03	7.95328e-01	3.72000e+02
1165	3.73664e+02	1.16500e+03	7.86818e-01	3.72500e+02
1166	3.74153e+02	1.16600e+03	7.78242e-01	3.73000e+02
1167	3.74644e+02	1.16700e+03	7.69606e-01	3.73500e+02
1168	3.75137e+02	1.16800e+03	7.60663e-01	3.74000e+02
1169	3.75585e+02	1.16900e+03	7.51768e-01	3.74500e+02
1170	3.76064e+02	1.17000e+03	7.42815e-01	3.75000e+02
1171	3.76547e+02	1.17100e+03	7.33806e-01	3.75500e+02
1172	3.77017e+02	1.17200e+03	7.24514e-01	3.76000e+02
1173	3.77492e+02	1.17300e+03	7.15279e-01	3.76500e+02
1174	3.77978e+02	1.17400e+03	7.06004e-01	3.77000e+02
1175	3.78430e+02	1.17500e+03	6.96691e-01	3.77500e+02
1176	3.78896e+02	1.17600e+03	6.87160e-01	3.78000e+02
1177	3.79378e+02	1.17700e+03	6.77677e-01	3.78500e+02
1178	3.79857e+02	1.17800e+03	6.68165e-01	3.79000e+02
1179	3.80354e+02	1.17900e+03	6.58619e-01	3.79500e+02
1180	3.80843e+02	1.18000e+03	6.48904e-01	3.80000e+02
1181	3.81325e+02	1.18100e+03	6.39207e-01	3.80500e+02
1182	3.81767e+02	1.18200e+03	6.29468e-01	3.81000e+02
1183	3.82217e+02	1.18300e+03	6.19691e-01	3.81500e+02
1184	3.82662e+02	1.18400e+03	6.09728e-01	3.82000e+02
1185	3.83089e+02	1.18500e+03	5.99790e-01	3.82500e+02
1186	3.83545e+02	1.18600e+03	5.89822e-01	3.83000e+02
1187	3.84013e+02	1.18700e+03	5.79827e-01	3.83500e+02
1188	3.84450e+02	1.18800e+03	5.69681e-01	3.84000e+02
1189	3.84816e+02	1.18900e+03	5.59593e-01	3.84500e+02
1190	3.85139e+02	1.19000e+03	5.49514e-01	3.85000e+02
1191	3.85496e+02	1.19100e+03	5.39437e-01	3.85500e+02
1192	3.85836e+02	1.19200e+03	5.29355e-01	3.86000e+02
1193	3.86189e+02	1.19300e+03	5.19317e-01	3.86500e+02
1194	3.86539e+02	1.19400e+03	5.09314e-01	3.87000e+02
1195	3.86875e+02	1.19500e+03	4.99335e-01	3.87500e+02
1196	3.87145e+02	1.19600e+03	4.89479e-01	3.88000e+02
1197	3.87478e+02	1.19700e+03	4.79617e-01	3.88500e+02
1198	3.87889e+02	1.19800e+03	4.69791e-01	3.89000e+02
1199	3.88310e+02	1.19900e+03	4.59994e-01	3.89500e+02
1200	3.88758e+02	1.20000e+03	4.50357e-01	3.90000e+02
1201	3.89209e+02	1.20100e+03	4.40706e-01	3.90500e+02
1202	3.89663e+02	1.20200e+03	4.31099e-01	3.91000e+02
1203	3.90113e+02	1.20300e+03	4.21532e-01	3.91500e+02
1204	3.90545e+02	1.20400e+03	4.12160e-01	3.92000e+02
1205	3.91003e+02	1.20500e+03	4.02779e-01	3.92500e+02
1206	3.91474e+02	1.20600e+03	3.93457e-01	3.93000e+02
1207	3.91963e+02	1.20700e+03	3.84189e-01	3.93500e+02
1208	3.92444e+02	1.20800e+03	3.75193e-01	3.94000e+02
1209	3.92934e+02	1.20900e+03	3.66188e-01	3.94500e+02
1210	3.93418e+02	1.21000e+03	3.57260e-01	3.95000e+02
1211	3.93901e+02	1.21100e+03	3.48399e-01	3.95500e+02
1212	3.94398e+02	1.21200e+03	3.39882e-01	3.96000e+02
1213	3.94890e+02	1.21300e+03	3.31328e-01	3.96500e+02
1214	3.95388e+02	1.21400e+03	3.22853e-01	3.97000e+02
1215	3.95881e+02	1.21500e+03	3.14452e-01	3.97500e+02
1216	3.96366e+02	1.21600e+03	3.06440e-01	3.98000e+02
1217	3.96870e+02	1.21700e+03	2.98399e-01	3.98500e+02
1218	3.97355e+02	1.21800e+03	2.90461e-01	3.99000e+02
1219	3.97850e+02	1.21900e+03	2.82613e-01	3.99500e+02
1220	3.98340e+02	1.22000e+03	2.75216e-01	4.00000e+02
1221	3.98830e+02	1.22100e+03	2.67761e-01	4.00500e+02
1222	3.99328e+02	1.22200e+03	2.60400e-01	4.01000e+02
1223	3.99821e+02	1.22300e+03	2.53125e-01	4.01500e+02
1224	4.00312e+02	1.22400e+03	2.46306e-01	4.02000e+02
1225	4.00802e+02	1.22500e+03	2.39424e-01	4.02500e+02
1226	4.01292e+02	1.22600e+03	2.32640e-01	4.03000e+02
1227	4.01794e+02	1.22700e+03	2.25947e-01	4.03500e+02
1228	4.02284e+02	1.22800e+03	2.19711e-01	4.04000e+02
1229	4.02778e+02	1.22900e+03	2.13429e-01	4.04500e+02
1230	4.03271e+02	1.23000e+03	2.07252e-01	4.05000e+02
1231	4.03764e+02	1.23100e+03	2.01170e-01	4.05500e+02
1232	4.04264e+02	1.23200e+03	1.95577e-01	4.06000e+02
1233	4.04760e+02	1.23300e+03	1.89915e-01	4.06500e+02
1234	4.05244e+02	1.23400e+03	1.84355e-01	4.07000e+02
1235	4.05736e+02	1.23500e+03	1.78889e-01	4.07500e+02
1236	4.06243e+02	1.23600e+03	1.73900e-01	4.08000e+02
1237	4.06734e+02	1.23700e+03	1.68844e-01	4.08500e+02
1238	4.07223e+02	1.23800e+03	1.63883e-01	4.09000e+02
1239	4.07723e+02	1.23900e+03	1.59010e-01	4.09500e+02
1240	4.08224e+02	1.24000e+03	1.54596e-01	4.10000e+02
1241	4.08719e+02	1.24100e+03	1.50113e-01	4.10500e+02
1242	4.09212e+02	1.24200e+03	1.45722e-01	4.11000e+02
1243	4.09702e+02	1.24300e+03	1.41417e-01	4.11500e+02
1244	4.10197e+02	1.24400e+03	1.37543e-01	4.12000e+02
1245	4.10695e+02	1.24500e+03	1.33606e-01	4.12500e+02
1246	4.11184e+02	1.24600e+03	1.29752e-01	4.13000e+02
1247	4.11685e+02	1.24700e+03	1.25979e-01	4.13500e+02
1248	4.12182e+02	1.24800e+03	1.22614e-01	4.14000e+02
1249	4.12677e+02	1.24900e+03	1.19187e-01	4.14500e+02
1250	4.13171e+02	1.25000e+03	1.15841e-01	4.15000e+02
1251	4.13653e+02	1.25100e+03	1.12572e-01	4.15500e+02
1252	4.14147e+02	1.25200e+03	1.09693e-01	4.16000e+02
1253	4.14638e+02	1.25300e+03	1.06760e-01	4.16500e+02
1254	4.15133e+02	1.25400e+03	1.03902e-01	4.17000e+02
1255	4.15634e+02	1.25500e+03	1.01115e-01	4.17500e+02
1256	4.16125e+02	1.25600e+03	9.86911e-02	4.18000e+02
1257	4.16625e+02	1.25700e+03	9.62033e-02	4.18500e+02
1258	4.17115e+02	1.25800e+03	9.37799e-02	4.19000e+02
1259	4.17610e+02	1.25900e+03	9.14200e-02	4.19500e+02
1260	4.18093e+02	1.26000e+03	8.93854e-02	4.20000e+02
1261	4.18589e+02	1.26100e+03	8.73088e-02	4.20500e+02
1262	4.19087e+02	1.26200e+03	8.52981e-02	4.21000e+02
1263	4.19580e+02	1.26300e+03	8.33475e-02	4.21500e+02
1264	4.20069e+02	1.26400e+03	8.17051e-02	4.22000e+02
1265	4.20569e+02	1.26500e+03	8.00050e-02	4.22500e+02
1266	4.21057e+02	1.26600e+03	7.83537e-02	4.23000e+02
1267	4.21555e+02	1.26700e+03	7.67514e-02	4.23500e+02
1268	4.22051e+02	1.26800e+03	7.54006e-02	4.24000e+02
1269	4.22559e+02	1.26900e+03	7.40020e-02	4.24500e+02
1270	4.23058e+02	1.27000e+03	7.26426e-02	4.25000e+02
1271	4.23552e+02	1.27100e+03	7.13221e-02	4.25500e+02
1272	4.24059e+02	1.27200e+03	7.02039e-02	4.26000e+02
1273	4.24556e+02	1.27300e+03	6.90513e-02	4.26500e+02
1274	4.25074e+02	1.27400e+03	6.79351e-02	4.27000e+02
1275	4.25569e+02	1.27500e+03	6.68539e-02	4.27500e+02
1276	4.26070e+02	1.27600e+03	6.59512e-02	4.28000e+02
1277	4.26562e+02	1.27700e+03	6.50216e-02	4.28500e+02
1278	4.27059e+02	1.27800e+03	6.41247e-02	4.29000e+02
1279	4.27565e+02	1.27900e+03	6.32589e-02	4.29500e+02
1280	4.28065e+02	1.28000e+03	6.25533e-02	4.30000e+02
1281	4.28558e+02	1.28100e+03	6.18188e-02	4.30500e+02
1282	4.29061e+02	1.28200e+03	6.11123e-02	4.31000e+02
1283	4.29564e+02	1.28300e+03	6.04331e-02	4.31500e+02
1284	4.30054e+02	1.28400e+03	5.98892e-02	4.32000e+02
1285	4.30551e+02	1.28500e+03	5.93218e-02	4.32500e+02
1286	4.31043e+02	1.28600e+03	5.87749e-02	4.33000e+02
1287	4.31550e+02	1.28700e+03	5.82476e-02	4.33500e+02
1288	4.32040e+02	1.28800e+03	5.78258e-02	4.34000e+02
1289	4.32532e+02	1.28900e+03	5.73748e-02	4.34500e+02
1290	4.33032e+02	1.29000e+03	5.69336e-02	4.35000e+02
1291	4.33535e+02	1.29100e+03	5.65051e-02	4.35500e+02
1292	4.34034e+02	1.29200e+03	5.61367e-02	4.36000e+02
1293	4.34542e+02	1.29300e+03	5.57538e-02	4.36500e+02
1294	4.35029e+02	1.29400e+03	5.53781e-02	4.37000e+02
1295	4.35527e+02	1.29500e+03	5.50108e-02	4.37500e+02
1296	4.36015e+02	1.29600e+03	5.46906e-02	4.38000e+02
1297	4.36510e+02	1.29700e+03	5.43677e-02	4.38500e+02
1298	4.37009e+02	1.29800e+03	5.40606e-02	4.39000e+02
1299	4.37508e+02	1.29900e+03	5.37681e-02	4.39500e+02
1300	4.38004e+02	1.30000e+03	5.35393e-02	4.40000e+02
1301	4.38507e+02	1.30100e+03	5.33068e-02	4.40500e+02
1302	4.39010e+02	1.30200e+03	5.30897e-02	4.41000e+02
1303	4.39496e+02	1.30300e+03	5.28860e-02	4.41500e+02
1304	4.40002e+02	1.30400e+03	5.27534e-02	4.42000e+02
1305	4.40494e+02	1.30500e+03	5.26012e-02	4.42500e+02
1306	4.41002e+02	1.30600e+03	5.24526e-02	4.43000e+02
1307	4.41486e+02	1.30700e+03	5.23083e-02	4.43500e+02
1308	4.41979e+02	1.30800e+03	5.21976e-02	4.44000e+02
1309	4.42473e+02	1.30900e+03	5.20766e-02	4.44500e+02
1310	4.42966e+02	1.31000e+03	5.19594e-02	4.45000e+02
1311	4.43464e+02	1.31100e+03	5.18476e-02	4.45500e+02
1312	4.43962e+02	1.31200e+03	5.17524e-02	4.46000e+02
1313	4.44456e+02	1.31300e+03	5.16543e-02	4.46500e+02
1314	4.44958e+02	1.31400e+03	5.15538e-02	4.47000e+02
1315	4.45452e+02	1.31500e+03	5.14501e-02	4.47500e+02
1316	4.45955e+02	1.31600e+03	5.13510e-02	4.48000e+02
1317	4.46445e+02	1.31700e+03	5.12452e-02	4.48500e+02
1318	4.46948e+02	1.31800e+03	5.11404e-02	4.49000e+02
1319	4.47434e+02	1.31900e+03	5.10394e-02	4.49500e+02
1320	4.47934e+02	1.32000e+03	5.09435e-02	4.50000e+02
1321	4.48435e+02	1.32100e+03	5.08629e-02	4.50500e+02
1322	4.48921e+02	1.32200e+03	5.07926e-02	4.51000e+02
1323	4.49425e+02	1.32300e+03	5.07281e-02	4.51500e+02
1324	4.49919e+02	1.32400e+03	5.07045e-02	4.52000e+02
1325	4.50409e+02	1.32500e+03	5.06688e-02	4.52500e+02
1326	4.50913e+02	1.32600e+03	5.06385e-02	4.53000e+02
1327	4.51415e+02	1.32700e+03	5.06151e-02	4.53500e+02
1328	4.51901e+02	1.32800e+03	5.06198e-02	4.54000e+02
1329	4.52398e+02	1.32900e+03	5.06211e-02	4.54500e+02
1330	4.52885e+02	1.33000e+03	5.06236e-02	4.55000e+02
1331	4.53393e+02	1.33100e+03	5.06268e-02	4.55500e+02
1332	4.53878e+02	1.33200e+03	5.06410e-02	4.56000e+02
1333	4.54379e+02	1.33300e+03	5.06386e-02	4.56500e+02
1334	4.54868e+02	1.33400e+03	5.06289e-02	4.57000e+02
1335	4.55372e+02	1.33500e+03	5.06160e-02	4.57500e+02
1336	4.55874e+02	1.33600e+03	5.05788e-02	4.58000e+02
1337	4.56364e+02	1.33700e+03	5.05494e-02	4.58500e+02
1338	4.56862e+02	1.33800e+03	5.05189e-02	4.59000e+02
1339	4.57354e+02	1.33900e+03	5.04868e-02	4.59500e+02
1340	4.57839e+02	1.34000e+03	5.04463e-02	4.60000e+02
1341	4.58345e+02	1.34100e+03	5.04126e-02	4.60500e+02
1342	4.58835e+02	1.34200e+03	5.03838e-02	4.61000e+02
1343	4.59333e+02	1.34300e+03	5.03576e-02	4.61500e+02
1344	4.59823e+02	1.34400e+03	5.03376e-02	4.62000e+02
1345	4.60319e+02	1.34500e+03	5.03160e-02	4.62500e+02
1346	4.60811e+02	1.34600e+03	5.02913e-02	4.63000e+02
1347	4.61315e+02	1.34700e+03	5.02636e-02	4.63500e+02
1348	4.61814e+02	1.34800e+03	5.02322e-02	4.64000e+02
1349	4.62302e+02	1.34900e+03	5.01958e-02	4.64500e+02
1350	4.62797e+02	1.35000e+03	5.01592e-02	4.65000e+02
1351	4.63288e+02	1.35100e+03	5.01241e-02	4.65500e+02
1352	4.63782e+02	1.35200e+03	5.00849e-02	4.66000e+02
1353	4.64277e+02	1.35300e+03	5.00619e-02	4.66500e+02
1354	4.64771e+02	1.35400e+03	5.00509e-02	4.67000e+02
1355	4.65274e+02	1.35500e+03	5.00474e-02	4.67500e+02
1356	4.65772e+02	1.35600e+03	5.00801e-02	4.68000e+02
1357	4.66274e+02	1.35700e+03	5.01026e-02	4.68500e+02
1358	4.66776e+02	1.35800e+03	5.01236e-02	4.69000e+02
1359	4.67267e+02	1.35900e+03	5.01436e-02	4.69500e+02
1360	4.67765e+02	1.36000e+03	5.01706e-02	4.70000e+02
1361	4.68259e+02	1.36100e+03	5.01820e-02	4.70500e+02
1362	4.68763e+02	1.36200e+03	5.01833e-02	4.71000e+02
1363	4.69261e+02	1.36300e+03	5.01793e-02	4.71500e+02
1364	4.69760e+02	1.36400e+03	5.01488e-02	4.72000e+02
1365	4.70256e+02	1.36500e+03	5.01301e-02	4.72500e+02
1366	4.70760e+02	1.36600e+03	5.01141e-02	4.73000e+02
1367	4.71251e+02	1.36700e+03	5.00990e-02	4.73500e+02
1368	4.71753e+02	1.36800e+03	5.00843e-02	4.74000e+02
1369	4.72243e+02	1.36900e+03	5.00747e-02	4.74500e+02
1370	4.72743e+02	1.37000e+03	5.00686e-02	4.75000e+02
1371	4.73244e+02	1.37100e+03	5.00648e-02	4.75500e+02
1372	4.73739e+02	1.37200e+03	5.00773e-02	4.76000e+02
1373	4.74252e+02	1.37300e+03	5.00884e-02	4.76500e+02
1374	4.74761e+02	1.37400e+03	5.01040e-02	4.77000e+02
1375	4.75278e+02	1.37500e+03	5.01228e-02	4.77500e+02
1376	4.75795e+02	1.37600e+03	5.01518e-02	4.78000e+02
1377	4.76314e+02	1.37700e+03	5.01736e-02	4.78500e+02
1378	4.76810e+02	1.37800e+03	5.01909e-02	4.79000e+02
1379	4.77314e+02	1.37900e+03	5.02046e-02	4.79500e+02
1380	4.77834e+02	1.38000e+03	5.02061e-02	4.80000e+02
1381	4.78366e+02	1.38100e+03	5.02017e-02	4.80500e+02
1382	4.78878e+02	1.38200e+03	5.01896e-02	4.81000e+02
1383	4.79428e+02	1.38300e+03	5.01723e-02	4.81500e+02
1384	4.79980e+02	1.38400e+03	5.01297e-02	4.82000e+02
1385	4.80552e+02	1.38500e+03	5.00997e-02	4.82500e+02
1386	4.80959e+02	1.38600e+03	5.00750e-02	4.83000e+02
1387	4.82608e+02	1.38700e+03	5.00532e-02	4.83500e+02
1388	4.83073e+02	1.38800e+03	5.00381e-02	4.84000e+02
1389	4.83551e+02	1.38900e+03	5.00276e-02	4.84500e+02
1390	4.84037e+02	1.39000e+03	5.00187e-02	4.85000e+02
1391	4.84507e+02	1.39100e+03	5.00094e-02	4.85500e+02
1392	4.84986e+02	1.39200e+03	5.00035e-02	4.86000e+02
1393	4.85454e+02	1.39300e+03	4.99818e-02	4.86500e+02
1394	4.85931e+02	1.39400e+03	4.99525e-02	4.87000e+02
1395	4.86417e+02	1.39500e+03	4.99202e-02	4.87500e+02
1396	4.86896e+02	1.39600e+03	4.98672e-02	4.88000e+02
1397	4.87383e+02	1.39700e+03	4.98308e-02	4.88500e+02
1398	4.87865e+02	1.39800e+03	4.98018e-02	4.89000e+02
1399	4.88348e+02	1.39900e+03	4.97765e-02	4.89500e+02
1400	4.88839e+02	1.40000e+03	4.97655e-02	4.90000e+02
1401	4.89329e+02	1.40100e+03	4.97523e-02	4.90500e+02
1402	4.89823e+02	1.40200e+03	4.97399e-02	4.91000e+02
1403	4.90316e+02	1.40300e+03	4.97282e-02	4.91500e+02
1404	4.90799e+02	1.40400e+03	4.97263e-02	4.92000e+02
1405	4.91290e+02	1.40500e+03	4.97170e-02	4.92500e+02
1406	4.91775e+02	1.40600e+03	4.97054e-02	4.93000e+02
1407	4.92263e+02	1.40700e+03	4.96935e-02	4.93500e+02
1408	4.92751e+02	1.40800e+03	4.96790e-02	4.94000e+02
1409	4.93240e+02	1.40900e+03	4.96683e-02	4.94500e+02
1410	4.93717e+02	1.41000e+03	4.96603e-02	4.95000e+02
1411	4.94201e+02	1.41100e+03	4.96541e-02	4.95500e+02
1412	4.94691e+02	1.41200e+03	4.96556e-02	4.96000e+02
1413	4.95183e+02	1.41300e+03	4.96561e-02	4.96500e+02
1414	4.95669e+02	1.41400e+03	4.96580e-02	4.97000e+02
1415	4.96164e+02	1.41500e+03	4.96617e-02	4.97500e+02
1416	4.96650e+02	1.41600e+03	4.96745e-02	4.98000e+02
1417	4.97143e+02	1.41700e+03	4.96850e-02	4.98500e+02
1418	4.97635e+02	1.41800e+03	4.96941e-02	4.99000e+02
1419	4.98126e+02	1.41900e+03	4.97015e-02	4.99500e+02
1420	4.98637e+02	1.42000e+03	4.97068e-02	5.00000e+02
1421	4.99133e+02	1.42100e+03	4.97093e-02	5.00500e+02
1422	4.99618e+02	1.42200e+03	4.97129e-02	5.01000e+02
1423	5.00109e+02	1.42300e+03	4.97189e-02	5.01500e+02
1424	5.00605e+02	1.42400e+03	4.97251e-02	5.02000e+02
1425	5.01097e+02	1.42500e+03	4.97378e-02	5.02500e+02
1426	5.01601e+02	1.42600e+03	4.97502e-02	5.03000e+02
1427	5.02086e+02	1.42700e+03	4.97598e-02	5.03500e+02
1428	5.02580e+02	1.42800e+03	4.97677e-02	5.04000e+02
1429	5.03087e+02	1.42900e+03	4.97615e-02	5.04500e+02
1430	5.03592e+02	1.43000e+03	4.97477e-02	5.05000e+02
1431	5.04087e+02	1.43100e+03	4.97305e-02	5.05500e+02
1432	5.04588e+02	1.43200e+03	4.96887e-02	5.06000e+02
1433	5.05089e+02	1.43300e+03	4.96646e-02	5.06500e+02
1434	5.05596e+02	1.43400e+03	4.96444e-02	5.07000e+02
1435	5.06088e+02	1.43500e+03	4.96242e-02	5.07500e+02
1436	5.06589e+02	1.43600e+03	4.96034e-02	5.08000e+02
1437	5.07091e+02	1.43700e+03	4.95701e-02	5.08500e+02
1438	5.07580e+02	1.43800e+03	4.95275e-02	5.09000e+02
1439	5.08074e+02	1.43900e+03	4.94801e-02	5.09500e+02
1440	5.08586e+02	1.44000e+03	4.94161e-02	5.10000e+02
1441	5.09104e+02	1.44100e+03	4.93673e-02	5.10500e+02
1442	5.09601e+02	1.44200e+03	4.93287e-02	5.11000e+02
1443	5.10105e+02	1.44300e+03	4.92967e-02	5.11500e+02
1444	5.10621e+02	1.44400e+03	4.92858e-02	5.12000e+02
1445	5.11121e+02	1.44500e+03	4.92782e-02	5.12500e+02
1446	5.11629e+02	1.44600e+03	4.92757e-02	5.13000e+02
1447	5.12125e+02	1.44700e+03	4.92764e-02	5.13500e+02
1448	5.12639e+02	1.44800e+03	4.93078e-02	5.14000e+02
1449	5.13147e+02	1.44900e+03	4.93252e-02	5.14500e+02
1450	5.13659e+02	1.45000e+03	4.93428e-02	5.15000e+02
1451	5.14166e+02	1.45100e+03	4.93629e-02	5.15500e+02
1452	5.14673e+02	1.45200e+03	4.93856e-02	5.16000e+02
1453	5.15161e+02	1.45300e+03	4.94063e-02	5.16500e+02
1454	5.15671e+02	1.45400e+03	4.94226e-02	5.17000e+02
1455	5.16168e+02	1.45500e+03	4.94351e-02	5.17500e+02
1456	5.16670e+02	1.45600e+03	4.94373e-02	5.18000e+02
1457	5.17146e+02	1.45700e+03	4.94333e-02	5.18500e+02
1458	5.17645e+02	1.45800e+03	4.94228e-02	5.19000e+02
1459	5.18140e+02	1.45900e+03	4.94078e-02	5.19500e+02
1460	5.18635e+02	1.46000e+03	4.93627e-02	5.20000e+02
1461	5.19122e+02	1.46100e+03	4.93240e-02	5.20500e+02
1462	5.19614e+02	1.46200e+03	4.92803e-02	5.21000e+02
1463	5.20100e+02	1.46300e+03	4.92320e-02	5.21500e+02
1464	5.20587e+02	1.46400e+03	4.91684e-02	5.22000e+02
1465	5.21087e+02	1.46500e+03	4.91135e-02	5.22500e+02
1466	5.21580e+02	1.46600e+03	4.90621e-02	5.23000e+02
1467	5.22076e+02	1.46700e+03	4.90131e-02	5.23500e+02
1468	5.22568e+02	1.46800e+03	4.89762e-02	5.24000e+02
1469	5.23057e+02	1.46900e+03	4.89517e-02	5.24500e+02
1470	5.23554e+02	1.47000e+03	4.89433e-02	5.25000e+02
1471	5.24056e+02	1.47100e+03	4.89462e-02	5.25500e+02
1472	5.24558e+02	1.47200e+03	4.89997e-02	5.26000e+02
1473	5.25032e+02	1.47300e+03	4.90438e-02	5.26500e+02
1474	5.25528e+02	1.47400e+03	4.90895e-02	5.27000e+02
1475	5.26016e+02	1.47500e+03	4.91364e-02	5.27500e+02
1476	5.26488e+02	1.47600e+03	4.92056e-02	5.28000e+02
1477	5.26973e+02	1.47700e+03	4.92505e-02	5.28500e+02
1478	5.27469e+02	1.47800e+03	4.92837e-02	5.29000e+02
1479	5.27963e+02	1.47900e+03	4.93108e-02	5.29500e+02
1480	5.28450e+02	1.48000e+03	4.93022e-02	5.30000e+02
1481	5.28921e+02	1.48100e+03	4.93021e-02	5.30500e+02
1482	5.29397e+02	1.48200e+03	4.93004e-02	5.31000e+02
1483	5.29860e+02	1.48300e+03	4.92968e-02	5.31500e+02
1484	5.30349e+02	1.48400e+03	4.92730e-02	5.32000e+02
1485	5.30821e+02	1.48500e+03	4.92548e-02	5.32500e+02
1486	5.31304e+02	1.48600e+03	4.92301e-02	5.33000e+02
1487	5.31787e+02	1.48700e+03	4.91976e-02	5.33500e+02
1488	5.32261e+02	1.48800e+03	4.91461e-02	5.34000e+02
1489	5.32749e+02	1.48900e+03	4.90942e-02	5.34500e+02
1490	5.33234e+02	1.49000e+03	4.90415e-02	5.35000e+02
1491	5.33726e+02	1.49100e+03	4.89904e-02	5.35500e+02
1492	5.34197e+02	1.49200e+03	4.89306e-02	5.36000e+02
1493	5.34677e+02	1.49300e+03	4.88906e-02	5.36500e+02
1494	5.35164e+02	1.49400e+03	4.88623e-02	5.37000e+02
1495	5.35633e+02	1.49500e+03	4.88403e-02	5.37500e+02
1496	5.36118e+02	1.49600e+03	4.88550e-02	5.38000e+02
1497	5.36596e+02	1.49700e+03	4.88571e-02	5.38500e+02
1498	5.37071e+02	1.49800e+03	4.88582e-02	5.39000e+02
1499	5.37557e+02	1.49900e+03	4.88603e-02	5.39500e+02
1500	5.38067e+02	1.50000e+03	4.88742e-02	5.40000e+02
1501	5.38523e+02	1.50100e+03	4.88849e-02	5.40500e+02
1502	5.39002e+02	1.50200e+03	4.88999e-02	5.41000e+02
1503	5.39479e+02	1.50300e+03	4.89189e-02	5.41500e+02
1504	5.39971e+02	1.50400e+03	4.89494e-02	5.42000e+02
1505	5.40474e+02	1.50500e+03	4.89818e-02	5.42500e+02
1506	5.40966e+02	1.50600e+03	4.90150e-02	5.43000e+02
1507	5.41449e+02	1.50700e+03	4.90479e-02	5.43500e+02
1508	5.41948e+02	1.50800e+03	4.90860e-02	5.44000e+02
1509	5.42449e+02	1.50900e+03	4.91095e-02	5.44500e+02
1510	5.42958e+02	1.51000e+03	4.91251e-02	5.45000e+02
1511	5.43478e+02	1.51100e+03	4.91366e-02	5.45500e+02
1512	5.43986e+02	1.51200e+03	4.91182e-02	5.46000e+02
1513	5.44477e+02	1.51300e+03	4.91035e-02	5.46500e+02
1514	5.44970e+02	1.51400e+03	4.90798e-02	5.47000e+02
1515	5.45461e+02	1.51500e+03	4.90475e-02	5.47500e+02
1516	5.45959e+02	1.51600e+03	4.89809e-02	5.48000e+02
1517	5.46443e+02	1.51700e+03	4.89209e-02	5.48500e+02
1518	5.46938e+02	1.51800e+03	4.88625e-02	5.49000e+02
1519	5.47427e+02	1.51900e+03	4.88061e-02	5.49500e+02
1520	5.47906e+02	1.52000e+03	4.87449e-02	5.50000e+02
1521	5.48370e+02	1.52100e+03	4.87068e-02	5.50500e+02
1522	5.48847e+02	1.52200e+03	4.86842e-02	5.51000e+02
1523	5.49337e+02	1.52300e+03	4.86710e-02	5.51500e+02
1524	5.49806e+02	1.52400e+03	4.87087e-02	5.52000e+02
1525	5.50281e+02	1.52500e+03	4.87314e-02	5.52500e+02
1526	5.50760e+02	1.52600e+03	4.87576e-02	5.53000e+02
1527	5.51229e+02	1.52700e+03	4.87888e-02	5.53500e+02
1528	5.51726e+02	1.52800e+03	4.88436e-02	5.54000e+02
1529	5.52214e+02	1.52900e+03	4.88843e-02	5.54500e+02
1530	5.52711e+02	1.53000e+03	4.89162e-02	5.55000e+02
1531	5.53212e+02	1.53100e+03	4.89420e-02	5.55500e+02
1532	5.53741e+02	1.53200e+03	4.89480e-02	5.56000e+02
1533	5.54240e+02	1.53300e+03	4.89469e-02	5.56500e+02
1534	5.54733e+02	1.53400e+03	4.89398e-02	5.57000e+02
1535	5.55212e+02	1.53500e+03	4.89301e-02	5.57500e+02
1536	5.55638e+02	1.53600e+03	4.88893e-02	5.58000e+02
1537	5.56137e+02	1.53700e+03	4.88635e-02	5.58500e+02
1538	5.56604e+02	1.53800e+03	4.88365e-02	5.59000e+02
1539	5.57087e+02	1.53900e+03	4.88065e-02	5.59500e+02
1540	5.57531e+02	1.54000e+03	4.87752e-02	5.60000e+02
1541	5.58019e+02	1.54100e+03	4.87470e-02	5.60500e+02
1542	5.58491e+02	1.54200e+03	4.87263e-02	5.61000e+02
1543	5.59013e+02	1.54300e+03	4.87118e-02	5.61500e+02
1544	5.59501e+02	1.54400e+03	4.87124e-02	5.62000e+02
1545	5.60000e+02	1.54500e+03	4.87181e-02	5.62500e+02
1546	5.60494e+02	1.54600e+03	4.87262e-02	5.63000e+02
1547	5.60977e+02	1.54700e+03	4.87344e-02	5.63500e+02
1548	5.61470e+02	1.54800e+03	4.87619e-02	5.64000e+02
1549	5.61952e+02	1.54900e+03	4.87725e-02	5.64500e+02
1550	5.62430e+02	1.55000e+03	4.87798e-02	5.65000e+02
1551	5.62923e+02	1.55100e+03	4.87878e-02	5.65500e+02
1552	5.63413e+02	1.55200e+03	4.87872e-02	5.66000e+02
1553	5.63922e+02	1.55300e+03	4.87968e-02	5.66500e+02
1554	5.64394e+02	1.55400e+03	4.88080e-02	5.67000e+02
1555	5.64895e+02	1.55500e+03	4.88184e-02	5.67500e+02
1556	5.65364e+02	1.55600e+03	4.88320e-02	5.68000e+02
1557	5.65844e+02	1.55700e+03	4.88329e-02	5.68500e+02
1558	5.66365e+02	1.55800e+03	4.88243e-02	5.69000e+02
1559	5.66865e+02	1.55900e+03	4.88103e-02	5.69500e+02
1560	5.67362e+02	1.56000e+03	4.87699e-02	5.70000e+02
1561	5.67865e+02	1.56100e+03	4.87370e-02	5.70500e+02
1562	5.68380e+02	1.56200e+03	4.87030e-02	5.71000e+02
1563	5.68914e+02	1.56300e+03	4.86678e-02	5.71500e+02
1564	5.69460e+02	1.56400e+03	4.86237e-02	5.72000e+02
1565	5.69903e+02	1.56500e+03	4.85910e-02	5.72500e+02
1566	5.71422e+02	1.56600e+03	4.85668e-02	5.73000e+02
1567	5.73129e+02	1.56700e+03	4.85488e-02	5.73500e+02
1568	5.73487e+02	1.56800e+03	4.85610e-02	5.74000e+02
1569	5.73849e+02	1.56900e+03	4.85775e-02	5.74500e+02
1570	5.74268e+02	1.57000e+03	4.86044e-02	5.75000e+02
1571	5.74656e+02	1.57100e+03	4.86384e-02	5.75500e+02
1572	5.75076e+02	1.57200e+03	4.87103e-02	5.76000e+02
1573	5.75515e+02	1.57300e+03	4.87597e-02	5.76500e+02
1574	5.75958e+02	1.57400e+03	4.87956e-02	5.77000e+02
1575	5.76421e+02	1.57500e+03	4.88218e-02	5.77500e+02
1576	5.76881e+02	1.57600e+03	4.88075e-02	5.78000e+02
1577	5.77335e+02	1.57700e+03	4.87734e-02	5.78500e+02
1578	5.77798e+02	1.57800e+03	4.87176e-02	5.79000e+02
1579	5.78272e+02	1.57900e+03	4.86493e-02	5.79500e+02
1580	5.78740e+02	1.58000e+03	4.85224e-02	5.80000e+02
1581	5.79198e+02	1.58100e+03	4.84496e-02	5.80500e+02
1582	5.79666e+02	1.58200e+03	4.84036e-02	5.81000e+02
1583	5.80138e+02	1.58300e+03	4.83710e-02	5.81500e+02
1584	5.80613e+02	1.58400e+03	4.83909e-02	5.82000e+02
1585	5.81084e+02	1.58500e+03	4.84010e-02	5.82500e+02
1586	5.81552e+02	1.58600e+03	4.84145e-02	5.83000e+02
1587	5.82027e+02	1.58700e+03	4.84310e-02	5.83500e+02
1588	5.82497e+02	1.58800e+03	4.84813e-02	5.84000e+02
1589	5.82977e+02	1.58900e+03	4.85064e-02	5.84500e+02
1590	5.83448e+02	1.59000e+03	4.85204e-02	5.85000e+02
1591	5.83932e+02	1.59100e+03	4.85287e-02	5.85500e+02
1592	5.84401e+02	1.59200e+03	4.85077e-02	5.86000e+02
1593	5.84873e+02	1.59300e+03	4.84904e-02	5.86500e+02
1594	5.85354e+02	1.59400e+03	4.84710e-02	5.87000e+02
1595	5.85832e+02	1.59500e+03	4.84505e-02	5.87500e+02
1596	5.86320e+02	1.59600e+03	4.84176e-02	5.88000e+02
1597	5.86801e+02	1.59700e+03	4.84030e-02	5.88500e+02
1598	5.87292e+02	1.59800e+03	4.83975e-02	5.89000e+02
1599	5.87773e+02	1.59900e+03	4.83954e-02	5.89500e+02
1600	5.88263e+02	1.60000e+03	4.84107e-02	5.90000e+02
1601	5.88765e+02	1.60100e+03	4.84114e-02	5.90500e+02
1602	5.89247e+02	1.60200e+03	4.84032e-02	5.91000e+02
1603	5.89737e+02	1.60300e+03	4.83884e-02	5.91500e+02
1604	5.90224e+02	1.60400e+03	4.83533e-02	5.92000e+02
1605	5.90715e+02	1.60500e+03	4.83149e-02	5.92500e+02
1606	5.91207e+02	1.60600e+03	4.82679e-02	5.93000e+02
1607	5.91687e+02	1.60700e+03	4.82154e-02	5.93500e+02
1608	5.92172e+02	1.60800e+03	4.81347e-02	5.94000e+02
1609	5.92661e+02	1.60900e+03	4.80751e-02	5.94500e+02
1610	5.93150e+02	1.61000e+03	4.80330e-02	5.95000e+02
1611	5.93640e+02	1.61100e+03	4.80044e-02	5.95500e+02
1612	5.94138e+02	1.61200e+03	4.80261e-02	5.96000e+02
1613	5.94642e+02	1.61300e+03	4.80625e-02	5.96500e+02
1614	5.95129e+02	1.61400e+03	4.81129e-02	5.97000e+02
1615	5.95625e+02	1.61500e+03	4.81681e-02	5.97500e+02
1616	5.96121e+02	1.61600e+03	4.82698e-02	5.98000e+02
1617	5.96614e+02	1.61700e+03	4.83145e-02	5.98500e+02
1618	5.97119e+02	1.61800e+03	4.83309e-02	5.99000e+02
1619	5.97609e+02	1.61900e+03	4.83322e-02	5.99500e+02
1620	5.98095e+02	1.62000e+03	4.82512e-02	6.00000e+02
1621	5.98592e+02	1.62100e+03	4.81893e-02	6.00500e+02
1622	5.99084e+02	1.62200e+03	4.81273e-02	6.01000e+02
1623	5.99576e+02	1.62300e+03	4.80666e-02	6.01500e+02
1624	6.00066e+02	1.62400e+03	4.79895e-02	6.02000e+02
1625	6.00549e+02	1.62500e+03	4.79490e-02	6.02500e+02
1626	6.01031e+02	1.62600e+03	4.79294e-02	6.03000e+02
1627	6.01515e+02	1.62700e+03	4.79205e-02	6.03500e+02
1628	6.02008e+02	1.62800e+03	4.79748e-02	6.04000e+02
1629	6.02494e+02	1.62900e+03	4.80040e-02	6.04500e+02
1630	6.02989e+02	1.63000e+03	4.80282e-02	6.05000e+02
1631	6.03478e+02	1.63100e+03	4.80504e-02	6.05500e+02
1632	6.03986e+02	1.63200e+03	4.80771e-02	6.06000e+02
1633	6.04479e+02	1.63300e+03	4.80895e-02	6.06500e+02
1634	6.04986e+02	1.63400e+03	4.80950e-02	6.07000e+02
1635	6.05483e+02	1.63500e+03	4.80986e-02	6.07500e+02
1636	6.05977e+02	1.63600e+03	4.80796e-02	6.08000e+02
1637	6.06484e+02	1.63700e+03	4.80736e-02	6.08500e+02
1638	6.06980e+02	1.63800e+03	4.80714e-02	6.09000e+02
1639	6.07474e+02	1.63900e+03	4.80710e-02	6.09500e+02
1640	6.07964e+02	1.64000e+03	4.80762e-02	6.10000e+02
1641	6.08451e+02	1.64100e+03	4.80804e-02	6.10500e+02
1642	6.08932e+02	1.64200e+03	4.80832e-02	6.11000e+02
1643	6.09407e+02	1.64300e+03	4.80839e-02	6.11500e+02
1644	6.09895e+02	1.64400e+03	4.80750e-02	6.12000e+02
1645	6.10377e+02	1.64500e+03	4.80539e-02	6.12500e+02
1646	6.10845e+02	1.64600e+03	4.80247e-02	6.13000e+02
1647	6.11331e+02	1.64700e+03	4.79929e-02	6.13500e+02
1648	6.11802e+02	1.64800e+03	4.79482e-02	6.14000e+02
1649	6.12265e+02	1.64900e+03	4.79277e-02	6.14500e+02
1650	6.12749e+02	1.65000e+03	4.79204e-02	6.15000e+02
1651	6.13231e+02	1.65100e+03	4.79196e-02	6.15500e+02
1652	6.13718e+02	1.65200e+03	4.79507e-02	6.16000e+02
1653	6.14202e+02	1.65300e+03	4.79712e-02	6.16500e+02
1654	6.14694e+02	1.65400e+03	4.79937e-02	6.17000e+02
1655	6.15158e+02	1.65500e+03	4.80195e-02	6.17500e+02
1656	6.15619e+02	1.65600e+03	4.80586e-02	6.18000e+02
1657	6.16084e+02	1.65700e+03	4.80834e-02	6.18500e+02
1658	6.16552e+02	1.65800e+03	4.80944e-02	6.19000e+02
1659	6.17029e+02	1.65900e+03	4.80952e-02	6.19500e+02
1660	6.17508e+02	1.66000e+03	4.80551e-02	6.20000e+02
1661	6.17975e+02	1.66100e+03	4.80050e-02	6.20500e+02
1662	6.18468e+02	1.66200e+03	4.79454e-02	6.21000e+02
1663	6.18942e+02	1.66300e+03	4.78826e-02	6.21500e+02
1664	6.19430e+02	1.66400e+03	4.77878e-02	6.22000e+02
1665	6.19914e+02	1.66500e+03	4.77377e-02	6.22500e+02
1666	6.20407e+02	1.66600e+03	4.77086e-02	6.23000e+02
1667	6.20904e+02	1.66700e+03	4.76891e-02	6.23500e+02
1668	6.21392e+02	1.66800e+03	4.77208e-02	6.24000e+02
1669	6.21890e+02	1.66900e+03	4.77238e-02	6.24500e+02
1670	6.22379e+02	1.67000e+03	4.77152e-02	6.25000e+02
1671	6.22867e+02	1.67100e+03	4.77010e-02	6.25500e+02
1672	6.23364e+02	1.67200e+03	4.76855e-02	6.26000e+02
1673	6.23871e+02	1.67300e+03	4.76776e-02	6.26500e+02
1674	6.24356e+02	1.67400e+03	4.76834e-02	6.27000e+02
1675	6.24856e+02	1.67500e+03	4.77005e-02	6.27500e+02
1676	6.25346e+02	1.67600e+03	4.77448e-02	6.28000e+02
1677	6.25844e+02	1.67700e+03	4.77959e-02	6.28500e+02
1678	6.26340e+02	1.67800e+03	4.78473e-02	6.29000e+02
1679	6.26832e+02	1.67900e+03	4.78939e-02	6.29500e+02
1680	6.27311e+02	1.68000e+03	4.79476e-02	6.30000e+02
1681	6.27806e+02	1.68100e+03	4.79513e-02	6.30500e+02
1682	6.28292e+02	1.68200e+03	4.79180e-02	6.31000e+02
1683	6.28786e+02	1.68300e+03	4.78624e-02	6.31500e+02
1684	6.29309e+02	1.68400e+03	4.77080e-02	6.32000e+02
1685	6.29807e+02	1.68500e+03	4.76031e-02	6.32500e+02
1686	6.30285e+02	1.68600e+03	4.75227e-02	6.33000e+02
1687	6.30756e+02	1.68700e+03	4.74589e-02	6.33500e+02
1688	6.31239e+02	1.68800e+03	4.74346e-02	6.34000e+02
1689	6.31680e+02	1.68900e+03	4.74440e-02	6.34500e+02
1690	6.32157e+02	1.69000e+03	4.74800e-02	6.35000e+02
1691	6.32648e+02	1.69100e+03	4.75302e-02	6.35500e+02
1692	6.33154e+02	1.69200e+03	4.76828e-02	6.36000e+02
1693	6.33654e+02	1.69300e+03	4.77741e-02	6.36500e+02
1694	6.34160e+02	1.69400e+03	4.78456e-02	6.37000e+02
1695	6.34664e+02	1.69500e+03	4.79076e-02	6.37500e+02
1696	6.35204e+02	1.69600e+03	4.79214e-02	6.38000e+02
1697	6.35726e+02	1.69700e+03	4.79263e-02	6.38500e+02
1698	6.36250e+02	1.69800e+03	4.79126e-02	6.39000e+02
1699	6.36757e+02	1.69900e+03	4.78855e-02	6.39500e+02
1700	6.37259e+02	1.70000e+03	4.77852e-02	6.40000e+02
1701	6.37782e+02	1.70100e+03	4.77184e-02	6.40500e+02
1702	6.38286e+02	1.70200e+03	4.76654e-02	6.41000e+02
1703	6.38771e+02	1.70300e+03	4.76210e-02	6.41500e+02
1704	6.39267e+02	1.70400e+03	4.75967e-02	6.42000e+02
1705	6.39743e+02	1.70500e+03	4.75925e-02	6.42500e+02
1706	6.40221e+02	1.70600e+03	4.76044e-02	6.43000e+02
1707	6.40749e+02	1.70700e+03	4.76251e-02	6.43500e+02
1708	6.41307e+02	1.70800e+03	4.77031e-02	6.44000e+02
1709	6.41825e+02	1.70900e+03	4.77430e-02	6.44500e+02
1710	6.42315e+02	1.71000e+03	4.77654e-02	6.45000e+02
1711	6.42772e+02	1.71100e+03	4.77780e-02	6.45500e+02
1712	6.43263e+02	1.71200e+03	4.77581e-02	6.46000e+02
1713	6.43794e+02	1.71300e+03	4.77417e-02	6.46500e+02
1714	6.44324e+02	1.71400e+03	4.77298e-02	6.47000e+02
1715	6.44841e+02	1.71500e+03	4.77241e-02	6.47500e+02
1716	6.45324e+02	1.71600e+03	4.77161e-02	6.48000e+02
1717	6.45805e+02	1.71700e+03	4.77350e-02	6.48500e+02
1718	6.46304e+02	1.71800e+03	4.77648e-02	6.49000e+02
1719	6.46856e+02	1.71900e+03	4.77971e-02	6.49500e+02
1720	6.47416e+02	1.72000e+03	4.78605e-02	6.50000e+02
1721	6.47938e+02	1.72100e+03	4.78802e-02	6.50500e+02
1722	6.48436e+02	1.72200e+03	4.78740e-02	6.51000e+02
1723	6.48965e+02	1.72300e+03	4.78536e-02	6.51500e+02
1724	6.49458e+02	1.72400e+03	4.77671e-02	6.52000e+02
1725	6.49917e+02	1.72500e+03	4.76986e-02	6.52500e+02
1726	6.50377e+02	1.72600e+03	4.76354e-02	6.53000e+02
1727	6.50847e+02	1.72700e+03	4.75787e-02	6.53500e+02
1728	6.51364e+02	1.72800e+03	4.75305e-02	6.54000e+02
1729	6.51825e+02	1.72900e+03	4.75235e-02	6.54500e+02
1730	6.52333e+02	1.73000e+03	4.75469e-02	6.55000e+02
1731	6.52832e+02	1.73100e+03	4.75875e-02	6.55500e+02
1732	6.53333e+02	1.73200e+03	4.77207e-02	6.56000e+02
1733	6.53854e+02	1.73300e+03	4.78087e-02	6.56500e+02
1734	6.54356e+02	1.73400e+03	4.78803e-02	6.57000e+02
1735	6.54891e+02	1.73500e+03	4.79423e-02	6.57500e+02
1736	6.55394e+02	1.73600e+03	4.79729e-02	6.58000e+02
1737	6.55881e+02	1.73700e+03	4.79751e-02	6.58500e+02
1738	6.56377e+02	1.73800e+03	4.79518e-02	6.59000e+02
1739	6.56871e+02	1.73900e+03	4.79133e-02	6.59500e+02
1740	6.57391e+02	1.74000e+03	4.77809e-02	6.60000e+02
1741	6.57985e+02	1.74100e+03	4.76916e-02	6.60500e+02
1742	6.58612e+02	1.74200e+03	4.76161e-02	6.61000e+02
1743	6.59222e+02	1.74300e+03	4.75472e-02	6.61500e+02
1744	6.59790e+02	1.74400e+03	4.74992e-02	6.62000e+02
1745	6.60412e+02	1.74500e+03	4.74794e-02	6.62500e+02
1746	6.60989e+02	1.74600e+03	4.74886e-02	6.63000e+02
1747	6.61411e+02	1.74700e+03	4.75167e-02	6.63500e+02
1748	6.61891e+02	1.74800e+03	4.76328e-02	6.64000e+02
1749	6.62426e+02	1.74900e+03	4.77112e-02	6.64500e+02
1750	6.62948e+02	1.75000e+03	4.77729e-02	6.65000e+02
1751	6.63495e+02	1.75100e+03	4.78226e-02	6.65500e+02
1752	6.64028e+02	1.75200e+03	4.78456e-02	6.66000e+02
1753	6.64548e+02	1.75300e+03	4.78318e-02	6.66500e+02
1754	6.65087e+02	1.75400e+03	4.77901e-02	6.67000e+02
1755	6.65593e+02	1.75500e+03	4.77338e-02	6.67500e+02
1756	6.66111e+02	1.75600e+03	4.75897e-02	6.68000e+02
1757	6.66631e+02	1.75700e+03	4.75105e-02	6.68500e+02
1758	6.67166e+02	1.75800e+03	4.74614e-02	6.69000e+02
1759	6.67662e+02	1.75900e+03	4.74288e-02	6.69500e+02
1760	6.68171e+02	1.76000e+03	4.74573e-02	6.70000e+02
1761	6.68676e+02	1.76100e+03	4.74824e-02	6.70500e+02
1762	6.69206e+02	1.76200e+03	4.75099e-02	6.71000e+02
1763	6.69731e+02	1.76300e+03	4.75363e-02	6.71500e+02
1764	6.70262e+02	1.76400e+03	4.75957e-02	6.72000e+02
1765	6.70758e+02	1.76500e+03	4.76098e-02	6.72500e+02
1766	6.71214e+02	1.76600e+03	4.76042e-02	6.73000e+02
1767	6.71708e+02	1.76700e+03	4.75913e-02	6.73500e+02
1768	6.72190e+02	1.76800e+03	4.75344e-02	6.74000e+02
1769	6.72677e+02	1.76900e+03	4.75150e-02	6.74500e+02
1770	6.73133e+02	1.77000e+03	4.75067e-02	6.75000e+02
1771	6.73605e+02	1.77100e+03	4.75002e-02	6.75500e+02
1772	6.74091e+02	1.77200e+03	4.75096e-02	6.76000e+02
1773	6.74599e+02	1.77300e+03	4.75032e-02	6.76500e+02
1774	6.75096e+02	1.77400e+03	4.74863e-02	6.77000e+02
1775	6.75591e+02	1.77500e+03	4.74629e-02	6.77500e+02
1776	6.76077e+02	1.77600e+03	4.74274e-02	6.78000e+02
1777	6.76591e+02	1.77700e+03	4.74053e-02	6.78500e+02
1778	6.77092e+02	1.77800e+03	4.73936e-02	6.79000e+02
1779	6.77575e+02	1.77900e+03	4.73880e-02	6.79500e+02
1780	6.78049e+02	1.78000e+03	4.73897e-02	6.80000e+02
1781	6.78557e+02	1.78100e+03	4.73876e-02	6.80500e+02
1782	6.79058e+02	1.78200e+03	4.73790e-02	6.81000e+02
1783	6.79572e+02	1.78300e+03	4.73652e-02	6.81500e+02
1784	6.80049e+02	1.78400e+03	4.73562e-02	6.82000e+02
1785	6.80534e+02	1.78500e+03	4.73478e-02	6.82500e+02
1786	6.80996e+02	1.78600e+03	4.73462e-02	6.83000e+02
1787	6.81478e+02	1.78700e+03	4.73499e-02	6.83500e+02
1788	6.81963e+02	1.78800e+03	4.73589e-02	6.84000e+02
1789	6.82466e+02	1.78900e+03	4.73719e-02	6.84500e+02
1790	6.82978e+02	1.79000e+03	4.73815e-02	6.85000e+02
1791	6.83503e+02	1.79100e+03	4.73858e-02	6.85500e+02
1792	6.84031e+02	1.79200e+03	4.73847e-02	6.86000e+02
1793	6.84551e+02	1.79300e+03	4.73586e-02	6.86500e+02
1794	6.85100e+02	1.79400e+03	4.73164e-02	6.87000e+02
1795	6.85353e+02	1.79500e+03	4.72678e-02	6.87500e+02
1796	6.85599e+02	1.79600e+03	4.71851e-02	6.88000e+02
1797	6.85952e+02	1.79700e+03	4.71421e-02	6.88500e+02
1798	6.86314e+02	1.79800e+03	4.71196e-02	6.89000e+02
1799	6.86708e+02	1.79900e+03	4.71068e-02	6.89500e+02
1800	6.87099e+02	1.80000e+03	4.71425e-02	6.90000e+02
1801	6.87490e+02	1.80100e+03	4.71640e-02	6.90500e+02
1802	6.87869e+02	1.80200e+03	4.71854e-02	6.91000e+02
1803	6.88220e+02	1.80300e+03	4.72089e-02	6.91500e+02
1804	6.88585e+02	1.80400e+03	4.72671e-02	6.92000e+02
1805	6.88964e+02	1.80500e+03	4.73116e-02	6.92500e+02
1806	6.89332e+02	1.80600e+03	4.73490e-02	6.93000e+02
1807	6.89660e+02	1.80700e+03	4.73799e-02	6.93500e+02
1808	6.89988e+02	1.80800e+03	4.73829e-02	6.94000e+02
1809	6.90300e+02	1.80900e+03	4.73664e-02	6.94500e+02
1810	6.90569e+02	1.81000e+03	4.73333e-02	6.95000e+02
1811	6.90846e+02	1.81100e+03	4.72936e-02	6.95500e+02
1812	6.91148e+02	1.81200e+03	4.72151e-02	6.96000e+02
1813	6.91366e+02	1.81300e+03	4.71824e-02	6.96500e+02
1814	6.91572e+02	1.81400e+03	4.71768e-02	6.97000e+02
1815	6.91726e+02	1.81500e+03	4.71869e-02	6.97500e+02
1816	6.91923e+02	1.81600e+03	4.72571e-02	6.98000e+02
1817	6.92144e+02	1.81700e+03	4.73109e-02	6.98500e+02
1818	6.92402e+02	1.81800e+03	4.73567e-02	6.99000e+02
1819	6.92597e+02	1.81900e+03	4.73948e-02	6.99500e+02
1820	6.92798e+02	1.82000e+03	4.74309e-02	7.00000e+02
