Index	Ts	t	Weight	Tr
[#]	[°C]	[s]	[mg]	[°C]
681	1.30278e+02	6.81000e+02	3.04896	130.5
682	1.30792e+02	6.82000e+02	3.04888	131.0
683	1.31294e+02	6.83000e+02	3.04881	131.5
684	1.31799e+02	6.84000e+02	3.0487	132.0
685	1.32300e+02	6.85000e+02	3.04862	132.5
686	1.32811e+02	6.86000e+02	3.04855	133.0
687	1.33321e+02	6.87000e+02	3.04849	133.5
688	1.33814e+02	6.88000e+02	3.04845	134.0
689	1.34314e+02	6.89000e+02	3.04841	134.5
690	1.34819e+02	6.90000e+02	3.04836	135.0
691	1.35322e+02	6.91000e+02	3.0483	135.5
692	1.35829e+02	6.92000e+02	3.04825	136.0
693	1.36327e+02	6.93000e+02	3.0482	136.5
694	1.36842e+02	6.94000e+02	3.04814	137.0
695	1.37337e+02	6.95000e+02	3.04807	137.5
696	1.37845e+02	6.96000e+02	3.04798	138.0
697	1.38344e+02	6.97000e+02	3.0479	138.5
698	1.38849e+02	6.98000e+02	3.0478	139.0
699	1.39361e+02	6.99000e+02	3.04771	139.5
700	1.39866e+02	7.00000e+02	3.04761	140.0
701	1.40368e+02	7.01000e+02	3.04751	140.5
702	1.40860e+02	7.02000e+02	3.04742	141.0
703	1.41372e+02	7.03000e+02	3.04733	141.5
704	1.41884e+02	7.04000e+02	3.04725	142.0
705	1.42389e+02	7.05000e+02	3.04716	142.5
706	1.42886e+02	7.06000e+02	3.04705	143.0
707	1.43388e+02	7.07000e+02	3.04695	143.5
708	1.43885e+02	7.08000e+02	3.04683	144.0
709	1.44388e+02	7.09000e+02	3.04671	144.5
710	1.44900e+02	7.10000e+02	3.0466	145.0
711	1.45400e+02	7.11000e+02	3.04647	145.5
712	1.45908e+02	7.12000e+02	3.04632	146.0
713	1.46409e+02	7.13000e+02	3.04616	146.5
714	1.46923e+02	7.14000e+02	3.04599	147.0
715	1.47422e+02	7.15000e+02	3.04582	147.5
716	1.47928e+02	7.16000e+02	3.04561	148.0
717	1.48427e+02	7.17000e+02	3.04543	148.5
718	1.48923e+02	7.18000e+02	3.04526	149.0
719	1.49427e+02	7.19000e+02	3.04509	149.5
720	1.49936e+02	7.20000e+02	3.04493	150.0
721	1.50442e+02	7.21000e+02	3.04476	150.5
722	1.50959e+02	7.22000e+02	3.04459	151.0
723	1.51448e+02	7.23000e+02	3.04442	151.5
724	1.51959e+02	7.24000e+02	3.04424	152.0
725	1.52464e+02	7.25000e+02	3.04405	152.5
726	1.52960e+02	7.26000e+02	3.04387	153.0
727	1.53474e+02	7.27000e+02	3.0437	153.5
728	1.53973e+02	7.28000e+02	3.04352	154.0
729	1.54484e+02	7.29000e+02	3.04335	154.5
730	1.54975e+02	7.30000e+02	3.04317	155.0
731	1.55494e+02	7.31000e+02	3.04299	155.5
732	1.55988e+02	7.32000e+02	3.04278	156.0
733	1.56498e+02	7.33000e+02	3.04255	156.5
734	1.57014e+02	7.34000e+02	3.04231	157.0
735	1.57518e+02	7.35000e+02	3.04207	157.5
736	1.58025e+02	7.36000e+02	3.04177	158.0
737	1.58526e+02	7.37000e+02	3.0415	158.5
738	1.59041e+02	7.38000e+02	3.04124	159.0
739	1.59550e+02	7.39000e+02	3.04099	159.5
740	1.60059e+02	7.40000e+02	3.04075	160.0
741	1.60554e+02	7.41000e+02	3.04051	160.5
742	1.61062e+02	7.42000e+02	3.04028	161.0
743	1.61571e+02	7.43000e+02	3.04004	161.5
744	1.62064e+02	7.44000e+02	3.0398	162.0
745	1.62579e+02	7.45000e+02	3.03956	162.5
746	1.63082e+02	7.46000e+02	3.03931	163.0
747	1.63587e+02	7.47000e+02	3.03906	163.5
748	1.64108e+02	7.48000e+02	3.03877	164.0
749	1.64608e+02	7.49000e+02	3.03847	164.5
750	1.65115e+02	7.50000e+02	3.03817	165.0
751	1.65624e+02	7.51000e+02	3.03787	165.5
752	1.66136e+02	7.52000e+02	3.03752	166.0
753	1.66648e+02	7.53000e+02	3.03719	166.5
754	1.67153e+02	7.54000e+02	3.03687	167.0
755	1.67667e+02	7.55000e+02	3.03654	167.5
756	1.68159e+02	7.56000e+02	3.03622	168.0
757	1.68683e+02	7.57000e+02	3.0359	168.5
758	1.69181e+02	7.58000e+02	3.03559	169.0
759	1.69690e+02	7.59000e+02	3.03529	169.5
760	1.70194e+02	7.60000e+02	3.03499	170.0
761	1.70711e+02	7.61000e+02	3.03469	170.5
762	1.71224e+02	7.62000e+02	3.03438	171.0
763	1.71733e+02	7.63000e+02	3.03406	171.5
764	1.72229e+02	7.64000e+02	3.03372	172.0
765	1.72741e+02	7.65000e+02	3.03336	172.5
766	1.73244e+02	7.66000e+02	3.03299	173.0
767	1.73773e+02	7.67000e+02	3.0326	173.5
768	1.74266e+02	7.68000e+02	3.03215	174.0
769	1.74779e+02	7.69000e+02	3.03172	174.5
770	1.75282e+02	7.70000e+02	3.03129	175.0
771	1.75800e+02	7.71000e+02	3.03084	175.5
772	1.76322e+02	7.72000e+02	3.03034	176.0
773	1.76832e+02	7.73000e+02	3.02984	176.5
774	1.77322e+02	7.74000e+02	3.02933	177.0
775	1.77844e+02	7.75000e+02	3.02881	177.5
776	1.78358e+02	7.76000e+02	3.02822	178.0
777	1.78852e+02	7.77000e+02	3.02765	178.5
778	1.79385e+02	7.78000e+02	3.02706	179.0
779	1.79883e+02	7.79000e+02	3.02647	179.5
780	1.80388e+02	7.80000e+02	3.0258	180.0
781	1.80950e+02	7.81000e+02	3.02514	180.5
782	1.81477e+02	7.82000e+02	3.02445	181.0
783	1.81985e+02	7.83000e+02	3.02374	181.5
784	1.82505e+02	7.84000e+02	3.02294	182.0
785	1.83008e+02	7.85000e+02	3.02215	182.5
786	1.83525e+02	7.86000e+02	3.02135	183.0
787	1.84023e+02	7.87000e+02	3.02052	183.5
788	1.84540e+02	7.88000e+02	3.01958	184.0
789	1.85049e+02	7.89000e+02	3.01864	184.5
790	1.85567e+02	7.90000e+02	3.01766	185.0
791	1.86081e+02	7.91000e+02	3.01666	185.5
792	1.86597e+02	7.92000e+02	3.01551	186.0
793	1.87094e+02	7.93000e+02	3.01439	186.5
794	1.87612e+02	7.94000e+02	3.01325	187.0
795	1.88125e+02	7.95000e+02	3.01208	187.5
796	1.88622e+02	7.96000e+02	3.01079	188.0
797	1.89129e+02	7.97000e+02	3.00952	188.5
798	1.89646e+02	7.98000e+02	3.00823	189.0
799	1.90152e+02	7.99000e+02	3.00692	189.5
800	1.90656e+02	8.00000e+02	3.00552	190.0
801	1.91171e+02	8.01000e+02	3.00415	190.5
802	1.91688e+02	8.02000e+02	3.00279	191.0
803	1.92198e+02	8.03000e+02	3.00141	191.5
804	1.92706e+02	8.04000e+02	2.99999	192.0
805	1.93220e+02	8.05000e+02	2.99858	192.5
806	1.93726e+02	8.06000e+02	2.99715	193.0
807	1.94229e+02	8.07000e+02	2.99572	193.5
808	1.94763e+02	8.08000e+02	2.99425	194.0
809	1.95288e+02	8.09000e+02	2.99279	194.5
810	1.95785e+02	8.10000e+02	2.99132	195.0
811	1.96282e+02	8.11000e+02	2.98986	195.5
812	1.96784e+02	8.12000e+02	2.98837	196.0
813	1.97296e+02	8.13000e+02	2.9869	196.5
814	1.97814e+02	8.14000e+02	2.98542	197.0
815	1.98332e+02	8.15000e+02	2.98394	197.5
816	1.98845e+02	8.16000e+02	2.98247	198.0
817	1.99359e+02	8.17000e+02	2.98101	198.5
818	1.99869e+02	8.18000e+02	2.97956	199.0
819	2.00387e+02	8.19000e+02	2.97812	199.5
820	2.00885e+02	8.20000e+02	2.97672	200.0
821	2.01408e+02	8.21000e+02	2.97533	200.5
822	2.01911e+02	8.22000e+02	2.97396	201.0
823	2.02438e+02	8.23000e+02	2.9726	201.5
824	2.02943e+02	8.24000e+02	2.97132	202.0
825	2.03456e+02	8.25000e+02	2.97003	202.5
826	2.03967e+02	8.26000e+02	2.96877	203.0
827	2.04483e+02	8.27000e+02	2.96752	203.5
828	2.04992e+02	8.28000e+02	2.96638	204.0
829	2.05504e+02	8.29000e+02	2.96524	204.5
830	2.06016e+02	8.30000e+02	2.96412	205.0
831	2.06526e+02	8.31000e+02	2.96303	205.5
832	2.07042e+02	8.32000e+02	2.96205	206.0
833	2.07567e+02	8.33000e+02	2.96106	206.5
834	2.08071e+02	8.34000e+02	2.9601	207.0
835	2.08583e+02	8.35000e+02	2.95916	207.5
836	2.09112e+02	8.36000e+02	2.95834	208.0
837	2.09616e+02	8.37000e+02	2.95751	208.5
838	2.10137e+02	8.38000e+02	2.9567	209.0
839	2.10648e+02	8.39000e+02	2.95592	209.5
840	2.11164e+02	8.40000e+02	2.95526	210.0
841	2.11666e+02	8.41000e+02	2.95457	210.5
842	2.12176e+02	8.42000e+02	2.9539	211.0
843	2.12700e+02	8.43000e+02	2.95325	211.5
844	2.13208e+02	8.44000e+02	2.95269	212.0
845	2.13721e+02	8.45000e+02	2.95211	212.5
846	2.14225e+02	8.46000e+02	2.95154	213.0
847	2.14746e+02	8.47000e+02	2.95098	213.5
848	2.15264e+02	8.48000e+02	2.95048	214.0
849	2.15763e+02	8.49000e+02	2.94997	214.5
850	2.16274e+02	8.50000e+02	2.94948	215.0
851	2.16784e+02	8.51000e+02	2.94899	215.5
852	2.17290e+02	8.52000e+02	2.94857	216.0
853	2.17798e+02	8.53000e+02	2.94815	216.5
854	2.18306e+02	8.54000e+02	2.94774	217.0
855	2.18805e+02	8.55000e+02	2.94735	217.5
856	2.19304e+02	8.56000e+02	2.94701	218.0
857	2.19815e+02	8.57000e+02	2.94664	218.5
858	2.20329e+02	8.58000e+02	2.94628	219.0
859	2.20807e+02	8.59000e+02	2.94592	219.5
860	2.21310e+02	8.60000e+02	2.94557	220.0
861	2.21822e+02	8.61000e+02	2.94523	220.5
862	2.22313e+02	8.62000e+02	2.94488	221.0
863	2.22820e+02	8.63000e+02	2.94454	221.5
864	2.23317e+02	8.64000e+02	2.94421	222.0
865	2.23823e+02	8.65000e+02	2.94388	222.5
866	2.24317e+02	8.66000e+02	2.94354	223.0
867	2.24828e+02	8.67000e+02	2.9432	223.5
868	2.25323e+02	8.68000e+02	2.94286	224.0
869	2.25829e+02	8.69000e+02	2.94253	224.5
870	2.26330e+02	8.70000e+02	2.94219	225.0
871	2.26823e+02	8.71000e+02	2.94185	225.5
872	2.27335e+02	8.72000e+02	2.9415	226.0
873	2.27840e+02	8.73000e+02	2.94115	226.5
874	2.28338e+02	8.74000e+02	2.94078	227.0
875	2.28850e+02	8.75000e+02	2.94041	227.5
876	2.29370e+02	8.76000e+02	2.94002	228.0
877	2.29866e+02	8.77000e+02	2.93965	228.5
878	2.30369e+02	8.78000e+02	2.93927	229.0
879	2.30861e+02	8.79000e+02	2.9389	229.5
880	2.31363e+02	8.80000e+02	2.93853	230.0
881	2.31874e+02	8.81000e+02	2.93815	230.5
882	2.32369e+02	8.82000e+02	2.93777	231.0
883	2.32874e+02	8.83000e+02	2.93738	231.5
884	2.33368e+02	8.84000e+02	2.93699	232.0
885	2.33892e+02	8.85000e+02	2.9366	232.5
886	2.34400e+02	8.86000e+02	2.9362	233.0
887	2.34897e+02	8.87000e+02	2.93581	233.5
888	2.35404e+02	8.88000e+02	2.9354	234.0
889	2.35913e+02	8.89000e+02	2.935	234.5
890	2.36417e+02	8.90000e+02	2.93459	235.0
891	2.36911e+02	8.91000e+02	2.93418	235.5
892	2.37423e+02	8.92000e+02	2.93376	236.0
893	2.37927e+02	8.93000e+02	2.93334	236.5
894	2.38425e+02	8.94000e+02	2.93292	237.0
895	2.38923e+02	8.95000e+02	2.9325	237.5
896	2.39443e+02	8.96000e+02	2.93208	238.0
897	2.39933e+02	8.97000e+02	2.93168	238.5
898	2.40430e+02	8.98000e+02	2.9313	239.0
899	2.40930e+02	8.99000e+02	2.93092	239.5
900	2.41428e+02	9.00000e+02	2.93058	240.0
901	2.41934e+02	9.01000e+02	2.93023	240.5
902	2.42445e+02	9.02000e+02	2.92987	241.0
903	2.42949e+02	9.03000e+02	2.92952	241.5
904	2.43459e+02	9.04000e+02	2.92919	242.0
905	2.43954e+02	9.05000e+02	2.92884	242.5
906	2.44445e+02	9.06000e+02	2.92848	243.0
907	2.44945e+02	9.07000e+02	2.92811	243.5
908	2.45454e+02	9.08000e+02	2.92773	244.0
909	2.45971e+02	9.09000e+02	2.92735	244.5
910	2.46485e+02	9.10000e+02	2.92698	245.0
911	2.47004e+02	9.11000e+02	2.92661	245.5
912	2.47520e+02	9.12000e+02	2.92625	246.0
913	2.48023e+02	9.13000e+02	2.9259	246.5
914	2.48536e+02	9.14000e+02	2.92555	247.0
915	2.49057e+02	9.15000e+02	2.9252	247.5
916	2.49580e+02	9.16000e+02	2.92487	248.0
917	2.50103e+02	9.17000e+02	2.92454	248.5
918	2.50604e+02	9.18000e+02	2.92421	249.0
919	2.51116e+02	9.19000e+02	2.92389	249.5
920	2.51633e+02	9.20000e+02	2.92358	250.0
921	2.52145e+02	9.21000e+02	2.92328	250.5
922	2.52650e+02	9.22000e+02	2.92298	251.0
923	2.53169e+02	9.23000e+02	2.92268	251.5
924	2.53679e+02	9.24000e+02	2.9224	252.0
925	2.54225e+02	9.25000e+02	2.92211	252.5
926	2.54768e+02	9.26000e+02	2.92182	253.0
927	2.55265e+02	9.27000e+02	2.92153	253.5
928	2.55767e+02	9.28000e+02	2.92124	254.0
929	2.56295e+02	9.29000e+02	2.92096	254.5
930	2.56812e+02	9.30000e+02	2.92069	255.0
931	2.57338e+02	9.31000e+02	2.92042	255.5
932	2.57907e+02	9.32000e+02	2.92016	256.0
933	2.58434e+02	9.33000e+02	2.9199	256.5
934	2.58953e+02	9.34000e+02	2.91964	257.0
935	2.59440e+02	9.35000e+02	2.91938	257.5
936	2.59951e+02	9.36000e+02	2.91912	258.0
937	2.60454e+02	9.37000e+02	2.91886	258.5
938	2.60964e+02	9.38000e+02	2.9186	259.0
939	2.61511e+02	9.39000e+02	2.91834	259.5
940	2.62014e+02	9.40000e+02	2.91807	260.0
941	2.62560e+02	9.41000e+02	2.9178	260.5
942	2.63037e+02	9.42000e+02	2.91752	261.0
943	2.63551e+02	9.43000e+02	2.91724	261.5
944	2.64051e+02	9.44000e+02	2.91695	262.0
945	2.64547e+02	9.45000e+02	2.91667	262.5
946	2.65042e+02	9.46000e+02	2.9164	263.0
947	2.65595e+02	9.47000e+02	2.91612	263.5
948	2.66099e+02	9.48000e+02	2.91584	264.0
949	2.66607e+02	9.49000e+02	2.91556	264.5
950	2.67101e+02	9.50000e+02	2.91527	265.0
951	2.67596e+02	9.51000e+02	2.91497	265.5
952	2.68128e+02	9.52000e+02	2.91466	266.0
953	2.68659e+02	9.53000e+02	2.91436	266.5
954	2.69175e+02	9.54000e+02	2.91406	267.0
955	2.69709e+02	9.55000e+02	2.91376	267.5
956	2.70242e+02	9.56000e+02	2.91347	268.0
957	2.70745e+02	9.57000e+02	2.91317	268.5
958	2.71264e+02	9.58000e+02	2.91287	269.0
959	2.71804e+02	9.59000e+02	2.91257	269.5
960	2.72281e+02	9.60000e+02	2.91226	270.0
961	2.72812e+02	9.61000e+02	2.91196	270.5
962	2.73318e+02	9.62000e+02	2.91165	271.0
963	2.73830e+02	9.63000e+02	2.91134	271.5
964	2.74333e+02	9.64000e+02	2.91101	272.0
965	2.74848e+02	9.65000e+02	2.91068	272.5
966	2.75353e+02	9.66000e+02	2.91033	273.0
967	2.75874e+02	9.67000e+02	2.90998	273.5
968	2.76367e+02	9.68000e+02	2.90959	274.0
969	2.76866e+02	9.69000e+02	2.90921	274.5
970	2.77372e+02	9.70000e+02	2.90883	275.0
971	2.77872e+02	9.71000e+02	2.90844	275.5
972	2.78363e+02	9.72000e+02	2.90804	276.0
973	2.78865e+02	9.73000e+02	2.90764	276.5
974	2.79371e+02	9.74000e+02	2.90723	277.0
975	2.79864e+02	9.75000e+02	2.90681	277.5
976	2.80345e+02	9.76000e+02	2.90636	278.0
977	2.80859e+02	9.77000e+02	2.90591	278.5
978	2.81384e+02	9.78000e+02	2.90546	279.0
979	2.81890e+02	9.79000e+02	2.90499	279.5
980	2.82387e+02	9.80000e+02	2.90449	280.0
981	2.82930e+02	9.81000e+02	2.90398	280.5
982	2.83460e+02	9.82000e+02	2.90347	281.0
983	2.83989e+02	9.83000e+02	2.90294	281.5
984	2.84510e+02	9.84000e+02	2.90237	282.0
985	2.85023e+02	9.85000e+02	2.90181	282.5
986	2.85571e+02	9.86000e+02	2.90123	283.0
987	2.86084e+02	9.87000e+02	2.90065	283.5
988	2.86594e+02	9.88000e+02	2.90001	284.0
989	2.87148e+02	9.89000e+02	2.89938	284.5
990	2.87686e+02	9.90000e+02	2.89872	285.0
991	2.88188e+02	9.91000e+02	2.89805	285.5
992	2.88705e+02	9.92000e+02	2.8973	286.0
993	2.89242e+02	9.93000e+02	2.89655	286.5
994	2.89757e+02	9.94000e+02	2.89578	287.0
995	2.90272e+02	9.95000e+02	2.895	287.5
996	2.90766e+02	9.96000e+02	2.89411	288.0
997	2.91288e+02	9.97000e+02	2.89324	288.5
998	2.91802e+02	9.98000e+02	2.89235	289.0
999	2.92280e+02	9.99000e+02	2.89144	289.5
1000	2.92778e+02	1.00000e+03	2.89043	290.0
1001	2.93294e+02	1.00100e+03	2.88943	290.5
1002	2.93801e+02	1.00200e+03	2.88841	291.0
1003	2.94295e+02	1.00300e+03	2.88736	291.5
1004	2.94801e+02	1.00400e+03	2.8862	292.0
1005	2.95315e+02	1.00500e+03	2.88506	292.5
1006	2.95831e+02	1.00600e+03	2.88391	293.0
1007	2.96353e+02	1.00700e+03	2.88273	293.5
1008	2.96863e+02	1.00800e+03	2.88147	294.0
1009	2.97387e+02	1.00900e+03	2.88023	294.5
1010	2.97908e+02	1.01000e+03	2.87898	295.0
1011	2.98426e+02	1.01100e+03	2.87772	295.5
1012	2.98945e+02	1.01200e+03	2.8764	296.0
1013	2.99463e+02	1.01300e+03	2.87508	296.5
1014	2.99999e+02	1.01400e+03	2.87372	297.0
1015	3.00523e+02	1.01500e+03	2.87234	297.5
1016	3.01059e+02	1.01600e+03	2.87083	298.0
1017	3.01559e+02	1.01700e+03	2.86932	298.5
1018	3.02091e+02	1.01800e+03	2.86777	299.0
1019	3.02593e+02	1.01900e+03	2.86619	299.5
1020	3.03079e+02	1.02000e+03	2.86445	300.0
1021	3.03590e+02	1.02100e+03	2.86276	300.5
1022	3.04078e+02	1.02200e+03	2.86105	301.0
1023	3.04592e+02	1.02300e+03	2.85932	301.5
1024	3.05113e+02	1.02400e+03	2.85749	302.0
1025	3.05622e+02	1.02500e+03	2.85567	302.5
1026	3.06135e+02	1.02600e+03	2.85384	303.0
1027	3.06640e+02	1.02700e+03	2.85198	303.5
1028	3.07157e+02	1.02800e+03	2.85002	304.0
1029	3.07692e+02	1.02900e+03	2.84808	304.5
1030	3.08234e+02	1.03000e+03	2.84611	305.0
1031	3.08769e+02	1.03100e+03	2.84413	305.5
1032	3.09271e+02	1.03200e+03	2.84204	306.0
1033	3.09771e+02	1.03300e+03	2.83997	306.5
1034	3.10271e+02	1.03400e+03	2.83789	307.0
1035	3.10785e+02	1.03500e+03	2.83579	307.5
1036	3.11300e+02	1.03600e+03	2.83362	308.0
1037	3.11823e+02	1.03700e+03	2.83147	308.5
1038	3.12329e+02	1.03800e+03	2.82932	309.0
1039	3.12836e+02	1.03900e+03	2.82716	309.5
1040	3.13361e+02	1.04000e+03	2.82497	310.0
1041	3.13908e+02	1.04100e+03	2.82277	310.5
1042	3.14425e+02	1.04200e+03	2.82056	311.0
1043	3.14942e+02	1.04300e+03	2.81834	311.5
1044	3.15463e+02	1.04400e+03	2.81608	312.0
1045	3.15951e+02	1.04500e+03	2.81382	312.5
1046	3.16415e+02	1.04600e+03	2.81154	313.0
1047	3.16919e+02	1.04700e+03	2.80926	313.5
1048	3.17411e+02	1.04800e+03	2.80693	314.0
1049	3.17904e+02	1.04900e+03	2.80461	314.5
1050	3.18428e+02	1.05000e+03	2.80228	315.0
1051	3.18915e+02	1.05100e+03	2.79995	315.5
1052	3.19408e+02	1.05200e+03	2.79759	316.0
1053	3.19939e+02	1.05300e+03	2.79525	316.5
1054	3.20453e+02	1.05400e+03	2.79291	317.0
1055	3.20963e+02	1.05500e+03	2.79057	317.5
1056	3.21465e+02	1.05600e+03	2.78824	318.0
1057	3.21969e+02	1.05700e+03	2.78589	318.5
1058	3.22466e+02	1.05800e+03	2.78353	319.0
1059	3.22966e+02	1.05900e+03	2.78117	319.5
1060	3.23454e+02	1.06000e+03	2.77879	320.0
1061	3.23968e+02	1.06100e+03	2.77641	320.5
1062	3.24468e+02	1.06200e+03	2.77402	321.0
1063	3.24984e+02	1.06300e+03	2.77162	321.5
1064	3.25483e+02	1.06400e+03	2.76919	322.0
1065	3.25984e+02	1.06500e+03	2.76676	322.5
1066	3.26487e+02	1.06600e+03	2.76431	323.0
1067	3.26983e+02	1.06700e+03	2.76184	323.5
1068	3.27473e+02	1.06800e+03	2.7593	324.0
1069	3.27978e+02	1.06900e+03	2.75674	324.5
1070	3.28480e+02	1.07000e+03	2.75415	325.0
1071	3.28987e+02	1.07100e+03	2.75153	325.5
1072	3.29488e+02	1.07200e+03	2.74877	326.0
1073	3.29991e+02	1.07300e+03	2.74601	326.5
1074	3.30505e+02	1.07400e+03	2.74321	327.0
1075	3.31008e+02	1.07500e+03	2.74038	327.5
1076	3.31508e+02	1.07600e+03	2.73735	328.0
1077	3.32028e+02	1.07700e+03	2.73433	328.5
1078	3.32535e+02	1.07800e+03	2.73126	329.0
1079	3.33039e+02	1.07900e+03	2.72815	329.5
1080	3.33564e+02	1.08000e+03	2.72479	330.0
1081	3.34076e+02	1.08100e+03	2.72144	330.5
1082	3.34598e+02	1.08200e+03	2.71804	331.0
1083	3.35099e+02	1.08300e+03	2.71456	331.5
1084	3.35608e+02	1.08400e+03	2.71078	332.0
1085	3.36146e+02	1.08500e+03	2.70701	332.5
1086	3.36648e+02	1.08600e+03	2.70315	333.0
1087	3.37164e+02	1.08700e+03	2.69922	333.5
1088	3.37676e+02	1.08800e+03	2.69489	334.0
1089	3.38179e+02	1.08900e+03	2.6906	334.5
1090	3.38690e+02	1.09000e+03	2.68623	335.0
1091	3.39198e+02	1.09100e+03	2.68178	335.5
1092	3.39721e+02	1.09200e+03	2.67691	336.0
1093	3.40235e+02	1.09300e+03	2.67211	336.5
1094	3.40769e+02	1.09400e+03	2.66721	337.0
1095	3.41280e+02	1.09500e+03	2.66224	337.5
1096	3.41798e+02	1.09600e+03	2.65685	338.0
1097	3.42300e+02	1.09700e+03	2.6515	338.5
1098	3.42818e+02	1.09800e+03	2.64603	339.0
1099	3.43353e+02	1.09900e+03	2.64047	339.5
1100	3.43849e+02	1.10000e+03	2.6344	340.0
1101	3.44340e+02	1.10100e+03	2.62836	340.5
1102	3.44858e+02	1.10200e+03	2.62219	341.0
1103	3.45337e+02	1.10300e+03	2.61589	341.5
1104	3.45875e+02	1.10400e+03	2.60897	342.0
1105	3.46379e+02	1.10500e+03	2.60211	342.5
1106	3.46883e+02	1.10600e+03	2.5951	343.0
1107	3.47389e+02	1.10700e+03	2.58797	343.5
1108	3.47915e+02	1.10800e+03	2.58015	344.0
1109	3.48428e+02	1.10900e+03	2.57241	344.5
1110	3.48917e+02	1.11000e+03	2.56453	345.0
1111	3.49429e+02	1.11100e+03	2.55651	345.5
1112	3.49943e+02	1.11200e+03	2.54778	346.0
1113	3.50425e+02	1.11300e+03	2.53914	346.5
1114	3.50903e+02	1.11400e+03	2.53033	347.0
1115	3.51402e+02	1.11500e+03	2.52137	347.5
1116	3.51906e+02	1.11600e+03	2.51166	348.0
1117	3.52413e+02	1.11700e+03	2.50203	348.5
1118	3.52927e+02	1.11800e+03	2.49222	349.0
1119	3.53426e+02	1.11900e+03	2.48226	349.5
1120	3.53930e+02	1.12000e+03	2.4715	350.0
1121	3.54436e+02	1.12100e+03	2.46084	350.5
1122	3.54941e+02	1.12200e+03	2.45	351.0
1123	3.55448e+02	1.12300e+03	2.43898	351.5
1124	3.55958e+02	1.12400e+03	2.42714	352.0
1125	3.56463e+02	1.12500e+03	2.41539	352.5
1126	3.56961e+02	1.12600e+03	2.40346	353.0
1127	3.57462e+02	1.12700e+03	2.39137	353.5
1128	3.57956e+02	1.12800e+03	2.37842	354.0
1129	3.58458e+02	1.12900e+03	2.36561	354.5
1130	3.58950e+02	1.13000e+03	2.35263	355.0
1131	3.59446e+02	1.13100e+03	2.33949	355.5
1132	3.59949e+02	1.13200e+03	2.32553	356.0
1133	3.60440e+02	1.13300e+03	2.31167	356.5
1134	3.60913e+02	1.13400e+03	2.29762	357.0
1135	3.61369e+02	1.13500e+03	2.28341	357.5
1136	3.61841e+02	1.13600e+03	2.26833	358.0
1137	3.62325e+02	1.13700e+03	2.25339	358.5
1138	3.62824e+02	1.13800e+03	2.23827	359.0
1139	3.63308e+02	1.13900e+03	2.22299	359.5
1140	3.63803e+02	1.14000e+03	2.20687	360.0
1141	3.64273e+02	1.14100e+03	2.19087	360.5
1142	3.64765e+02	1.14200e+03	2.17471	361.0
1143	3.65240e+02	1.14300e+03	2.15839	361.5
1144	3.65723e+02	1.14400e+03	2.14128	362.0
1145	3.66206e+02	1.14500e+03	2.1243	362.5
1146	3.66692e+02	1.14600e+03	2.10718	363.0
1147	3.67193e+02	1.14700e+03	2.08992	363.5
1148	3.67680e+02	1.14800e+03	2.07192	364.0
1149	3.68166e+02	1.14900e+03	2.05403	364.5
1150	3.68654e+02	1.15000e+03	2.03598	365.0
1151	3.69138e+02	1.15100e+03	2.0178	365.5
1152	3.69627e+02	1.15200e+03	1.9989	366.0
1153	3.70123e+02	1.15300e+03	1.98011	366.5
1154	3.70605e+02	1.15400e+03	1.96118	367.0
1155	3.71098e+02	1.15500e+03	1.9421	367.5
1156	3.71581e+02	1.15600e+03	1.92233	368.0
1157	3.72072e+02	1.15700e+03	1.90264	368.5
1158	3.72549e+02	1.15800e+03	1.88279	369.0
1159	3.73025e+02	1.15900e+03	1.8628	369.5
1160	3.73499e+02	1.16000e+03	1.8421	370.0
1161	3.74004e+02	1.16100e+03	1.82152	370.5
1162	3.74492e+02	1.16200e+03	1.8008	371.0
1163	3.74979e+02	1.16300e+03	1.77996	371.5
1164	3.75462e+02	1.16400e+03	1.75848	372.0
1165	3.75952e+02	1.16500e+03	1.7371	372.5
1166	3.76438e+02	1.16600e+03	1.71559	373.0
1167	3.76931e+02	1.16700e+03	1.69397	373.5
1168	3.77432e+02	1.16800e+03	1.67179	374.0
1169	3.77919e+02	1.16900e+03	1.6497	374.5
1170	3.78402e+02	1.17000e+03	1.62754	375.0
1171	3.78898e+02	1.17100e+03	1.60529	375.5
1172	3.79394e+02	1.17200e+03	1.58261	376.0
1173	3.79881e+02	1.17300e+03	1.56003	376.5
1174	3.80376e+02	1.17400e+03	1.53738	377.0
1175	3.80860e+02	1.17500e+03	1.51467	377.5
1176	3.81345e+02	1.17600e+03	1.49165	378.0
1177	3.81853e+02	1.17700e+03	1.46869	378.5
1178	3.82334e+02	1.17800e+03	1.4457	379.0
1179	3.82826e+02	1.17900e+03	1.42266	379.5
1180	3.83317e+02	1.18000e+03	1.3994	380.0
1181	3.83817e+02	1.18100e+03	1.37621	380.5
1182	3.84316e+02	1.18200e+03	1.35299	381.0
1183	3.84804e+02	1.18300e+03	1.32973	381.5
1184	3.85317e+02	1.18400e+03	1.30632	382.0
1185	3.85814e+02	1.18500e+03	1.28292	382.5
1186	3.86298e+02	1.18600e+03	1.2595	383.0
1187	3.86800e+02	1.18700e+03	1.23604	383.5
1188	3.87288e+02	1.18800e+03	1.21245	384.0
1189	3.87791e+02	1.18900e+03	1.18893	384.5
1190	3.88288e+02	1.19000e+03	1.16541	385.0
1191	3.88787e+02	1.19100e+03	1.14191	385.5
1192	3.89299e+02	1.19200e+03	1.11841	386.0
1193	3.89796e+02	1.19300e+03	1.09496	386.5
1194	3.90309e+02	1.19400e+03	1.07155	387.0
1195	3.90805e+02	1.19500e+03	1.04818	387.5
1196	3.91319e+02	1.19600e+03	1.02498	388.0
1197	3.91829e+02	1.19700e+03	1.00179	388.5
1198	3.92356e+02	1.19800e+03	0.978667	389.0
1199	3.92867e+02	1.19900e+03	0.955585	389.5
1200	3.93407e+02	1.20000e+03	0.932747	390.0
1201	3.93934e+02	1.20100e+03	0.909869	390.5
1202	3.94464e+02	1.20200e+03	0.887059	391.0
1203	3.94993e+02	1.20300e+03	0.864313	391.5
1204	3.95527e+02	1.20400e+03	0.841877	392.0
1205	3.96037e+02	1.20500e+03	0.819476	392.5
1206	3.96538e+02	1.20600e+03	0.797214	393.0
1207	3.97043e+02	1.20700e+03	0.775061	393.5
1208	3.97561e+02	1.20800e+03	0.753472	394.0
1209	3.98072e+02	1.20900e+03	0.73185	394.5
1210	3.98590e+02	1.21000e+03	0.710395	395.0
1211	3.99095e+02	1.21100e+03	0.689093	395.5
1212	3.99613e+02	1.21200e+03	0.668545	396.0
1213	4.00119e+02	1.21300e+03	0.647959	396.5
1214	4.00683e+02	1.21400e+03	0.627587	397.0
1215	4.01174e+02	1.21500e+03	0.607403	397.5
1216	4.01764e+02	1.21600e+03	0.588165	398.0
1217	4.02364e+02	1.21700e+03	0.568829	398.5
1218	4.02929e+02	1.21800e+03	0.54972	399.0
1219	4.03378e+02	1.21900e+03	0.53082	399.5
1220	4.03883e+02	1.22000e+03	0.513012	400.0
1221	4.04437e+02	1.22100e+03	0.495111	400.5
1222	4.04930e+02	1.22200e+03	0.477488	401.0
1223	4.05462e+02	1.22300e+03	0.460108	401.5
1224	4.05985e+02	1.22400e+03	0.443973	402.0
1225	4.06485e+02	1.22500e+03	0.427687	402.5
1226	4.07000e+02	1.22600e+03	0.411669	403.0
1227	4.07497e+02	1.22700e+03	0.395895	403.5
1228	4.07993e+02	1.22800e+03	0.381404	404.0
1229	4.08486e+02	1.22900e+03	0.366745	404.5
1230	4.08980e+02	1.23000e+03	0.352357	405.0
1231	4.09499e+02	1.23100e+03	0.338222	405.5
1232	4.10023e+02	1.23200e+03	0.325358	406.0
1233	4.10539e+02	1.23300e+03	0.312322	406.5
1234	4.11050e+02	1.23400e+03	0.299543	407.0
1235	4.11557e+02	1.23500e+03	0.287	407.5
1236	4.12097e+02	1.23600e+03	0.27569	408.0
1237	4.12614e+02	1.23700e+03	0.264192	408.5
1238	4.13155e+02	1.23800e+03	0.252936	409.0
1239	4.13686e+02	1.23900e+03	0.241908	409.5
1240	4.14212e+02	1.24000e+03	0.232039	410.0
1241	4.14743e+02	1.24100e+03	0.222006	410.5
1242	4.15268e+02	1.24200e+03	0.212203	411.0
1243	4.15807e+02	1.24300e+03	0.202611	411.5
1244	4.16328e+02	1.24400e+03	0.194116	412.0
1245	4.16846e+02	1.24500e+03	0.18544	412.5
1246	4.17355e+02	1.24600e+03	0.176966	413.0
1247	4.17923e+02	1.24700e+03	0.168684	413.5
1248	4.18452e+02	1.24800e+03	0.161383	414.0
1249	4.18992e+02	1.24900e+03	0.153937	414.5
1250	4.19496e+02	1.25000e+03	0.146679	415.0
1251	4.19963e+02	1.25100e+03	0.139599	415.5
1252	4.20449e+02	1.25200e+03	0.133424	416.0
1253	4.20963e+02	1.25300e+03	0.127103	416.5
1254	4.21456e+02	1.25400e+03	0.120954	417.0
1255	4.22039e+02	1.25500e+03	0.114969	417.5
1256	4.22537e+02	1.25600e+03	0.109816	418.0
1257	4.23072e+02	1.25700e+03	0.104535	418.5
1258	4.23595e+02	1.25800e+03	0.0994081	419.0
1259	4.24096e+02	1.25900e+03	0.0944253	419.5
1260	4.24643e+02	1.26000e+03	0.0902007	420.0
1261	4.25124e+02	1.26100e+03	0.0858434	420.5
1262	4.25619e+02	1.26200e+03	0.0816153	421.0
1263	4.26177e+02	1.26300e+03	0.0775128	421.5
1264	4.26730e+02	1.26400e+03	0.0740535	422.0
1265	4.27230e+02	1.26500e+03	0.0704848	422.5
1266	4.27705e+02	1.26600e+03	0.0670276	423.0
1267	4.28183e+02	1.26700e+03	0.0636783	423.5
1268	4.28644e+02	1.26800e+03	0.0608872	424.0
1269	4.29103e+02	1.26900e+03	0.0580052	424.5
1270	4.29627e+02	1.27000e+03	0.0552252	425.0
1271	4.30088e+02	1.27100e+03	0.0525429	425.5
1272	4.30582e+02	1.27200e+03	0.0503579	426.0
1273	4.31077e+02	1.27300e+03	0.0480907	426.5
1274	4.31520e+02	1.27400e+03	0.0459079	427.0
1275	4.32014e+02	1.27500e+03	0.0438057	427.5
1276	4.32516e+02	1.27600e+03	0.0421283	428.0
1277	4.32988e+02	1.27700e+03	0.0403667	428.5
1278	4.33459e+02	1.27800e+03	0.0386693	429.0
1279	4.33959e+02	1.27900e+03	0.0370364	429.5
1280	4.34436e+02	1.28000e+03	0.0357368	430.0
1281	4.34915e+02	1.28100e+03	0.0343767	430.5
1282	4.35420e+02	1.28200e+03	0.0330667	431.0
1283	4.35904e+02	1.28300e+03	0.0318052	431.5
1284	4.36381e+02	1.28400e+03	0.0307971	432.0
1285	4.36858e+02	1.28500e+03	0.0297288	432.5
1286	4.37328e+02	1.28600e+03	0.028695	433.0
1287	4.37848e+02	1.28700e+03	0.027699	433.5
1288	4.38369e+02	1.28800e+03	0.0268891	434.0
1289	4.38884e+02	1.28900e+03	0.0260571	434.5
1290	4.39374e+02	1.29000e+03	0.0252652	435.0
1291	4.39829e+02	1.29100e+03	0.0245091	435.5
1292	4.40326e+02	1.29200e+03	0.0239363	436.0
1293	4.40842e+02	1.29300e+03	0.0233262	436.5
1294	4.41507e+02	1.29400e+03	0.0227386	437.0
1295	4.41821e+02	1.29500e+03	0.0221746	437.5
1296	4.42320e+02	1.29600e+03	0.0217416	438.0
1297	4.42894e+02	1.29700e+03	0.0212743	438.5
1298	4.43600e+02	1.29800e+03	0.0208196	439.0
1299	4.44059e+02	1.29900e+03	0.0203788	439.5
1300	4.44520e+02	1.30000e+03	0.020006	440.0
1301	4.45012e+02	1.30100e+03	0.0196175	440.5
1302	4.45483e+02	1.30200e+03	0.0192417	441.0
1303	4.46203e+02	1.30300e+03	0.0188801	441.5
1304	4.46718e+02	1.30400e+03	0.0185789	442.0
1305	4.47164e+02	1.30500e+03	0.0182764	442.5
1306	4.47619e+02	1.30600e+03	0.0179921	443.0
1307	4.48089e+02	1.30700e+03	0.0177223	443.5
1308	4.48548e+02	1.30800e+03	0.0175255	444.0
1309	4.49025e+02	1.30900e+03	0.0173078	444.5
1310	4.49468e+02	1.31000e+03	0.0170914	445.0
1311	4.49957e+02	1.31100e+03	0.0168792	445.5
1312	4.50421e+02	1.31200e+03	0.0167041	446.0
1313	4.50905e+02	1.31300e+03	0.0165203	446.5
1314	4.51423e+02	1.31400e+03	0.0163432	447.0
1315	4.51928e+02	1.31500e+03	0.0161725	447.5
1316	4.52357e+02	1.31600e+03	0.0160258	448.0
1317	4.52808e+02	1.31700e+03	0.015876	448.5
1318	4.53238e+02	1.31800e+03	0.0157277	449.0
1319	4.53710e+02	1.31900e+03	0.0155809	449.5
1320	4.54219e+02	1.32000e+03	0.0154548	450.0
1321	4.54706e+02	1.32100e+03	0.0153231	450.5
1322	4.55196e+02	1.32200e+03	0.015198	451.0
1323	4.55672e+02	1.32300e+03	0.0150794	451.5
1324	4.56141e+02	1.32400e+03	0.0149827	452.0
1325	4.56614e+02	1.32500e+03	0.0148864	452.5
1326	4.57085e+02	1.32600e+03	0.0147876	453.0
1327	4.57563e+02	1.32700e+03	0.0146872	453.5
1328	4.58039e+02	1.32800e+03	0.0146059	454.0
1329	4.58514e+02	1.32900e+03	0.0145131	454.5
1330	4.58997e+02	1.33000e+03	0.0144236	455.0
1331	4.59471e+02	1.33100e+03	0.0143385	455.5
1332	4.59967e+02	1.33200e+03	0.0142575	456.0
1333	4.60459e+02	1.33300e+03	0.0141928	456.5
1334	4.60947e+02	1.33400e+03	0.0141416	457.0
1335	4.61428e+02	1.33500e+03	0.0140995	457.5
1336	4.61913e+02	1.33600e+03	0.0141141	458.0
1337	4.62404e+02	1.33700e+03	0.014118	458.5
1338	4.62905e+02	1.33800e+03	0.0141284	459.0
1339	4.63384e+02	1.33900e+03	0.0141459	459.5
1340	4.63863e+02	1.34000e+03	0.0141979	460.0
1341	4.64335e+02	1.34100e+03	0.0142288	460.5
1342	4.64814e+02	1.34200e+03	0.0142481	461.0
1343	4.65280e+02	1.34300e+03	0.0142591	461.5
1344	4.65773e+02	1.34400e+03	0.0142384	462.0
1345	4.66260e+02	1.34500e+03	0.0142134	462.5
1346	4.66749e+02	1.34600e+03	0.0141848	463.0
1347	4.67249e+02	1.34700e+03	0.0141547	463.5
1348	4.67770e+02	1.34800e+03	0.0140908	464.0
1349	4.68275e+02	1.34900e+03	0.0140519	464.5
1350	4.68756e+02	1.35000e+03	0.0140205	465.0
1351	4.69248e+02	1.35100e+03	0.0139921	465.5
1352	4.69748e+02	1.35200e+03	0.0139839	466.0
1353	4.70231e+02	1.35300e+03	0.013963	466.5
1354	4.70734e+02	1.35400e+03	0.0139368	467.0
1355	4.71237e+02	1.35500e+03	0.0139083	467.5
1356	4.71789e+02	1.35600e+03	0.0138775	468.0
1357	4.72328e+02	1.35700e+03	0.0138494	468.5
1358	4.72885e+02	1.35800e+03	0.0138229	469.0
1359	4.73357e+02	1.35900e+03	0.0137969	469.5
1360	4.73843e+02	1.36000e+03	0.0137696	470.0
1361	4.74355e+02	1.36100e+03	0.0137465	470.5
1362	4.74841e+02	1.36200e+03	0.0137289	471.0
1363	4.75345e+02	1.36300e+03	0.0137156	471.5
1364	4.75872e+02	1.36400e+03	0.0137148	472.0
1365	4.76389e+02	1.36500e+03	0.0137109	472.5
1366	4.76938e+02	1.36600e+03	0.0137069	473.0
1367	4.77458e+02	1.36700e+03	0.0137031	473.5
1368	4.77943e+02	1.36800e+03	0.0137031	474.0
1369	4.78395e+02	1.36900e+03	0.0136952	474.5
1370	4.78923e+02	1.37000e+03	0.0136863	475.0
1371	4.79400e+02	1.37100e+03	0.0136792	475.5
1372	4.79947e+02	1.37200e+03	0.0136705	476.0
1373	4.80462e+02	1.37300e+03	0.0136671	476.5
1374	4.81020e+02	1.37400e+03	0.0136607	477.0
1375	4.81424e+02	1.37500e+03	0.0136504	477.5
1376	4.81928e+02	1.37600e+03	0.0136458	478.0
1377	4.82396e+02	1.37700e+03	0.0136402	478.5
1378	4.82908e+02	1.37800e+03	0.0136415	479.0
1379	4.83363e+02	1.37900e+03	0.0136486	479.5
1380	4.83957e+02	1.38000e+03	0.0136579	480.0
1381	4.84403e+02	1.38100e+03	0.0136697	480.5
1382	4.84829e+02	1.38200e+03	0.0136794	481.0
1383	4.85190e+02	1.38300e+03	0.0136866	481.5
1384	4.85592e+02	1.38400e+03	0.0136949	482.0
1385	4.86077e+02	1.38500e+03	0.0136856	482.5
1386	4.86519e+02	1.38600e+03	0.0136627	483.0
1387	4.86916e+02	1.38700e+03	0.0136321	483.5
1388	4.87356e+02	1.38800e+03	0.0135704	484.0
1389	4.87821e+02	1.38900e+03	0.0135289	484.5
1390	4.88275e+02	1.39000e+03	0.0134949	485.0
1391	4.88798e+02	1.39100e+03	0.0134637	485.5
1392	4.89287e+02	1.39200e+03	0.0134354	486.0
1393	4.89744e+02	1.39300e+03	0.0134037	486.5
1394	4.90200e+02	1.39400e+03	0.0133694	487.0
1395	4.90674e+02	1.39500e+03	0.0133344	487.5
1396	4.91150e+02	1.39600e+03	0.0133073	488.0
1397	4.91704e+02	1.39700e+03	0.0132837	488.5
1398	4.92270e+02	1.39800e+03	0.0132668	489.0
1399	4.92808e+02	1.39900e+03	0.0132552	489.5
1400	4.93299e+02	1.40000e+03	0.0132651	490.0
1401	4.93807e+02	1.40100e+03	0.013275	490.5
1402	4.94301e+02	1.40200e+03	0.0132876	491.0
1403	4.94758e+02	1.40300e+03	0.0133015	491.5
1404	4.95237e+02	1.40400e+03	0.0133318	492.0
1405	4.95691e+02	1.40500e+03	0.0133495	492.5
1406	4.96180e+02	1.40600e+03	0.0133651	493.0
1407	4.96649e+02	1.40700e+03	0.013381	493.5
1408	4.97150e+02	1.40800e+03	0.0133842	494.0
1409	4.97637e+02	1.40900e+03	0.0133861	494.5
1410	4.98145e+02	1.41000e+03	0.0133819	495.0
1411	4.98616e+02	1.41100e+03	0.0133738	495.5
1412	4.99081e+02	1.41200e+03	0.0133533	496.0
1413	4.99534e+02	1.41300e+03	0.0133375	496.5
1414	5.00045e+02	1.41400e+03	0.0133229	497.0
1415	5.00542e+02	1.41500e+03	0.0133085	497.5
1416	5.01039e+02	1.41600e+03	0.0132905	498.0
1417	5.01533e+02	1.41700e+03	0.0132761	498.5
1418	5.02024e+02	1.41800e+03	0.0132591	499.0
1419	5.02532e+02	1.41900e+03	0.0132392	499.5
1420	5.03039e+02	1.42000e+03	0.0132124	500.0
1421	5.03470e+02	1.42100e+03	0.0131797	500.5
1422	5.03955e+02	1.42200e+03	0.0131457	501.0
1423	5.04450e+02	1.42300e+03	0.0131128	501.5
1424	5.04946e+02	1.42400e+03	0.013068	502.0
1425	5.05446e+02	1.42500e+03	0.0130334	502.5
1426	5.05921e+02	1.42600e+03	0.0129987	503.0
1427	5.06403e+02	1.42700e+03	0.0129616	503.5
1428	5.06876e+02	1.42800e+03	0.0129344	504.0
1429	5.07363e+02	1.42900e+03	0.0129055	504.5
1430	5.07873e+02	1.43000e+03	0.0128815	505.0
1431	5.08373e+02	1.43100e+03	0.0128618	505.5
1432	5.08873e+02	1.43200e+03	0.0128541	506.0
1433	5.09382e+02	1.43300e+03	0.0128518	506.5
1434	5.09882e+02	1.43400e+03	0.0128552	507.0
1435	5.10368e+02	1.43500e+03	0.0128619	507.5
1436	5.10866e+02	1.43600e+03	0.0128861	508.0
1437	5.11369e+02	1.43700e+03	0.0128927	508.5
1438	5.11863e+02	1.43800e+03	0.0128926	509.0
1439	5.12360e+02	1.43900e+03	0.0128901	509.5
1440	5.12855e+02	1.44000e+03	0.0128743	510.0
1441	5.13333e+02	1.44100e+03	0.0128659	510.5
1442	5.13817e+02	1.44200e+03	0.0128574	511.0
1443	5.14311e+02	1.44300e+03	0.0128468	511.5
1444	5.14798e+02	1.44400e+03	0.0128313	512.0
1445	5.15317e+02	1.44500e+03	0.0128183	512.5
1446	5.15812e+02	1.44600e+03	0.0128099	513.0
1447	5.16311e+02	1.44700e+03	0.0128057	513.5
1448	5.16816e+02	1.44800e+03	0.0128092	514.0
1449	5.17302e+02	1.44900e+03	0.0128154	514.5
1450	5.17803e+02	1.45000e+03	0.0128228	515.0
1451	5.18309e+02	1.45100e+03	0.0128305	515.5
1452	5.18791e+02	1.45200e+03	0.0128488	516.0
1453	5.19275e+02	1.45300e+03	0.0128552	516.5
1454	5.19763e+02	1.45400e+03	0.0128556	517.0
1455	5.20265e+02	1.45500e+03	0.0128534	517.5
1456	5.20776e+02	1.45600e+03	0.012839	518.0
1457	5.21283e+02	1.45700e+03	0.0128328	518.5
1458	5.21797e+02	1.45800e+03	0.0128294	519.0
1459	5.22294e+02	1.45900e+03	0.0128266	519.5
1460	5.22798e+02	1.46000e+03	0.012822	520.0
1461	5.23272e+02	1.46100e+03	0.0128129	520.5
1462	5.23773e+02	1.46200e+03	0.0128012	521.0
1463	5.24277e+02	1.46300e+03	0.0127897	521.5
1464	5.24763e+02	1.46400e+03	0.0127792	522.0
1465	5.25240e+02	1.46500e+03	0.0127762	522.5
1466	5.25744e+02	1.46600e+03	0.0127783	523.0
1467	5.26241e+02	1.46700e+03	0.0127822	523.5
1468	5.26713e+02	1.46800e+03	0.0127973	524.0
1469	5.27234e+02	1.46900e+03	0.0128083	524.5
1470	5.27708e+02	1.47000e+03	0.0128212	525.0
1471	5.28189e+02	1.47100e+03	0.012836	525.5
1472	5.28694e+02	1.47200e+03	0.0128551	526.0
1473	5.29206e+02	1.47300e+03	0.0128716	526.5
1474	5.29717e+02	1.47400e+03	0.0128862	527.0
1475	5.30245e+02	1.47500e+03	0.0128996	527.5
1476	5.30755e+02	1.47600e+03	0.0129131	528.0
1477	5.31256e+02	1.47700e+03	0.0129232	528.5
1478	5.31756e+02	1.47800e+03	0.0129288	529.0
1479	5.32258e+02	1.47900e+03	0.012931	529.5
1480	5.32810e+02	1.48000e+03	0.0129199	530.0
1481	5.33234e+02	1.48100e+03	0.0129126	530.5
1482	5.33749e+02	1.48200e+03	0.0129074	531.0
1483	5.34112e+02	1.48300e+03	0.0129033	531.5
1484	5.34482e+02	1.48400e+03	0.0128896	532.0
1485	5.34921e+02	1.48500e+03	0.0128752	532.5
1486	5.35323e+02	1.48600e+03	0.0128554	533.0
1487	5.35780e+02	1.48700e+03	0.012832	533.5
1488	5.36202e+02	1.48800e+03	0.0128021	534.0
1489	5.36677e+02	1.48900e+03	0.0127767	534.5
1490	5.37111e+02	1.49000e+03	0.0127555	535.0
1491	5.37543e+02	1.49100e+03	0.012737	535.5
1492	5.37987e+02	1.49200e+03	0.0127232	536.0
1493	5.38439e+02	1.49300e+03	0.0127129	536.5
1494	5.38965e+02	1.49400e+03	0.0127016	537.0
1495	5.39454e+02	1.49500e+03	0.0126882	537.5
1496	5.39891e+02	1.49600e+03	0.0126735	538.0
1497	5.40351e+02	1.49700e+03	0.0126443	538.5
1498	5.40819e+02	1.49800e+03	0.0126084	539.0
1499	5.41327e+02	1.49900e+03	0.0125707	539.5
1500	5.41846e+02	1.50000e+03	0.0125163	540.0
1501	5.42319e+02	1.50100e+03	0.012483	540.5
1502	5.42779e+02	1.50200e+03	0.0124589	541.0
1503	5.43247e+02	1.50300e+03	0.0124389	541.5
1504	5.43696e+02	1.50400e+03	0.0124554	542.0
1505	5.44142e+02	1.50500e+03	0.0124706	542.5
1506	5.44621e+02	1.50600e+03	0.0124988	543.0
1507	5.45128e+02	1.50700e+03	0.0125382	543.5
1508	5.45637e+02	1.50800e+03	0.0126165	544.0
1509	5.46061e+02	1.50900e+03	0.0126781	544.5
1510	5.46483e+02	1.51000e+03	0.0127319	545.0
1511	5.47125e+02	1.51100e+03	0.0127812	545.5
1512	5.47745e+02	1.51200e+03	0.012822	546.0
1513	5.48101e+02	1.51300e+03	0.0128493	546.5
1514	5.48490e+02	1.51400e+03	0.0128673	547.0
1515	5.48951e+02	1.51500e+03	0.0128795	547.5
1516	5.49453e+02	1.51600e+03	0.012847	548.0
1517	5.49931e+02	1.51700e+03	0.0128297	548.5
1518	5.50381e+02	1.51800e+03	0.0128109	549.0
1519	5.50852e+02	1.51900e+03	0.0127893	549.5
1520	5.51335e+02	1.52000e+03	0.0127562	550.0
1521	5.51810e+02	1.52100e+03	0.0127276	550.5
1522	5.52308e+02	1.52200e+03	0.0126995	551.0
1523	5.52791e+02	1.52300e+03	0.0126715	551.5
1524	5.53281e+02	1.52400e+03	0.0126469	552.0
1525	5.53764e+02	1.52500e+03	0.0126289	552.5
1526	5.54243e+02	1.52600e+03	0.0126183	553.0
1527	5.54731e+02	1.52700e+03	0.0126122	553.5
1528	5.55207e+02	1.52800e+03	0.0126216	554.0
1529	5.55689e+02	1.52900e+03	0.0126251	554.5
1530	5.56170e+02	1.53000e+03	0.012629	555.0
1531	5.56647e+02	1.53100e+03	0.0126342	555.5
1532	5.57122e+02	1.53200e+03	0.0126539	556.0
1533	5.57604e+02	1.53300e+03	0.0126743	556.5
1534	5.58091e+02	1.53400e+03	0.012696	557.0
1535	5.58581e+02	1.53500e+03	0.0127171	557.5
1536	5.59067e+02	1.53600e+03	0.0127405	558.0
1537	5.59549e+02	1.53700e+03	0.0127553	558.5
1538	5.60044e+02	1.53800e+03	0.0127681	559.0
1539	5.60537e+02	1.53900e+03	0.0127812	559.5
1540	5.61017e+02	1.54000e+03	0.0127856	560.0
1541	5.61510e+02	1.54100e+03	0.012798	560.5
1542	5.62005e+02	1.54200e+03	0.0128104	561.0
1543	5.62488e+02	1.54300e+03	0.0128212	561.5
1544	5.62976e+02	1.54400e+03	0.0128315	562.0
1545	5.63476e+02	1.54500e+03	0.0128328	562.5
1546	5.63967e+02	1.54600e+03	0.0128265	563.0
1547	5.64466e+02	1.54700e+03	0.0128153	563.5
1548	5.64955e+02	1.54800e+03	0.0127775	564.0
1549	5.65459e+02	1.54900e+03	0.0127473	564.5
1550	5.65957e+02	1.55000e+03	0.0127203	565.0
1551	5.66451e+02	1.55100e+03	0.0126956	565.5
1552	5.66957e+02	1.55200e+03	0.0126664	566.0
1553	5.67463e+02	1.55300e+03	0.0126453	566.5
1554	5.67969e+02	1.55400e+03	0.0126281	567.0
1555	5.68485e+02	1.55500e+03	0.0126139	567.5
1556	5.68987e+02	1.55600e+03	0.0126277	568.0
1557	5.69502e+02	1.55700e+03	0.012639	568.5
1558	5.70009e+02	1.55800e+03	0.0126523	569.0
1559	5.70511e+02	1.55900e+03	0.0126656	569.5
1560	5.71004e+02	1.56000e+03	0.012687	570.0
1561	5.71495e+02	1.56100e+03	0.0126929	570.5
1562	5.72005e+02	1.56200e+03	0.0126894	571.0
1563	5.72503e+02	1.56300e+03	0.0126811	571.5
1564	5.72990e+02	1.56400e+03	0.012646	572.0
1565	5.73478e+02	1.56500e+03	0.0126204	572.5
1566	5.73974e+02	1.56600e+03	0.0125987	573.0
1567	5.74493e+02	1.56700e+03	0.01258	573.5
1568	5.75016e+02	1.56800e+03	0.0125673	574.0
1569	5.75523e+02	1.56900e+03	0.0125634	574.5
1570	5.76056e+02	1.57000e+03	0.0125622	575.0
1571	5.76561e+02	1.57100e+03	0.0125612	575.5
1572	5.77099e+02	1.57200e+03	0.0125799	576.0
1573	5.77618e+02	1.57300e+03	0.0125866	576.5
1574	5.78096e+02	1.57400e+03	0.0125922	577.0
1575	5.79046e+02	1.57500e+03	0.0125979	577.5
1576	5.80062e+02	1.57600e+03	0.0125904	578.0
1577	5.80547e+02	1.57700e+03	0.0125829	578.5
1578	5.81081e+02	1.57800e+03	0.0125721	579.0
1579	5.81716e+02	1.57900e+03	0.0125597	579.5
1580	5.82132e+02	1.58000e+03	0.01254	580.0
1581	5.82510e+02	1.58100e+03	0.012526	580.5
1582	5.82944e+02	1.58200e+03	0.012517	581.0
1583	5.83382e+02	1.58300e+03	0.0125115	581.5
1584	5.83829e+02	1.58400e+03	0.0125174	582.0
1585	5.84284e+02	1.58500e+03	0.0125217	582.5
1586	5.84765e+02	1.58600e+03	0.012521	583.0
1587	5.85259e+02	1.58700e+03	0.0125162	583.5
1588	5.85761e+02	1.58800e+03	0.0125129	584.0
1589	5.86242e+02	1.58900e+03	0.0125048	584.5
1590	5.86733e+02	1.59000e+03	0.0124999	585.0
1591	5.87210e+02	1.59100e+03	0.0124979	585.5
1592	5.87696e+02	1.59200e+03	0.0124862	586.0
1593	5.88187e+02	1.59300e+03	0.0124821	586.5
1594	5.88668e+02	1.59400e+03	0.0124768	587.0
1595	5.89145e+02	1.59500e+03	0.0124684	587.5
1596	5.89633e+02	1.59600e+03	0.0124516	588.0
1597	5.90118e+02	1.59700e+03	0.012419	588.5
1598	5.90604e+02	1.59800e+03	0.0123767	589.0
1599	5.91090e+02	1.59900e+03	0.0123298	589.5
1600	5.91565e+02	1.60000e+03	0.0122487	590.0
1601	5.92048e+02	1.60100e+03	0.0121889	590.5
1602	5.92528e+02	1.60200e+03	0.0121355	591.0
1603	5.93028e+02	1.60300e+03	0.0120845	591.5
1604	5.93509e+02	1.60400e+03	0.0120544	592.0
1605	5.94004e+02	1.60500e+03	0.0120318	592.5
1606	5.94495e+02	1.60600e+03	0.0120222	593.0
1607	5.94983e+02	1.60700e+03	0.0120225	593.5
1608	5.95472e+02	1.60800e+03	0.0120817	594.0
1609	5.95959e+02	1.60900e+03	0.0121381	594.5
1610	5.96443e+02	1.61000e+03	0.0122033	595.0
1611	5.96932e+02	1.61100e+03	0.012274	595.5
1612	5.97426e+02	1.61200e+03	0.0123768	596.0
1613	5.97909e+02	1.61300e+03	0.0124444	596.5
1614	5.98410e+02	1.61400e+03	0.0124941	597.0
1615	5.98899e+02	1.61500e+03	0.0125351	597.5
1616	5.99383e+02	1.61600e+03	0.0125277	598.0
1617	5.99874e+02	1.61700e+03	0.0125291	598.5
1618	6.00358e+02	1.61800e+03	0.012527	599.0
1619	6.00836e+02	1.61900e+03	0.0125216	599.5
1620	6.01325e+02	1.62000e+03	0.0124872	600.0
1621	6.01803e+02	1.62100e+03	0.0124701	600.5
1622	6.02299e+02	1.62200e+03	0.0124579	601.0
1623	6.02785e+02	1.62300e+03	0.0124477	601.5
1624	6.03286e+02	1.62400e+03	0.0124533	602.0
1625	6.03779e+02	1.62500e+03	0.0124592	602.5
1626	6.04268e+02	1.62600e+03	0.0124647	603.0
1627	6.04758e+02	1.62700e+03	0.0124675	603.5
1628	6.05254e+02	1.62800e+03	0.0124696	604.0
1629	6.05742e+02	1.62900e+03	0.0124581	604.5
1630	6.06223e+02	1.63000e+03	0.0124411	605.0
1631	6.06701e+02	1.63100e+03	0.0124238	605.5
1632	6.07204e+02	1.63200e+03	0.0123924	606.0
1633	6.07686e+02	1.63300e+03	0.0123798	606.5
1634	6.08174e+02	1.63400e+03	0.0123744	607.0
1635	6.08649e+02	1.63500e+03	0.0123709	607.5
1636	6.09130e+02	1.63600e+03	0.0123794	608.0
1637	6.09618e+02	1.63700e+03	0.0123698	608.5
1638	6.10100e+02	1.63800e+03	0.0123504	609.0
1639	6.10587e+02	1.63900e+03	0.0123268	609.5
1640	6.11069e+02	1.64000e+03	0.0122897	610.0
1641	6.11553e+02	1.64100e+03	0.0122651	610.5
1642	6.12055e+02	1.64200e+03	0.012245	611.0
1643	6.12547e+02	1.64300e+03	0.0122276	611.5
1644	6.13029e+02	1.64400e+03	0.0122244	612.0
1645	6.13518e+02	1.64500e+03	0.0122211	612.5
1646	6.13994e+02	1.64600e+03	0.0122195	613.0
1647	6.14462e+02	1.64700e+03	0.012219	613.5
1648	6.14941e+02	1.64800e+03	0.0122332	614.0
1649	6.15413e+02	1.64900e+03	0.0122429	614.5
1650	6.15887e+02	1.65000e+03	0.012254	615.0
1651	6.16361e+02	1.65100e+03	0.0122659	615.5
1652	6.16835e+02	1.65200e+03	0.0122758	616.0
1653	6.17304e+02	1.65300e+03	0.0122789	616.5
1654	6.17789e+02	1.65400e+03	0.0122759	617.0
1655	6.18264e+02	1.65500e+03	0.0122704	617.5
1656	6.18751e+02	1.65600e+03	0.0122604	618.0
1657	6.19235e+02	1.65700e+03	0.0122607	618.5
1658	6.19725e+02	1.65800e+03	0.012269	619.0
1659	6.20222e+02	1.65900e+03	0.0122823	619.5
1660	6.20706e+02	1.66000e+03	0.0123153	620.0
1661	6.21198e+02	1.66100e+03	0.0123444	620.5
1662	6.21698e+02	1.66200e+03	0.0123703	621.0
1663	6.22186e+02	1.66300e+03	0.0123933	621.5
1664	6.22685e+02	1.66400e+03	0.0124176	622.0
1665	6.23174e+02	1.66500e+03	0.0124308	622.5
1666	6.23666e+02	1.66600e+03	0.0124404	623.0
1667	6.24159e+02	1.66700e+03	0.0124491	623.5
1668	6.24658e+02	1.66800e+03	0.0124404	624.0
1669	6.25159e+02	1.66900e+03	0.0124474	624.5
1670	6.25659e+02	1.67000e+03	0.0124596	625.0
1671	6.26140e+02	1.67100e+03	0.0124731	625.5
1672	6.26636e+02	1.67200e+03	0.0124992	626.0
1673	6.27133e+02	1.67300e+03	0.0125171	626.5
1674	6.27622e+02	1.67400e+03	0.0125328	627.0
1675	6.28124e+02	1.67500e+03	0.0125479	627.5
1676	6.28619e+02	1.67600e+03	0.0125566	628.0
1677	6.29108e+02	1.67700e+03	0.0125621	628.5
1678	6.29599e+02	1.67800e+03	0.0125606	629.0
1679	6.30103e+02	1.67900e+03	0.0125536	629.5
1680	6.30598e+02	1.68000e+03	0.0125266	630.0
1681	6.31083e+02	1.68100e+03	0.0125048	630.5
1682	6.31578e+02	1.68200e+03	0.0124876	631.0
1683	6.32074e+02	1.68300e+03	0.0124743	631.5
1684	6.32571e+02	1.68400e+03	0.012465	632.0
1685	6.33057e+02	1.68500e+03	0.0124682	632.5
1686	6.33550e+02	1.68600e+03	0.0124769	633.0
1687	6.34047e+02	1.68700e+03	0.0124876	633.5
1688	6.34534e+02	1.68800e+03	0.0125253	634.0
1689	6.35021e+02	1.68900e+03	0.0125463	634.5
1690	6.35516e+02	1.69000e+03	0.0125637	635.0
1691	6.36001e+02	1.69100e+03	0.0125807	635.5
1692	6.36488e+02	1.69200e+03	0.0125874	636.0
1693	6.36988e+02	1.69300e+03	0.0125938	636.5
1694	6.37476e+02	1.69400e+03	0.0125932	637.0
1695	6.37973e+02	1.69500e+03	0.0125863	637.5
1696	6.38459e+02	1.69600e+03	0.0125551	638.0
1697	6.38956e+02	1.69700e+03	0.0125233	638.5
1698	6.39454e+02	1.69800e+03	0.0124883	639.0
1699	6.39946e+02	1.69900e+03	0.0124514	639.5
1700	6.40442e+02	1.70000e+03	0.0123934	640.0
1701	6.40950e+02	1.70100e+03	0.0123511	640.5
1702	6.41453e+02	1.70200e+03	0.0123118	641.0
1703	6.41941e+02	1.70300e+03	0.0122723	641.5
1704	6.42456e+02	1.70400e+03	0.0122394	642.0
1705	6.42961e+02	1.70500e+03	0.0122027	642.5
1706	6.43471e+02	1.70600e+03	0.0121734	643.0
1707	6.43966e+02	1.70700e+03	0.0121513	643.5
1708	6.44444e+02	1.70800e+03	0.0121486	644.0
1709	6.44948e+02	1.70900e+03	0.0121559	644.5
1710	6.45435e+02	1.71000e+03	0.0121731	645.0
1711	6.45942e+02	1.71100e+03	0.0121962	645.5
1712	6.46435e+02	1.71200e+03	0.0122552	646.0
1713	6.46939e+02	1.71300e+03	0.0122897	646.5
1714	6.47447e+02	1.71400e+03	0.0123162	647.0
1715	6.47966e+02	1.71500e+03	0.0123402	647.5
1716	6.48491e+02	1.71600e+03	0.0123458	648.0
1717	6.49014e+02	1.71700e+03	0.0123516	648.5
1718	6.49557e+02	1.71800e+03	0.0123528	649.0
1719	6.50096e+02	1.71900e+03	0.0123496	649.5
1720	6.50656e+02	1.72000e+03	0.0123215	650.0
1721	6.51186e+02	1.72100e+03	0.0122969	650.5
1722	6.51734e+02	1.72200e+03	0.0122705	651.0
1723	6.52317e+02	1.72300e+03	0.0122445	651.5
1724	6.52806e+02	1.72400e+03	0.0122137	652.0
1725	6.53299e+02	1.72500e+03	0.0121958	652.5
1726	6.53791e+02	1.72600e+03	0.0121865	653.0
1727	6.54273e+02	1.72700e+03	0.0121819	653.5
1728	6.54747e+02	1.72800e+03	0.0122025	654.0
1729	6.55256e+02	1.72900e+03	0.0122158	654.5
1730	6.55764e+02	1.73000e+03	0.0122306	655.0
1731	6.56278e+02	1.73100e+03	0.0122479	655.5
1732	6.56789e+02	1.73200e+03	0.0122779	656.0
1733	6.57298e+02	1.73300e+03	0.0123011	656.5
1734	6.57804e+02	1.73400e+03	0.0123221	657.0
1735	6.58320e+02	1.73500e+03	0.0123418	657.5
1736	6.58807e+02	1.73600e+03	0.0123538	658.0
1737	6.59300e+02	1.73700e+03	0.0123596	658.5
1738	6.59798e+02	1.73800e+03	0.0123576	659.0
1739	6.60277e+02	1.73900e+03	0.0123508	659.5
1740	6.60743e+02	1.74000e+03	0.0123249	660.0
1741	6.61236e+02	1.74100e+03	0.012311	660.5
1742	6.61736e+02	1.74200e+03	0.0123036	661.0
1743	6.62225e+02	1.74300e+03	0.0122997	661.5
1744	6.62712e+02	1.74400e+03	0.0123043	662.0
1745	6.63181e+02	1.74500e+03	0.0123123	662.5
1746	6.63672e+02	1.74600e+03	0.0123219	663.0
1747	6.64171e+02	1.74700e+03	0.012332	663.5
1748	6.64661e+02	1.74800e+03	0.0123551	664.0
1749	6.65133e+02	1.74900e+03	0.0123677	664.5
1750	6.65629e+02	1.75000e+03	0.0123791	665.0
1751	6.66108e+02	1.75100e+03	0.0123912	665.5
1752	6.66584e+02	1.75200e+03	0.0123961	666.0
1753	6.67084e+02	1.75300e+03	0.0124057	666.5
1754	6.67569e+02	1.75400e+03	0.0124149	667.0
1755	6.68053e+02	1.75500e+03	0.0124227	667.5
1756	6.68536e+02	1.75600e+03	0.0124321	668.0
1757	6.69025e+02	1.75700e+03	0.0124396	668.5
1758	6.69516e+02	1.75800e+03	0.0124474	669.0
1759	6.70005e+02	1.75900e+03	0.0124556	669.5
1760	6.70484e+02	1.76000e+03	0.0124615	670.0
1761	6.70975e+02	1.76100e+03	0.0124679	670.5
1762	6.71469e+02	1.76200e+03	0.0124723	671.0
1763	6.71959e+02	1.76300e+03	0.0124749	671.5
1764	6.72449e+02	1.76400e+03	0.0124747	672.0
1765	6.72936e+02	1.76500e+03	0.0124738	672.5
1766	6.73433e+02	1.76600e+03	0.012473	673.0
1767	6.73925e+02	1.76700e+03	0.0124727	673.5
1768	6.74424e+02	1.76800e+03	0.0124698	674.0
1769	6.74910e+02	1.76900e+03	0.0124716	674.5
1770	6.75405e+02	1.77000e+03	0.0124742	675.0
1771	6.75885e+02	1.77100e+03	0.0124759	675.5
1772	6.76382e+02	1.77200e+03	0.0124799	676.0
1773	6.76870e+02	1.77300e+03	0.0124794	676.5
1774	6.77352e+02	1.77400e+03	0.0124768	677.0
1775	6.77838e+02	1.77500e+03	0.0124727	677.5
1776	6.78340e+02	1.77600e+03	0.0124579	678.0
1777	6.78842e+02	1.77700e+03	0.0124453	678.5
1778	6.79328e+02	1.77800e+03	0.0124309	679.0
1779	6.79821e+02	1.77900e+03	0.0124154	679.5
1780	6.80313e+02	1.78000e+03	0.0123985	680.0
1781	6.80809e+02	1.78100e+03	0.0123877	680.5
1782	6.81304e+02	1.78200e+03	0.0123811	681.0
1783	6.81801e+02	1.78300e+03	0.0123767	681.5
1784	6.82305e+02	1.78400e+03	0.0123809	682.0
1785	6.82796e+02	1.78500e+03	0.0123806	682.5
1786	6.83284e+02	1.78600e+03	0.0123787	683.0
1787	6.83768e+02	1.78700e+03	0.0123756	683.5
1788	6.84279e+02	1.78800e+03	0.0123711	684.0
1789	6.84768e+02	1.78900e+03	0.0123656	684.5
1790	6.85265e+02	1.79000e+03	0.0123604	685.0
1791	6.85755e+02	1.79100e+03	0.0123555	685.5
1792	6.86250e+02	1.79200e+03	0.0123429	686.0
1793	6.86747e+02	1.79300e+03	0.0123311	686.5
1794	6.87230e+02	1.79400e+03	0.0123183	687.0
1795	6.87417e+02	1.79500e+03	0.0123043	687.5
1796	6.87609e+02	1.79600e+03	0.0122937	688.0
1797	6.87914e+02	1.79700e+03	0.012289	688.5
1798	6.88280e+02	1.79800e+03	0.0122877	689.0
1799	6.88643e+02	1.79900e+03	0.0122879	689.5
1800	6.88993e+02	1.80000e+03	0.0123033	690.0
1801	6.89335e+02	1.80100e+03	0.0123105	690.5
1802	6.89675e+02	1.80200e+03	0.0123136	691.0
1803	6.90000e+02	1.80300e+03	0.0123151	691.5
1804	6.90302e+02	1.80400e+03	0.0123259	692.0
1805	6.90606e+02	1.80500e+03	0.0123382	692.5
1806	6.90903e+02	1.80600e+03	0.0123528	693.0
1807	6.91187e+02	1.80700e+03	0.0123687	693.5
1808	6.91455e+02	1.80800e+03	0.0123906	694.0
1809	6.91725e+02	1.80900e+03	0.012407	694.5
1810	6.91978e+02	1.81000e+03	0.0124205	695.0
1811	6.92226e+02	1.81100e+03	0.0124324	695.5
1812	6.92462e+02	1.81200e+03	0.0124341	696.0
1813	6.92699e+02	1.81300e+03	0.0124345	696.5
1814	6.92935e+02	1.81400e+03	0.0124332	697.0
1815	6.93150e+02	1.81500e+03	0.0124314	697.5
1816	6.93369e+02	1.81600e+03	0.0124201	698.0
1817	6.93571e+02	1.81700e+03	0.0124171	698.5
1818	6.93775e+02	1.81800e+03	0.0124185	699.0
1819	6.93975e+02	1.81900e+03	0.0124228	699.5
1820	6.94161e+02	1.82000e+03	0.0124341	700.0
1821	6.94344e+02	1.82100e+03	0.0124376	700.0
1822	6.94527e+02	1.82200e+03	0.0124347	700.0
1823	6.94698e+02	1.82300e+03	0.012428	700.0
1824	6.94876e+02	1.82400e+03	0.0124103	700.0
1825	6.95032e+02	1.82500e+03	0.0123918	700.0
1826	6.95188e+02	1.82600e+03	0.012374	700.0
1827	6.95344e+02	1.82700e+03	0.0123584	700.0
1828	6.95500e+02	1.82800e+03	0.0123399	700.0
1829	6.95645e+02	1.82900e+03	0.0123347	700.0
1830	6.95789e+02	1.83000e+03	0.012336	700.0
1831	6.95917e+02	1.83100e+03	0.0123391	700.0
1832	6.96051e+02	1.83200e+03	0.0123605	700.0
1833	6.96178e+02	1.83300e+03	0.0123688	700.0
1834	6.96317e+02	1.83400e+03	0.012373	700.0
1835	6.96431e+02	1.83500e+03	0.0123758	700.0
1836	6.96543e+02	1.83600e+03	0.0123675	700.0
1837	6.96661e+02	1.83700e+03	0.0123629	700.0
1838	6.96783e+02	1.83800e+03	0.0123585	700.0
1839	6.96880e+02	1.83900e+03	0.0123537	700.0
1840	6.96988e+02	1.84000e+03	0.0123519	700.0
1841	6.97091e+02	1.84100e+03	0.0123557	700.0
1842	6.97191e+02	1.84200e+03	0.012362	700.0
1843	6.97272e+02	1.84300e+03	0.01237	700.0
1844	6.97369e+02	1.84400e+03	0.0123962	700.0
1845	6.97467e+02	1.84500e+03	0.012419	700.0
1846	6.97536e+02	1.84600e+03	0.0124425	700.0
1847	6.97628e+02	1.84700e+03	0.0124652	700.0
1848	6.97703e+02	1.84800e+03	0.0124883	700.0
1849	6.97787e+02	1.84900e+03	0.0125059	700.0
1850	6.97870e+02	1.85000e+03	0.0125205	700.0
1851	6.97940e+02	1.85100e+03	0.0125324	700.0
1852	6.98012e+02	1.85200e+03	0.0125252	700.0
1853	6.98081e+02	1.85300e+03	0.0125239	700.0
1854	6.98158e+02	1.85400e+03	0.0125238	700.0
1855	6.98225e+02	1.85500e+03	0.0125239	700.0
1856	6.98288e+02	1.85600e+03	0.0125198	700.0
1857	6.98355e+02	1.85700e+03	0.0125209	700.0
1858	6.98427e+02	1.85800e+03	0.0125222	700.0
1859	6.98483e+02	1.85900e+03	0.0125214	700.0
1860	6.98550e+02	1.86000e+03	0.0125187	700.0
1861	6.98617e+02	1.86100e+03	0.012508	700.0
1862	6.98657e+02	1.86200e+03	0.0124916	700.0
1863	6.98719e+02	1.86300e+03	0.0124715	700.0
1864	6.98783e+02	1.86400e+03	0.0124318	700.0
1865	6.98828e+02	1.86500e+03	0.0124034	700.0
1866	6.98881e+02	1.86600e+03	0.0123803	700.0
1867	6.98923e+02	1.86700e+03	0.01236	700.0
1868	6.98986e+02	1.86800e+03	0.0123486	700.0
1869	6.99032e+02	1.86900e+03	0.0123424	700.0
1870	6.99079e+02	1.87000e+03	0.0123414	700.0
1871	6.99110e+02	1.87100e+03	0.0123437	700.0
1872	6.99152e+02	1.87200e+03	0.0123677	700.0
1873	6.99201e+02	1.87300e+03	0.0123824	700.0
1874	6.99240e+02	1.87400e+03	0.0123961	700.0
1875	6.99276e+02	1.87500e+03	0.01241	700.0
1876	6.99313e+02	1.87600e+03	0.0124246	700.0
1877	6.99358e+02	1.87700e+03	0.0124364	700.0
1878	6.99397e+02	1.87800e+03	0.0124465	700.0
1879	6.99422e+02	1.87900e+03	0.0124557	700.0
1880	6.99460e+02	1.88000e+03	0.0124586	700.0
1881	6.99488e+02	1.88100e+03	0.0124631	700.0
1882	6.99509e+02	1.88200e+03	0.0124672	700.0
1883	6.99538e+02	1.88300e+03	0.0124706	700.0
1884	6.99570e+02	1.88400e+03	0.0124707	700.0
1885	6.99618e+02	1.88500e+03	0.012472	700.0
1886	6.99641e+02	1.88600e+03	0.012473	700.0
1887	6.99675e+02	1.88700e+03	0.0124737	700.0
1888	6.99693e+02	1.88800e+03	0.0124719	700.0
1889	6.99720e+02	1.88900e+03	0.0124696	700.0
1890	6.99740e+02	1.89000e+03	0.0124661	700.0
1891	6.99754e+02	1.89100e+03	0.0124618	700.0
1892	6.99784e+02	1.89200e+03	0.0124525	700.0
1893	6.99816e+02	1.89300e+03	0.012444	700.0
1894	6.99836e+02	1.89400e+03	0.0124353	700.0
1895	6.99848e+02	1.89500e+03	0.0124263	700.0
1896	6.99880e+02	1.89600e+03	0.0124154	700.0
1897	6.99895e+02	1.89700e+03	0.0124069	700.0
1898	6.99917e+02	1.89800e+03	0.0123995	700.0
1899	6.99942e+02	1.89900e+03	0.0123926	700.0
1900	6.99960e+02	1.90000e+03	0.0123895	700.0
1901	6.99985e+02	1.90100e+03	0.0123856	700.0
1902	7.00005e+02	1.90200e+03	0.0123821	700.0
1903	7.00015e+02	1.90300e+03	0.0123788	700.0
1904	7.00038e+02	1.90400e+03	0.0123818	700.0
1905	7.00044e+02	1.90500e+03	0.0123861	700.0
1906	7.00055e+02	1.90600e+03	0.0123902	700.0
1907	7.00073e+02	1.90700e+03	0.0123934	700.0
1908	7.00085e+02	1.90800e+03	0.0123966	700.0
1909	7.00109e+02	1.90900e+03	0.0123942	700.0
1910	7.00119e+02	1.91000e+03	0.0123885	700.0
1911	7.00143e+02	1.91100e+03	0.0123809	700.0
1912	7.00147e+02	1.91200e+03	0.0123621	700.0
1913	7.00156e+02	1.91300e+03	0.0123488	700.0
1914	7.00168e+02	1.91400e+03	0.0123364	700.0
1915	7.00182e+02	1.91500e+03	0.0123242	700.0
1916	7.00199e+02	1.91600e+03	0.0123143	700.0
1917	7.00210e+02	1.91700e+03	0.0123067	700.0
1918	7.00216e+02	1.91800e+03	0.0123014	700.0
1919	7.00235e+02	1.91900e+03	0.0122978	700.0
1920	7.00244e+02	1.92000e+03	0.0123036	700.0
1921	7.00267e+02	1.92100e+03	0.0123077	700.0
1922	7.00270e+02	1.92200e+03	0.0123127	700.0
1923	7.00281e+02	1.92300e+03	0.0123187	700.0
1924	7.00294e+02	1.92400e+03	0.0123309	700.0
1925	7.00302e+02	1.92500e+03	0.0123405	700.0
1926	7.00313e+02	1.92600e+03	0.0123503	700.0
1927	7.00313e+02	1.92700e+03	0.0123606	700.0
1928	7.00324e+02	1.92800e+03	0.0123726	700.0
1929	7.00342e+02	1.92900e+03	0.0123845	700.0
1930	7.00344e+02	1.93000e+03	0.0123971	700.0
1931	7.00357e+02	1.93100e+03	0.0124111	700.0
1932	7.00365e+02	1.93200e+03	0.0124325	700.0
1933	7.00383e+02	1.93300e+03	0.0124538	700.0
1934	7.00384e+02	1.93400e+03	0.0124742	700.0
1935	7.00399e+02	1.93500e+03	0.0124941	700.0
1936	7.00400e+02	1.93600e+03	0.0125165	700.0
1937	7.00420e+02	1.93700e+03	0.0125326	700.0
1938	7.00425e+02	1.93800e+03	0.0125446	700.0
1939	7.00432e+02	1.93900e+03	0.0125541	700.0
1940	7.00440e+02	1.94000e+03	0.0125479	700.0
1941	7.00453e+02	1.94100e+03	0.0125438	700.0
1942	7.00461e+02	1.94200e+03	0.0125373	700.0
1943	7.00462e+02	1.94300e+03	0.0125285	700.0
1944	7.00470e+02	1.94400e+03	0.0125096	700.0
1945	7.00488e+02	1.94500e+03	0.0124991	700.0
1946	7.00489e+02	1.94600e+03	0.012491	700.0
1947	7.00499e+02	1.94700e+03	0.0124828	700.0
1948	7.00492e+02	1.94800e+03	0.0124765	700.0
1949	7.00507e+02	1.94900e+03	0.0124685	700.0
1950	7.00508e+02	1.95000e+03	0.0124599	700.0
1951	7.00522e+02	1.95100e+03	0.012451	700.0
1952	7.00533e+02	1.95200e+03	0.0124427	700.0
1953	7.00543e+02	1.95300e+03	0.0124356	700.0
1954	7.00543e+02	1.95400e+03	0.0124298	700.0
1955	7.00549e+02	1.95500e+03	0.0124248	700.0
1956	7.00554e+02	1.95600e+03	0.0124238	700.0
1957	7.00562e+02	1.95700e+03	0.0124229	700.0
1958	7.00564e+02	1.95800e+03	0.0124249	700.0
1959	7.00578e+02	1.95900e+03	0.0124302	700.0
1960	7.00581e+02	1.96000e+03	0.012442	700.0
1961	7.00582e+02	1.96100e+03	0.0124505	700.0
1962	7.00587e+02	1.96200e+03	0.0124577	700.0
1963	7.00594e+02	1.96300e+03	0.0124641	700.0
1964	7.00594e+02	1.96400e+03	0.0124707	700.0
1965	7.00601e+02	1.96500e+03	0.0124737	700.0
1966	7.00610e+02	1.96600e+03	0.0124742	700.0
1967	7.00613e+02	1.96700e+03	0.0124731	700.0
1968	7.00612e+02	1.96800e+03	0.0124626	700.0
1969	7.00619e+02	1.96900e+03	0.0124547	700.0
1970	7.00622e+02	1.97000e+03	0.0124463	700.0
1971	7.00633e+02	1.97100e+03	0.0124372	700.0
1972	7.00636e+02	1.97200e+03	0.0124235	700.0
1973	7.00634e+02	1.97300e+03	0.0124114	700.0
1974	7.00637e+02	1.97400e+03	0.0123992	700.0
1975	7.00644e+02	1.97500e+03	0.0123867	700.0
1976	7.00644e+02	1.97600e+03	0.0123729	700.0
1977	7.00641e+02	1.97700e+03	0.0123609	700.0
1978	7.00641e+02	1.97800e+03	0.0123532	700.0
1979	7.00656e+02	1.97900e+03	0.0123495	700.0
1980	7.00659e+02	1.98000e+03	0.012356	700.0
1981	7.00658e+02	1.98100e+03	0.0123632	700.0
1982	7.00656e+02	1.98200e+03	0.0123719	700.0
1983	7.00661e+02	1.98300e+03	0.0123817	700.0
1984	7.00673e+02	1.98400e+03	0.0124026	700.0
1985	7.00672e+02	1.98500e+03	0.0124146	700.0
1986	7.00670e+02	1.98600e+03	0.012425	700.0
1987	7.00673e+02	1.98700e+03	0.0124365	700.0
1988	7.00673e+02	1.98800e+03	0.0124423	700.0
1989	7.00678e+02	1.98900e+03	0.0124482	700.0
1990	7.00684e+02	1.99000e+03	0.0124509	700.0
1991	7.00678e+02	1.99100e+03	0.0124511	700.0
1992	7.00682e+02	1.99200e+03	0.0124438	700.0
1993	7.00696e+02	1.99300e+03	0.0124351	700.0
1994	7.00694e+02	1.99400e+03	0.0124247	700.0
1995	7.00695e+02	1.99500e+03	0.0124134	700.0
1996	7.00696e+02	1.99600e+03	0.012394	700.0
1997	7.00696e+02	1.99700e+03	0.0123819	700.0
1998	7.00706e+02	1.99800e+03	0.0123724	700.0
1999	7.00701e+02	1.99900e+03	0.0123642	700.0
2000	7.00702e+02	2.00000e+03	0.0123645	700.0
2001	7.00708e+02	2.00100e+03	0.0123628	700.0
2002	7.00714e+02	2.00200e+03	0.0123618	700.0
2003	7.00710e+02	2.00300e+03	0.0123615	700.0
2004	7.00705e+02	2.00400e+03	0.0123654	700.0
2005	7.00705e+02	2.00500e+03	0.012367	700.0
2006	7.00716e+02	2.00600e+03	0.0123676	700.0
2007	7.00710e+02	2.00700e+03	0.0123677	700.0
2008	7.00721e+02	2.00800e+03	0.0123651	700.0
2009	7.00713e+02	2.00900e+03	0.0123617	700.0
2010	7.00714e+02	2.01000e+03	0.012357	700.0
2011	7.00712e+02	2.01100e+03	0.0123515	700.0
2012	7.00709e+02	2.01200e+03	0.0123406	700.0
2013	7.00716e+02	2.01300e+03	0.0123318	700.0
2014	7.00723e+02	2.01400e+03	0.0123248	700.0
2015	7.00722e+02	2.01500e+03	0.01232	700.0
2016	7.00723e+02	2.01600e+03	0.0123221	700.0
2017	7.00714e+02	2.01700e+03	0.0123279	700.0
2018	7.00718e+02	2.01800e+03	0.0123379	700.0
2019	7.00723e+02	2.01900e+03	0.0123506	700.0
2020	7.00720e+02	2.02000e+03	0.0123799	700.0
2021	7.00721e+02	2.02100e+03	0.0124037	700.0
2022	7.00714e+02	2.02200e+03	0.0124263	700.0
2023	7.00711e+02	2.02300e+03	0.0124481	700.0
2024	7.00720e+02	2.02400e+03	0.0124719	700.0
2025	7.00715e+02	2.02500e+03	0.0124922	700.0
2026	7.00720e+02	2.02600e+03	0.0125099	700.0
2027	7.00720e+02	2.02700e+03	0.0125263	700.0
2028	7.00725e+02	2.02800e+03	0.0125345	700.0
2029	7.00724e+02	2.02900e+03	0.0125435	700.0
2030	7.00725e+02	2.03000e+03	0.0125505	700.0
2031	7.00716e+02	2.03100e+03	0.0125555	700.0
2032	7.00722e+02	2.03200e+03	0.0125501	700.0
2033	7.00720e+02	2.03300e+03	0.0125451	700.0
2034	7.00715e+02	2.03400e+03	0.0125378	700.0
2035	7.00725e+02	2.03500e+03	0.0125287	700.0
2036	7.00719e+02	2.03600e+03	0.0125084	700.0
2037	7.00724e+02	2.03700e+03	0.0124918	700.0
2038	7.00728e+02	2.03800e+03	0.0124753	700.0
2039	7.00722e+02	2.03900e+03	0.0124585	700.0
2040	7.00718e+02	2.04000e+03	0.0124393	700.0
2041	7.00726e+02	2.04100e+03	0.0124223	700.0
2042	7.00724e+02	2.04200e+03	0.0124063	700.0
2043	7.00713e+02	2.04300e+03	0.0123908	700.0
2044	7.00729e+02	2.04400e+03	0.0123793	700.0
2045	7.00728e+02	2.04500e+03	0.0123679	700.0
2046	7.00735e+02	2.04600e+03	0.012358	700.0
2047	7.00725e+02	2.04700e+03	0.0123493	700.0
2048	7.00721e+02	2.04800e+03	0.012348	700.0
2049	7.00724e+02	2.04900e+03	0.0123464	700.0
2050	7.00716e+02	2.05000e+03	0.0123462	700.0
2051	7.00717e+02	2.05100e+03	0.012347	700.0
2052	7.00727e+02	2.05200e+03	0.0123542	700.0
2053	7.00721e+02	2.05300e+03	0.0123575	700.0
2054	7.00723e+02	2.05400e+03	0.0123594	700.0
2055	7.00724e+02	2.05500e+03	0.0123603	700.0
2056	7.00712e+02	2.05600e+03	0.012362	700.0
2057	7.00724e+02	2.05700e+03	0.0123654	700.0
2058	7.00714e+02	2.05800e+03	0.0123677	700.0
2059	7.00727e+02	2.05900e+03	0.0123687	700.0
2060	7.00723e+02	2.06000e+03	0.0123663	700.0
2061	7.00721e+02	2.06100e+03	0.0123613	700.0
2062	7.00718e+02	2.06200e+03	0.0123555	700.0
2063	7.00723e+02	2.06300e+03	0.0123513	700.0
2064	7.00718e+02	2.06400e+03	0.0123473	700.0
2065	7.00717e+02	2.06500e+03	0.0123477	700.0
2066	7.00715e+02	2.06600e+03	0.0123503	700.0
2067	7.00707e+02	2.06700e+03	0.0123549	700.0
2068	7.00722e+02	2.06800e+03	0.0123766	700.0
2069	7.00728e+02	2.06900e+03	0.0123919	700.0
2070	7.00718e+02	2.07000e+03	0.0124047	700.0
2071	7.00718e+02	2.07100e+03	0.0124162	700.0
2072	7.00722e+02	2.07200e+03	0.0124251	700.0
2073	7.00730e+02	2.07300e+03	0.0124279	700.0
2074	7.00722e+02	2.07400e+03	0.0124254	700.0
2075	7.00715e+02	2.07500e+03	0.0124196	700.0
2076	7.00709e+02	2.07600e+03	0.012394	700.0
2077	7.00713e+02	2.07700e+03	0.0123737	700.0
2078	7.00715e+02	2.07800e+03	0.0123526	700.0
2079	7.00706e+02	2.07900e+03	0.0123304	700.0
2080	7.00714e+02	2.08000e+03	0.0123024	700.0
2081	7.00709e+02	2.08100e+03	0.0122812	700.0
2082	7.00710e+02	2.08200e+03	0.0122643	700.0
2083	7.00710e+02	2.08300e+03	0.0122508	700.0
2084	7.00713e+02	2.08400e+03	0.0122581	700.0
2085	7.00710e+02	2.08500e+03	0.0122669	700.0
2086	7.00711e+02	2.08600e+03	0.0122795	700.0
2087	7.00706e+02	2.08700e+03	0.0122951	700.0
2088	7.00708e+02	2.08800e+03	0.0123342	700.0
2089	7.00699e+02	2.08900e+03	0.0123631	700.0
2090	7.00697e+02	2.09000e+03	0.0123936	700.0
2091	7.00693e+02	2.09100e+03	0.0124267	700.0
2092	7.00701e+02	2.09200e+03	0.0124577	700.0
2093	7.00699e+02	2.09300e+03	0.0124839	700.0
2094	7.00694e+02	2.09400e+03	0.0125056	700.0
2095	7.00707e+02	2.09500e+03	0.0125241	700.0
2096	7.00699e+02	2.09600e+03	0.0125276	700.0
2097	7.00697e+02	2.09700e+03	0.0125313	700.0
2098	7.00690e+02	2.09800e+03	0.0125322	700.0
2099	7.00701e+02	2.09900e+03	0.0125309	700.0
2100	7.00700e+02	2.10000e+03	0.0125156	700.0
2101	7.00692e+02	2.10100e+03	0.0125077	700.0
2102	7.00687e+02	2.10200e+03	0.0125011	700.0
2103	7.00687e+02	2.10300e+03	0.0124945	700.0
2104	7.00692e+02	2.10400e+03	0.0124884	700.0
2105	7.00695e+02	2.10500e+03	0.0124809	700.0
2106	7.00695e+02	2.10600e+03	0.012472	700.0
2107	7.00688e+02	2.10700e+03	0.0124621	700.0
2108	7.00688e+02	2.10800e+03	0.0124469	700.0
2109	7.00683e+02	2.10900e+03	0.0124306	700.0
2110	7.00690e+02	2.11000e+03	0.0124127	700.0
2111	7.00691e+02	2.11100e+03	0.0123943	700.0
2112	7.00667e+02	2.11200e+03	0.0123788	700.0
2113	7.00686e+02	2.11300e+03	0.0123756	700.0
2114	7.00681e+02	2.11400e+03	0.0123802	700.0
2115	7.00687e+02	2.11500e+03	0.0123867	700.0
2116	7.00686e+02	2.11600e+03	0.012395	700.0
2117	7.00675e+02	2.11700e+03	0.0123789	700.0
2118	7.00675e+02	2.11800e+03	0.0123478	700.0
2119	7.00676e+02	2.11900e+03	0.0123105	700.0
2120	7.00676e+02	2.12000e+03	0.0122464	700.0
2121	7.00673e+02	2.12100e+03	0.0122074	700.0
2122	7.00678e+02	2.12200e+03	0.0121824	700.0
2123	7.00676e+02	2.12300e+03	0.0121656	700.0
2124	7.00674e+02	2.12400e+03	0.0121818	700.0
2125	7.00686e+02	2.12500e+03	0.0122002	700.0
2126	7.00675e+02	2.12600e+03	0.0122274	700.0
2127	7.00675e+02	2.12700e+03	0.0122606	700.0
2128	7.00674e+02	2.12800e+03	0.0123294	700.0
2129	7.00666e+02	2.12900e+03	0.0123745	700.0
2130	7.00673e+02	2.13000e+03	0.0124116	700.0
2131	7.00673e+02	2.13100e+03	0.0124452	700.0
2132	7.00663e+02	2.13200e+03	0.0124612	700.0
2133	7.00662e+02	2.13300e+03	0.0124772	700.0
2134	7.00661e+02	2.13400e+03	0.012489	700.0
2135	7.00665e+02	2.13500e+03	0.0124977	700.0
2136	7.00661e+02	2.13600e+03	0.0124893	700.0
2137	7.00662e+02	2.13700e+03	0.0124923	700.0
2138	7.00662e+02	2.13800e+03	0.0124976	700.0
2139	7.00665e+02	2.13900e+03	0.0125022	700.0
2140	7.00665e+02	2.14000e+03	0.0125104	700.0
2141	7.00670e+02	2.14100e+03	0.0125198	700.0
2142	7.00660e+02	2.14200e+03	0.0125297	700.0
2143	7.00660e+02	2.14300e+03	0.012539	700.0
2144	7.00663e+02	2.14400e+03	0.012548	700.0
2145	7.00653e+02	2.14500e+03	0.0125542	700.0
2146	7.00658e+02	2.14600e+03	0.0125604	700.0
2147	7.00659e+02	2.14700e+03	0.0125681	700.0
2148	7.00660e+02	2.14800e+03	0.0125719	700.0
2149	7.00650e+02	2.14900e+03	0.0125768	700.0
2150	7.00657e+02	2.15000e+03	0.0125808	700.0
2151	7.00651e+02	2.15100e+03	0.0125838	700.0
2152	7.00654e+02	2.15200e+03	0.0125866	700.0
2153	7.00648e+02	2.15300e+03	0.0125878	700.0
2154	7.00645e+02	2.15400e+03	0.012588	700.0
2155	7.00642e+02	2.15500e+03	0.0125877	700.0
2156	7.00654e+02	2.15600e+03	0.0125836	700.0
2157	7.00655e+02	2.15700e+03	0.0125817	700.0
2158	7.00646e+02	2.15800e+03	0.0125802	700.0
2159	7.00643e+02	2.15900e+03	0.0125787	700.0
2160	7.00644e+02	2.16000e+03	0.0125774	700.0
2161	7.00638e+02	2.16100e+03	0.0125751	700.0
2162	7.00633e+02	2.16200e+03	0.012572	700.0
2163	7.00636e+02	2.16300e+03	0.0125682	700.0
2164	7.00632e+02	2.16400e+03	0.0125612	700.0
2165	7.00643e+02	2.16500e+03	0.0125539	700.0
2166	7.00636e+02	2.16600e+03	0.012546	700.0
2167	7.00634e+02	2.16700e+03	0.0125376	700.0
2168	7.00631e+02	2.16800e+03	0.0125259	700.0
2169	7.00622e+02	2.16900e+03	0.0125157	700.0
2170	7.00629e+02	2.17000e+03	0.0125049	700.0
2171	7.00631e+02	2.17100e+03	0.012493	700.0
2172	7.00636e+02	2.17200e+03	0.0124734	700.0
2173	7.00628e+02	2.17300e+03	0.0124539	700.0
2174	7.00630e+02	2.17400e+03	0.0124443	700.0
2175	7.00628e+02	2.17500e+03	0.0124466	700.0
2176	7.00633e+02	2.17600e+03	0.0124746	700.0
2177	7.00627e+02	2.17700e+03	0.0125093	700.0
2178	7.00628e+02	2.17800e+03	0.0125436	700.0
2179	7.00614e+02	2.17900e+03	0.0125762	700.0
2180	7.00643e+02	2.18000e+03	0.0126495	700.0
2181	7.00637e+02	2.18100e+03	0.0127106	700.0
2182	7.00654e+02	2.18200e+03	0.0127817	700.0
2183	7.00621e+02	2.18300e+03	0.0128581	700.0
2184	7.00618e+02	2.18400e+03	0.0129123	700.0
2185	7.00617e+02	2.18500e+03	0.0129473	700.0
2186	7.00630e+02	2.18600e+03	0.0129564	700.0
2187	7.00624e+02	2.18700e+03	0.0129486	700.0
2188	7.00618e+02	2.18800e+03	0.012886	700.0
2189	7.00621e+02	2.18900e+03	0.0128339	700.0
2190	7.00612e+02	2.19000e+03	0.0127783	700.0
2191	7.00610e+02	2.19100e+03	0.0127188	700.0
2192	7.00610e+02	2.19200e+03	0.0126141	700.0
2193	7.00609e+02	2.19300e+03	0.0125327	700.0
2194	7.00610e+02	2.19400e+03	0.0124576	700.0
2195	7.00603e+02	2.19500e+03	0.0123851	700.0
2196	7.00603e+02	2.19600e+03	0.0123386	700.0
2197	7.00609e+02	2.19700e+03	0.0123033	700.0
2198	7.00593e+02	2.19800e+03	0.0122824	700.0
2199	7.00587e+02	2.19900e+03	0.0122706	700.0
2200	7.00594e+02	2.20000e+03	0.0123028	700.0
2201	7.00597e+02	2.20100e+03	0.0123147	700.0
2202	7.00580e+02	2.20200e+03	0.0123224	700.0
2203	7.00581e+02	2.20300e+03	0.0123294	700.0
2204	7.00591e+02	2.20400e+03	0.0123368	700.0
2205	7.00597e+02	2.20500e+03	0.0123378	700.0
2206	7.00592e+02	2.20600e+03	0.0123402	700.0
2207	7.00585e+02	2.20700e+03	0.0123472	700.0
2208	7.00584e+02	2.20800e+03	0.0123585	700.0
2209	7.00582e+02	2.20900e+03	0.0123825	700.0
2210	7.00582e+02	2.21000e+03	0.0124122	700.0
2211	7.00582e+02	2.21100e+03	0.0124434	700.0
2212	7.00582e+02	2.21200e+03	0.0124997	700.0
2213	7.00582e+02	2.21300e+03	0.0125379	700.0
2214	7.00577e+02	2.21400e+03	0.01257	700.0
2215	7.00592e+02	2.21500e+03	0.0125995	700.0
2216	7.00570e+02	2.21600e+03	0.0126074	700.0
2217	7.00577e+02	2.21700e+03	0.0126146	700.0
2218	7.00578e+02	2.21800e+03	0.0126178	700.0
2219	7.00580e+02	2.21900e+03	0.0126182	700.0
2220	7.00582e+02	2.22000e+03	0.0125972	700.0
2221	7.00568e+02	2.22100e+03	0.0125843	700.0
2222	7.00565e+02	2.22200e+03	0.0125712	700.0
2223	7.00570e+02	2.22300e+03	0.0125569	700.0
2224	7.00572e+02	2.22400e+03	0.0125363	700.0
2225	7.00568e+02	2.22500e+03	0.0125171	700.0
2226	7.00568e+02	2.22600e+03	0.0124981	700.0
2227	7.00567e+02	2.22700e+03	0.0124789	700.0
2228	7.00571e+02	2.22800e+03	0.0124589	700.0
2229	7.00569e+02	2.22900e+03	0.012442	700.0
2230	7.00571e+02	2.23000e+03	0.0124269	700.0
2231	7.00569e+02	2.23100e+03	0.0124129	700.0
2232	7.00565e+02	2.23200e+03	0.0124061	700.0
2233	7.00559e+02	2.23300e+03	0.0123981	700.0
2234	7.00568e+02	2.23400e+03	0.012391	700.0
2235	7.00561e+02	2.23500e+03	0.0123848	700.0
2236	7.00566e+02	2.23600e+03	0.0123839	700.0
2237	7.00564e+02	2.23700e+03	0.0123815	700.0
2238	7.00559e+02	2.23800e+03	0.0123811	700.0
2239	7.00571e+02	2.23900e+03	0.0123841	700.0
2240	7.00561e+02	2.24000e+03	0.0123981	700.0
2241	7.00554e+02	2.24100e+03	0.0124135	700.0
2242	7.00548e+02	2.24200e+03	0.0124346	700.0
2243	7.00549e+02	2.24300e+03	0.0124605	700.0
2244	7.00562e+02	2.24400e+03	0.0125054	700.0
2245	7.00552e+02	2.24500e+03	0.012542	700.0
2246	7.00544e+02	2.24600e+03	0.0125763	700.0
2247	7.00549e+02	2.24700e+03	0.0126097	700.0
2248	7.00550e+02	2.24800e+03	0.0126452	700.0
2249	7.00548e+02	2.24900e+03	0.012679	700.0
2250	7.00550e+02	2.25000e+03	0.0127135	700.0
2251	7.00541e+02	2.25100e+03	0.0127488	700.0
2252	7.00549e+02	2.25200e+03	0.0127742	700.0
2253	7.00536e+02	2.25300e+03	0.012796	700.0
2254	7.00542e+02	2.25400e+03	0.0128103	700.0
2255	7.00539e+02	2.25500e+03	0.0128189	700.0
2256	7.00537e+02	2.25600e+03	0.012804	700.0
2257	7.00550e+02	2.25700e+03	0.0127899	700.0
2258	7.00540e+02	2.25800e+03	0.012772	700.0
2259	7.00532e+02	2.25900e+03	0.0127515	700.0
2260	7.00529e+02	2.26000e+03	0.0127051	700.0
2261	7.00550e+02	2.26100e+03	0.0126655	700.0
2262	7.00542e+02	2.26200e+03	0.0126209	700.0
2263	7.00534e+02	2.26300e+03	0.0125713	700.0
2264	7.00541e+02	2.26400e+03	0.0125054	700.0
2265	7.00538e+02	2.26500e+03	0.0124453	700.0
2266	7.00538e+02	2.26600e+03	0.0123918	700.0
2267	7.00534e+02	2.26700e+03	0.0123437	700.0
2268	7.00532e+02	2.26800e+03	0.0123158	700.0
2269	7.00532e+02	2.26900e+03	0.0123087	700.0
2270	7.00532e+02	2.27000e+03	0.0123239	700.0
2271	7.00526e+02	2.27100e+03	0.0123552	700.0
2272	7.00522e+02	2.27200e+03	0.0124712	700.0
2273	7.00524e+02	2.27300e+03	0.0125666	700.0
2274	7.00526e+02	2.27400e+03	0.0126662	700.0
2275	7.00515e+02	2.27500e+03	0.0127708	700.0
2276	7.00524e+02	2.27600e+03	0.0129033	700.0
2277	7.00517e+02	2.27700e+03	0.013002	700.0
2278	7.00508e+02	2.27800e+03	0.0130813	700.0
2279	7.00509e+02	2.27900e+03	0.0131478	700.0
2280	7.00516e+02	2.28000e+03	0.0131497	700.0
2281	7.00506e+02	2.28100e+03	0.0131582	700.0
2282	7.00505e+02	2.28200e+03	0.0131576	700.0
2283	7.00506e+02	2.28300e+03	0.0131493	700.0
2284	7.00503e+02	2.28400e+03	0.0130861	700.0
2285	7.00503e+02	2.28500e+03	0.013048	700.0
2286	7.00488e+02	2.28600e+03	0.0130128	700.0
2287	7.00483e+02	2.28700e+03	0.0129763	700.0
2288	7.00500e+02	2.28800e+03	0.0129381	700.0
2289	7.00487e+02	2.28900e+03	0.0129049	700.0
2290	7.00484e+02	2.29000e+03	0.0128774	700.0
2291	7.00484e+02	2.29100e+03	0.012854	700.0
2292	7.00478e+02	2.29200e+03	0.0128445	700.0
2293	7.00479e+02	2.29300e+03	0.0128333	700.0
2294	7.00473e+02	2.29400e+03	0.0128228	700.0
2295	7.00463e+02	2.29500e+03	0.0128129	700.0
2296	7.00474e+02	2.29600e+03	0.0128163	700.0
2297	7.00471e+02	2.29700e+03	0.0128124	700.0
2298	7.00472e+02	2.29800e+03	0.0128073	700.0
2299	7.00463e+02	2.29900e+03	0.0128022	700.0
2300	7.00467e+02	2.30000e+03	0.0127908	700.0
2301	7.00464e+02	2.30100e+03	0.0127775	700.0
2302	7.00466e+02	2.30200e+03	0.0127629	700.0
2303	7.00457e+02	2.30300e+03	0.0127483	700.0
2304	7.00448e+02	2.30400e+03	0.0127298	700.0
2305	7.00451e+02	2.30500e+03	0.012716	700.0
2306	7.00449e+02	2.30600e+03	0.0127074	700.0
2307	7.00435e+02	2.30700e+03	0.012705	700.0
2308	7.00473e+02	2.30800e+03	0.0127517	700.0
2309	7.00449e+02	2.30900e+03	0.0128258	700.0
2310	7.00470e+02	2.31000e+03	0.0129259	700.0
2311	7.00435e+02	2.31100e+03	0.0130373	700.0
2312	7.00439e+02	2.31200e+03	0.0131949	700.0
2313	7.00440e+02	2.31300e+03	0.0132734	700.0
2314	7.00443e+02	2.31400e+03	0.0132918	700.0
2315	7.00441e+02	2.31500e+03	0.0132705	700.0
2316	7.00444e+02	2.31600e+03	0.0130953	700.0
2317	7.00436e+02	2.31700e+03	0.0129407	700.0
2318	7.00426e+02	2.31800e+03	0.0127866	700.0
2319	7.00422e+02	2.31900e+03	0.0126374	700.0
2320	7.00421e+02	2.32000e+03	0.012431	700.0
2321	7.00426e+02	2.32100e+03	0.0123267	700.0
2322	7.00424e+02	2.32200e+03	0.0122741	700.0
2323	7.00424e+02	2.32300e+03	0.0122468	700.0
2324	7.00422e+02	2.32400e+03	0.0123817	700.0
2325	7.00422e+02	2.32500e+03	0.0124497	700.0
2326	7.00413e+02	2.32600e+03	0.0125084	700.0
2327	7.00416e+02	2.32700e+03	0.0125671	700.0
2328	7.00419e+02	2.32800e+03	0.0126396	700.0
2329	7.00417e+02	2.32900e+03	0.0126866	700.0
2330	7.00418e+02	2.33000e+03	0.0127224	700.0
2331	7.00413e+02	2.33100e+03	0.0127532	700.0
2332	7.00394e+02	2.33200e+03	0.0127424	700.0
2333	7.00404e+02	2.33300e+03	0.0127492	700.0
2334	7.00405e+02	2.33400e+03	0.012757	700.0
2335	7.00404e+02	2.33500e+03	0.0127634	700.0
2336	7.00404e+02	2.33600e+03	0.0127637	700.0
2337	7.00402e+02	2.33700e+03	0.0127662	700.0
2338	7.00395e+02	2.33800e+03	0.0127687	700.0
2339	7.00398e+02	2.33900e+03	0.0127709	700.0
2340	7.00407e+02	2.34000e+03	0.0127714	700.0
2341	7.00399e+02	2.34100e+03	0.0127724	700.0
2342	7.00400e+02	2.34200e+03	0.0127733	700.0
2343	7.00401e+02	2.34300e+03	0.012774	700.0
2344	7.00400e+02	2.34400e+03	0.0127737	700.0
2345	7.00398e+02	2.34500e+03	0.0127729	700.0
2346	7.00390e+02	2.34600e+03	0.0127718	700.0
2347	7.00394e+02	2.34700e+03	0.0127712	700.0
2348	7.00387e+02	2.34800e+03	0.0127742	700.0
2349	7.00395e+02	2.34900e+03	0.012779	700.0
2350	7.00384e+02	2.35000e+03	0.0127866	700.0
2351	7.00384e+02	2.35100e+03	0.0127982	700.0
2352	7.00390e+02	2.35200e+03	0.0128337	700.0
2353	7.00392e+02	2.35300e+03	0.0128709	700.0
2354	7.00380e+02	2.35400e+03	0.0129039	700.0
2355	7.00386e+02	2.35500e+03	0.0129297	700.0
2356	7.00386e+02	2.35600e+03	0.0129454	700.0
2357	7.00385e+02	2.35700e+03	0.0129359	700.0
2358	7.00385e+02	2.35800e+03	0.0129117	700.0
2359	7.00376e+02	2.35900e+03	0.0128804	700.0
2360	7.00378e+02	2.36000e+03	0.0127967	700.0
2361	7.00384e+02	2.36100e+03	0.0127495	700.0
2362	7.00374e+02	2.36200e+03	0.0127153	700.0
2363	7.00374e+02	2.36300e+03	0.0126857	700.0
2364	7.00372e+02	2.36400e+03	0.0126785	700.0
2365	7.00372e+02	2.36500e+03	0.0126697	700.0
2366	7.00372e+02	2.36600e+03	0.012667	700.0
2367	7.00371e+02	2.36700e+03	0.0126681	700.0
2368	7.00365e+02	2.36800e+03	0.0126881	700.0
2369	7.00366e+02	2.36900e+03	0.0126988	700.0
2370	7.00364e+02	2.37000e+03	0.0127081	700.0
2371	7.00360e+02	2.37100e+03	0.0127174	700.0
2372	7.00363e+02	2.37200e+03	0.0127264	700.0
2373	7.00365e+02	2.37300e+03	0.0127293	700.0
2374	7.00359e+02	2.37400e+03	0.0127266	700.0
2375	7.00367e+02	2.37500e+03	0.0127216	700.0
2376	7.00359e+02	2.37600e+03	0.0127047	700.0
2377	7.00368e+02	2.37700e+03	0.0126901	700.0
2378	7.00354e+02	2.37800e+03	0.0126753	700.0
2379	7.00354e+02	2.37900e+03	0.0126613	700.0
2380	7.00359e+02	2.38000e+03	0.0126462	700.0
2381	7.00353e+02	2.38100e+03	0.0126366	700.0
2382	7.00351e+02	2.38200e+03	0.0126291	700.0
2383	7.00345e+02	2.38300e+03	0.0126227	700.0
2384	7.00353e+02	2.38400e+03	0.0126291	700.0
2385	7.00355e+02	2.38500e+03	0.0126307	700.0
2386	7.00351e+02	2.38600e+03	0.0126296	700.0
2387	7.00349e+02	2.38700e+03	0.0126254	700.0
2388	7.00348e+02	2.38800e+03	0.0126128	700.0
2389	7.00350e+02	2.38900e+03	0.0126055	700.0
2390	7.00356e+02	2.39000e+03	0.0126111	700.0
2391	7.00357e+02	2.39100e+03	0.0126268	700.0
2392	7.00342e+02	2.39200e+03	0.0126541	700.0
2393	7.00348e+02	2.39300e+03	0.0126897	700.0
2394	7.00356e+02	2.39400e+03	0.0127379	700.0
2395	7.00353e+02	2.39500e+03	0.0127956	700.0
2396	7.00343e+02	2.39600e+03	0.0128858	700.0
2397	7.00344e+02	2.39700e+03	0.0129403	700.0
2398	7.00346e+02	2.39800e+03	0.0129687	700.0
2399	7.00350e+02	2.39900e+03	0.0129811	700.0
2400	7.00334e+02	2.40000e+03	0.0129434	700.0
2401	7.00336e+02	2.40100e+03	0.0129102	700.0
2402	7.00337e+02	2.40200e+03	0.0128771	700.0
2403	7.00346e+02	2.40300e+03	0.0128459	700.0
2404	7.00338e+02	2.40400e+03	0.0127868	700.0
2405	7.00346e+02	2.40500e+03	0.0127635	700.0
2406	7.00331e+02	2.40600e+03	0.012755	700.0
2407	7.00338e+02	2.40700e+03	0.012752	700.0
2408	7.00336e+02	2.40800e+03	0.012794	700.0
2409	7.00337e+02	2.40900e+03	0.0128125	700.0
2410	7.00333e+02	2.41000e+03	0.0128263	700.0
2411	7.00331e+02	2.41100e+03	0.0128388	700.0
2412	7.00340e+02	2.41200e+03	0.0128385	700.0
2413	7.00321e+02	2.41300e+03	0.0128332	700.0
2414	7.00324e+02	2.41400e+03	0.0128234	700.0
2415	7.00326e+02	2.41500e+03	0.0128114	700.0
2416	7.00333e+02	2.41600e+03	0.0127808	700.0
2417	7.00335e+02	2.41700e+03	0.0127603	700.0
2418	7.00325e+02	2.41800e+03	0.0127406	700.0
2419	7.00328e+02	2.41900e+03	0.0127199	700.0
2420	7.00327e+02	2.42000e+03	0.0126911	700.0
2421	7.00322e+02	2.42100e+03	0.0126509	700.0
2422	7.00324e+02	2.42200e+03	0.0125988	700.0
2423	7.00319e+02	2.42300e+03	0.0125404	700.0
2424	7.00325e+02	2.42400e+03	0.0124575	700.0
2425	7.00328e+02	2.42500e+03	0.0123901	700.0
2426	7.00319e+02	2.42600e+03	0.0123331	700.0
2427	7.00312e+02	2.42700e+03	0.0122824	700.0
2428	7.00310e+02	2.42800e+03	0.0122502	700.0
2429	7.00307e+02	2.42900e+03	0.0122289	700.0
2430	7.00314e+02	2.43000e+03	0.0122195	700.0
2431	7.00308e+02	2.43100e+03	0.0122174	700.0
2432	7.00305e+02	2.43200e+03	0.0122607	700.0
2433	7.00304e+02	2.43300e+03	0.0122882	700.0
2434	7.00306e+02	2.43400e+03	0.0123154	700.0
2435	7.00305e+02	2.43500e+03	0.0123432	700.0
2436	7.00309e+02	2.43600e+03	0.0123772	700.0
2437	7.00306e+02	2.43700e+03	0.012403	700.0
2438	7.00302e+02	2.43800e+03	0.0124271	700.0
2439	7.00299e+02	2.43900e+03	0.0124529	700.0
2440	7.00306e+02	2.44000e+03	0.0124823	700.0
2441	7.00307e+02	2.44100e+03	0.0125173	700.0
2442	7.00295e+02	2.44200e+03	0.0125505	700.0
2443	7.00308e+02	2.44300e+03	0.0125814	700.0
2444	7.00301e+02	2.44400e+03	0.0126181	700.0
2445	7.00298e+02	2.44500e+03	0.0126421	700.0
2446	7.00292e+02	2.44600e+03	0.0126575	700.0
2447	7.00296e+02	2.44700e+03	0.0126671	700.0
2448	7.00301e+02	2.44800e+03	0.012655	700.0
2449	7.00295e+02	2.44900e+03	0.0126595	700.0
2450	7.00296e+02	2.45000e+03	0.0126746	700.0
2451	7.00292e+02	2.45100e+03	0.0126947	700.0
2452	7.00300e+02	2.45200e+03	0.0127145	700.0
2453	7.00292e+02	2.45300e+03	0.0127157	700.0
2454	7.00291e+02	2.45400e+03	0.0126926	700.0
2455	7.00292e+02	2.45500e+03	0.0126534	700.0
2456	7.00299e+02	2.45600e+03	0.0125744	700.0
2457	7.00304e+02	2.45700e+03	0.0125074	700.0
2458	7.00287e+02	2.45800e+03	0.0124507	700.0
2459	7.00302e+02	2.45900e+03	0.0124032	700.0
2460	7.00291e+02	2.46000e+03	0.0123693	700.0
2461	7.00303e+02	2.46100e+03	0.0123818	700.0
2462	7.00307e+02	2.46200e+03	0.0124321	700.0
2463	7.00295e+02	2.46300e+03	0.0125061	700.0
2464	7.00326e+02	2.46400e+03	0.012691	700.0
2465	7.00273e+02	2.46500e+03	0.0128054	700.0
2466	7.00281e+02	2.46600e+03	0.0128728	700.0
2467	7.00299e+02	2.46700e+03	0.0129084	700.0
2468	7.00297e+02	2.46800e+03	0.0128582	700.0
2469	7.00287e+02	2.46900e+03	0.0127823	700.0
2470	7.00282e+02	2.47000e+03	0.0126845	700.0
2471	7.00281e+02	2.47100e+03	0.0125775	700.0
2472	7.00283e+02	2.47200e+03	0.0123607	700.0
2473	7.00279e+02	2.47300e+03	0.0122409	700.0
2474	7.00277e+02	2.47400e+03	0.0121574	700.0
2475	7.00281e+02	2.47500e+03	0.0120904	700.0
2476	7.00284e+02	2.47600e+03	0.0121242	700.0
2477	7.00271e+02	2.47700e+03	0.0121286	700.0
2478	7.00275e+02	2.47800e+03	0.0121402	700.0
2479	7.00285e+02	2.47900e+03	0.0121598	700.0
2480	7.00275e+02	2.48000e+03	0.0122249	700.0
2481	7.00274e+02	2.48100e+03	0.0122698	700.0
2482	7.00278e+02	2.48200e+03	0.0123098	700.0
2483	7.00277e+02	2.48300e+03	0.0123479	700.0
2484	7.00272e+02	2.48400e+03	0.0123826	700.0
2485	7.00273e+02	2.48500e+03	0.0124109	700.0
2486	7.00272e+02	2.48600e+03	0.012434	700.0
2487	7.00274e+02	2.48700e+03	0.0124539	700.0
2488	7.00264e+02	2.48800e+03	0.0124543	700.0
2489	7.00275e+02	2.48900e+03	0.0124615	700.0
2490	7.00266e+02	2.49000e+03	0.0124698	700.0
2491	7.00271e+02	2.49100e+03	0.0124796	700.0
2492	7.00263e+02	2.49200e+03	0.0124899	700.0
2493	7.00274e+02	2.49300e+03	0.0125023	700.0
2494	7.00271e+02	2.49400e+03	0.0125142	700.0
2495	7.00270e+02	2.49500e+03	0.0125254	700.0
2496	7.00271e+02	2.49600e+03	0.0125392	700.0
2497	7.00275e+02	2.49700e+03	0.0125465	700.0
2498	7.00273e+02	2.49800e+03	0.0125505	700.0
2499	7.00271e+02	2.49900e+03	0.0125527	700.0
2500	7.00262e+02	2.50000e+03	0.0125483	700.0
2501	7.00262e+02	2.50100e+03	0.012553	700.0
2502	7.00259e+02	2.50200e+03	0.0125607	700.0
2503	7.00264e+02	2.50300e+03	0.0125691	700.0
2504	7.00265e+02	2.50400e+03	0.0125853	700.0
2505	7.00267e+02	2.50500e+03	0.0125968	700.0
2506	7.00258e+02	2.50600e+03	0.0126057	700.0
2507	7.00263e+02	2.50700e+03	0.0126129	700.0
2508	7.00258e+02	2.50800e+03	0.0126132	700.0
2509	7.00258e+02	2.50900e+03	0.0126111	700.0
2510	7.00260e+02	2.51000e+03	0.0126065	700.0
2511	7.00258e+02	2.51100e+03	0.0126005	700.0
2512	7.00266e+02	2.51200e+03	0.0125838	700.0
2513	7.00256e+02	2.51300e+03	0.0125737	700.0
2514	7.00259e+02	2.51400e+03	0.0125656	700.0
2515	7.00256e+02	2.51500e+03	0.0125583	700.0
2516	7.00263e+02	2.51600e+03	0.0125564	700.0
2517	7.00255e+02	2.51700e+03	0.012555	700.0
2518	7.00266e+02	2.51800e+03	0.0125564	700.0
2519	7.00266e+02	2.51900e+03	0.0125614	700.0
2520	7.00262e+02	2.52000e+03	0.0125828	700.0
2521	7.00264e+02	2.52100e+03	0.0126025	700.0
2522	7.00254e+02	2.52200e+03	0.0126215	700.0
2523	7.00265e+02	2.52300e+03	0.0126395	700.0
2524	7.00257e+02	2.52400e+03	0.0126573	700.0
2525	7.00248e+02	2.52500e+03	0.012662	700.0
2526	7.00262e+02	2.52600e+03	0.0126615	700.0
2527	7.00256e+02	2.52700e+03	0.0126589	700.0
2528	7.00255e+02	2.52800e+03	0.0126323	700.0
2529	7.00256e+02	2.52900e+03	0.0126172	700.0
2530	7.00251e+02	2.53000e+03	0.0126012	700.0
2531	7.00252e+02	2.53100e+03	0.0125825	700.0
2532	7.00261e+02	2.53200e+03	0.012552	700.0
2533	7.00260e+02	2.53300e+03	0.0125167	700.0
2534	7.00252e+02	2.53400e+03	0.0124803	700.0
2535	7.00251e+02	2.53500e+03	0.0124451	700.0
2536	7.00260e+02	2.53600e+03	0.0124009	700.0
2537	7.00263e+02	2.53700e+03	0.0123744	700.0
2538	7.00252e+02	2.53800e+03	0.012361	700.0
2539	7.00254e+02	2.53900e+03	0.0123559	700.0
2540	7.00270e+02	2.54000e+03	0.0124027	700.0
2541	7.00265e+02	2.54100e+03	0.0124454	700.0
2542	7.00257e+02	2.54200e+03	0.0124911	700.0
2543	7.00272e+02	2.54300e+03	0.0125381	700.0
2544	7.00257e+02	2.54400e+03	0.0126097	700.0
2545	7.00254e+02	2.54500e+03	0.0126509	700.0
2546	7.00244e+02	2.54600e+03	0.0126772	700.0
2547	7.00255e+02	2.54700e+03	0.0126953	700.0
2548	7.00258e+02	2.54800e+03	0.0126553	700.0
2549	7.00255e+02	2.54900e+03	0.0126254	700.0
2550	7.00245e+02	2.55000e+03	0.0125928	700.0
2551	7.00258e+02	2.55100e+03	0.012557	700.0
2552	7.00248e+02	2.55200e+03	0.0124915	700.0
2553	7.00252e+02	2.55300e+03	0.0124498	700.0
2554	7.00253e+02	2.55400e+03	0.0124199	700.0
2555	7.00242e+02	2.55500e+03	0.0123965	700.0
2556	7.00250e+02	2.55600e+03	0.0124146	700.0
2557	7.00247e+02	2.55700e+03	0.0124337	700.0
2558	7.00249e+02	2.55800e+03	0.0124607	700.0
2559	7.00260e+02	2.55900e+03	0.0124934	700.0
2560	7.00246e+02	2.56000e+03	0.0125628	700.0
2561	7.00247e+02	2.56100e+03	0.0126073	700.0
2562	7.00254e+02	2.56200e+03	0.0126435	700.0
2563	7.00257e+02	2.56300e+03	0.0126762	700.0
2564	7.00246e+02	2.56400e+03	0.0126849	700.0
2565	7.00251e+02	2.56500e+03	0.0126937	700.0
2566	7.00254e+02	2.56600e+03	0.0126966	700.0
2567	7.00246e+02	2.56700e+03	0.012695	700.0
2568	7.00247e+02	2.56800e+03	0.0126665	700.0
2569	7.00250e+02	2.56900e+03	0.0126475	700.0
2570	7.00255e+02	2.57000e+03	0.0126286	700.0
2571	7.00251e+02	2.57100e+03	0.0126086	700.0
2572	7.00251e+02	2.57200e+03	0.0125836	700.0
2573	7.00256e+02	2.57300e+03	0.0125672	700.0
2574	7.00259e+02	2.57400e+03	0.0125558	700.0
2575	7.00246e+02	2.57500e+03	0.0125455	700.0
2576	7.00245e+02	2.57600e+03	0.012543	700.0
2577	7.00248e+02	2.57700e+03	0.0125364	700.0
2578	7.00231e+02	2.57800e+03	0.0125291	700.0
2579	7.00244e+02	2.57900e+03	0.0125217	700.0
2580	7.00252e+02	2.58000e+03	0.0125155	700.0
2581	7.00250e+02	2.58100e+03	0.012509	700.0
2582	7.00251e+02	2.58200e+03	0.0125029	700.0
2583	7.00244e+02	2.58300e+03	0.0124971	700.0
2584	7.00248e+02	2.58400e+03	0.012494	700.0
2585	7.00253e+02	2.58500e+03	0.0124922	700.0
2586	7.00233e+02	2.58600e+03	0.0124922	700.0
2587	7.00249e+02	2.58700e+03	0.0124933	700.0
2588	7.00240e+02	2.58800e+03	0.0125015	700.0
2589	7.00253e+02	2.58900e+03	0.0125079	700.0
2590	7.00232e+02	2.59000e+03	0.0125139	700.0
2591	7.00247e+02	2.59100e+03	0.0125198	700.0
2592	7.00246e+02	2.59200e+03	0.012526	700.0
2593	7.00229e+02	2.59300e+03	0.0125288	700.0
2594	7.00242e+02	2.59400e+03	0.0125296	700.0
2595	7.00248e+02	2.59500e+03	0.0125293	700.0
2596	7.00231e+02	2.59600e+03	0.0125214	700.0
2597	7.00245e+02	2.59700e+03	0.0125159	700.0
2598	7.00240e+02	2.59800e+03	0.0125099	700.0
2599	7.00240e+02	2.59900e+03	0.0125031	700.0
2600	7.00246e+02	2.60000e+03	0.0124926	700.0
2601	7.00242e+02	2.60100e+03	0.0124833	700.0
2602	7.00244e+02	2.60200e+03	0.0124744	700.0
2603	7.00238e+02	2.60300e+03	0.0124657	700.0
2604	7.00240e+02	2.60400e+03	0.0124574	700.0
2605	7.00244e+02	2.60500e+03	0.0124509	700.0
2606	7.00246e+02	2.60600e+03	0.0124459	700.0
2607	7.00234e+02	2.60700e+03	0.0124418	700.0
2608	7.00240e+02	2.60800e+03	0.0124449	700.0
2609	7.00232e+02	2.60900e+03	0.0124482	700.0
2610	7.00232e+02	2.61000e+03	0.0124551	700.0
2611	7.00234e+02	2.61100e+03	0.0124664	700.0
2612	7.00232e+02	2.61200e+03	0.0124949	700.0
2613	7.00230e+02	2.61300e+03	0.0125202	700.0
2614	7.00236e+02	2.61400e+03	0.0125443	700.0
2615	7.00234e+02	2.61500e+03	0.0125675	700.0
2616	7.00228e+02	2.61600e+03	0.0125895	700.0
2617	7.00245e+02	2.61700e+03	0.0125948	700.0
2618	7.00240e+02	2.61800e+03	0.0125894	700.0
2619	7.00234e+02	2.61900e+03	0.0125789	700.0
2620	7.00240e+02	2.62000e+03	0.0125326	700.0
2621	7.00237e+02	2.62100e+03	0.0124992	700.0
2622	7.00246e+02	2.62200e+03	0.0124663	700.0
2623	7.00233e+02	2.62300e+03	0.0124322	700.0
2624	7.00233e+02	2.62400e+03	0.0123916	700.0
2625	7.00235e+02	2.62500e+03	0.0123585	700.0
2626	7.00236e+02	2.62600e+03	0.0123295	700.0
2627	7.00238e+02	2.62700e+03	0.012303	700.0
2628	7.00241e+02	2.62800e+03	0.0122917	700.0
2629	7.00236e+02	2.62900e+03	0.0122807	700.0
2630	7.00232e+02	2.63000e+03	0.012275	700.0
2631	7.00225e+02	2.63100e+03	0.0122743	700.0
2632	7.00245e+02	2.63200e+03	0.0123022	700.0
2633	7.00235e+02	2.63300e+03	0.012327	700.0
2634	7.00239e+02	2.63400e+03	0.0123538	700.0
2635	7.00242e+02	2.63500e+03	0.0123822	700.0
2636	7.00239e+02	2.63600e+03	0.0124277	700.0
2637	7.00236e+02	2.63700e+03	0.0124592	700.0
2638	7.00232e+02	2.63800e+03	0.0124849	700.0
2639	7.00236e+02	2.63900e+03	0.0125078	700.0
2640	7.00229e+02	2.64000e+03	0.0125119	700.0
2641	7.00238e+02	2.64100e+03	0.0125176	700.0
2642	7.00238e+02	2.64200e+03	0.0125195	700.0
2643	7.00230e+02	2.64300e+03	0.0125184	700.0
2644	7.00234e+02	2.64400e+03	0.0124987	700.0
2645	7.00242e+02	2.64500e+03	0.0124851	700.0
2646	7.00234e+02	2.64600e+03	0.0124714	700.0
2647	7.00233e+02	2.64700e+03	0.012457	700.0
2648	7.00236e+02	2.64800e+03	0.0124387	700.0
2649	7.00232e+02	2.64900e+03	0.0124248	700.0
2650	7.00229e+02	2.65000e+03	0.0124128	700.0
2651	7.00231e+02	2.65100e+03	0.0124017	700.0
2652	7.00228e+02	2.65200e+03	0.0123974	700.0
2653	7.00228e+02	2.65300e+03	0.0123923	700.0
2654	7.00228e+02	2.65400e+03	0.0123889	700.0
2655	7.00235e+02	2.65500e+03	0.012387	700.0
2656	7.00228e+02	2.65600e+03	0.0123924	700.0
2657	7.00233e+02	2.65700e+03	0.0123969	700.0
2658	7.00231e+02	2.65800e+03	0.0124023	700.0
2659	7.00231e+02	2.65900e+03	0.0124085	700.0
2660	7.00233e+02	2.66000e+03	0.01242	700.0
2661	7.00224e+02	2.66100e+03	0.0124288	700.0
2662	7.00228e+02	2.66200e+03	0.0124368	700.0
2663	7.00228e+02	2.66300e+03	0.0124447	700.0
2664	7.00235e+02	2.66400e+03	0.0124524	700.0
2665	7.00229e+02	2.66500e+03	0.012464	700.0
2666	7.00233e+02	2.66600e+03	0.0124788	700.0
2667	7.00233e+02	2.66700e+03	0.012494	700.0
2668	7.00233e+02	2.66800e+03	0.0125107	700.0
2669	7.00231e+02	2.66900e+03	0.0125247	700.0
2670	7.00232e+02	2.67000e+03	0.0125371	700.0
2671	7.00237e+02	2.67100e+03	0.0125483	700.0
2672	7.00226e+02	2.67200e+03	0.0125544	700.0
2673	7.00220e+02	2.67300e+03	0.0125597	700.0
2674	7.00224e+02	2.67400e+03	0.0125628	700.0
2675	7.00238e+02	2.67500e+03	0.0125642	700.0
2676	7.00223e+02	2.67600e+03	0.0125574	700.0
2677	7.00242e+02	2.67700e+03	0.0125534	700.0
2678	7.00231e+02	2.67800e+03	0.0125485	700.0
2679	7.00235e+02	2.67900e+03	0.0125408	700.0
2680	7.00239e+02	2.68000e+03	0.012525	700.0
2681	7.00234e+02	2.68100e+03	0.0125117	700.0
2682	7.00230e+02	2.68200e+03	0.012499	700.0
2683	7.00236e+02	2.68300e+03	0.0124864	700.0
2684	7.00230e+02	2.68400e+03	0.0124694	700.0
2685	7.00233e+02	2.68500e+03	0.0124564	700.0
2686	7.00224e+02	2.68600e+03	0.0124452	700.0
2687	7.00230e+02	2.68700e+03	0.0124351	700.0
2688	7.00231e+02	2.68800e+03	0.0124313	700.0
2689	7.00232e+02	2.68900e+03	0.0124262	700.0
2690	7.00226e+02	2.69000e+03	0.0124213	700.0
2691	7.00229e+02	2.69100e+03	0.0124165	700.0
2692	7.00237e+02	2.69200e+03	0.0124136	700.0
2693	7.00233e+02	2.69300e+03	0.0124081	700.0
2694	7.00231e+02	2.69400e+03	0.0124013	700.0
2695	7.00232e+02	2.69500e+03	0.0123941	700.0
2696	7.00240e+02	2.69600e+03	0.012384	700.0
2697	7.00238e+02	2.69700e+03	0.0123766	700.0
2698	7.00229e+02	2.69800e+03	0.0123712	700.0
2699	7.00232e+02	2.69900e+03	0.0123673	700.0
2700	7.00230e+02	2.70000e+03	0.0123705	700.0
2701	7.00227e+02	2.70100e+03	0.012375	700.0
2702	7.00238e+02	2.70200e+03	0.0123808	700.0
2703	7.00237e+02	2.70300e+03	0.0123875	700.0
2704	7.00229e+02	2.70400e+03	0.0124002	700.0
2705	7.00231e+02	2.70500e+03	0.0124061	700.0
2706	7.00230e+02	2.70600e+03	0.0124085	700.0
2707	7.00233e+02	2.70700e+03	0.012409	700.0
2708	7.00232e+02	2.70800e+03	0.0123992	700.0
2709	7.00229e+02	2.70900e+03	0.0123908	700.0
2710	7.00236e+02	2.71000e+03	0.0123797	700.0
2711	7.00237e+02	2.71100e+03	0.0123632	700.0
2712	7.00236e+02	2.71200e+03	0.0123419	700.0
2713	7.00227e+02	2.71300e+03	0.0123192	700.0
2714	7.00230e+02	2.71400e+03	0.0122978	700.0
2715	7.00229e+02	2.71500e+03	0.0122789	700.0
2716	7.00221e+02	2.71600e+03	0.0122627	700.0
2717	7.00232e+02	2.71700e+03	0.0122488	700.0
2718	7.00225e+02	2.71800e+03	0.0122372	700.0
2719	7.00223e+02	2.71900e+03	0.0122288	700.0
2720	7.00234e+02	2.72000e+03	0.0122238	700.0
