index	ts	t	weight	tr
[#]	[°C]	[s]	[mg]	[°C]
723	1.30155e+02	7.23000e+02	2.00073e+00	1.31000e+02
724	1.30489e+02	7.24000e+02	2.00072e+00	1.31333e+02
725	1.30815e+02	7.25000e+02	2.00071e+00	1.31667e+02
726	1.31143e+02	7.26000e+02	2.00069e+00	1.32000e+02
727	1.31477e+02	7.27000e+02	2.00068e+00	1.32333e+02
728	1.31819e+02	7.28000e+02	2.00067e+00	1.32667e+02
729	1.32124e+02	7.29000e+02	2.00065e+00	1.33000e+02
730	1.32480e+02	7.30000e+02	2.00064e+00	1.33333e+02
731	1.32823e+02	7.31000e+02	2.00063e+00	1.33667e+02
732	1.33153e+02	7.32000e+02	2.00062e+00	1.34000e+02
733	1.33472e+02	7.33000e+02	2.00061e+00	1.34333e+02
734	1.33808e+02	7.34000e+02	2.00060e+00	1.34667e+02
735	1.34143e+02	7.35000e+02	2.00059e+00	1.35000e+02
736	1.34467e+02	7.36000e+02	2.00059e+00	1.35333e+02
737	1.34799e+02	7.37000e+02	2.00057e+00	1.35667e+02
738	1.35136e+02	7.38000e+02	2.00056e+00	1.36000e+02
739	1.35469e+02	7.39000e+02	2.00055e+00	1.36333e+02
740	1.35812e+02	7.40000e+02	2.00053e+00	1.36667e+02
741	1.36136e+02	7.41000e+02	2.00052e+00	1.37000e+02
742	1.36460e+02	7.42000e+02	2.00050e+00	1.37333e+02
743	1.36790e+02	7.43000e+02	2.00049e+00	1.37667e+02
744	1.37133e+02	7.44000e+02	2.00048e+00	1.38000e+02
745	1.37459e+02	7.45000e+02	2.00047e+00	1.38333e+02
746	1.37807e+02	7.46000e+02	2.00046e+00	1.38667e+02
747	1.38129e+02	7.47000e+02	2.00045e+00	1.39000e+02
748	1.38462e+02	7.48000e+02	2.00045e+00	1.39333e+02
749	1.38803e+02	7.49000e+02	2.00044e+00	1.39667e+02
750	1.39122e+02	7.50000e+02	2.00043e+00	1.40000e+02
751	1.39466e+02	7.51000e+02	2.00043e+00	1.40333e+02
752	1.39796e+02	7.52000e+02	2.00042e+00	1.40667e+02
753	1.40118e+02	7.53000e+02	2.00041e+00	1.41000e+02
754	1.40465e+02	7.54000e+02	2.00040e+00	1.41333e+02
755	1.40797e+02	7.55000e+02	2.00039e+00	1.41667e+02
756	1.41134e+02	7.56000e+02	2.00039e+00	1.42000e+02
757	1.41464e+02	7.57000e+02	2.00039e+00	1.42333e+02
758	1.41788e+02	7.58000e+02	2.00039e+00	1.42667e+02
759	1.42122e+02	7.59000e+02	2.00039e+00	1.43000e+02
760	1.42458e+02	7.60000e+02	2.00040e+00	1.43333e+02
761	1.42797e+02	7.61000e+02	2.00040e+00	1.43667e+02
762	1.43129e+02	7.62000e+02	2.00039e+00	1.44000e+02
763	1.43458e+02	7.63000e+02	2.00039e+00	1.44333e+02
764	1.43790e+02	7.64000e+02	2.00037e+00	1.44667e+02
765	1.44135e+02	7.65000e+02	2.00036e+00	1.45000e+02
766	1.44471e+02	7.66000e+02	2.00034e+00	1.45333e+02
767	1.44798e+02	7.67000e+02	2.00032e+00	1.45667e+02
768	1.45130e+02	7.68000e+02	2.00030e+00	1.46000e+02
769	1.45469e+02	7.69000e+02	2.00028e+00	1.46333e+02
770	1.45799e+02	7.70000e+02	2.00027e+00	1.46667e+02
771	1.46136e+02	7.71000e+02	2.00025e+00	1.47000e+02
772	1.46461e+02	7.72000e+02	2.00025e+00	1.47333e+02
773	1.46799e+02	7.73000e+02	2.00024e+00	1.47667e+02
774	1.47130e+02	7.74000e+02	2.00024e+00	1.48000e+02
775	1.47468e+02	7.75000e+02	2.00023e+00	1.48333e+02
776	1.47803e+02	7.76000e+02	2.00024e+00	1.48667e+02
777	1.48133e+02	7.77000e+02	2.00023e+00	1.49000e+02
778	1.48480e+02	7.78000e+02	2.00022e+00	1.49333e+02
779	1.48807e+02	7.79000e+02	2.00021e+00	1.49667e+02
780	1.49149e+02	7.80000e+02	2.00020e+00	1.50000e+02
781	1.49482e+02	7.81000e+02	2.00018e+00	1.50333e+02
782	1.49809e+02	7.82000e+02	2.00016e+00	1.50667e+02
783	1.50154e+02	7.83000e+02	2.00015e+00	1.51000e+02
784	1.50472e+02	7.84000e+02	2.00013e+00	1.51333e+02
785	1.50814e+02	7.85000e+02	2.00012e+00	1.51667e+02
786	1.51151e+02	7.86000e+02	2.00010e+00	1.52000e+02
787	1.51474e+02	7.87000e+02	2.00009e+00	1.52333e+02
788	1.51803e+02	7.88000e+02	2.00008e+00	1.52667e+02
789	1.52143e+02	7.89000e+02	2.00007e+00	1.53000e+02
790	1.52495e+02	7.90000e+02	2.00005e+00	1.53333e+02
791	1.52814e+02	7.91000e+02	2.00003e+00	1.53667e+02
792	1.53160e+02	7.92000e+02	2.00001e+00	1.54000e+02
793	1.53487e+02	7.93000e+02	1.99999e+00	1.54333e+02
794	1.53828e+02	7.94000e+02	1.99996e+00	1.54667e+02
795	1.54146e+02	7.95000e+02	1.99994e+00	1.55000e+02
796	1.54481e+02	7.96000e+02	1.99990e+00	1.55333e+02
797	1.54822e+02	7.97000e+02	1.99987e+00	1.55667e+02
798	1.55161e+02	7.98000e+02	1.99983e+00	1.56000e+02
799	1.55491e+02	7.99000e+02	1.99980e+00	1.56333e+02
800	1.55835e+02	8.00000e+02	1.99976e+00	1.56667e+02
801	1.56163e+02	8.01000e+02	1.99973e+00	1.57000e+02
802	1.56511e+02	8.02000e+02	1.99970e+00	1.57333e+02
803	1.56842e+02	8.03000e+02	1.99967e+00	1.57667e+02
804	1.57169e+02	8.04000e+02	1.99965e+00	1.58000e+02
805	1.57504e+02	8.05000e+02	1.99963e+00	1.58333e+02
806	1.57833e+02	8.06000e+02	1.99962e+00	1.58667e+02
807	1.58174e+02	8.07000e+02	1.99961e+00	1.59000e+02
808	1.58508e+02	8.08000e+02	1.99961e+00	1.59333e+02
809	1.58832e+02	8.09000e+02	1.99961e+00	1.59667e+02
810	1.59180e+02	8.10000e+02	1.99961e+00	1.60000e+02
811	1.59515e+02	8.11000e+02	1.99961e+00	1.60333e+02
812	1.59846e+02	8.12000e+02	1.99962e+00	1.60667e+02
813	1.60187e+02	8.13000e+02	1.99963e+00	1.61000e+02
814	1.60520e+02	8.14000e+02	1.99963e+00	1.61333e+02
815	1.60858e+02	8.15000e+02	1.99963e+00	1.61667e+02
816	1.61189e+02	8.16000e+02	1.99963e+00	1.62000e+02
817	1.61531e+02	8.17000e+02	1.99962e+00	1.62333e+02
818	1.61861e+02	8.18000e+02	1.99961e+00	1.62667e+02
819	1.62206e+02	8.19000e+02	1.99960e+00	1.63000e+02
820	1.62536e+02	8.20000e+02	1.99957e+00	1.63333e+02
821	1.62869e+02	8.21000e+02	1.99955e+00	1.63667e+02
822	1.63200e+02	8.22000e+02	1.99953e+00	1.64000e+02
823	1.63525e+02	8.23000e+02	1.99951e+00	1.64333e+02
824	1.63878e+02	8.24000e+02	1.99948e+00	1.64667e+02
825	1.64206e+02	8.25000e+02	1.99946e+00	1.65000e+02
826	1.64539e+02	8.26000e+02	1.99945e+00	1.65333e+02
827	1.64874e+02	8.27000e+02	1.99944e+00	1.65667e+02
828	1.65217e+02	8.28000e+02	1.99944e+00	1.66000e+02
829	1.65556e+02	8.29000e+02	1.99943e+00	1.66333e+02
830	1.65897e+02	8.30000e+02	1.99943e+00	1.66667e+02
831	1.66214e+02	8.31000e+02	1.99942e+00	1.67000e+02
832	1.66546e+02	8.32000e+02	1.99941e+00	1.67333e+02
833	1.66895e+02	8.33000e+02	1.99940e+00	1.67667e+02
834	1.67230e+02	8.34000e+02	1.99938e+00	1.68000e+02
835	1.67564e+02	8.35000e+02	1.99936e+00	1.68333e+02
836	1.67902e+02	8.36000e+02	1.99933e+00	1.68667e+02
837	1.68237e+02	8.37000e+02	1.99930e+00	1.69000e+02
838	1.68576e+02	8.38000e+02	1.99927e+00	1.69333e+02
839	1.68915e+02	8.39000e+02	1.99924e+00	1.69667e+02
840	1.69242e+02	8.40000e+02	1.99921e+00	1.70000e+02
841	1.69587e+02	8.41000e+02	1.99919e+00	1.70333e+02
842	1.69930e+02	8.42000e+02	1.99917e+00	1.70667e+02
843	1.70261e+02	8.43000e+02	1.99915e+00	1.71000e+02
844	1.70581e+02	8.44000e+02	1.99914e+00	1.71333e+02
845	1.70910e+02	8.45000e+02	1.99913e+00	1.71667e+02
846	1.71265e+02	8.46000e+02	1.99911e+00	1.72000e+02
847	1.71601e+02	8.47000e+02	1.99910e+00	1.72333e+02
848	1.71946e+02	8.48000e+02	1.99908e+00	1.72667e+02
849	1.72258e+02	8.49000e+02	1.99906e+00	1.73000e+02
850	1.72599e+02	8.50000e+02	1.99903e+00	1.73333e+02
851	1.72940e+02	8.51000e+02	1.99900e+00	1.73667e+02
852	1.73266e+02	8.52000e+02	1.99895e+00	1.74000e+02
853	1.73606e+02	8.53000e+02	1.99891e+00	1.74333e+02
854	1.73945e+02	8.54000e+02	1.99887e+00	1.74667e+02
855	1.74292e+02	8.55000e+02	1.99883e+00	1.75000e+02
856	1.74614e+02	8.56000e+02	1.99879e+00	1.75333e+02
857	1.74949e+02	8.57000e+02	1.99874e+00	1.75667e+02
858	1.75287e+02	8.58000e+02	1.99870e+00	1.76000e+02
859	1.75616e+02	8.59000e+02	1.99865e+00	1.76333e+02
860	1.75958e+02	8.60000e+02	1.99860e+00	1.76667e+02
861	1.76291e+02	8.61000e+02	1.99854e+00	1.77000e+02
862	1.76634e+02	8.62000e+02	1.99849e+00	1.77333e+02
863	1.76971e+02	8.63000e+02	1.99843e+00	1.77667e+02
864	1.77301e+02	8.64000e+02	1.99836e+00	1.78000e+02
865	1.77641e+02	8.65000e+02	1.99830e+00	1.78333e+02
866	1.77965e+02	8.66000e+02	1.99823e+00	1.78667e+02
867	1.78305e+02	8.67000e+02	1.99817e+00	1.79000e+02
868	1.78645e+02	8.68000e+02	1.99810e+00	1.79333e+02
869	1.78980e+02	8.69000e+02	1.99802e+00	1.79667e+02
870	1.79318e+02	8.70000e+02	1.99795e+00	1.80000e+02
871	1.79657e+02	8.71000e+02	1.99787e+00	1.80333e+02
872	1.79997e+02	8.72000e+02	1.99779e+00	1.80667e+02
873	1.80328e+02	8.73000e+02	1.99770e+00	1.81000e+02
874	1.80670e+02	8.74000e+02	1.99761e+00	1.81333e+02
875	1.81003e+02	8.75000e+02	1.99752e+00	1.81667e+02
876	1.81343e+02	8.76000e+02	1.99742e+00	1.82000e+02
877	1.81670e+02	8.77000e+02	1.99733e+00	1.82333e+02
878	1.82013e+02	8.78000e+02	1.99724e+00	1.82667e+02
879	1.82359e+02	8.79000e+02	1.99715e+00	1.83000e+02
880	1.82688e+02	8.80000e+02	1.99706e+00	1.83333e+02
881	1.83033e+02	8.81000e+02	1.99697e+00	1.83667e+02
882	1.83360e+02	8.82000e+02	1.99688e+00	1.84000e+02
883	1.83704e+02	8.83000e+02	1.99678e+00	1.84333e+02
884	1.84035e+02	8.84000e+02	1.99668e+00	1.84667e+02
885	1.84364e+02	8.85000e+02	1.99658e+00	1.85000e+02
886	1.84698e+02	8.86000e+02	1.99647e+00	1.85333e+02
887	1.85047e+02	8.87000e+02	1.99636e+00	1.85667e+02
888	1.85386e+02	8.88000e+02	1.99623e+00	1.86000e+02
889	1.85717e+02	8.89000e+02	1.99611e+00	1.86333e+02
890	1.86055e+02	8.90000e+02	1.99599e+00	1.86667e+02
891	1.86391e+02	8.91000e+02	1.99586e+00	1.87000e+02
892	1.86726e+02	8.92000e+02	1.99572e+00	1.87333e+02
893	1.87065e+02	8.93000e+02	1.99558e+00	1.87667e+02
894	1.87404e+02	8.94000e+02	1.99545e+00	1.88000e+02
895	1.87746e+02	8.95000e+02	1.99531e+00	1.88333e+02
896	1.88084e+02	8.96000e+02	1.99517e+00	1.88667e+02
897	1.88424e+02	8.97000e+02	1.99503e+00	1.89000e+02
898	1.88751e+02	8.98000e+02	1.99488e+00	1.89333e+02
899	1.89079e+02	8.99000e+02	1.99474e+00	1.89667e+02
900	1.89432e+02	9.00000e+02	1.99459e+00	1.90000e+02
901	1.89767e+02	9.01000e+02	1.99444e+00	1.90333e+02
902	1.90115e+02	9.02000e+02	1.99429e+00	1.90667e+02
903	1.90437e+02	9.03000e+02	1.99414e+00	1.91000e+02
904	1.90779e+02	9.04000e+02	1.99398e+00	1.91333e+02
905	1.91124e+02	9.05000e+02	1.99383e+00	1.91667e+02
906	1.91447e+02	9.06000e+02	1.99367e+00	1.92000e+02
907	1.91789e+02	9.07000e+02	1.99351e+00	1.92333e+02
908	1.92124e+02	9.08000e+02	1.99335e+00	1.92667e+02
909	1.92467e+02	9.09000e+02	1.99317e+00	1.93000e+02
910	1.92809e+02	9.10000e+02	1.99299e+00	1.93333e+02
911	1.93153e+02	9.11000e+02	1.99281e+00	1.93667e+02
912	1.93492e+02	9.12000e+02	1.99260e+00	1.94000e+02
913	1.93812e+02	9.13000e+02	1.99239e+00	1.94333e+02
914	1.94156e+02	9.14000e+02	1.99218e+00	1.94667e+02
915	1.94498e+02	9.15000e+02	1.99196e+00	1.95000e+02
916	1.94828e+02	9.16000e+02	1.99172e+00	1.95333e+02
917	1.95168e+02	9.17000e+02	1.99150e+00	1.95667e+02
918	1.95497e+02	9.18000e+02	1.99127e+00	1.96000e+02
919	1.95852e+02	9.19000e+02	1.99105e+00	1.96333e+02
920	1.96190e+02	9.20000e+02	1.99083e+00	1.96667e+02
921	1.96518e+02	9.21000e+02	1.99061e+00	1.97000e+02
922	1.96846e+02	9.22000e+02	1.99039e+00	1.97333e+02
923	1.97192e+02	9.23000e+02	1.99017e+00	1.97667e+02
924	1.97529e+02	9.24000e+02	1.98994e+00	1.98000e+02
925	1.97873e+02	9.25000e+02	1.98972e+00	1.98333e+02
926	1.98203e+02	9.26000e+02	1.98949e+00	1.98667e+02
927	1.98548e+02	9.27000e+02	1.98926e+00	1.99000e+02
928	1.98885e+02	9.28000e+02	1.98902e+00	1.99333e+02
929	1.99214e+02	9.29000e+02	1.98879e+00	1.99667e+02
930	1.99549e+02	9.30000e+02	1.98855e+00	2.00000e+02
931	1.99898e+02	9.31000e+02	1.98831e+00	2.00333e+02
932	2.00219e+02	9.32000e+02	1.98807e+00	2.00667e+02
933	2.00566e+02	9.33000e+02	1.98784e+00	2.01000e+02
934	2.00895e+02	9.34000e+02	1.98760e+00	2.01333e+02
935	2.01243e+02	9.35000e+02	1.98737e+00	2.01667e+02
936	2.01580e+02	9.36000e+02	1.98713e+00	2.02000e+02
937	2.01925e+02	9.37000e+02	1.98690e+00	2.02333e+02
938	2.02262e+02	9.38000e+02	1.98667e+00	2.02667e+02
939	2.02593e+02	9.39000e+02	1.98644e+00	2.03000e+02
940	2.02924e+02	9.40000e+02	1.98620e+00	2.03333e+02
941	2.03263e+02	9.41000e+02	1.98595e+00	2.03667e+02
942	2.03599e+02	9.42000e+02	1.98570e+00	2.04000e+02
943	2.03942e+02	9.43000e+02	1.98545e+00	2.04333e+02
944	2.04275e+02	9.44000e+02	1.98518e+00	2.04667e+02
945	2.04605e+02	9.45000e+02	1.98492e+00	2.05000e+02
946	2.04956e+02	9.46000e+02	1.98466e+00	2.05333e+02
947	2.05283e+02	9.47000e+02	1.98439e+00	2.05667e+02
948	2.05624e+02	9.48000e+02	1.98413e+00	2.06000e+02
949	2.05966e+02	9.49000e+02	1.98386e+00	2.06333e+02
950	2.06316e+02	9.50000e+02	1.98360e+00	2.06667e+02
951	2.06634e+02	9.51000e+02	1.98333e+00	2.07000e+02
952	2.06988e+02	9.52000e+02	1.98306e+00	2.07333e+02
953	2.07321e+02	9.53000e+02	1.98280e+00	2.07667e+02
954	2.07664e+02	9.54000e+02	1.98254e+00	2.08000e+02
955	2.07995e+02	9.55000e+02	1.98229e+00	2.08333e+02
956	2.08318e+02	9.56000e+02	1.98205e+00	2.08667e+02
957	2.08664e+02	9.57000e+02	1.98181e+00	2.09000e+02
958	2.09006e+02	9.58000e+02	1.98157e+00	2.09333e+02
959	2.09347e+02	9.59000e+02	1.98133e+00	2.09667e+02
960	2.09679e+02	9.60000e+02	1.98110e+00	2.10000e+02
961	2.10018e+02	9.61000e+02	1.98086e+00	2.10333e+02
962	2.10365e+02	9.62000e+02	1.98061e+00	2.10667e+02
963	2.10687e+02	9.63000e+02	1.98036e+00	2.11000e+02
964	2.11033e+02	9.64000e+02	1.98009e+00	2.11333e+02
965	2.11362e+02	9.65000e+02	1.97983e+00	2.11667e+02
966	2.11712e+02	9.66000e+02	1.97958e+00	2.12000e+02
967	2.12051e+02	9.67000e+02	1.97932e+00	2.12333e+02
968	2.12382e+02	9.68000e+02	1.97908e+00	2.12667e+02
969	2.12721e+02	9.69000e+02	1.97883e+00	2.13000e+02
970	2.13053e+02	9.70000e+02	1.97859e+00	2.13333e+02
971	2.13400e+02	9.71000e+02	1.97835e+00	2.13667e+02
972	2.13735e+02	9.72000e+02	1.97812e+00	2.14000e+02
973	2.14066e+02	9.73000e+02	1.97789e+00	2.14333e+02
974	2.14417e+02	9.74000e+02	1.97766e+00	2.14667e+02
975	2.14743e+02	9.75000e+02	1.97743e+00	2.15000e+02
976	2.15079e+02	9.76000e+02	1.97720e+00	2.15333e+02
977	2.15417e+02	9.77000e+02	1.97696e+00	2.15667e+02
978	2.15746e+02	9.78000e+02	1.97672e+00	2.16000e+02
979	2.16086e+02	9.79000e+02	1.97648e+00	2.16333e+02
980	2.16430e+02	9.80000e+02	1.97622e+00	2.16667e+02
981	2.16772e+02	9.81000e+02	1.97596e+00	2.17000e+02
982	2.17110e+02	9.82000e+02	1.97570e+00	2.17333e+02
983	2.17443e+02	9.83000e+02	1.97544e+00	2.17667e+02
984	2.17773e+02	9.84000e+02	1.97517e+00	2.18000e+02
985	2.18117e+02	9.85000e+02	1.97491e+00	2.18333e+02
986	2.18453e+02	9.86000e+02	1.97464e+00	2.18667e+02
987	2.18795e+02	9.87000e+02	1.97438e+00	2.19000e+02
988	2.19131e+02	9.88000e+02	1.97414e+00	2.19333e+02
989	2.19464e+02	9.89000e+02	1.97389e+00	2.19667e+02
990	2.19810e+02	9.90000e+02	1.97365e+00	2.20000e+02
991	2.20142e+02	9.91000e+02	1.97342e+00	2.20333e+02
992	2.20473e+02	9.92000e+02	1.97320e+00	2.20667e+02
993	2.20816e+02	9.93000e+02	1.97298e+00	2.21000e+02
994	2.21147e+02	9.94000e+02	1.97276e+00	2.21333e+02
995	2.21489e+02	9.95000e+02	1.97253e+00	2.21667e+02
996	2.21824e+02	9.96000e+02	1.97230e+00	2.22000e+02
997	2.22159e+02	9.97000e+02	1.97206e+00	2.22333e+02
998	2.22497e+02	9.98000e+02	1.97182e+00	2.22667e+02
999	2.22833e+02	9.99000e+02	1.97157e+00	2.23000e+02
1000	2.23172e+02	1.00000e+03	1.97129e+00	2.23333e+02
1001	2.23509e+02	1.00100e+03	1.97102e+00	2.23667e+02
1002	2.23853e+02	1.00200e+03	1.97075e+00	2.24000e+02
1003	2.24186e+02	1.00300e+03	1.97048e+00	2.24333e+02
1004	2.24528e+02	1.00400e+03	1.97020e+00	2.24667e+02
1005	2.24869e+02	1.00500e+03	1.96993e+00	2.25000e+02
1006	2.25201e+02	1.00600e+03	1.96967e+00	2.25333e+02
1007	2.25538e+02	1.00700e+03	1.96940e+00	2.25667e+02
1008	2.25874e+02	1.00800e+03	1.96914e+00	2.26000e+02
1009	2.26212e+02	1.00900e+03	1.96887e+00	2.26333e+02
1010	2.26546e+02	1.01000e+03	1.96860e+00	2.26667e+02
1011	2.26875e+02	1.01100e+03	1.96833e+00	2.27000e+02
1012	2.27210e+02	1.01200e+03	1.96805e+00	2.27333e+02
1013	2.27554e+02	1.01300e+03	1.96778e+00	2.27667e+02
1014	2.27895e+02	1.01400e+03	1.96751e+00	2.28000e+02
1015	2.28222e+02	1.01500e+03	1.96725e+00	2.28333e+02
1016	2.28568e+02	1.01600e+03	1.96699e+00	2.28667e+02
1017	2.28907e+02	1.01700e+03	1.96673e+00	2.29000e+02
1018	2.29234e+02	1.01800e+03	1.96647e+00	2.29333e+02
1019	2.29578e+02	1.01900e+03	1.96621e+00	2.29667e+02
1020	2.29918e+02	1.02000e+03	1.96596e+00	2.30000e+02
1021	2.30258e+02	1.02100e+03	1.96571e+00	2.30333e+02
1022	2.30591e+02	1.02200e+03	1.96546e+00	2.30667e+02
1023	2.30920e+02	1.02300e+03	1.96521e+00	2.31000e+02
1024	2.31265e+02	1.02400e+03	1.96498e+00	2.31333e+02
1025	2.31600e+02	1.02500e+03	1.96474e+00	2.31667e+02
1026	2.31944e+02	1.02600e+03	1.96449e+00	2.32000e+02
1027	2.32279e+02	1.02700e+03	1.96425e+00	2.32333e+02
1028	2.32610e+02	1.02800e+03	1.96401e+00	2.32667e+02
1029	2.32946e+02	1.02900e+03	1.96375e+00	2.33000e+02
1030	2.33279e+02	1.03000e+03	1.96349e+00	2.33333e+02
1031	2.33617e+02	1.03100e+03	1.96322e+00	2.33667e+02
1032	2.33959e+02	1.03200e+03	1.96294e+00	2.34000e+02
1033	2.34290e+02	1.03300e+03	1.96266e+00	2.34333e+02
1034	2.34620e+02	1.03400e+03	1.96238e+00	2.34667e+02
1035	2.34968e+02	1.03500e+03	1.96210e+00	2.35000e+02
1036	2.35304e+02	1.03600e+03	1.96183e+00	2.35333e+02
1037	2.35629e+02	1.03700e+03	1.96156e+00	2.35667e+02
1038	2.35973e+02	1.03800e+03	1.96129e+00	2.36000e+02
1039	2.36316e+02	1.03900e+03	1.96103e+00	2.36333e+02
1040	2.36651e+02	1.04000e+03	1.96078e+00	2.36667e+02
1041	2.36989e+02	1.04100e+03	1.96054e+00	2.37000e+02
1042	2.37321e+02	1.04200e+03	1.96029e+00	2.37333e+02
1043	2.37663e+02	1.04300e+03	1.96005e+00	2.37667e+02
1044	2.38011e+02	1.04400e+03	1.95982e+00	2.38000e+02
1045	2.38348e+02	1.04500e+03	1.95957e+00	2.38333e+02
1046	2.38673e+02	1.04600e+03	1.95933e+00	2.38667e+02
1047	2.39008e+02	1.04700e+03	1.95908e+00	2.39000e+02
1048	2.39345e+02	1.04800e+03	1.95882e+00	2.39333e+02
1049	2.39680e+02	1.04900e+03	1.95856e+00	2.39667e+02
1050	2.40025e+02	1.05000e+03	1.95831e+00	2.40000e+02
1051	2.40357e+02	1.05100e+03	1.95806e+00	2.40333e+02
1052	2.40695e+02	1.05200e+03	1.95780e+00	2.40667e+02
1053	2.41033e+02	1.05300e+03	1.95755e+00	2.41000e+02
1054	2.41370e+02	1.05400e+03	1.95730e+00	2.41333e+02
1055	2.41707e+02	1.05500e+03	1.95705e+00	2.41667e+02
1056	2.42037e+02	1.05600e+03	1.95680e+00	2.42000e+02
1057	2.42371e+02	1.05700e+03	1.95655e+00	2.42333e+02
1058	2.42720e+02	1.05800e+03	1.95630e+00	2.42667e+02
1059	2.43040e+02	1.05900e+03	1.95605e+00	2.43000e+02
1060	2.43388e+02	1.06000e+03	1.95580e+00	2.43333e+02
1061	2.43720e+02	1.06100e+03	1.95555e+00	2.43667e+02
1062	2.44063e+02	1.06200e+03	1.95530e+00	2.44000e+02
1063	2.44397e+02	1.06300e+03	1.95504e+00	2.44333e+02
1064	2.44738e+02	1.06400e+03	1.95479e+00	2.44667e+02
1065	2.45069e+02	1.06500e+03	1.95453e+00	2.45000e+02
1066	2.45413e+02	1.06600e+03	1.95427e+00	2.45333e+02
1067	2.45745e+02	1.06700e+03	1.95401e+00	2.45667e+02
1068	2.46072e+02	1.06800e+03	1.95374e+00	2.46000e+02
1069	2.46409e+02	1.06900e+03	1.95348e+00	2.46333e+02
1070	2.46753e+02	1.07000e+03	1.95321e+00	2.46667e+02
1071	2.47082e+02	1.07100e+03	1.95296e+00	2.47000e+02
1072	2.47418e+02	1.07200e+03	1.95270e+00	2.47333e+02
1073	2.47755e+02	1.07300e+03	1.95244e+00	2.47667e+02
1074	2.48097e+02	1.07400e+03	1.95218e+00	2.48000e+02
1075	2.48432e+02	1.07500e+03	1.95192e+00	2.48333e+02
1076	2.48771e+02	1.07600e+03	1.95165e+00	2.48667e+02
1077	2.49098e+02	1.07700e+03	1.95138e+00	2.49000e+02
1078	2.49443e+02	1.07800e+03	1.95111e+00	2.49333e+02
1079	2.49772e+02	1.07900e+03	1.95085e+00	2.49667e+02
1080	2.50117e+02	1.08000e+03	1.95057e+00	2.50000e+02
1081	2.50448e+02	1.08100e+03	1.95031e+00	2.50333e+02
1082	2.50783e+02	1.08200e+03	1.95004e+00	2.50667e+02
1083	2.51121e+02	1.08300e+03	1.94978e+00	2.51000e+02
1084	2.51448e+02	1.08400e+03	1.94953e+00	2.51333e+02
1085	2.51794e+02	1.08500e+03	1.94927e+00	2.51667e+02
1086	2.52122e+02	1.08600e+03	1.94901e+00	2.52000e+02
1087	2.52459e+02	1.08700e+03	1.94875e+00	2.52333e+02
1088	2.52797e+02	1.08800e+03	1.94850e+00	2.52667e+02
1089	2.53132e+02	1.08900e+03	1.94824e+00	2.53000e+02
1090	2.53471e+02	1.09000e+03	1.94799e+00	2.53333e+02
1091	2.53814e+02	1.09100e+03	1.94773e+00	2.53667e+02
1092	2.54144e+02	1.09200e+03	1.94747e+00	2.54000e+02
1093	2.54482e+02	1.09300e+03	1.94721e+00	2.54333e+02
1094	2.54808e+02	1.09400e+03	1.94696e+00	2.54667e+02
1095	2.55158e+02	1.09500e+03	1.94670e+00	2.55000e+02
1096	2.55490e+02	1.09600e+03	1.94646e+00	2.55333e+02
1097	2.55829e+02	1.09700e+03	1.94621e+00	2.55667e+02
1098	2.56164e+02	1.09800e+03	1.94597e+00	2.56000e+02
1099	2.56494e+02	1.09900e+03	1.94573e+00	2.56333e+02
1100	2.56838e+02	1.10000e+03	1.94550e+00	2.56667e+02
1101	2.57160e+02	1.10100e+03	1.94528e+00	2.57000e+02
1102	2.57506e+02	1.10200e+03	1.94505e+00	2.57333e+02
1103	2.57848e+02	1.10300e+03	1.94481e+00	2.57667e+02
1104	2.58190e+02	1.10400e+03	1.94458e+00	2.58000e+02
1105	2.58515e+02	1.10500e+03	1.94434e+00	2.58333e+02
1106	2.58858e+02	1.10600e+03	1.94409e+00	2.58667e+02
1107	2.59194e+02	1.10700e+03	1.94384e+00	2.59000e+02
1108	2.59534e+02	1.10800e+03	1.94358e+00	2.59333e+02
1109	2.59874e+02	1.10900e+03	1.94332e+00	2.59667e+02
1110	2.60193e+02	1.11000e+03	1.94306e+00	2.60000e+02
1111	2.60520e+02	1.11100e+03	1.94280e+00	2.60333e+02
1112	2.60866e+02	1.11200e+03	1.94253e+00	2.60667e+02
1113	2.61203e+02	1.11300e+03	1.94227e+00	2.61000e+02
1114	2.61541e+02	1.11400e+03	1.94200e+00	2.61333e+02
1115	2.61875e+02	1.11500e+03	1.94174e+00	2.61667e+02
1116	2.62210e+02	1.11600e+03	1.94147e+00	2.62000e+02
1117	2.62546e+02	1.11700e+03	1.94121e+00	2.62333e+02
1118	2.62887e+02	1.11800e+03	1.94095e+00	2.62667e+02
1119	2.63224e+02	1.11900e+03	1.94070e+00	2.63000e+02
1120	2.63555e+02	1.12000e+03	1.94044e+00	2.63333e+02
1121	2.63895e+02	1.12100e+03	1.94019e+00	2.63667e+02
1122	2.64237e+02	1.12200e+03	1.93994e+00	2.64000e+02
1123	2.64557e+02	1.12300e+03	1.93969e+00	2.64333e+02
1124	2.64897e+02	1.12400e+03	1.93945e+00	2.64667e+02
1125	2.65238e+02	1.12500e+03	1.93920e+00	2.65000e+02
1126	2.65572e+02	1.12600e+03	1.93895e+00	2.65333e+02
1127	2.65913e+02	1.12700e+03	1.93870e+00	2.65667e+02
1128	2.66248e+02	1.12800e+03	1.93845e+00	2.66000e+02
1129	2.66581e+02	1.12900e+03	1.93820e+00	2.66333e+02
1130	2.66920e+02	1.13000e+03	1.93794e+00	2.66667e+02
1131	2.67257e+02	1.13100e+03	1.93769e+00	2.67000e+02
1132	2.67582e+02	1.13200e+03	1.93744e+00	2.67333e+02
1133	2.67922e+02	1.13300e+03	1.93719e+00	2.67667e+02
1134	2.68262e+02	1.13400e+03	1.93694e+00	2.68000e+02
1135	2.68596e+02	1.13500e+03	1.93669e+00	2.68333e+02
1136	2.68918e+02	1.13600e+03	1.93645e+00	2.68667e+02
1137	2.69251e+02	1.13700e+03	1.93620e+00	2.69000e+02
1138	2.69599e+02	1.13800e+03	1.93596e+00	2.69333e+02
1139	2.69934e+02	1.13900e+03	1.93571e+00	2.69667e+02
1140	2.70262e+02	1.14000e+03	1.93545e+00	2.70000e+02
1141	2.70601e+02	1.14100e+03	1.93520e+00	2.70333e+02
1142	2.70940e+02	1.14200e+03	1.93494e+00	2.70667e+02
1143	2.71259e+02	1.14300e+03	1.93468e+00	2.71000e+02
1144	2.71603e+02	1.14400e+03	1.93441e+00	2.71333e+02
1145	2.71952e+02	1.14500e+03	1.93414e+00	2.71667e+02
1146	2.72279e+02	1.14600e+03	1.93387e+00	2.72000e+02
1147	2.72618e+02	1.14700e+03	1.93360e+00	2.72333e+02
1148	2.72946e+02	1.14800e+03	1.93332e+00	2.72667e+02
1149	2.73277e+02	1.14900e+03	1.93305e+00	2.73000e+02
1150	2.73611e+02	1.15000e+03	1.93277e+00	2.73333e+02
1151	2.73949e+02	1.15100e+03	1.93249e+00	2.73667e+02
1152	2.74277e+02	1.15200e+03	1.93221e+00	2.74000e+02
1153	2.74624e+02	1.15300e+03	1.93193e+00	2.74333e+02
1154	2.74959e+02	1.15400e+03	1.93165e+00	2.74667e+02
1155	2.75293e+02	1.15500e+03	1.93137e+00	2.75000e+02
1156	2.75627e+02	1.15600e+03	1.93108e+00	2.75333e+02
1157	2.75960e+02	1.15700e+03	1.93078e+00	2.75667e+02
1158	2.76296e+02	1.15800e+03	1.93049e+00	2.76000e+02
1159	2.76633e+02	1.15900e+03	1.93019e+00	2.76333e+02
1160	2.76967e+02	1.16000e+03	1.92988e+00	2.76667e+02
1161	2.77294e+02	1.16100e+03	1.92958e+00	2.77000e+02
1162	2.77631e+02	1.16200e+03	1.92927e+00	2.77333e+02
1163	2.77962e+02	1.16300e+03	1.92897e+00	2.77667e+02
1164	2.78308e+02	1.16400e+03	1.92867e+00	2.78000e+02
1165	2.78639e+02	1.16500e+03	1.92836e+00	2.78333e+02
1166	2.78970e+02	1.16600e+03	1.92805e+00	2.78667e+02
1167	2.79298e+02	1.16700e+03	1.92773e+00	2.79000e+02
1168	2.79652e+02	1.16800e+03	1.92742e+00	2.79333e+02
1169	2.79973e+02	1.16900e+03	1.92709e+00	2.79667e+02
1170	2.80313e+02	1.17000e+03	1.92677e+00	2.80000e+02
1171	2.80645e+02	1.17100e+03	1.92645e+00	2.80333e+02
1172	2.80990e+02	1.17200e+03	1.92611e+00	2.80667e+02
1173	2.81319e+02	1.17300e+03	1.92577e+00	2.81000e+02
1174	2.81656e+02	1.17400e+03	1.92542e+00	2.81333e+02
1175	2.81981e+02	1.17500e+03	1.92508e+00	2.81667e+02
1176	2.82334e+02	1.17600e+03	1.92472e+00	2.82000e+02
1177	2.82663e+02	1.17700e+03	1.92436e+00	2.82333e+02
1178	2.82997e+02	1.17800e+03	1.92400e+00	2.82667e+02
1179	2.83323e+02	1.17900e+03	1.92364e+00	2.83000e+02
1180	2.83671e+02	1.18000e+03	1.92326e+00	2.83333e+02
1181	2.83997e+02	1.18100e+03	1.92289e+00	2.83667e+02
1182	2.84334e+02	1.18200e+03	1.92252e+00	2.84000e+02
1183	2.84670e+02	1.18300e+03	1.92215e+00	2.84333e+02
1184	2.85017e+02	1.18400e+03	1.92176e+00	2.84667e+02
1185	2.85334e+02	1.18500e+03	1.92138e+00	2.85000e+02
1186	2.85678e+02	1.18600e+03	1.92100e+00	2.85333e+02
1187	2.86013e+02	1.18700e+03	1.92061e+00	2.85667e+02
1188	2.86339e+02	1.18800e+03	1.92021e+00	2.86000e+02
1189	2.86687e+02	1.18900e+03	1.91982e+00	2.86333e+02
1190	2.87012e+02	1.19000e+03	1.91941e+00	2.86667e+02
1191	2.87352e+02	1.19100e+03	1.91901e+00	2.87000e+02
1192	2.87680e+02	1.19200e+03	1.91859e+00	2.87333e+02
1193	2.88022e+02	1.19300e+03	1.91817e+00	2.87667e+02
1194	2.88355e+02	1.19400e+03	1.91774e+00	2.88000e+02
1195	2.88693e+02	1.19500e+03	1.91731e+00	2.88333e+02
1196	2.89029e+02	1.19600e+03	1.91684e+00	2.88667e+02
1197	2.89351e+02	1.19700e+03	1.91637e+00	2.89000e+02
1198	2.89688e+02	1.19800e+03	1.91589e+00	2.89333e+02
1199	2.90036e+02	1.19900e+03	1.91540e+00	2.89667e+02
1200	2.90360e+02	1.20000e+03	1.91486e+00	2.90000e+02
1201	2.90692e+02	1.20100e+03	1.91434e+00	2.90333e+02
1202	2.91031e+02	1.20200e+03	1.91383e+00	2.90667e+02
1203	2.91349e+02	1.20300e+03	1.91331e+00	2.91000e+02
1204	2.91690e+02	1.20400e+03	1.91279e+00	2.91333e+02
1205	2.92014e+02	1.20500e+03	1.91227e+00	2.91667e+02
1206	2.92346e+02	1.20600e+03	1.91176e+00	2.92000e+02
1207	2.92686e+02	1.20700e+03	1.91125e+00	2.92333e+02
1208	2.93025e+02	1.20800e+03	1.91075e+00	2.92667e+02
1209	2.93356e+02	1.20900e+03	1.91025e+00	2.93000e+02
1210	2.93691e+02	1.21000e+03	1.90974e+00	2.93333e+02
1211	2.94037e+02	1.21100e+03	1.90923e+00	2.93667e+02
1212	2.94366e+02	1.21200e+03	1.90872e+00	2.94000e+02
1213	2.94705e+02	1.21300e+03	1.90820e+00	2.94333e+02
1214	2.95028e+02	1.21400e+03	1.90768e+00	2.94667e+02
1215	2.95365e+02	1.21500e+03	1.90716e+00	2.95000e+02
1216	2.95702e+02	1.21600e+03	1.90662e+00	2.95333e+02
1217	2.96034e+02	1.21700e+03	1.90608e+00	2.95667e+02
1218	2.96370e+02	1.21800e+03	1.90554e+00	2.96000e+02
1219	2.96698e+02	1.21900e+03	1.90499e+00	2.96333e+02
1220	2.97041e+02	1.22000e+03	1.90442e+00	2.96667e+02
1221	2.97377e+02	1.22100e+03	1.90385e+00	2.97000e+02
1222	2.97700e+02	1.22200e+03	1.90328e+00	2.97333e+02
1223	2.98045e+02	1.22300e+03	1.90271e+00	2.97667e+02
1224	2.98367e+02	1.22400e+03	1.90211e+00	2.98000e+02
1225	2.98701e+02	1.22500e+03	1.90151e+00	2.98333e+02
1226	2.99041e+02	1.22600e+03	1.90091e+00	2.98667e+02
1227	2.99376e+02	1.22700e+03	1.90031e+00	2.99000e+02
1228	2.99710e+02	1.22800e+03	1.89968e+00	2.99333e+02
1229	3.00043e+02	1.22900e+03	1.89907e+00	2.99667e+02
1230	3.00383e+02	1.23000e+03	1.89845e+00	3.00000e+02
1231	3.00716e+02	1.23100e+03	1.89783e+00	3.00333e+02
1232	3.01044e+02	1.23200e+03	1.89719e+00	3.00667e+02
1233	3.01381e+02	1.23300e+03	1.89656e+00	3.01000e+02
1234	3.01715e+02	1.23400e+03	1.89591e+00	3.01333e+02
1235	3.02050e+02	1.23500e+03	1.89526e+00	3.01667e+02
1236	3.02376e+02	1.23600e+03	1.89459e+00	3.02000e+02
1237	3.02713e+02	1.23700e+03	1.89392e+00	3.02333e+02
1238	3.03042e+02	1.23800e+03	1.89325e+00	3.02667e+02
1239	3.03382e+02	1.23900e+03	1.89258e+00	3.03000e+02
1240	3.03714e+02	1.24000e+03	1.89188e+00	3.03333e+02
1241	3.04052e+02	1.24100e+03	1.89119e+00	3.03667e+02
1242	3.04389e+02	1.24200e+03	1.89050e+00	3.04000e+02
1243	3.04731e+02	1.24300e+03	1.88981e+00	3.04333e+02
1244	3.05054e+02	1.24400e+03	1.88910e+00	3.04667e+02
1245	3.05394e+02	1.24500e+03	1.88839e+00	3.05000e+02
1246	3.05723e+02	1.24600e+03	1.88767e+00	3.05333e+02
1247	3.06058e+02	1.24700e+03	1.88696e+00	3.05667e+02
1248	3.06397e+02	1.24800e+03	1.88622e+00	3.06000e+02
1249	3.06723e+02	1.24900e+03	1.88549e+00	3.06333e+02
1250	3.07056e+02	1.25000e+03	1.88476e+00	3.06667e+02
1251	3.07382e+02	1.25100e+03	1.88402e+00	3.07000e+02
1252	3.07723e+02	1.25200e+03	1.88327e+00	3.07333e+02
1253	3.08059e+02	1.25300e+03	1.88253e+00	3.07667e+02
1254	3.08391e+02	1.25400e+03	1.88178e+00	3.08000e+02
1255	3.08720e+02	1.25500e+03	1.88103e+00	3.08333e+02
1256	3.09056e+02	1.25600e+03	1.88027e+00	3.08667e+02
1257	3.09389e+02	1.25700e+03	1.87950e+00	3.09000e+02
1258	3.09725e+02	1.25800e+03	1.87874e+00	3.09333e+02
1259	3.10053e+02	1.25900e+03	1.87797e+00	3.09667e+02
1260	3.10390e+02	1.26000e+03	1.87720e+00	3.10000e+02
1261	3.10729e+02	1.26100e+03	1.87642e+00	3.10333e+02
1262	3.11048e+02	1.26200e+03	1.87565e+00	3.10667e+02
1263	3.11387e+02	1.26300e+03	1.87487e+00	3.11000e+02
1264	3.11732e+02	1.26400e+03	1.87408e+00	3.11333e+02
1265	3.12059e+02	1.26500e+03	1.87330e+00	3.11667e+02
1266	3.12390e+02	1.26600e+03	1.87251e+00	3.12000e+02
1267	3.12730e+02	1.26700e+03	1.87171e+00	3.12333e+02
1268	3.13056e+02	1.26800e+03	1.87090e+00	3.12667e+02
1269	3.13400e+02	1.26900e+03	1.87010e+00	3.13000e+02
1270	3.13734e+02	1.27000e+03	1.86929e+00	3.13333e+02
1271	3.14065e+02	1.27100e+03	1.86848e+00	3.13667e+02
1272	3.14400e+02	1.27200e+03	1.86766e+00	3.14000e+02
1273	3.14735e+02	1.27300e+03	1.86684e+00	3.14333e+02
1274	3.15070e+02	1.27400e+03	1.86603e+00	3.14667e+02
1275	3.15396e+02	1.27500e+03	1.86521e+00	3.15000e+02
1276	3.15719e+02	1.27600e+03	1.86439e+00	3.15333e+02
1277	3.16057e+02	1.27700e+03	1.86357e+00	3.15667e+02
1278	3.16397e+02	1.27800e+03	1.86276e+00	3.16000e+02
1279	3.16733e+02	1.27900e+03	1.86194e+00	3.16333e+02
1280	3.17074e+02	1.28000e+03	1.86113e+00	3.16667e+02
1281	3.17401e+02	1.28100e+03	1.86031e+00	3.17000e+02
1282	3.17729e+02	1.28200e+03	1.85949e+00	3.17333e+02
1283	3.18065e+02	1.28300e+03	1.85867e+00	3.17667e+02
1284	3.18398e+02	1.28400e+03	1.85784e+00	3.18000e+02
1285	3.18729e+02	1.28500e+03	1.85701e+00	3.18333e+02
1286	3.19059e+02	1.28600e+03	1.85617e+00	3.18667e+02
1287	3.19400e+02	1.28700e+03	1.85532e+00	3.19000e+02
1288	3.19729e+02	1.28800e+03	1.85446e+00	3.19333e+02
1289	3.20058e+02	1.28900e+03	1.85360e+00	3.19667e+02
1290	3.20387e+02	1.29000e+03	1.85274e+00	3.20000e+02
1291	3.20732e+02	1.29100e+03	1.85187e+00	3.20333e+02
1292	3.21054e+02	1.29200e+03	1.85100e+00	3.20667e+02
1293	3.21393e+02	1.29300e+03	1.85012e+00	3.21000e+02
1294	3.21731e+02	1.29400e+03	1.84924e+00	3.21333e+02
1295	3.22060e+02	1.29500e+03	1.84835e+00	3.21667e+02
1296	3.22389e+02	1.29600e+03	1.84745e+00	3.22000e+02
1297	3.22717e+02	1.29700e+03	1.84654e+00	3.22333e+02
1298	3.23056e+02	1.29800e+03	1.84562e+00	3.22667e+02
1299	3.23400e+02	1.29900e+03	1.84470e+00	3.23000e+02
1300	3.23720e+02	1.30000e+03	1.84374e+00	3.23333e+02
1301	3.24065e+02	1.30100e+03	1.84279e+00	3.23667e+02
1302	3.24389e+02	1.30200e+03	1.84183e+00	3.24000e+02
1303	3.24722e+02	1.30300e+03	1.84086e+00	3.24333e+02
1304	3.25063e+02	1.30400e+03	1.83986e+00	3.24667e+02
1305	3.25390e+02	1.30500e+03	1.83886e+00	3.25000e+02
1306	3.25724e+02	1.30600e+03	1.83785e+00	3.25333e+02
1307	3.26063e+02	1.30700e+03	1.83683e+00	3.25667e+02
1308	3.26392e+02	1.30800e+03	1.83577e+00	3.26000e+02
1309	3.26726e+02	1.30900e+03	1.83471e+00	3.26333e+02
1310	3.27053e+02	1.31000e+03	1.83365e+00	3.26667e+02
1311	3.27391e+02	1.31100e+03	1.83257e+00	3.27000e+02
1312	3.27724e+02	1.31200e+03	1.83145e+00	3.27333e+02
1313	3.28070e+02	1.31300e+03	1.83032e+00	3.27667e+02
1314	3.28389e+02	1.31400e+03	1.82919e+00	3.28000e+02
1315	3.28717e+02	1.31500e+03	1.82804e+00	3.28333e+02
1316	3.29056e+02	1.31600e+03	1.82682e+00	3.28667e+02
1317	3.29391e+02	1.31700e+03	1.82561e+00	3.29000e+02
1318	3.29715e+02	1.31800e+03	1.82438e+00	3.29333e+02
1319	3.30053e+02	1.31900e+03	1.82314e+00	3.29667e+02
1320	3.30385e+02	1.32000e+03	1.82183e+00	3.30000e+02
1321	3.30720e+02	1.32100e+03	1.82053e+00	3.30333e+02
1322	3.31045e+02	1.32200e+03	1.81921e+00	3.30667e+02
1323	3.31380e+02	1.32300e+03	1.81788e+00	3.31000e+02
1324	3.31717e+02	1.32400e+03	1.81648e+00	3.31333e+02
1325	3.32046e+02	1.32500e+03	1.81508e+00	3.31667e+02
1326	3.32380e+02	1.32600e+03	1.81366e+00	3.32000e+02
1327	3.32707e+02	1.32700e+03	1.81222e+00	3.32333e+02
1328	3.33045e+02	1.32800e+03	1.81071e+00	3.32667e+02
1329	3.33371e+02	1.32900e+03	1.80920e+00	3.33000e+02
1330	3.33708e+02	1.33000e+03	1.80768e+00	3.33333e+02
1331	3.34039e+02	1.33100e+03	1.80614e+00	3.33667e+02
1332	3.34362e+02	1.33200e+03	1.80452e+00	3.34000e+02
1333	3.34710e+02	1.33300e+03	1.80290e+00	3.34333e+02
1334	3.35032e+02	1.33400e+03	1.80124e+00	3.34667e+02
1335	3.35370e+02	1.33500e+03	1.79956e+00	3.35000e+02
1336	3.35692e+02	1.33600e+03	1.79776e+00	3.35333e+02
1337	3.36037e+02	1.33700e+03	1.79597e+00	3.35667e+02
1338	3.36362e+02	1.33800e+03	1.79415e+00	3.36000e+02
1339	3.36707e+02	1.33900e+03	1.79230e+00	3.36333e+02
1340	3.37025e+02	1.34000e+03	1.79032e+00	3.36667e+02
1341	3.37363e+02	1.34100e+03	1.78837e+00	3.37000e+02
1342	3.37705e+02	1.34200e+03	1.78639e+00	3.37333e+02
1343	3.38025e+02	1.34300e+03	1.78439e+00	3.37667e+02
1344	3.38359e+02	1.34400e+03	1.78226e+00	3.38000e+02
1345	3.38684e+02	1.34500e+03	1.78014e+00	3.38333e+02
1346	3.39017e+02	1.34600e+03	1.77798e+00	3.38667e+02
1347	3.39353e+02	1.34700e+03	1.77580e+00	3.39000e+02
1348	3.39685e+02	1.34800e+03	1.77345e+00	3.39333e+02
1349	3.40011e+02	1.34900e+03	1.77112e+00	3.39667e+02
1350	3.40345e+02	1.35000e+03	1.76876e+00	3.40000e+02
1351	3.40677e+02	1.35100e+03	1.76637e+00	3.40333e+02
1352	3.41003e+02	1.35200e+03	1.76382e+00	3.40667e+02
1353	3.41330e+02	1.35300e+03	1.76129e+00	3.41000e+02
1354	3.41665e+02	1.35400e+03	1.75873e+00	3.41333e+02
1355	3.42003e+02	1.35500e+03	1.75614e+00	3.41667e+02
1356	3.42340e+02	1.35600e+03	1.75339e+00	3.42000e+02
1357	3.42666e+02	1.35700e+03	1.75066e+00	3.42333e+02
1358	3.42992e+02	1.35800e+03	1.74790e+00	3.42667e+02
1359	3.43327e+02	1.35900e+03	1.74510e+00	3.43000e+02
1360	3.43657e+02	1.36000e+03	1.74212e+00	3.43333e+02
1361	3.43980e+02	1.36100e+03	1.73915e+00	3.43667e+02
1362	3.44312e+02	1.36200e+03	1.73614e+00	3.44000e+02
1363	3.44651e+02	1.36300e+03	1.73309e+00	3.44333e+02
1364	3.44978e+02	1.36400e+03	1.72982e+00	3.44667e+02
1365	3.45307e+02	1.36500e+03	1.72658e+00	3.45000e+02
1366	3.45648e+02	1.36600e+03	1.72329e+00	3.45333e+02
1367	3.45976e+02	1.36700e+03	1.71996e+00	3.45667e+02
1368	3.46307e+02	1.36800e+03	1.71641e+00	3.46000e+02
1369	3.46632e+02	1.36900e+03	1.71288e+00	3.46333e+02
1370	3.46956e+02	1.37000e+03	1.70931e+00	3.46667e+02
1371	3.47299e+02	1.37100e+03	1.70569e+00	3.47000e+02
1372	3.47625e+02	1.37200e+03	1.70185e+00	3.47333e+02
1373	3.47964e+02	1.37300e+03	1.69803e+00	3.47667e+02
1374	3.48291e+02	1.37400e+03	1.69416e+00	3.48000e+02
1375	3.48616e+02	1.37500e+03	1.69024e+00	3.48333e+02
1376	3.48948e+02	1.37600e+03	1.68607e+00	3.48667e+02
1377	3.49274e+02	1.37700e+03	1.68192e+00	3.49000e+02
1378	3.49607e+02	1.37800e+03	1.67771e+00	3.49333e+02
1379	3.49936e+02	1.37900e+03	1.67346e+00	3.49667e+02
1380	3.50265e+02	1.38000e+03	1.66892e+00	3.50000e+02
1381	3.50598e+02	1.38100e+03	1.66442e+00	3.50333e+02
1382	3.50940e+02	1.38200e+03	1.65986e+00	3.50667e+02
1383	3.51251e+02	1.38300e+03	1.65525e+00	3.51000e+02
1384	3.51574e+02	1.38400e+03	1.65035e+00	3.51333e+02
1385	3.51916e+02	1.38500e+03	1.64548e+00	3.51667e+02
1386	3.52242e+02	1.38600e+03	1.64055e+00	3.52000e+02
1387	3.52578e+02	1.38700e+03	1.63555e+00	3.52333e+02
1388	3.52898e+02	1.38800e+03	1.63024e+00	3.52667e+02
1389	3.53219e+02	1.38900e+03	1.62496e+00	3.53000e+02
1390	3.53556e+02	1.39000e+03	1.61960e+00	3.53333e+02
1391	3.53887e+02	1.39100e+03	1.61417e+00	3.53667e+02
1392	3.54220e+02	1.39200e+03	1.60839e+00	3.54000e+02
1393	3.54541e+02	1.39300e+03	1.60264e+00	3.54333e+02
1394	3.54872e+02	1.39400e+03	1.59680e+00	3.54667e+02
1395	3.55205e+02	1.39500e+03	1.59088e+00	3.55000e+02
1396	3.55532e+02	1.39600e+03	1.58455e+00	3.55333e+02
1397	3.55859e+02	1.39700e+03	1.57827e+00	3.55667e+02
1398	3.56196e+02	1.39800e+03	1.57188e+00	3.56000e+02
1399	3.56524e+02	1.39900e+03	1.56542e+00	3.56333e+02
1400	3.56847e+02	1.40000e+03	1.55850e+00	3.56667e+02
1401	3.57172e+02	1.40100e+03	1.55165e+00	3.57000e+02
1402	3.57503e+02	1.40200e+03	1.54471e+00	3.57333e+02
1403	3.57832e+02	1.40300e+03	1.53768e+00	3.57667e+02
1404	3.58157e+02	1.40400e+03	1.53023e+00	3.58000e+02
1405	3.58481e+02	1.40500e+03	1.52286e+00	3.58333e+02
1406	3.58823e+02	1.40600e+03	1.51542e+00	3.58667e+02
1407	3.59158e+02	1.40700e+03	1.50791e+00	3.59000e+02
1408	3.59478e+02	1.40800e+03	1.50005e+00	3.59333e+02
1409	3.59807e+02	1.40900e+03	1.49225e+00	3.59667e+02
1410	3.60138e+02	1.41000e+03	1.48440e+00	3.60000e+02
1411	3.60459e+02	1.41100e+03	1.47647e+00	3.60333e+02
1412	3.60789e+02	1.41200e+03	1.46823e+00	3.60667e+02
1413	3.61115e+02	1.41300e+03	1.46002e+00	3.61000e+02
1414	3.61450e+02	1.41400e+03	1.45172e+00	3.61333e+02
1415	3.61772e+02	1.41500e+03	1.44336e+00	3.61667e+02
1416	3.62106e+02	1.41600e+03	1.43464e+00	3.62000e+02
1417	3.62437e+02	1.41700e+03	1.42598e+00	3.62333e+02
1418	3.62758e+02	1.41800e+03	1.41724e+00	3.62667e+02
1419	3.63095e+02	1.41900e+03	1.40844e+00	3.63000e+02
1420	3.63431e+02	1.42000e+03	1.39929e+00	3.63333e+02
1421	3.63743e+02	1.42100e+03	1.39019e+00	3.63667e+02
1422	3.64075e+02	1.42200e+03	1.38101e+00	3.64000e+02
1423	3.64406e+02	1.42300e+03	1.37176e+00	3.64333e+02
1424	3.64741e+02	1.42400e+03	1.36217e+00	3.64667e+02
1425	3.65055e+02	1.42500e+03	1.35263e+00	3.65000e+02
1426	3.65391e+02	1.42600e+03	1.34301e+00	3.65333e+02
1427	3.65717e+02	1.42700e+03	1.33332e+00	3.65667e+02
1428	3.66048e+02	1.42800e+03	1.32328e+00	3.66000e+02
1429	3.66380e+02	1.42900e+03	1.31329e+00	3.66333e+02
1430	3.66707e+02	1.43000e+03	1.30323e+00	3.66667e+02
1431	3.67044e+02	1.43100e+03	1.29309e+00	3.67000e+02
1432	3.67373e+02	1.43200e+03	1.28260e+00	3.67333e+02
1433	3.67698e+02	1.43300e+03	1.27217e+00	3.67667e+02
1434	3.68013e+02	1.43400e+03	1.26168e+00	3.68000e+02
1435	3.68344e+02	1.43500e+03	1.25113e+00	3.68333e+02
1436	3.68675e+02	1.43600e+03	1.24025e+00	3.68667e+02
1437	3.69007e+02	1.43700e+03	1.22943e+00	3.69000e+02
1438	3.69344e+02	1.43800e+03	1.21854e+00	3.69333e+02
1439	3.69665e+02	1.43900e+03	1.20759e+00	3.69667e+02
1440	3.70002e+02	1.44000e+03	1.19636e+00	3.70000e+02
1441	3.70329e+02	1.44100e+03	1.18517e+00	3.70333e+02
1442	3.70657e+02	1.44200e+03	1.17393e+00	3.70667e+02
1443	3.70972e+02	1.44300e+03	1.16264e+00	3.71000e+02
1444	3.71318e+02	1.44400e+03	1.15110e+00	3.71333e+02
1445	3.71644e+02	1.44500e+03	1.13961e+00	3.71667e+02
1446	3.71973e+02	1.44600e+03	1.12807e+00	3.72000e+02
1447	3.72293e+02	1.44700e+03	1.11649e+00	3.72333e+02
1448	3.72628e+02	1.44800e+03	1.10466e+00	3.72667e+02
1449	3.72956e+02	1.44900e+03	1.09285e+00	3.73000e+02
1450	3.73280e+02	1.45000e+03	1.08097e+00	3.73333e+02
1451	3.73618e+02	1.45100e+03	1.06905e+00	3.73667e+02
1452	3.73950e+02	1.45200e+03	1.05685e+00	3.74000e+02
1453	3.74277e+02	1.45300e+03	1.04471e+00	3.74333e+02
1454	3.74612e+02	1.45400e+03	1.03253e+00	3.74667e+02
1455	3.74934e+02	1.45500e+03	1.02033e+00	3.75000e+02
1456	3.75264e+02	1.45600e+03	1.00793e+00	3.75333e+02
1457	3.75605e+02	1.45700e+03	9.95609e-01	3.75667e+02
1458	3.75924e+02	1.45800e+03	9.83286e-01	3.76000e+02
1459	3.76259e+02	1.45900e+03	9.70958e-01	3.76333e+02
1460	3.76603e+02	1.46000e+03	9.58598e-01	3.76667e+02
1461	3.76924e+02	1.46100e+03	9.46276e-01	3.77000e+02
1462	3.77249e+02	1.46200e+03	9.33976e-01	3.77333e+02
1463	3.77581e+02	1.46300e+03	9.21688e-01	3.77667e+02
1464	3.77914e+02	1.46400e+03	9.09465e-01	3.78000e+02
1465	3.78250e+02	1.46500e+03	8.97234e-01	3.78333e+02
1466	3.78576e+02	1.46600e+03	8.85022e-01	3.78667e+02
1467	3.78913e+02	1.46700e+03	8.72826e-01	3.79000e+02
1468	3.79238e+02	1.46800e+03	8.60713e-01	3.79333e+02
1469	3.79568e+02	1.46900e+03	8.48600e-01	3.79667e+02
1470	3.79892e+02	1.47000e+03	8.36513e-01	3.80000e+02
1471	3.80227e+02	1.47100e+03	8.24447e-01	3.80333e+02
1472	3.80564e+02	1.47200e+03	8.12488e-01	3.80667e+02
1473	3.80888e+02	1.47300e+03	8.00510e-01	3.81000e+02
1474	3.81214e+02	1.47400e+03	7.88549e-01	3.81333e+02
1475	3.81553e+02	1.47500e+03	7.76607e-01	3.81667e+02
1476	3.81881e+02	1.47600e+03	7.64760e-01	3.82000e+02
1477	3.82211e+02	1.47700e+03	7.52894e-01	3.82333e+02
1478	3.82536e+02	1.47800e+03	7.41034e-01	3.82667e+02
1479	3.82878e+02	1.47900e+03	7.29178e-01	3.83000e+02
1480	3.83212e+02	1.48000e+03	7.17353e-01	3.83333e+02
1481	3.83546e+02	1.48100e+03	7.05478e-01	3.83667e+02
1482	3.83881e+02	1.48200e+03	6.93560e-01	3.84000e+02
1483	3.84207e+02	1.48300e+03	6.81613e-01	3.84333e+02
1484	3.84544e+02	1.48400e+03	6.69546e-01	3.84667e+02
1485	3.84872e+02	1.48500e+03	6.57463e-01	3.85000e+02
1486	3.85204e+02	1.48600e+03	6.45329e-01	3.85333e+02
1487	3.85536e+02	1.48700e+03	6.33157e-01	3.85667e+02
1488	3.85876e+02	1.48800e+03	6.20785e-01	3.86000e+02
1489	3.86210e+02	1.48900e+03	6.08456e-01	3.86333e+02
1490	3.86537e+02	1.49000e+03	5.96106e-01	3.86667e+02
1491	3.86861e+02	1.49100e+03	5.83732e-01	3.87000e+02
1492	3.87199e+02	1.49200e+03	5.71244e-01	3.87333e+02
1493	3.87542e+02	1.49300e+03	5.58830e-01	3.87667e+02
1494	3.87876e+02	1.49400e+03	5.46456e-01	3.88000e+02
1495	3.88205e+02	1.49500e+03	5.34107e-01	3.88333e+02
1496	3.88545e+02	1.49600e+03	5.21878e-01	3.88667e+02
1497	3.88880e+02	1.49700e+03	5.09711e-01	3.89000e+02
1498	3.89217e+02	1.49800e+03	4.97638e-01	3.89333e+02
1499	3.89551e+02	1.49900e+03	4.85633e-01	3.89667e+02
1500	3.89884e+02	1.50000e+03	4.73982e-01	3.90000e+02
1501	3.90229e+02	1.50100e+03	4.62311e-01	3.90333e+02
1502	3.90561e+02	1.50200e+03	4.50743e-01	3.90667e+02
1503	3.90899e+02	1.50300e+03	4.39263e-01	3.91000e+02
1504	3.91229e+02	1.50400e+03	4.28227e-01	3.91333e+02
1505	3.91567e+02	1.50500e+03	4.17156e-01	3.91667e+02
1506	3.91897e+02	1.50600e+03	4.06206e-01	3.92000e+02
1507	3.92241e+02	1.50700e+03	3.95363e-01	3.92333e+02
1508	3.92573e+02	1.50800e+03	3.85044e-01	3.92667e+02
1509	3.92910e+02	1.50900e+03	3.74673e-01	3.93000e+02
1510	3.93244e+02	1.51000e+03	3.64433e-01	3.93333e+02
1511	3.93579e+02	1.51100e+03	3.54311e-01	3.93667e+02
1512	3.93912e+02	1.51200e+03	3.44783e-01	3.94000e+02
1513	3.94254e+02	1.51300e+03	3.35185e-01	3.94333e+02
1514	3.94589e+02	1.51400e+03	3.25721e-01	3.94667e+02
1515	3.94928e+02	1.51500e+03	3.16375e-01	3.95000e+02
1516	3.95257e+02	1.51600e+03	3.07640e-01	3.95333e+02
1517	3.95599e+02	1.51700e+03	2.98812e-01	3.95667e+02
1518	3.95937e+02	1.51800e+03	2.90103e-01	3.96000e+02
1519	3.96270e+02	1.51900e+03	2.81507e-01	3.96333e+02
1520	3.96600e+02	1.52000e+03	2.73492e-01	3.96667e+02
1521	3.96943e+02	1.52100e+03	2.65395e-01	3.97000e+02
1522	3.97282e+02	1.52200e+03	2.57419e-01	3.97333e+02
1523	3.97612e+02	1.52300e+03	2.49555e-01	3.97667e+02
1524	3.97955e+02	1.52400e+03	2.42259e-01	3.98000e+02
1525	3.98299e+02	1.52500e+03	2.34884e-01	3.98333e+02
1526	3.98633e+02	1.52600e+03	2.27623e-01	3.98667e+02
1527	3.98967e+02	1.52700e+03	2.20469e-01	3.99000e+02
1528	3.99295e+02	1.52800e+03	2.13868e-01	3.99333e+02
1529	3.99634e+02	1.52900e+03	2.07186e-01	3.99667e+02
1530	3.99968e+02	1.53000e+03	2.00614e-01	4.00000e+02
1531	4.00319e+02	1.53100e+03	1.94145e-01	4.00333e+02
1532	4.00643e+02	1.53200e+03	1.88207e-01	4.00667e+02
1533	4.00979e+02	1.53300e+03	1.82195e-01	4.01000e+02
1534	4.01322e+02	1.53400e+03	1.76289e-01	4.01333e+02
1535	4.01653e+02	1.53500e+03	1.70481e-01	4.01667e+02
1536	4.01991e+02	1.53600e+03	1.65183e-01	4.02000e+02
1537	4.02326e+02	1.53700e+03	1.59806e-01	4.02333e+02
1538	4.02666e+02	1.53800e+03	1.54527e-01	4.02667e+02
1539	4.03003e+02	1.53900e+03	1.49340e-01	4.03000e+02
1540	4.03341e+02	1.54000e+03	1.44623e-01	4.03333e+02
1541	4.03678e+02	1.54100e+03	1.39836e-01	4.03667e+02
1542	4.04015e+02	1.54200e+03	1.35138e-01	4.04000e+02
1543	4.04342e+02	1.54300e+03	1.30524e-01	4.04333e+02
1544	4.04686e+02	1.54400e+03	1.26344e-01	4.04667e+02
1545	4.05021e+02	1.54500e+03	1.22100e-01	4.05000e+02
1546	4.05353e+02	1.54600e+03	1.17941e-01	4.05333e+02
1547	4.05677e+02	1.54700e+03	1.13859e-01	4.05667e+02
1548	4.06020e+02	1.54800e+03	1.10175e-01	4.06000e+02
1549	4.06361e+02	1.54900e+03	1.06428e-01	4.06333e+02
1550	4.06692e+02	1.55000e+03	1.02757e-01	4.06667e+02
1551	4.07031e+02	1.55100e+03	9.91596e-02	4.07000e+02
1552	4.07358e+02	1.55200e+03	9.59315e-02	4.07333e+02
1553	4.07688e+02	1.55300e+03	9.26503e-02	4.07667e+02
1554	4.08019e+02	1.55400e+03	8.94432e-02	4.08000e+02
1555	4.08364e+02	1.55500e+03	8.63048e-02	4.08333e+02
1556	4.08693e+02	1.55600e+03	8.35154e-02	4.08667e+02
1557	4.09029e+02	1.55700e+03	8.06683e-02	4.09000e+02
1558	4.09369e+02	1.55800e+03	7.78858e-02	4.09333e+02
1559	4.09703e+02	1.55900e+03	7.51654e-02	4.09667e+02
1560	4.10027e+02	1.56000e+03	7.27580e-02	4.10000e+02
1561	4.10366e+02	1.56100e+03	7.02985e-02	4.10333e+02
1562	4.10704e+02	1.56200e+03	6.78947e-02	4.10667e+02
1563	4.11039e+02	1.56300e+03	6.55450e-02	4.11000e+02
1564	4.11372e+02	1.56400e+03	6.34760e-02	4.11333e+02
1565	4.11716e+02	1.56500e+03	6.13621e-02	4.11667e+02
1566	4.12040e+02	1.56600e+03	5.92983e-02	4.12000e+02
1567	4.12365e+02	1.56700e+03	5.72821e-02	4.12333e+02
1568	4.12701e+02	1.56800e+03	5.55113e-02	4.12667e+02
1569	4.13046e+02	1.56900e+03	5.36943e-02	4.13000e+02
1570	4.13379e+02	1.57000e+03	5.19151e-02	4.13333e+02
1571	4.13706e+02	1.57100e+03	5.01738e-02	4.13667e+02
1572	4.14045e+02	1.57200e+03	4.86340e-02	4.14000e+02
1573	4.14369e+02	1.57300e+03	4.70592e-02	4.14333e+02
1574	4.14697e+02	1.57400e+03	4.55201e-02	4.14667e+02
1575	4.15047e+02	1.57500e+03	4.40159e-02	4.15000e+02
1576	4.15375e+02	1.57600e+03	4.26889e-02	4.15333e+02
1577	4.15701e+02	1.57700e+03	4.13362e-02	4.15667e+02
1578	4.16037e+02	1.57800e+03	4.00161e-02	4.16000e+02
1579	4.16370e+02	1.57900e+03	3.87268e-02	4.16333e+02
1580	4.16714e+02	1.58000e+03	3.75999e-02	4.16667e+02
1581	4.17040e+02	1.58100e+03	3.64438e-02	4.17000e+02
1582	4.17374e+02	1.58200e+03	3.53142e-02	4.17333e+02
1583	4.17702e+02	1.58300e+03	3.42100e-02	4.17667e+02
1584	4.18038e+02	1.58400e+03	3.32370e-02	4.18000e+02
1585	4.18370e+02	1.58500e+03	3.22403e-02	4.18333e+02
1586	4.18706e+02	1.58600e+03	3.12660e-02	4.18667e+02
1587	4.19038e+02	1.58700e+03	3.03130e-02	4.19000e+02
1588	4.19366e+02	1.58800e+03	2.94703e-02	4.19333e+02
1589	4.19718e+02	1.58900e+03	2.86097e-02	4.19667e+02
1590	4.20035e+02	1.59000e+03	2.77679e-02	4.20000e+02
1591	4.20362e+02	1.59100e+03	2.69439e-02	4.20333e+02
1592	4.20704e+02	1.59200e+03	2.62169e-02	4.20667e+02
1593	4.21033e+02	1.59300e+03	2.54726e-02	4.21000e+02
1594	4.21368e+02	1.59400e+03	2.47436e-02	4.21333e+02
1595	4.21697e+02	1.59500e+03	2.40296e-02	4.21667e+02
1596	4.22026e+02	1.59600e+03	2.33926e-02	4.22000e+02
1597	4.22353e+02	1.59700e+03	2.27414e-02	4.22333e+02
1598	4.22693e+02	1.59800e+03	2.21055e-02	4.22667e+02
1599	4.23021e+02	1.59900e+03	2.14843e-02	4.23000e+02
1600	4.23350e+02	1.60000e+03	2.09292e-02	4.23333e+02
1601	4.23695e+02	1.60100e+03	2.03649e-02	4.23667e+02
1602	4.24026e+02	1.60200e+03	1.98134e-02	4.24000e+02
1603	4.24345e+02	1.60300e+03	1.92738e-02	4.24333e+02
1604	4.24687e+02	1.60400e+03	1.87951e-02	4.24667e+02
1605	4.25021e+02	1.60500e+03	1.83026e-02	4.25000e+02
1606	4.25353e+02	1.60600e+03	1.78189e-02	4.25333e+02
1607	4.25679e+02	1.60700e+03	1.73445e-02	4.25667e+02
1608	4.26010e+02	1.60800e+03	1.69158e-02	4.26000e+02
1609	4.26339e+02	1.60900e+03	1.64793e-02	4.26333e+02
1610	4.26667e+02	1.61000e+03	1.60509e-02	4.26667e+02
1611	4.27008e+02	1.61100e+03	1.56307e-02	4.27000e+02
1612	4.27334e+02	1.61200e+03	1.52522e-02	4.27333e+02
1613	4.27662e+02	1.61300e+03	1.48667e-02	4.27667e+02
1614	4.27991e+02	1.61400e+03	1.44882e-02	4.28000e+02
1615	4.28326e+02	1.61500e+03	1.41173e-02	4.28333e+02
1616	4.28655e+02	1.61600e+03	1.37870e-02	4.28667e+02
1617	4.28989e+02	1.61700e+03	1.34518e-02	4.29000e+02
1618	4.29324e+02	1.61800e+03	1.31231e-02	4.29333e+02
1619	4.29656e+02	1.61900e+03	1.28003e-02	4.29667e+02
1620	4.29986e+02	1.62000e+03	1.25143e-02	4.30000e+02
1621	4.30315e+02	1.62100e+03	1.22200e-02	4.30333e+02
1622	4.30645e+02	1.62200e+03	1.19303e-02	4.30667e+02
1623	4.30973e+02	1.62300e+03	1.16454e-02	4.31000e+02
1624	4.31312e+02	1.62400e+03	1.13834e-02	4.31333e+02
1625	4.31643e+02	1.62500e+03	1.11170e-02	4.31667e+02
1626	4.31968e+02	1.62600e+03	1.08542e-02	4.32000e+02
1627	4.32302e+02	1.62700e+03	1.05944e-02	4.32333e+02
1628	4.32637e+02	1.62800e+03	1.03497e-02	4.32667e+02
1629	4.32965e+02	1.62900e+03	1.01015e-02	4.33000e+02
1630	4.33296e+02	1.63000e+03	9.85594e-03	4.33333e+02
1631	4.33632e+02	1.63100e+03	9.61354e-03	4.33667e+02
1632	4.33955e+02	1.63200e+03	9.38731e-03	4.34000e+02
1633	4.34291e+02	1.63300e+03	9.16281e-03	4.34333e+02
1634	4.34631e+02	1.63400e+03	8.94666e-03	4.34667e+02
1635	4.34954e+02	1.63500e+03	8.73846e-03	4.35000e+02
1636	4.35270e+02	1.63600e+03	8.56494e-03	4.35333e+02
1637	4.35606e+02	1.63700e+03	8.39040e-03	4.35667e+02
1638	4.35939e+02	1.63800e+03	8.22239e-03	4.36000e+02
1639	4.36265e+02	1.63900e+03	8.05830e-03	4.36333e+02
1640	4.36597e+02	1.64000e+03	7.92360e-03	4.36667e+02
1641	4.36935e+02	1.64100e+03	7.77324e-03	4.37000e+02
1642	4.37262e+02	1.64200e+03	7.62026e-03	4.37333e+02
1643	4.37594e+02	1.64300e+03	7.46710e-03	4.37667e+02
1644	4.37929e+02	1.64400e+03	7.31353e-03	4.38000e+02
1645	4.38259e+02	1.64500e+03	7.16494e-03	4.38333e+02
1646	4.38593e+02	1.64600e+03	7.02095e-03	4.38667e+02
1647	4.38918e+02	1.64700e+03	6.88008e-03	4.39000e+02
1648	4.39254e+02	1.64800e+03	6.75140e-03	4.39333e+02
1649	4.39584e+02	1.64900e+03	6.62343e-03	4.39667e+02
1650	4.39912e+02	1.65000e+03	6.49928e-03	4.40000e+02
1651	4.40249e+02	1.65100e+03	6.37805e-03	4.40333e+02
1652	4.40580e+02	1.65200e+03	6.27454e-03	4.40667e+02
1653	4.40900e+02	1.65300e+03	6.16604e-03	4.41000e+02
1654	4.41233e+02	1.65400e+03	6.05835e-03	4.41333e+02
1655	4.41569e+02	1.65500e+03	5.95187e-03	4.41667e+02
1656	4.41897e+02	1.65600e+03	5.85247e-03	4.42000e+02
1657	4.42222e+02	1.65700e+03	5.75071e-03	4.42333e+02
1658	4.42558e+02	1.65800e+03	5.65358e-03	4.42667e+02
1659	4.42890e+02	1.65900e+03	5.56154e-03	4.43000e+02
1660	4.43214e+02	1.66000e+03	5.48078e-03	4.43333e+02
1661	4.43538e+02	1.66100e+03	5.40401e-03	4.43667e+02
1662	4.43873e+02	1.66200e+03	5.33226e-03	4.44000e+02
1663	4.44207e+02	1.66300e+03	5.26345e-03	4.44333e+02
1664	4.44530e+02	1.66400e+03	5.21623e-03	4.44667e+02
1665	4.44865e+02	1.66500e+03	5.15986e-03	4.45000e+02
1666	4.45197e+02	1.66600e+03	5.10316e-03	4.45333e+02
1667	4.45534e+02	1.66700e+03	5.04753e-03	4.45667e+02
1668	4.45868e+02	1.66800e+03	4.99626e-03	4.46000e+02
1669	4.46191e+02	1.66900e+03	4.94465e-03	4.46333e+02
1670	4.46514e+02	1.67000e+03	4.89382e-03	4.46667e+02
1671	4.46848e+02	1.67100e+03	4.84320e-03	4.47000e+02
1672	4.47182e+02	1.67200e+03	4.79671e-03	4.47333e+02
1673	4.47507e+02	1.67300e+03	4.75034e-03	4.47667e+02
1674	4.47838e+02	1.67400e+03	4.70413e-03	4.48000e+02
1675	4.48170e+02	1.67500e+03	4.65839e-03	4.48333e+02
1676	4.48502e+02	1.67600e+03	4.62079e-03	4.48667e+02
1677	4.48832e+02	1.67700e+03	4.58569e-03	4.49000e+02
1678	4.49168e+02	1.67800e+03	4.55641e-03	4.49333e+02
1679	4.49494e+02	1.67900e+03	4.53165e-03	4.49667e+02
1680	4.49820e+02	1.68000e+03	4.52492e-03	4.50000e+02
1681	4.50146e+02	1.68100e+03	4.51680e-03	4.50333e+02
1682	4.50485e+02	1.68200e+03	4.51158e-03	4.50667e+02
1683	4.50807e+02	1.68300e+03	4.50822e-03	4.51000e+02
1684	4.51136e+02	1.68400e+03	4.51781e-03	4.51333e+02
1685	4.51472e+02	1.68500e+03	4.51840e-03	4.51667e+02
1686	4.51802e+02	1.68600e+03	4.51597e-03	4.52000e+02
1687	4.52133e+02	1.68700e+03	4.51215e-03	4.52333e+02
1688	4.52453e+02	1.68800e+03	4.50055e-03	4.52667e+02
1689	4.52792e+02	1.68900e+03	4.49057e-03	4.53000e+02
1690	4.53117e+02	1.69000e+03	4.48048e-03	4.53333e+02
1691	4.53440e+02	1.69100e+03	4.47022e-03	4.53667e+02
1692	4.53774e+02	1.69200e+03	4.45768e-03	4.54000e+02
1693	4.54105e+02	1.69300e+03	4.44973e-03	4.54333e+02
1694	4.54436e+02	1.69400e+03	4.44489e-03	4.54667e+02
1695	4.54767e+02	1.69500e+03	4.44166e-03	4.55000e+02
1696	4.55097e+02	1.69600e+03	4.44600e-03	4.55333e+02
1697	4.55430e+02	1.69700e+03	4.44786e-03	4.55667e+02
1698	4.55758e+02	1.69800e+03	4.44887e-03	4.56000e+02
1699	4.56086e+02	1.69900e+03	4.44891e-03	4.56333e+02
1700	4.56422e+02	1.70000e+03	4.44577e-03	4.56667e+02
1701	4.56743e+02	1.70100e+03	4.43625e-03	4.57000e+02
1702	4.57072e+02	1.70200e+03	4.41969e-03	4.57333e+02
1703	4.57409e+02	1.70300e+03	4.39858e-03	4.57667e+02
1704	4.57736e+02	1.70400e+03	4.35718e-03	4.58000e+02
1705	4.58068e+02	1.70500e+03	4.32149e-03	4.58333e+02
1706	4.58396e+02	1.70600e+03	4.28677e-03	4.58667e+02
1707	4.58727e+02	1.70700e+03	4.25258e-03	4.59000e+02
1708	4.59056e+02	1.70800e+03	4.21593e-03	4.59333e+02
1709	4.59384e+02	1.70900e+03	4.18814e-03	4.59667e+02
1710	4.59709e+02	1.71000e+03	4.16519e-03	4.60000e+02
1711	4.60053e+02	1.71100e+03	4.14497e-03	4.60333e+02
1712	4.60386e+02	1.71200e+03	4.14190e-03	4.60667e+02
1713	4.60710e+02	1.71300e+03	4.13127e-03	4.61000e+02
1714	4.61027e+02	1.71400e+03	4.11971e-03	4.61333e+02
1715	4.61369e+02	1.71500e+03	4.10870e-03	4.61667e+02
1716	4.61704e+02	1.71600e+03	4.10055e-03	4.62000e+02
1717	4.62031e+02	1.71700e+03	4.09029e-03	4.62333e+02
1718	4.62361e+02	1.71800e+03	4.07845e-03	4.62667e+02
1719	4.62680e+02	1.71900e+03	4.06571e-03	4.63000e+02
1720	4.63015e+02	1.72000e+03	4.05027e-03	4.63333e+02
1721	4.63343e+02	1.72100e+03	4.03463e-03	4.63667e+02
1722	4.63669e+02	1.72200e+03	4.01725e-03	4.64000e+02
1723	4.64004e+02	1.72300e+03	3.99821e-03	4.64333e+02
1724	4.64338e+02	1.72400e+03	3.97497e-03	4.64667e+02
1725	4.64663e+02	1.72500e+03	3.95462e-03	4.65000e+02
1726	4.64990e+02	1.72600e+03	3.93592e-03	4.65333e+02
1727	4.65313e+02	1.72700e+03	3.91803e-03	4.65667e+02
1728	4.65644e+02	1.72800e+03	3.90225e-03	4.66000e+02
1729	4.65974e+02	1.72900e+03	3.88814e-03	4.66333e+02
1730	4.66304e+02	1.73000e+03	3.87560e-03	4.66667e+02
1731	4.66627e+02	1.73100e+03	3.86386e-03	4.67000e+02
1732	4.66967e+02	1.73200e+03	3.85771e-03	4.67333e+02
1733	4.67290e+02	1.73300e+03	3.85035e-03	4.67667e+02
1734	4.67626e+02	1.73400e+03	3.84438e-03	4.68000e+02
1735	4.67950e+02	1.73500e+03	3.83937e-03	4.68333e+02
1736	4.68272e+02	1.73600e+03	3.83751e-03	4.68667e+02
1737	4.68610e+02	1.73700e+03	3.83524e-03	4.69000e+02
1738	4.68927e+02	1.73800e+03	3.83448e-03	4.69333e+02
1739	4.69262e+02	1.73900e+03	3.83539e-03	4.69667e+02
1740	4.69597e+02	1.74000e+03	3.84239e-03	4.70000e+02
1741	4.69927e+02	1.74100e+03	3.84896e-03	4.70333e+02
1742	4.70255e+02	1.74200e+03	3.85645e-03	4.70667e+02
1743	4.70588e+02	1.74300e+03	3.86466e-03	4.71000e+02
1744	4.70923e+02	1.74400e+03	3.87757e-03	4.71333e+02
1745	4.71243e+02	1.74500e+03	3.88571e-03	4.71667e+02
1746	4.71578e+02	1.74600e+03	3.89081e-03	4.72000e+02
1747	4.71914e+02	1.74700e+03	3.89439e-03	4.72333e+02
1748	4.72238e+02	1.74800e+03	3.89057e-03	4.72667e+02
1749	4.72565e+02	1.74900e+03	3.88491e-03	4.73000e+02
1750	4.72901e+02	1.75000e+03	3.87456e-03	4.73333e+02
1751	4.73230e+02	1.75100e+03	3.86128e-03	4.73667e+02
1752	4.73566e+02	1.75200e+03	3.83683e-03	4.74000e+02
1753	4.73882e+02	1.75300e+03	3.81716e-03	4.74333e+02
1754	4.74221e+02	1.75400e+03	3.79762e-03	4.74667e+02
1755	4.74558e+02	1.75500e+03	3.77746e-03	4.75000e+02
1756	4.74891e+02	1.75600e+03	3.75471e-03	4.75333e+02
1757	4.75215e+02	1.75700e+03	3.73450e-03	4.75667e+02
1758	4.75538e+02	1.75800e+03	3.71523e-03	4.76000e+02
1759	4.75860e+02	1.75900e+03	3.69603e-03	4.76333e+02
1760	4.76201e+02	1.76000e+03	3.67732e-03	4.76667e+02
1761	4.76537e+02	1.76100e+03	3.65808e-03	4.77000e+02
1762	4.76857e+02	1.76200e+03	3.63938e-03	4.77333e+02
1763	4.77186e+02	1.76300e+03	3.62104e-03	4.77667e+02
1764	4.77520e+02	1.76400e+03	3.60388e-03	4.78000e+02
1765	4.77850e+02	1.76500e+03	3.58908e-03	4.78333e+02
1766	4.78184e+02	1.76600e+03	3.57646e-03	4.78667e+02
1767	4.78508e+02	1.76700e+03	3.56477e-03	4.79000e+02
1768	4.78844e+02	1.76800e+03	3.55816e-03	4.79333e+02
1769	4.79173e+02	1.76900e+03	3.54975e-03	4.79667e+02
1770	4.79501e+02	1.77000e+03	3.54209e-03	4.80000e+02
1771	4.79832e+02	1.77100e+03	3.53526e-03	4.80333e+02
1772	4.80173e+02	1.77200e+03	3.53026e-03	4.80667e+02
1773	4.80490e+02	1.77300e+03	3.52421e-03	4.81000e+02
1774	4.80823e+02	1.77400e+03	3.51644e-03	4.81333e+02
1775	4.81152e+02	1.77500e+03	3.50590e-03	4.81667e+02
1776	4.81478e+02	1.77600e+03	3.48765e-03	4.82000e+02
1777	4.81814e+02	1.77700e+03	3.46735e-03	4.82333e+02
1778	4.82144e+02	1.77800e+03	3.44677e-03	4.82667e+02
1779	4.82473e+02	1.77900e+03	3.42794e-03	4.83000e+02
1780	4.82805e+02	1.78000e+03	3.40722e-03	4.83333e+02
1781	4.83138e+02	1.78100e+03	3.39810e-03	4.83667e+02
1782	4.83467e+02	1.78200e+03	3.39790e-03	4.84000e+02
1783	4.83798e+02	1.78300e+03	3.40358e-03	4.84333e+02
1784	4.84120e+02	1.78400e+03	3.43870e-03	4.84667e+02
1785	4.84457e+02	1.78500e+03	3.46532e-03	4.85000e+02
1786	4.84787e+02	1.78600e+03	3.49118e-03	4.85333e+02
1787	4.85112e+02	1.78700e+03	3.51740e-03	4.85667e+02
1788	4.85445e+02	1.78800e+03	3.55170e-03	4.86000e+02
1789	4.85772e+02	1.78900e+03	3.57493e-03	4.86333e+02
1790	4.86104e+02	1.79000e+03	3.59225e-03	4.86667e+02
1791	4.86434e+02	1.79100e+03	3.60675e-03	4.87000e+02
1792	4.86762e+02	1.79200e+03	3.60443e-03	4.87333e+02
1793	4.87092e+02	1.79300e+03	3.60573e-03	4.87667e+02
1794	4.87416e+02	1.79400e+03	3.60451e-03	4.88000e+02
1795	4.87757e+02	1.79500e+03	3.60089e-03	4.88333e+02
1796	4.88085e+02	1.79600e+03	3.58638e-03	4.88667e+02
1797	4.88423e+02	1.79700e+03	3.57515e-03	4.89000e+02
1798	4.88754e+02	1.79800e+03	3.56204e-03	4.89333e+02
1799	4.89074e+02	1.79900e+03	3.54713e-03	4.89667e+02
1800	4.89412e+02	1.80000e+03	3.52537e-03	4.90000e+02
1801	4.89742e+02	1.80100e+03	3.50685e-03	4.90333e+02
1802	4.90063e+02	1.80200e+03	3.49256e-03	4.90667e+02
1803	4.90397e+02	1.80300e+03	3.48124e-03	4.91000e+02
1804	4.90718e+02	1.80400e+03	3.47546e-03	4.91333e+02
1805	4.91049e+02	1.80500e+03	3.47311e-03	4.91667e+02
1806	4.91380e+02	1.80600e+03	3.47408e-03	4.92000e+02
1807	4.91713e+02	1.80700e+03	3.47708e-03	4.92333e+02
1808	4.92044e+02	1.80800e+03	3.49119e-03	4.92667e+02
1809	4.92383e+02	1.80900e+03	3.49684e-03	4.93000e+02
1810	4.92708e+02	1.81000e+03	3.50064e-03	4.93333e+02
1811	4.93035e+02	1.81100e+03	3.50427e-03	4.93667e+02
1812	4.93366e+02	1.81200e+03	3.50315e-03	4.94000e+02
1813	4.93701e+02	1.81300e+03	3.50400e-03	4.94333e+02
1814	4.94035e+02	1.81400e+03	3.50584e-03	4.94667e+02
1815	4.94365e+02	1.81500e+03	3.50842e-03	4.95000e+02
1816	4.94695e+02	1.81600e+03	3.51024e-03	4.95333e+02
1817	4.95025e+02	1.81700e+03	3.50943e-03	4.95667e+02
1818	4.95354e+02	1.81800e+03	3.50547e-03	4.96000e+02
1819	4.95689e+02	1.81900e+03	3.49958e-03	4.96333e+02
1820	4.96020e+02	1.82000e+03	3.48950e-03	4.96667e+02
1821	4.96332e+02	1.82100e+03	3.48017e-03	4.97000e+02
1822	4.96670e+02	1.82200e+03	3.47001e-03	4.97333e+02
1823	4.97006e+02	1.82300e+03	3.45942e-03	4.97667e+02
1824	4.97331e+02	1.82400e+03	3.44509e-03	4.98000e+02
1825	4.97665e+02	1.82500e+03	3.43354e-03	4.98333e+02
1826	4.97985e+02	1.82600e+03	3.42308e-03	4.98667e+02
1827	4.98332e+02	1.82700e+03	3.41361e-03	4.99000e+02
1828	4.98660e+02	1.82800e+03	3.40870e-03	4.99333e+02
1829	4.98980e+02	1.82900e+03	3.40387e-03	4.99667e+02
1830	4.99304e+02	1.83000e+03	3.39916e-03	5.00000e+02
1831	4.99640e+02	1.83100e+03	3.39439e-03	5.00333e+02
1832	4.99974e+02	1.83200e+03	3.39243e-03	5.00667e+02
1833	5.00306e+02	1.83300e+03	3.38539e-03	5.01000e+02
1834	5.00636e+02	1.83400e+03	3.37420e-03	5.01333e+02
1835	5.00960e+02	1.83500e+03	3.35963e-03	5.01667e+02
1836	5.01293e+02	1.83600e+03	3.33506e-03	5.02000e+02
1837	5.01630e+02	1.83700e+03	3.31593e-03	5.02333e+02
1838	5.01948e+02	1.83800e+03	3.30059e-03	5.02667e+02
1839	5.02277e+02	1.83900e+03	3.28765e-03	5.03000e+02
1840	5.02613e+02	1.84000e+03	3.28021e-03	5.03333e+02
1841	5.02952e+02	1.84100e+03	3.28067e-03	5.03667e+02
1842	5.03284e+02	1.84200e+03	3.28678e-03	5.04000e+02
1843	5.03604e+02	1.84300e+03	3.29551e-03	5.04333e+02
1844	5.03937e+02	1.84400e+03	3.32224e-03	5.04667e+02
1845	5.04267e+02	1.84500e+03	3.33710e-03	5.05000e+02
1846	5.04593e+02	1.84600e+03	3.34796e-03	5.05333e+02
1847	5.04922e+02	1.84700e+03	3.35661e-03	5.05667e+02
1848	5.05254e+02	1.84800e+03	3.35439e-03	5.06000e+02
1849	5.05584e+02	1.84900e+03	3.35277e-03	5.06333e+02
1850	5.05925e+02	1.85000e+03	3.34976e-03	5.06667e+02
1851	5.06240e+02	1.85100e+03	3.34537e-03	5.07000e+02
1852	5.06571e+02	1.85200e+03	3.33017e-03	5.07333e+02
1853	5.06907e+02	1.85300e+03	3.32004e-03	5.07667e+02
1854	5.07243e+02	1.85400e+03	3.31029e-03	5.08000e+02
1855	5.07567e+02	1.85500e+03	3.30032e-03	5.08333e+02
1856	5.07889e+02	1.85600e+03	3.28946e-03	5.08667e+02
1857	5.08215e+02	1.85700e+03	3.27753e-03	5.09000e+02
1858	5.08555e+02	1.85800e+03	3.26542e-03	5.09333e+02
1859	5.08881e+02	1.85900e+03	3.25344e-03	5.09667e+02
1860	5.09215e+02	1.86000e+03	3.23979e-03	5.10000e+02
1861	5.09548e+02	1.86100e+03	3.22763e-03	5.10333e+02
1862	5.09872e+02	1.86200e+03	3.21691e-03	5.10667e+02
1863	5.10205e+02	1.86300e+03	3.20749e-03	5.11000e+02
1864	5.10535e+02	1.86400e+03	3.20367e-03	5.11333e+02
1865	5.10868e+02	1.86500e+03	3.20062e-03	5.11667e+02
1866	5.11203e+02	1.86600e+03	3.19883e-03	5.12000e+02
1867	5.11532e+02	1.86700e+03	3.19790e-03	5.12333e+02
1868	5.11859e+02	1.86800e+03	3.20152e-03	5.12667e+02
1869	5.12185e+02	1.86900e+03	3.19638e-03	5.13000e+02
1870	5.12524e+02	1.87000e+03	3.18373e-03	5.13333e+02
1871	5.12850e+02	1.87100e+03	3.16739e-03	5.13667e+02
1872	5.13184e+02	1.87200e+03	3.14184e-03	5.14000e+02
1873	5.13514e+02	1.87300e+03	3.12160e-03	5.14333e+02
1874	5.13843e+02	1.87400e+03	3.10457e-03	5.14667e+02
1875	5.14177e+02	1.87500e+03	3.08994e-03	5.15000e+02
1876	5.14504e+02	1.87600e+03	3.07835e-03	5.15333e+02
1877	5.14838e+02	1.87700e+03	3.06891e-03	5.15667e+02
1878	5.15161e+02	1.87800e+03	3.05871e-03	5.16000e+02
1879	5.15501e+02	1.87900e+03	3.04714e-03	5.16333e+02
1880	5.15822e+02	1.88000e+03	3.04159e-03	5.16667e+02
1881	5.16156e+02	1.88100e+03	3.03205e-03	5.17000e+02
1882	5.16484e+02	1.88200e+03	3.02251e-03	5.17333e+02
1883	5.16809e+02	1.88300e+03	3.01324e-03	5.17667e+02
1884	5.17149e+02	1.88400e+03	3.00102e-03	5.18000e+02
1885	5.17476e+02	1.88500e+03	2.99457e-03	5.18333e+02
1886	5.17807e+02	1.88600e+03	2.99173e-03	5.18667e+02
1887	5.18136e+02	1.88700e+03	2.99053e-03	5.19000e+02
1888	5.18476e+02	1.88800e+03	3.00050e-03	5.19333e+02
1889	5.18802e+02	1.88900e+03	3.00912e-03	5.19667e+02
1890	5.19127e+02	1.89000e+03	3.01943e-03	5.20000e+02
1891	5.19456e+02	1.89100e+03	3.03117e-03	5.20333e+02
1892	5.19789e+02	1.89200e+03	3.05444e-03	5.20667e+02
1893	5.20118e+02	1.89300e+03	3.07613e-03	5.21000e+02
1894	5.20457e+02	1.89400e+03	3.09807e-03	5.21333e+02
1895	5.20787e+02	1.89500e+03	3.11986e-03	5.21667e+02
1896	5.21117e+02	1.89600e+03	3.14174e-03	5.22000e+02
1897	5.21456e+02	1.89700e+03	3.15655e-03	5.22333e+02
1898	5.21777e+02	1.89800e+03	3.16590e-03	5.22667e+02
1899	5.22102e+02	1.89900e+03	3.17183e-03	5.23000e+02
1900	5.22433e+02	1.90000e+03	3.15629e-03	5.23333e+02
1901	5.22768e+02	1.90100e+03	3.14307e-03	5.23667e+02
1902	5.23102e+02	1.90200e+03	3.12884e-03	5.24000e+02
1903	5.23431e+02	1.90300e+03	3.11400e-03	5.24333e+02
1904	5.23756e+02	1.90400e+03	3.08885e-03	5.24667e+02
1905	5.24091e+02	1.90500e+03	3.07362e-03	5.25000e+02
1906	5.24433e+02	1.90600e+03	3.06251e-03	5.25333e+02
1907	5.24759e+02	1.90700e+03	3.05316e-03	5.25667e+02
1908	5.25087e+02	1.90800e+03	3.05569e-03	5.26000e+02
1909	5.25419e+02	1.90900e+03	3.05499e-03	5.26333e+02
1910	5.25749e+02	1.91000e+03	3.05580e-03	5.26667e+02
1911	5.26080e+02	1.91100e+03	3.05796e-03	5.27000e+02
1912	5.26413e+02	1.91200e+03	3.06420e-03	5.27333e+02
1913	5.26740e+02	1.91300e+03	3.06696e-03	5.27667e+02
1914	5.27076e+02	1.91400e+03	3.06779e-03	5.28000e+02
1915	5.27404e+02	1.91500e+03	3.06716e-03	5.28333e+02
1916	5.27733e+02	1.91600e+03	3.05967e-03	5.28667e+02
1917	5.28078e+02	1.91700e+03	3.05124e-03	5.29000e+02
1918	5.28398e+02	1.91800e+03	3.04179e-03	5.29333e+02
1919	5.28734e+02	1.91900e+03	3.03193e-03	5.29667e+02
1920	5.29063e+02	1.92000e+03	3.01459e-03	5.30000e+02
1921	5.29398e+02	1.92100e+03	3.00133e-03	5.30333e+02
1922	5.29732e+02	1.92200e+03	2.98891e-03	5.30667e+02
1923	5.30065e+02	1.92300e+03	2.97679e-03	5.31000e+02
1924	5.30394e+02	1.92400e+03	2.96721e-03	5.31333e+02
1925	5.30717e+02	1.92500e+03	2.95497e-03	5.31667e+02
1926	5.31049e+02	1.92600e+03	2.94302e-03	5.32000e+02
1927	5.31385e+02	1.92700e+03	2.93298e-03	5.32333e+02
1928	5.31715e+02	1.92800e+03	2.92671e-03	5.32667e+02
1929	5.32036e+02	1.92900e+03	2.92336e-03	5.33000e+02
1930	5.32380e+02	1.93000e+03	2.92322e-03	5.33333e+02
1931	5.32711e+02	1.93100e+03	2.92510e-03	5.33667e+02
1932	5.33045e+02	1.93200e+03	2.93851e-03	5.34000e+02
1933	5.33369e+02	1.93300e+03	2.94810e-03	5.34333e+02
1934	5.33708e+02	1.93400e+03	2.95719e-03	5.34667e+02
1935	5.34037e+02	1.93500e+03	2.96647e-03	5.35000e+02
1936	5.34375e+02	1.93600e+03	2.97948e-03	5.35333e+02
1937	5.34706e+02	1.93700e+03	2.98866e-03	5.35667e+02
1938	5.35023e+02	1.93800e+03	2.99525e-03	5.36000e+02
1939	5.35358e+02	1.93900e+03	3.00076e-03	5.36333e+02
1940	5.35682e+02	1.94000e+03	3.00095e-03	5.36667e+02
1941	5.36029e+02	1.94100e+03	3.00134e-03	5.37000e+02
1942	5.36352e+02	1.94200e+03	3.00034e-03	5.37333e+02
1943	5.36683e+02	1.94300e+03	2.99827e-03	5.37667e+02
1944	5.37019e+02	1.94400e+03	2.99077e-03	5.38000e+02
1945	5.37353e+02	1.94500e+03	2.98487e-03	5.38333e+02
1946	5.37679e+02	1.94600e+03	2.97745e-03	5.38667e+02
1947	5.38014e+02	1.94700e+03	2.96842e-03	5.39000e+02
1948	5.38350e+02	1.94800e+03	2.95522e-03	5.39333e+02
1949	5.38678e+02	1.94900e+03	2.94265e-03	5.39667e+02
1950	5.39001e+02	1.95000e+03	2.93003e-03	5.40000e+02
1951	5.39334e+02	1.95100e+03	2.91771e-03	5.40333e+02
1952	5.39675e+02	1.95200e+03	2.90742e-03	5.40667e+02
1953	5.40002e+02	1.95300e+03	2.90285e-03	5.41000e+02
1954	5.40330e+02	1.95400e+03	2.90275e-03	5.41333e+02
1955	5.40657e+02	1.95500e+03	2.90512e-03	5.41667e+02
1956	5.40989e+02	1.95600e+03	2.92327e-03	5.42000e+02
1957	5.41328e+02	1.95700e+03	2.93914e-03	5.42333e+02
1958	5.41663e+02	1.95800e+03	2.95783e-03	5.42667e+02
1959	5.41985e+02	1.95900e+03	2.97870e-03	5.43000e+02
1960	5.42318e+02	1.96000e+03	3.00812e-03	5.43333e+02
1961	5.42660e+02	1.96100e+03	3.02953e-03	5.43667e+02
1962	5.42987e+02	1.96200e+03	3.04354e-03	5.44000e+02
1963	5.43325e+02	1.96300e+03	3.05158e-03	5.44333e+02
1964	5.43641e+02	1.96400e+03	3.04339e-03	5.44667e+02
1965	5.43978e+02	1.96500e+03	3.03456e-03	5.45000e+02
1966	5.44313e+02	1.96600e+03	3.02372e-03	5.45333e+02
1967	5.44643e+02	1.96700e+03	3.01255e-03	5.45667e+02
1968	5.44980e+02	1.96800e+03	2.98758e-03	5.46000e+02
1969	5.45311e+02	1.96900e+03	2.97600e-03	5.46333e+02
1970	5.45635e+02	1.97000e+03	2.96963e-03	5.46667e+02
1971	5.45978e+02	1.97100e+03	2.96506e-03	5.47000e+02
1972	5.46302e+02	1.97200e+03	2.97137e-03	5.47333e+02
1973	5.46633e+02	1.97300e+03	2.96662e-03	5.47667e+02
1974	5.46963e+02	1.97400e+03	2.95612e-03	5.48000e+02
1975	5.47305e+02	1.97500e+03	2.94360e-03	5.48333e+02
1976	5.47626e+02	1.97600e+03	2.92250e-03	5.48667e+02
1977	5.47961e+02	1.97700e+03	2.90558e-03	5.49000e+02
1978	5.48286e+02	1.97800e+03	2.89155e-03	5.49333e+02
1979	5.48623e+02	1.97900e+03	2.87944e-03	5.49667e+02
1980	5.48956e+02	1.98000e+03	2.87135e-03	5.50000e+02
1981	5.49289e+02	1.98100e+03	2.86697e-03	5.50333e+02
1982	5.49615e+02	1.98200e+03	2.86485e-03	5.50667e+02
1983	5.49947e+02	1.98300e+03	2.86420e-03	5.51000e+02
1984	5.50284e+02	1.98400e+03	2.87522e-03	5.51333e+02
1985	5.50610e+02	1.98500e+03	2.87886e-03	5.51667e+02
1986	5.50944e+02	1.98600e+03	2.87922e-03	5.52000e+02
1987	5.51271e+02	1.98700e+03	2.87772e-03	5.52333e+02
1988	5.51604e+02	1.98800e+03	2.86873e-03	5.52667e+02
1989	5.51938e+02	1.98900e+03	2.85939e-03	5.53000e+02
1990	5.52278e+02	1.99000e+03	2.84816e-03	5.53333e+02
1991	5.52598e+02	1.99100e+03	2.83545e-03	5.53667e+02
1992	5.52931e+02	1.99200e+03	2.81407e-03	5.54000e+02
1993	5.53276e+02	1.99300e+03	2.79755e-03	5.54333e+02
1994	5.53591e+02	1.99400e+03	2.78239e-03	5.54667e+02
1995	5.53930e+02	1.99500e+03	2.76746e-03	5.55000e+02
1996	5.54252e+02	1.99600e+03	2.75536e-03	5.55333e+02
1997	5.54587e+02	1.99700e+03	2.74586e-03	5.55667e+02
1998	5.54928e+02	1.99800e+03	2.74019e-03	5.56000e+02
1999	5.55253e+02	1.99900e+03	2.73709e-03	5.56333e+02
2000	5.55579e+02	2.00000e+03	2.74323e-03	5.56667e+02
2001	5.55912e+02	2.00100e+03	2.74553e-03	5.57000e+02
2002	5.56252e+02	2.00200e+03	2.74747e-03	5.57333e+02
2003	5.56579e+02	2.00300e+03	2.75029e-03	5.57667e+02
2004	5.56905e+02	2.00400e+03	2.75992e-03	5.58000e+02
2005	5.57241e+02	2.00500e+03	2.76772e-03	5.58333e+02
2006	5.57576e+02	2.00600e+03	2.77564e-03	5.58667e+02
2007	5.57914e+02	2.00700e+03	2.78390e-03	5.59000e+02
2008	5.58243e+02	2.00800e+03	2.79022e-03	5.59333e+02
2009	5.58566e+02	2.00900e+03	2.79282e-03	5.59667e+02
2010	5.58902e+02	2.01000e+03	2.79351e-03	5.60000e+02
2011	5.59234e+02	2.01100e+03	2.79368e-03	5.60333e+02
2012	5.59562e+02	2.01200e+03	2.78709e-03	5.60667e+02
2013	5.59896e+02	2.01300e+03	2.78220e-03	5.61000e+02
2014	5.60230e+02	2.01400e+03	2.77436e-03	5.61333e+02
2015	5.60561e+02	2.01500e+03	2.76428e-03	5.61667e+02
2016	5.60898e+02	2.01600e+03	2.75267e-03	5.62000e+02
2017	5.61219e+02	2.01700e+03	2.74331e-03	5.62333e+02
2018	5.61548e+02	2.01800e+03	2.73376e-03	5.62667e+02
2019	5.61889e+02	2.01900e+03	2.72308e-03	5.63000e+02
2020	5.62221e+02	2.02000e+03	2.71038e-03	5.63333e+02
2021	5.62547e+02	2.02100e+03	2.69911e-03	5.63667e+02
2022	5.62885e+02	2.02200e+03	2.69024e-03	5.64000e+02
2023	5.63216e+02	2.02300e+03	2.68366e-03	5.64333e+02
2024	5.63547e+02	2.02400e+03	2.68466e-03	5.64667e+02
2025	5.63871e+02	2.02500e+03	2.68899e-03	5.65000e+02
2026	5.64209e+02	2.02600e+03	2.69681e-03	5.65333e+02
2027	5.64541e+02	2.02700e+03	2.70668e-03	5.65667e+02
2028	5.64873e+02	2.02800e+03	2.73083e-03	5.66000e+02
2029	5.65204e+02	2.02900e+03	2.74865e-03	5.66333e+02
2030	5.65542e+02	2.03000e+03	2.76591e-03	5.66667e+02
2031	5.65871e+02	2.03100e+03	2.78320e-03	5.67000e+02
2032	5.66193e+02	2.03200e+03	2.79764e-03	5.67333e+02
2033	5.66526e+02	2.03300e+03	2.80853e-03	5.67667e+02
2034	5.66867e+02	2.03400e+03	2.81607e-03	5.68000e+02
2035	5.67192e+02	2.03500e+03	2.82191e-03	5.68333e+02
2036	5.67524e+02	2.03600e+03	2.81257e-03	5.68667e+02
2037	5.67857e+02	2.03700e+03	2.80282e-03	5.69000e+02
2038	5.68197e+02	2.03800e+03	2.79141e-03	5.69333e+02
2039	5.68526e+02	2.03900e+03	2.77914e-03	5.69667e+02
2040	5.68844e+02	2.04000e+03	2.75947e-03	5.70000e+02
2041	5.69182e+02	2.04100e+03	2.74928e-03	5.70333e+02
2042	5.69514e+02	2.04200e+03	2.74414e-03	5.70667e+02
2043	5.69857e+02	2.04300e+03	2.74225e-03	5.71000e+02
2044	5.70188e+02	2.04400e+03	2.75357e-03	5.71333e+02
2045	5.70512e+02	2.04500e+03	2.75908e-03	5.71667e+02
2046	5.70846e+02	2.04600e+03	2.76338e-03	5.72000e+02
2047	5.71175e+02	2.04700e+03	2.76770e-03	5.72333e+02
2048	5.71505e+02	2.04800e+03	2.77566e-03	5.72667e+02
2049	5.71843e+02	2.04900e+03	2.78081e-03	5.73000e+02
2050	5.72166e+02	2.05000e+03	2.78318e-03	5.73333e+02
2051	5.72500e+02	2.05100e+03	2.78292e-03	5.73667e+02
2052	5.72840e+02	2.05200e+03	2.77242e-03	5.74000e+02
2053	5.73165e+02	2.05300e+03	2.76117e-03	5.74333e+02
2054	5.73492e+02	2.05400e+03	2.74799e-03	5.74667e+02
2055	5.73824e+02	2.05500e+03	2.73361e-03	5.75000e+02
2056	5.74160e+02	2.05600e+03	2.70838e-03	5.75333e+02
2057	5.74495e+02	2.05700e+03	2.69131e-03	5.75667e+02
2058	5.74830e+02	2.05800e+03	2.67884e-03	5.76000e+02
2059	5.75162e+02	2.05900e+03	2.66856e-03	5.76333e+02
2060	5.75483e+02	2.06000e+03	2.66648e-03	5.76667e+02
2061	5.75828e+02	2.06100e+03	2.66450e-03	5.77000e+02
2062	5.76162e+02	2.06200e+03	2.66477e-03	5.77333e+02
2063	5.76501e+02	2.06300e+03	2.66635e-03	5.77667e+02
2064	5.76826e+02	2.06400e+03	2.67785e-03	5.78000e+02
2065	5.77160e+02	2.06500e+03	2.68756e-03	5.78333e+02
2066	5.77493e+02	2.06600e+03	2.69980e-03	5.78667e+02
2067	5.77826e+02	2.06700e+03	2.71409e-03	5.79000e+02
2068	5.78153e+02	2.06800e+03	2.73456e-03	5.79333e+02
2069	5.78493e+02	2.06900e+03	2.75300e-03	5.79667e+02
2070	5.78828e+02	2.07000e+03	2.76971e-03	5.80000e+02
2071	5.79155e+02	2.07100e+03	2.78420e-03	5.80333e+02
2072	5.79471e+02	2.07200e+03	2.78857e-03	5.80667e+02
2073	5.79802e+02	2.07300e+03	2.78646e-03	5.81000e+02
2074	5.80145e+02	2.07400e+03	2.77982e-03	5.81333e+02
2075	5.80480e+02	2.07500e+03	2.77035e-03	5.81667e+02
2076	5.80811e+02	2.07600e+03	2.74126e-03	5.82000e+02
2077	5.81146e+02	2.07700e+03	2.72400e-03	5.82333e+02
2078	5.81478e+02	2.07800e+03	2.70916e-03	5.82667e+02
2079	5.81811e+02	2.07900e+03	2.69506e-03	5.83000e+02
2080	5.82141e+02	2.08000e+03	2.68821e-03	5.83333e+02
2081	5.82470e+02	2.08100e+03	2.67996e-03	5.83667e+02
2082	5.82809e+02	2.08200e+03	2.67157e-03	5.84000e+02
2083	5.83140e+02	2.08300e+03	2.66370e-03	5.84333e+02
2084	5.83470e+02	2.08400e+03	2.66208e-03	5.84667e+02
2085	5.83800e+02	2.08500e+03	2.65886e-03	5.85000e+02
2086	5.84125e+02	2.08600e+03	2.65616e-03	5.85333e+02
2087	5.84471e+02	2.08700e+03	2.65384e-03	5.85667e+02
2088	5.84802e+02	2.08800e+03	2.65107e-03	5.86000e+02
2089	5.85134e+02	2.08900e+03	2.64612e-03	5.86333e+02
2090	5.85459e+02	2.09000e+03	2.63975e-03	5.86667e+02
2091	5.85794e+02	2.09100e+03	2.63259e-03	5.87000e+02
2092	5.86120e+02	2.09200e+03	2.62771e-03	5.87333e+02
2093	5.86464e+02	2.09300e+03	2.62985e-03	5.87667e+02
2094	5.86785e+02	2.09400e+03	2.63656e-03	5.88000e+02
2095	5.87112e+02	2.09500e+03	2.64530e-03	5.88333e+02
2096	5.87453e+02	2.09600e+03	2.66422e-03	5.88667e+02
2097	5.87793e+02	2.09700e+03	2.67502e-03	5.89000e+02
2098	5.88124e+02	2.09800e+03	2.67968e-03	5.89333e+02
2099	5.88457e+02	2.09900e+03	2.68048e-03	5.89667e+02
2100	5.88777e+02	2.10000e+03	2.66808e-03	5.90000e+02
2101	5.89120e+02	2.10100e+03	2.65418e-03	5.90333e+02
2102	5.89456e+02	2.10200e+03	2.63901e-03	5.90667e+02
2103	5.89787e+02	2.10300e+03	2.62342e-03	5.91000e+02
2104	5.90114e+02	2.10400e+03	2.59692e-03	5.91333e+02
2105	5.90446e+02	2.10500e+03	2.58342e-03	5.91667e+02
2106	5.90774e+02	2.10600e+03	2.57716e-03	5.92000e+02
2107	5.91121e+02	2.10700e+03	2.57508e-03	5.92333e+02
2108	5.91438e+02	2.10800e+03	2.59264e-03	5.92667e+02
2109	5.91771e+02	2.10900e+03	2.60360e-03	5.93000e+02
2110	5.92108e+02	2.11000e+03	2.61361e-03	5.93333e+02
2111	5.92446e+02	2.11100e+03	2.62378e-03	5.93667e+02
2112	5.92783e+02	2.11200e+03	2.63820e-03	5.94000e+02
2113	5.93099e+02	2.11300e+03	2.64490e-03	5.94333e+02
2114	5.93436e+02	2.11400e+03	2.64591e-03	5.94667e+02
2115	5.93782e+02	2.11500e+03	2.64334e-03	5.95000e+02
2116	5.94109e+02	2.11600e+03	2.63062e-03	5.95333e+02
2117	5.94444e+02	2.11700e+03	2.62393e-03	5.95667e+02
2118	5.94770e+02	2.11800e+03	2.61599e-03	5.96000e+02
2119	5.95102e+02	2.11900e+03	2.60651e-03	5.96333e+02
2120	5.95433e+02	2.12000e+03	2.59838e-03	5.96667e+02
2121	5.95768e+02	2.12100e+03	2.59169e-03	5.97000e+02
2122	5.96097e+02	2.12200e+03	2.58609e-03	5.97333e+02
2123	5.96430e+02	2.12300e+03	2.58166e-03	5.97667e+02
2124	5.96764e+02	2.12400e+03	2.58262e-03	5.98000e+02
2125	5.97096e+02	2.12500e+03	2.58185e-03	5.98333e+02
2126	5.97431e+02	2.12600e+03	2.58054e-03	5.98667e+02
2127	5.97763e+02	2.12700e+03	2.57913e-03	5.99000e+02
2128	5.98092e+02	2.12800e+03	2.57766e-03	5.99333e+02
2129	5.98430e+02	2.12900e+03	2.57445e-03	5.99667e+02
2130	5.98764e+02	2.13000e+03	2.57235e-03	6.00000e+02
2131	5.99094e+02	2.13100e+03	2.57118e-03	6.00333e+02
2132	5.99421e+02	2.13200e+03	2.56800e-03	6.00667e+02
2133	5.99760e+02	2.13300e+03	2.56721e-03	6.01000e+02
2134	6.00093e+02	2.13400e+03	2.56715e-03	6.01333e+02
2135	6.00430e+02	2.13500e+03	2.56724e-03	6.01667e+02
2136	6.00753e+02	2.13600e+03	2.56822e-03	6.02000e+02
2137	6.01094e+02	2.13700e+03	2.56735e-03	6.02333e+02
2138	6.01428e+02	2.13800e+03	2.56776e-03	6.02667e+02
2139	6.01758e+02	2.13900e+03	2.56946e-03	6.03000e+02
2140	6.02084e+02	2.14000e+03	2.56885e-03	6.03333e+02
2141	6.02420e+02	2.14100e+03	2.56938e-03	6.03667e+02
2142	6.02752e+02	2.14200e+03	2.56934e-03	6.04000e+02
2143	6.03089e+02	2.14300e+03	2.56828e-03	6.04333e+02
2144	6.03419e+02	2.14400e+03	2.56329e-03	6.04667e+02
2145	6.03746e+02	2.14500e+03	2.55265e-03	6.05000e+02
2146	6.04077e+02	2.14600e+03	2.53811e-03	6.05333e+02
2147	6.04405e+02	2.14700e+03	2.52206e-03	6.05667e+02
2148	6.04745e+02	2.14800e+03	2.49493e-03	6.06000e+02
2149	6.05077e+02	2.14900e+03	2.47565e-03	6.06333e+02
2150	6.05411e+02	2.15000e+03	2.46026e-03	6.06667e+02
2151	6.05743e+02	2.15100e+03	2.44690e-03	6.07000e+02
2152	6.06075e+02	2.15200e+03	2.44180e-03	6.07333e+02
2153	6.06412e+02	2.15300e+03	2.43860e-03	6.07667e+02
2154	6.06741e+02	2.15400e+03	2.43807e-03	6.08000e+02
2155	6.07060e+02	2.15500e+03	2.43921e-03	6.08333e+02
2156	6.07399e+02	2.15600e+03	2.44914e-03	6.08667e+02
2157	6.07738e+02	2.15700e+03	2.45191e-03	6.09000e+02
2158	6.08069e+02	2.15800e+03	2.45461e-03	6.09333e+02
2159	6.08397e+02	2.15900e+03	2.45901e-03	6.09667e+02
2160	6.08725e+02	2.16000e+03	2.46630e-03	6.10000e+02
2161	6.09064e+02	2.16100e+03	2.47782e-03	6.10333e+02
2162	6.09399e+02	2.16200e+03	2.49379e-03	6.10667e+02
2163	6.09729e+02	2.16300e+03	2.51281e-03	6.11000e+02
2164	6.10057e+02	2.16400e+03	2.54384e-03	6.11333e+02
2165	6.10386e+02	2.16500e+03	2.56858e-03	6.11667e+02
2166	6.10734e+02	2.16600e+03	2.59249e-03	6.12000e+02
2167	6.11067e+02	2.16700e+03	2.61680e-03	6.12333e+02
2168	6.11391e+02	2.16800e+03	2.64177e-03	6.12667e+02
2169	6.11728e+02	2.16900e+03	2.66441e-03	6.13000e+02
2170	6.12064e+02	2.17000e+03	2.68500e-03	6.13333e+02
2171	6.12404e+02	2.17100e+03	2.70419e-03	6.13667e+02
2172	6.12726e+02	2.17200e+03	2.71409e-03	6.14000e+02
2173	6.13053e+02	2.17300e+03	2.72211e-03	6.14333e+02
2174	6.13392e+02	2.17400e+03	2.72657e-03	6.14667e+02
2175	6.13730e+02	2.17500e+03	2.72858e-03	6.15000e+02
2176	6.14059e+02	2.17600e+03	2.71846e-03	6.15333e+02
2177	6.14390e+02	2.17700e+03	2.71211e-03	6.15667e+02
2178	6.14716e+02	2.17800e+03	2.70491e-03	6.16000e+02
2179	6.15054e+02	2.17900e+03	2.69718e-03	6.16333e+02
2180	6.15394e+02	2.18000e+03	2.68379e-03	6.16667e+02
2181	6.15723e+02	2.18100e+03	2.66980e-03	6.17000e+02
2182	6.16051e+02	2.18200e+03	2.65251e-03	6.17333e+02
2183	6.16385e+02	2.18300e+03	2.63256e-03	6.17667e+02
2184	6.16727e+02	2.18400e+03	2.60510e-03	6.18000e+02
2185	6.17067e+02	2.18500e+03	2.57907e-03	6.18333e+02
2186	6.17389e+02	2.18600e+03	2.55072e-03	6.18667e+02
2187	6.17724e+02	2.18700e+03	2.52074e-03	6.19000e+02
2188	6.18052e+02	2.18800e+03	2.48589e-03	6.19333e+02
2189	6.18383e+02	2.18900e+03	2.45698e-03	6.19667e+02
2190	6.18722e+02	2.19000e+03	2.43363e-03	6.20000e+02
2191	6.19056e+02	2.19100e+03	2.41394e-03	6.20333e+02
2192	6.19385e+02	2.19200e+03	2.40828e-03	6.20667e+02
2193	6.19717e+02	2.19300e+03	2.40560e-03	6.21000e+02
2194	6.20044e+02	2.19400e+03	2.40862e-03	6.21333e+02
2195	6.20384e+02	2.19500e+03	2.41581e-03	6.21667e+02
2196	6.20719e+02	2.19600e+03	2.44801e-03	6.22000e+02
2197	6.21059e+02	2.19700e+03	2.47315e-03	6.22333e+02
2198	6.21380e+02	2.19800e+03	2.49882e-03	6.22667e+02
2199	6.21703e+02	2.19900e+03	2.52511e-03	6.23000e+02
2200	6.22044e+02	2.20000e+03	2.55686e-03	6.23333e+02
2201	6.22377e+02	2.20100e+03	2.58096e-03	6.23667e+02
2202	6.22705e+02	2.20200e+03	2.59883e-03	6.24000e+02
2203	6.23041e+02	2.20300e+03	2.61230e-03	6.24333e+02
2204	6.23377e+02	2.20400e+03	2.61295e-03	6.24667e+02
2205	6.23711e+02	2.20500e+03	2.61902e-03	6.25000e+02
2206	6.24049e+02	2.20600e+03	2.62555e-03	6.25333e+02
2207	6.24366e+02	2.20700e+03	2.63127e-03	6.25667e+02
2208	6.24712e+02	2.20800e+03	2.63122e-03	6.26000e+02
2209	6.25047e+02	2.20900e+03	2.63397e-03	6.26333e+02
2210	6.25367e+02	2.21000e+03	2.63414e-03	6.26667e+02
2211	6.25708e+02	2.21100e+03	2.63140e-03	6.27000e+02
2212	6.26038e+02	2.21200e+03	2.62458e-03	6.27333e+02
2213	6.26374e+02	2.21300e+03	2.61692e-03	6.27667e+02
2214	6.26708e+02	2.21400e+03	2.60923e-03	6.28000e+02
2215	6.27040e+02	2.21500e+03	2.60123e-03	6.28333e+02
2216	6.27367e+02	2.21600e+03	2.58480e-03	6.28667e+02
2217	6.27707e+02	2.21700e+03	2.57467e-03	6.29000e+02
2218	6.28041e+02	2.21800e+03	2.56985e-03	6.29333e+02
2219	6.28366e+02	2.21900e+03	2.56810e-03	6.29667e+02
2220	6.28694e+02	2.22000e+03	2.57610e-03	6.30000e+02
2221	6.29041e+02	2.22100e+03	2.58546e-03	6.30333e+02
2222	6.29368e+02	2.22200e+03	2.59827e-03	6.30667e+02
2223	6.29700e+02	2.22300e+03	2.61335e-03	6.31000e+02
2224	6.30032e+02	2.22400e+03	2.64159e-03	6.31333e+02
2225	6.30368e+02	2.22500e+03	2.66223e-03	6.31667e+02
2226	6.30707e+02	2.22600e+03	2.68020e-03	6.32000e+02
2227	6.31038e+02	2.22700e+03	2.69695e-03	6.32333e+02
2228	6.31367e+02	2.22800e+03	2.70495e-03	6.32667e+02
2229	6.31700e+02	2.22900e+03	2.70863e-03	6.33000e+02
2230	6.32032e+02	2.23000e+03	2.70770e-03	6.33333e+02
2231	6.32370e+02	2.23100e+03	2.70390e-03	6.33667e+02
2232	6.32702e+02	2.23200e+03	2.68218e-03	6.34000e+02
2233	6.33037e+02	2.23300e+03	2.66762e-03	6.34333e+02
2234	6.33369e+02	2.23400e+03	2.65355e-03	6.34667e+02
2235	6.33706e+02	2.23500e+03	2.63864e-03	6.35000e+02
2236	6.34044e+02	2.23600e+03	2.62121e-03	6.35333e+02
2237	6.34367e+02	2.23700e+03	2.60665e-03	6.35667e+02
2238	6.34704e+02	2.23800e+03	2.59322e-03	6.36000e+02
2239	6.35036e+02	2.23900e+03	2.58090e-03	6.36333e+02
2240	6.35361e+02	2.24000e+03	2.57858e-03	6.36667e+02
2241	6.35696e+02	2.24100e+03	2.57768e-03	6.37000e+02
2242	6.36034e+02	2.24200e+03	2.57886e-03	6.37333e+02
2243	6.36373e+02	2.24300e+03	2.58155e-03	6.37667e+02
2244	6.36708e+02	2.24400e+03	2.59586e-03	6.38000e+02
2245	6.37038e+02	2.24500e+03	2.60234e-03	6.38333e+02
2246	6.37380e+02	2.24600e+03	2.60596e-03	6.38667e+02
2247	6.37704e+02	2.24700e+03	2.60910e-03	6.39000e+02
2248	6.38035e+02	2.24800e+03	2.60766e-03	6.39333e+02
2249	6.38361e+02	2.24900e+03	2.60537e-03	6.39667e+02
2250	6.38697e+02	2.25000e+03	2.60077e-03	6.40000e+02
2251	6.39028e+02	2.25100e+03	2.59419e-03	6.40333e+02
2252	6.39362e+02	2.25200e+03	2.57921e-03	6.40667e+02
2253	6.39696e+02	2.25300e+03	2.56597e-03	6.41000e+02
2254	6.40022e+02	2.25400e+03	2.55067e-03	6.41333e+02
2255	6.40366e+02	2.25500e+03	2.53352e-03	6.41667e+02
2256	6.40697e+02	2.25600e+03	2.50967e-03	6.42000e+02
2257	6.41026e+02	2.25700e+03	2.48847e-03	6.42333e+02
2258	6.41361e+02	2.25800e+03	2.46723e-03	6.42667e+02
2259	6.41695e+02	2.25900e+03	2.44580e-03	6.43000e+02
2260	6.42023e+02	2.26000e+03	2.42390e-03	6.43333e+02
2261	6.42363e+02	2.26100e+03	2.40512e-03	6.43667e+02
2262	6.42693e+02	2.26200e+03	2.38975e-03	6.44000e+02
2263	6.43027e+02	2.26300e+03	2.37699e-03	6.44333e+02
2264	6.43363e+02	2.26400e+03	2.37537e-03	6.44667e+02
2265	6.43693e+02	2.26500e+03	2.37416e-03	6.45000e+02
2266	6.44024e+02	2.26600e+03	2.37546e-03	6.45333e+02
2267	6.44355e+02	2.26700e+03	2.37804e-03	6.45667e+02
2268	6.44685e+02	2.26800e+03	2.38858e-03	6.46000e+02
2269	6.45020e+02	2.26900e+03	2.39197e-03	6.46333e+02
2270	6.45364e+02	2.27000e+03	2.39301e-03	6.46667e+02
2271	6.45689e+02	2.27100e+03	2.39311e-03	6.47000e+02
2272	6.46019e+02	2.27200e+03	2.38506e-03	6.47333e+02
2273	6.46360e+02	2.27300e+03	2.37856e-03	6.47667e+02
2274	6.46687e+02	2.27400e+03	2.37354e-03	6.48000e+02
2275	6.47031e+02	2.27500e+03	2.37051e-03	6.48333e+02
2276	6.47359e+02	2.27600e+03	2.36882e-03	6.48667e+02
2277	6.47689e+02	2.27700e+03	2.37063e-03	6.49000e+02
2278	6.48032e+02	2.27800e+03	2.37517e-03	6.49333e+02
2279	6.48353e+02	2.27900e+03	2.38128e-03	6.49667e+02
2280	6.48687e+02	2.28000e+03	2.39679e-03	6.50000e+02
2281	6.49013e+02	2.28100e+03	2.40476e-03	6.50333e+02
2282	6.49344e+02	2.28200e+03	2.40936e-03	6.50667e+02
2283	6.49679e+02	2.28300e+03	2.41306e-03	6.51000e+02
2284	6.50018e+02	2.28400e+03	2.41359e-03	6.51333e+02
2285	6.50348e+02	2.28500e+03	2.41711e-03	6.51667e+02
2286	6.50678e+02	2.28600e+03	2.42250e-03	6.52000e+02
2287	6.51013e+02	2.28700e+03	2.42879e-03	6.52333e+02
2288	6.51345e+02	2.28800e+03	2.43629e-03	6.52667e+02
2289	6.51681e+02	2.28900e+03	2.44170e-03	6.53000e+02
2290	6.52016e+02	2.29000e+03	2.44531e-03	6.53333e+02
2291	6.52345e+02	2.29100e+03	2.44838e-03	6.53667e+02
2292	6.52679e+02	2.29200e+03	2.45083e-03	6.54000e+02
2293	6.53007e+02	2.29300e+03	2.45276e-03	6.54333e+02
2294	6.53345e+02	2.29400e+03	2.45346e-03	6.54667e+02
2295	6.53684e+02	2.29500e+03	2.45312e-03	6.55000e+02
2296	6.54017e+02	2.29600e+03	2.45127e-03	6.55333e+02
2297	6.54344e+02	2.29700e+03	2.45117e-03	6.55667e+02
2298	6.54672e+02	2.29800e+03	2.45159e-03	6.56000e+02
2299	6.54999e+02	2.29900e+03	2.45339e-03	6.56333e+02
2300	6.55349e+02	2.30000e+03	2.46216e-03	6.56667e+02
2301	6.55679e+02	2.30100e+03	2.46994e-03	6.57000e+02
2302	6.56011e+02	2.30200e+03	2.47548e-03	6.57333e+02
2303	6.56335e+02	2.30300e+03	2.47963e-03	6.57667e+02
2304	6.56668e+02	2.30400e+03	2.48878e-03	6.58000e+02
2305	6.57009e+02	2.30500e+03	2.49428e-03	6.58333e+02
2306	6.57328e+02	2.30600e+03	2.49815e-03	6.58667e+02
2307	6.57674e+02	2.30700e+03	2.50132e-03	6.59000e+02
2308	6.58006e+02	2.30800e+03	2.49985e-03	6.59333e+02
2309	6.58344e+02	2.30900e+03	2.50180e-03	6.59667e+02
2310	6.58667e+02	2.31000e+03	2.50785e-03	6.60000e+02
2311	6.58999e+02	2.31100e+03	2.51700e-03	6.60333e+02
2312	6.59337e+02	2.31200e+03	2.53331e-03	6.60667e+02
2313	6.59675e+02	2.31300e+03	2.55091e-03	6.61000e+02
2314	6.60002e+02	2.31400e+03	2.57002e-03	6.61333e+02
2315	6.60335e+02	2.31500e+03	2.58868e-03	6.61667e+02
2316	6.60661e+02	2.31600e+03	2.60586e-03	6.62000e+02
2317	6.60987e+02	2.31700e+03	2.61353e-03	6.62333e+02
2318	6.61332e+02	2.31800e+03	2.61711e-03	6.62667e+02
2319	6.61666e+02	2.31900e+03	2.61846e-03	6.63000e+02
2320	6.62000e+02	2.32000e+03	2.59828e-03	6.63333e+02
2321	6.62328e+02	2.32100e+03	2.58675e-03	6.63667e+02
2322	6.62660e+02	2.32200e+03	2.57570e-03	6.64000e+02
2323	6.62991e+02	2.32300e+03	2.56401e-03	6.64333e+02
2324	6.63320e+02	2.32400e+03	2.55187e-03	6.64667e+02
2325	6.63656e+02	2.32500e+03	2.54255e-03	6.65000e+02
2326	6.63991e+02	2.32600e+03	2.53361e-03	6.65333e+02
2327	6.64327e+02	2.32700e+03	2.52394e-03	6.65667e+02
2328	6.64651e+02	2.32800e+03	2.51518e-03	6.66000e+02
2329	6.64988e+02	2.32900e+03	2.50409e-03	6.66333e+02
2330	6.65316e+02	2.33000e+03	2.49199e-03	6.66667e+02
2331	6.65653e+02	2.33100e+03	2.47926e-03	6.67000e+02
2332	6.65990e+02	2.33200e+03	2.46216e-03	6.67333e+02
2333	6.66323e+02	2.33300e+03	2.44585e-03	6.67667e+02
2334	6.66667e+02	2.33400e+03	2.42793e-03	6.68000e+02
2335	6.66994e+02	2.33500e+03	2.40919e-03	6.68333e+02
2336	6.67318e+02	2.33600e+03	2.39020e-03	6.68667e+02
2337	6.67657e+02	2.33700e+03	2.37376e-03	6.69000e+02
2338	6.67991e+02	2.33800e+03	2.36115e-03	6.69333e+02
2339	6.68320e+02	2.33900e+03	2.35207e-03	6.69667e+02
2340	6.68651e+02	2.34000e+03	2.35189e-03	6.70000e+02
2341	6.68986e+02	2.34100e+03	2.35007e-03	6.70333e+02
2342	6.69319e+02	2.34200e+03	2.34648e-03	6.70667e+02
2343	6.69645e+02	2.34300e+03	2.34155e-03	6.71000e+02
2344	6.69969e+02	2.34400e+03	2.34140e-03	6.71333e+02
2345	6.70314e+02	2.34500e+03	2.33679e-03	6.71667e+02
2346	6.70644e+02	2.34600e+03	2.33328e-03	6.72000e+02
2347	6.70971e+02	2.34700e+03	2.33192e-03	6.72333e+02
2348	6.71302e+02	2.34800e+03	2.32964e-03	6.72667e+02
2349	6.71634e+02	2.34900e+03	2.33257e-03	6.73000e+02
2350	6.71968e+02	2.35000e+03	2.33831e-03	6.73333e+02
2351	6.72300e+02	2.35100e+03	2.34569e-03	6.73667e+02
2352	6.72630e+02	2.35200e+03	2.36464e-03	6.74000e+02
2353	6.72968e+02	2.35300e+03	2.37508e-03	6.74333e+02
2354	6.73299e+02	2.35400e+03	2.38181e-03	6.74667e+02
2355	6.73632e+02	2.35500e+03	2.38666e-03	6.75000e+02
2356	6.73960e+02	2.35600e+03	2.38477e-03	6.75333e+02
2357	6.74298e+02	2.35700e+03	2.38381e-03	6.75667e+02
2358	6.74628e+02	2.35800e+03	2.38218e-03	6.76000e+02
2359	6.74961e+02	2.35900e+03	2.38034e-03	6.76333e+02
2360	6.75291e+02	2.36000e+03	2.37774e-03	6.76667e+02
2361	6.75629e+02	2.36100e+03	2.38096e-03	6.77000e+02
2362	6.75962e+02	2.36200e+03	2.38657e-03	6.77333e+02
2363	6.76294e+02	2.36300e+03	2.39345e-03	6.77667e+02
2364	6.76615e+02	2.36400e+03	2.40543e-03	6.78000e+02
2365	6.76958e+02	2.36500e+03	2.40995e-03	6.78333e+02
2366	6.77290e+02	2.36600e+03	2.41123e-03	6.78667e+02
2367	6.77620e+02	2.36700e+03	2.41068e-03	6.79000e+02
2368	6.77953e+02	2.36800e+03	2.40216e-03	6.79333e+02
2369	6.78285e+02	2.36900e+03	2.39785e-03	6.79667e+02
2370	6.78622e+02	2.37000e+03	2.39453e-03	6.80000e+02
2371	6.78952e+02	2.37100e+03	2.39237e-03	6.80333e+02
2372	6.79285e+02	2.37200e+03	2.39512e-03	6.80667e+02
2373	6.79625e+02	2.37300e+03	2.39900e-03	6.81000e+02
2374	6.79953e+02	2.37400e+03	2.40306e-03	6.81333e+02
2375	6.80281e+02	2.37500e+03	2.40743e-03	6.81667e+02
2376	6.80616e+02	2.37600e+03	2.41762e-03	6.82000e+02
2377	6.80951e+02	2.37700e+03	2.42195e-03	6.82333e+02
2378	6.81283e+02	2.37800e+03	2.42554e-03	6.82667e+02
2379	6.81604e+02	2.37900e+03	2.42972e-03	6.83000e+02
2380	6.81954e+02	2.38000e+03	2.42918e-03	6.83333e+02
2381	6.82281e+02	2.38100e+03	2.42986e-03	6.83667e+02
2382	6.82600e+02	2.38200e+03	2.42985e-03	6.84000e+02
2383	6.82944e+02	2.38300e+03	2.42913e-03	6.84333e+02
2384	6.83274e+02	2.38400e+03	2.42588e-03	6.84667e+02
2385	6.83615e+02	2.38500e+03	2.42143e-03	6.85000e+02
2386	6.83941e+02	2.38600e+03	2.41460e-03	6.85333e+02
2387	6.84280e+02	2.38700e+03	2.40588e-03	6.85667e+02
2388	6.84621e+02	2.38800e+03	2.38976e-03	6.86000e+02
2389	6.84951e+02	2.38900e+03	2.37660e-03	6.86333e+02
2390	6.85279e+02	2.39000e+03	2.36376e-03	6.86667e+02
2391	6.85609e+02	2.39100e+03	2.35048e-03	6.87000e+02
2392	6.85941e+02	2.39200e+03	2.33817e-03	6.87333e+02
2393	6.86273e+02	2.39300e+03	2.33007e-03	6.87667e+02
2394	6.86615e+02	2.39400e+03	2.32355e-03	6.88000e+02
2395	6.86944e+02	2.39500e+03	2.31755e-03	6.88333e+02
2396	6.87280e+02	2.39600e+03	2.32222e-03	6.88667e+02
2397	6.87606e+02	2.39700e+03	2.32625e-03	6.89000e+02
2398	6.87938e+02	2.39800e+03	2.33232e-03	6.89333e+02
2399	6.88271e+02	2.39900e+03	2.33862e-03	6.89667e+02
2400	6.88610e+02	2.40000e+03	2.34861e-03	6.90000e+02
2401	6.88944e+02	2.40100e+03	2.35576e-03	6.90333e+02
2402	6.89277e+02	2.40200e+03	2.36121e-03	6.90667e+02
2403	6.89602e+02	2.40300e+03	2.36579e-03	6.91000e+02
2404	6.89930e+02	2.40400e+03	2.36875e-03	6.91333e+02
2405	6.90055e+02	2.40500e+03	2.37399e-03	6.91667e+02
2406	6.90179e+02	2.40600e+03	2.37903e-03	6.92000e+02
2407	6.90382e+02	2.40700e+03	2.38293e-03	6.92333e+02
2408	6.90631e+02	2.40800e+03	2.39279e-03	6.92667e+02
2409	6.90880e+02	2.40900e+03	2.40502e-03	6.93000e+02
2410	6.91125e+02	2.41000e+03	2.41691e-03	6.93333e+02
2411	6.91352e+02	2.41100e+03	2.42692e-03	6.93667e+02
2412	6.91583e+02	2.41200e+03	2.43926e-03	6.94000e+02
2413	6.91797e+02	2.41300e+03	2.44397e-03	6.94333e+02
2414	6.92014e+02	2.41400e+03	2.44286e-03	6.94667e+02
2415	6.92205e+02	2.41500e+03	2.43861e-03	6.95000e+02
2416	6.92406e+02	2.41600e+03	2.42153e-03	6.95333e+02
2417	6.92600e+02	2.41700e+03	2.40814e-03	6.95667e+02
2418	6.92788e+02	2.41800e+03	2.39329e-03	6.96000e+02
2419	6.92970e+02	2.41900e+03	2.37705e-03	6.96333e+02
2420	6.93144e+02	2.42000e+03	2.35556e-03	6.96667e+02
2421	6.93321e+02	2.42100e+03	2.33891e-03	6.97000e+02
2422	6.93489e+02	2.42200e+03	2.32420e-03	6.97333e+02
2423	6.93645e+02	2.42300e+03	2.31034e-03	6.97667e+02
2424	6.93800e+02	2.42400e+03	2.30378e-03	6.98000e+02
2425	6.93949e+02	2.42500e+03	2.29886e-03	6.98333e+02
2426	6.94093e+02	2.42600e+03	2.29698e-03	6.98667e+02
2427	6.94237e+02	2.42700e+03	2.29709e-03	6.99000e+02
2428	6.94375e+02	2.42800e+03	2.30835e-03	6.99333e+02
2429	6.94507e+02	2.42900e+03	2.31644e-03	6.99667e+02
2430	6.94636e+02	2.43000e+03	2.32519e-03	7.00000e+02
