index	ts	t	weight	tr
[#]	[°C]	[s]	[mg]	[°C]
723	1.29941e+02	7.23000e+02	3.00438e+00	1.31000e+02
724	1.30276e+02	7.24000e+02	3.00435e+00	1.31333e+02
725	1.30596e+02	7.25000e+02	3.00432e+00	1.31667e+02
726	1.30918e+02	7.26000e+02	3.00428e+00	1.32000e+02
727	1.31253e+02	7.27000e+02	3.00424e+00	1.32333e+02
728	1.31579e+02	7.28000e+02	3.00420e+00	1.32667e+02
729	1.31920e+02	7.29000e+02	3.00416e+00	1.33000e+02
730	1.32239e+02	7.30000e+02	3.00412e+00	1.33333e+02
731	1.32579e+02	7.31000e+02	3.00408e+00	1.33667e+02
732	1.32914e+02	7.32000e+02	3.00404e+00	1.34000e+02
733	1.33252e+02	7.33000e+02	3.00400e+00	1.34333e+02
734	1.33588e+02	7.34000e+02	3.00396e+00	1.34667e+02
735	1.33918e+02	7.35000e+02	3.00392e+00	1.35000e+02
736	1.34249e+02	7.36000e+02	3.00388e+00	1.35333e+02
737	1.34575e+02	7.37000e+02	3.00382e+00	1.35667e+02
738	1.34906e+02	7.38000e+02	3.00377e+00	1.36000e+02
739	1.35242e+02	7.39000e+02	3.00371e+00	1.36333e+02
740	1.35573e+02	7.40000e+02	3.00363e+00	1.36667e+02
741	1.35920e+02	7.41000e+02	3.00355e+00	1.37000e+02
742	1.36251e+02	7.42000e+02	3.00348e+00	1.37333e+02
743	1.36574e+02	7.43000e+02	3.00341e+00	1.37667e+02
744	1.36927e+02	7.44000e+02	3.00333e+00	1.38000e+02
745	1.37234e+02	7.45000e+02	3.00326e+00	1.38333e+02
746	1.37574e+02	7.46000e+02	3.00318e+00	1.38667e+02
747	1.37908e+02	7.47000e+02	3.00310e+00	1.39000e+02
748	1.38234e+02	7.48000e+02	3.00302e+00	1.39333e+02
749	1.38577e+02	7.49000e+02	3.00295e+00	1.39667e+02
750	1.38899e+02	7.50000e+02	3.00287e+00	1.40000e+02
751	1.39238e+02	7.51000e+02	3.00279e+00	1.40333e+02
752	1.39588e+02	7.52000e+02	3.00271e+00	1.40667e+02
753	1.39923e+02	7.53000e+02	3.00263e+00	1.41000e+02
754	1.40252e+02	7.54000e+02	3.00255e+00	1.41333e+02
755	1.40577e+02	7.55000e+02	3.00247e+00	1.41667e+02
756	1.40911e+02	7.56000e+02	3.00239e+00	1.42000e+02
757	1.41240e+02	7.57000e+02	3.00231e+00	1.42333e+02
758	1.41570e+02	7.58000e+02	3.00224e+00	1.42667e+02
759	1.41916e+02	7.59000e+02	3.00216e+00	1.43000e+02
760	1.42246e+02	7.60000e+02	3.00208e+00	1.43333e+02
761	1.42574e+02	7.61000e+02	3.00199e+00	1.43667e+02
762	1.42922e+02	7.62000e+02	3.00190e+00	1.44000e+02
763	1.43243e+02	7.63000e+02	3.00181e+00	1.44333e+02
764	1.43587e+02	7.64000e+02	3.00169e+00	1.44667e+02
765	1.43919e+02	7.65000e+02	3.00159e+00	1.45000e+02
766	1.44260e+02	7.66000e+02	3.00148e+00	1.45333e+02
767	1.44590e+02	7.67000e+02	3.00137e+00	1.45667e+02
768	1.44925e+02	7.68000e+02	3.00125e+00	1.46000e+02
769	1.45265e+02	7.69000e+02	3.00114e+00	1.46333e+02
770	1.45608e+02	7.70000e+02	3.00102e+00	1.46667e+02
771	1.45940e+02	7.71000e+02	3.00090e+00	1.47000e+02
772	1.46280e+02	7.72000e+02	3.00077e+00	1.47333e+02
773	1.46609e+02	7.73000e+02	3.00065e+00	1.47667e+02
774	1.46932e+02	7.74000e+02	3.00051e+00	1.48000e+02
775	1.47273e+02	7.75000e+02	3.00038e+00	1.48333e+02
776	1.47602e+02	7.76000e+02	3.00024e+00	1.48667e+02
777	1.47935e+02	7.77000e+02	3.00009e+00	1.49000e+02
778	1.48273e+02	7.78000e+02	2.99994e+00	1.49333e+02
779	1.48616e+02	7.79000e+02	2.99979e+00	1.49667e+02
780	1.48960e+02	7.80000e+02	2.99962e+00	1.50000e+02
781	1.49286e+02	7.81000e+02	2.99946e+00	1.50333e+02
782	1.49611e+02	7.82000e+02	2.99930e+00	1.50667e+02
783	1.49948e+02	7.83000e+02	2.99913e+00	1.51000e+02
784	1.50277e+02	7.84000e+02	2.99896e+00	1.51333e+02
785	1.50626e+02	7.85000e+02	2.99879e+00	1.51667e+02
786	1.50951e+02	7.86000e+02	2.99862e+00	1.52000e+02
787	1.51294e+02	7.87000e+02	2.99845e+00	1.52333e+02
788	1.51624e+02	7.88000e+02	2.99827e+00	1.52667e+02
789	1.51955e+02	7.89000e+02	2.99810e+00	1.53000e+02
790	1.52284e+02	7.90000e+02	2.99792e+00	1.53333e+02
791	1.52638e+02	7.91000e+02	2.99774e+00	1.53667e+02
792	1.52972e+02	7.92000e+02	2.99757e+00	1.54000e+02
793	1.53301e+02	7.93000e+02	2.99739e+00	1.54333e+02
794	1.53642e+02	7.94000e+02	2.99721e+00	1.54667e+02
795	1.53976e+02	7.95000e+02	2.99703e+00	1.55000e+02
796	1.54316e+02	7.96000e+02	2.99685e+00	1.55333e+02
797	1.54644e+02	7.97000e+02	2.99667e+00	1.55667e+02
798	1.54990e+02	7.98000e+02	2.99649e+00	1.56000e+02
799	1.55309e+02	7.99000e+02	2.99631e+00	1.56333e+02
800	1.55644e+02	8.00000e+02	2.99613e+00	1.56667e+02
801	1.55995e+02	8.01000e+02	2.99595e+00	1.57000e+02
802	1.56338e+02	8.02000e+02	2.99576e+00	1.57333e+02
803	1.56674e+02	8.03000e+02	2.99557e+00	1.57667e+02
804	1.57002e+02	8.04000e+02	2.99539e+00	1.58000e+02
805	1.57349e+02	8.05000e+02	2.99519e+00	1.58333e+02
806	1.57677e+02	8.06000e+02	2.99500e+00	1.58667e+02
807	1.58030e+02	8.07000e+02	2.99481e+00	1.59000e+02
808	1.58349e+02	8.08000e+02	2.99461e+00	1.59333e+02
809	1.58683e+02	8.09000e+02	2.99441e+00	1.59667e+02
810	1.59023e+02	8.10000e+02	2.99421e+00	1.60000e+02
811	1.59360e+02	8.11000e+02	2.99401e+00	1.60333e+02
812	1.59704e+02	8.12000e+02	2.99380e+00	1.60667e+02
813	1.60030e+02	8.13000e+02	2.99359e+00	1.61000e+02
814	1.60374e+02	8.14000e+02	2.99338e+00	1.61333e+02
815	1.60714e+02	8.15000e+02	2.99317e+00	1.61667e+02
816	1.61045e+02	8.16000e+02	2.99296e+00	1.62000e+02
817	1.61384e+02	8.17000e+02	2.99274e+00	1.62333e+02
818	1.61726e+02	8.18000e+02	2.99253e+00	1.62667e+02
819	1.62062e+02	8.19000e+02	2.99232e+00	1.63000e+02
820	1.62396e+02	8.20000e+02	2.99211e+00	1.63333e+02
821	1.62726e+02	8.21000e+02	2.99190e+00	1.63667e+02
822	1.63075e+02	8.22000e+02	2.99169e+00	1.64000e+02
823	1.63412e+02	8.23000e+02	2.99148e+00	1.64333e+02
824	1.63749e+02	8.24000e+02	2.99125e+00	1.64667e+02
825	1.64079e+02	8.25000e+02	2.99102e+00	1.65000e+02
826	1.64413e+02	8.26000e+02	2.99078e+00	1.65333e+02
827	1.64756e+02	8.27000e+02	2.99054e+00	1.65667e+02
828	1.65090e+02	8.28000e+02	2.99027e+00	1.66000e+02
829	1.65427e+02	8.29000e+02	2.99001e+00	1.66333e+02
830	1.65767e+02	8.30000e+02	2.98975e+00	1.66667e+02
831	1.66100e+02	8.31000e+02	2.98949e+00	1.67000e+02
832	1.66441e+02	8.32000e+02	2.98921e+00	1.67333e+02
833	1.66770e+02	8.33000e+02	2.98894e+00	1.67667e+02
834	1.67115e+02	8.34000e+02	2.98866e+00	1.68000e+02
835	1.67448e+02	8.35000e+02	2.98838e+00	1.68333e+02
836	1.67783e+02	8.36000e+02	2.98808e+00	1.68667e+02
837	1.68120e+02	8.37000e+02	2.98778e+00	1.69000e+02
838	1.68473e+02	8.38000e+02	2.98747e+00	1.69333e+02
839	1.68809e+02	8.39000e+02	2.98715e+00	1.69667e+02
840	1.69147e+02	8.40000e+02	2.98680e+00	1.70000e+02
841	1.69479e+02	8.41000e+02	2.98646e+00	1.70333e+02
842	1.69826e+02	8.42000e+02	2.98611e+00	1.70667e+02
843	1.70156e+02	8.43000e+02	2.98575e+00	1.71000e+02
844	1.70494e+02	8.44000e+02	2.98537e+00	1.71333e+02
845	1.70838e+02	8.45000e+02	2.98498e+00	1.71667e+02
846	1.71171e+02	8.46000e+02	2.98459e+00	1.72000e+02
847	1.71512e+02	8.47000e+02	2.98418e+00	1.72333e+02
848	1.71852e+02	8.48000e+02	2.98374e+00	1.72667e+02
849	1.72191e+02	8.49000e+02	2.98330e+00	1.73000e+02
850	1.72530e+02	8.50000e+02	2.98285e+00	1.73333e+02
851	1.72874e+02	8.51000e+02	2.98239e+00	1.73667e+02
852	1.73217e+02	8.52000e+02	2.98188e+00	1.74000e+02
853	1.73539e+02	8.53000e+02	2.98138e+00	1.74333e+02
854	1.73889e+02	8.54000e+02	2.98086e+00	1.74667e+02
855	1.74223e+02	8.55000e+02	2.98034e+00	1.75000e+02
856	1.74562e+02	8.56000e+02	2.97978e+00	1.75333e+02
857	1.74911e+02	8.57000e+02	2.97922e+00	1.75667e+02
858	1.75252e+02	8.58000e+02	2.97865e+00	1.76000e+02
859	1.75588e+02	8.59000e+02	2.97807e+00	1.76333e+02
860	1.75929e+02	8.60000e+02	2.97745e+00	1.76667e+02
861	1.76268e+02	8.61000e+02	2.97683e+00	1.77000e+02
862	1.76609e+02	8.62000e+02	2.97619e+00	1.77333e+02
863	1.76950e+02	8.63000e+02	2.97554e+00	1.77667e+02
864	1.77279e+02	8.64000e+02	2.97483e+00	1.78000e+02
865	1.77619e+02	8.65000e+02	2.97413e+00	1.78333e+02
866	1.77961e+02	8.66000e+02	2.97342e+00	1.78667e+02
867	1.78307e+02	8.67000e+02	2.97269e+00	1.79000e+02
868	1.78641e+02	8.68000e+02	2.97190e+00	1.79333e+02
869	1.78973e+02	8.69000e+02	2.97113e+00	1.79667e+02
870	1.79319e+02	8.70000e+02	2.97034e+00	1.80000e+02
871	1.79657e+02	8.71000e+02	2.96955e+00	1.80333e+02
872	1.79991e+02	8.72000e+02	2.96870e+00	1.80667e+02
873	1.80322e+02	8.73000e+02	2.96786e+00	1.81000e+02
874	1.80661e+02	8.74000e+02	2.96701e+00	1.81333e+02
875	1.80994e+02	8.75000e+02	2.96614e+00	1.81667e+02
876	1.81341e+02	8.76000e+02	2.96522e+00	1.82000e+02
877	1.81666e+02	8.77000e+02	2.96430e+00	1.82333e+02
878	1.82003e+02	8.78000e+02	2.96338e+00	1.82667e+02
879	1.82342e+02	8.79000e+02	2.96244e+00	1.83000e+02
880	1.82687e+02	8.80000e+02	2.96145e+00	1.83333e+02
881	1.83036e+02	8.81000e+02	2.96046e+00	1.83667e+02
882	1.83382e+02	8.82000e+02	2.95946e+00	1.84000e+02
883	1.83732e+02	8.83000e+02	2.95846e+00	1.84333e+02
884	1.84092e+02	8.84000e+02	2.95740e+00	1.84667e+02
885	1.84435e+02	8.85000e+02	2.95635e+00	1.85000e+02
886	1.84770e+02	8.86000e+02	2.95529e+00	1.85333e+02
887	1.85107e+02	8.87000e+02	2.95423e+00	1.85667e+02
888	1.85451e+02	8.88000e+02	2.95312e+00	1.86000e+02
889	1.85797e+02	8.89000e+02	2.95201e+00	1.86333e+02
890	1.86150e+02	8.90000e+02	2.95090e+00	1.86667e+02
891	1.86490e+02	8.91000e+02	2.94978e+00	1.87000e+02
892	1.86833e+02	8.92000e+02	2.94862e+00	1.87333e+02
893	1.87188e+02	8.93000e+02	2.94747e+00	1.87667e+02
894	1.87528e+02	8.94000e+02	2.94631e+00	1.88000e+02
895	1.87861e+02	8.95000e+02	2.94515e+00	1.88333e+02
896	1.88205e+02	8.96000e+02	2.94397e+00	1.88667e+02
897	1.88563e+02	8.97000e+02	2.94280e+00	1.89000e+02
898	1.88904e+02	8.98000e+02	2.94162e+00	1.89333e+02
899	1.89254e+02	8.99000e+02	2.94044e+00	1.89667e+02
900	1.89602e+02	9.00000e+02	2.93924e+00	1.90000e+02
901	1.89946e+02	9.01000e+02	2.93805e+00	1.90333e+02
902	1.90304e+02	9.02000e+02	2.93686e+00	1.90667e+02
903	1.90633e+02	9.03000e+02	2.93567e+00	1.91000e+02
904	1.90983e+02	9.04000e+02	2.93447e+00	1.91333e+02
905	1.91327e+02	9.05000e+02	2.93328e+00	1.91667e+02
906	1.91674e+02	9.06000e+02	2.93209e+00	1.92000e+02
907	1.92021e+02	9.07000e+02	2.93090e+00	1.92333e+02
908	1.92360e+02	9.08000e+02	2.92972e+00	1.92667e+02
909	1.92694e+02	9.09000e+02	2.92854e+00	1.93000e+02
910	1.93052e+02	9.10000e+02	2.92737e+00	1.93333e+02
911	1.93395e+02	9.11000e+02	2.92621e+00	1.93667e+02
912	1.93752e+02	9.12000e+02	2.92507e+00	1.94000e+02
913	1.94082e+02	9.13000e+02	2.92394e+00	1.94333e+02
914	1.94428e+02	9.14000e+02	2.92281e+00	1.94667e+02
915	1.94761e+02	9.15000e+02	2.92169e+00	1.95000e+02
916	1.95093e+02	9.16000e+02	2.92061e+00	1.95333e+02
917	1.95448e+02	9.17000e+02	2.91953e+00	1.95667e+02
918	1.95780e+02	9.18000e+02	2.91846e+00	1.96000e+02
919	1.96124e+02	9.19000e+02	2.91741e+00	1.96333e+02
920	1.96467e+02	9.20000e+02	2.91639e+00	1.96667e+02
921	1.96806e+02	9.21000e+02	2.91538e+00	1.97000e+02
922	1.97137e+02	9.22000e+02	2.91437e+00	1.97333e+02
923	1.97465e+02	9.23000e+02	2.91338e+00	1.97667e+02
924	1.97816e+02	9.24000e+02	2.91245e+00	1.98000e+02
925	1.98146e+02	9.25000e+02	2.91151e+00	1.98333e+02
926	1.98486e+02	9.26000e+02	2.91059e+00	1.98667e+02
927	1.98839e+02	9.27000e+02	2.90969e+00	1.99000e+02
928	1.99176e+02	9.28000e+02	2.90886e+00	1.99333e+02
929	1.99505e+02	9.29000e+02	2.90802e+00	1.99667e+02
930	1.99856e+02	9.30000e+02	2.90720e+00	2.00000e+02
931	2.00190e+02	9.31000e+02	2.90639e+00	2.00333e+02
932	2.00531e+02	9.32000e+02	2.90565e+00	2.00667e+02
933	2.00880e+02	9.33000e+02	2.90490e+00	2.01000e+02
934	2.01215e+02	9.34000e+02	2.90416e+00	2.01333e+02
935	2.01553e+02	9.35000e+02	2.90343e+00	2.01667e+02
936	2.01897e+02	9.36000e+02	2.90276e+00	2.02000e+02
937	2.02244e+02	9.37000e+02	2.90208e+00	2.02333e+02
938	2.02585e+02	9.38000e+02	2.90141e+00	2.02667e+02
939	2.02926e+02	9.39000e+02	2.90076e+00	2.03000e+02
940	2.03268e+02	9.40000e+02	2.90016e+00	2.03333e+02
941	2.03599e+02	9.41000e+02	2.89956e+00	2.03667e+02
942	2.03953e+02	9.42000e+02	2.89898e+00	2.04000e+02
943	2.04286e+02	9.43000e+02	2.89841e+00	2.04333e+02
944	2.04626e+02	9.44000e+02	2.89790e+00	2.04667e+02
945	2.04974e+02	9.45000e+02	2.89738e+00	2.05000e+02
946	2.05315e+02	9.46000e+02	2.89687e+00	2.05333e+02
947	2.05650e+02	9.47000e+02	2.89638e+00	2.05667e+02
948	2.05996e+02	9.48000e+02	2.89595e+00	2.06000e+02
949	2.06335e+02	9.49000e+02	2.89550e+00	2.06333e+02
950	2.06678e+02	9.50000e+02	2.89507e+00	2.06667e+02
951	2.07006e+02	9.51000e+02	2.89464e+00	2.07000e+02
952	2.07359e+02	9.52000e+02	2.89426e+00	2.07333e+02
953	2.07703e+02	9.53000e+02	2.89387e+00	2.07667e+02
954	2.08041e+02	9.54000e+02	2.89348e+00	2.08000e+02
955	2.08369e+02	9.55000e+02	2.89310e+00	2.08333e+02
956	2.08717e+02	9.56000e+02	2.89274e+00	2.08667e+02
957	2.09057e+02	9.57000e+02	2.89239e+00	2.09000e+02
958	2.09403e+02	9.58000e+02	2.89205e+00	2.09333e+02
959	2.09730e+02	9.59000e+02	2.89171e+00	2.09667e+02
960	2.10086e+02	9.60000e+02	2.89140e+00	2.10000e+02
961	2.10414e+02	9.61000e+02	2.89109e+00	2.10333e+02
962	2.10754e+02	9.62000e+02	2.89079e+00	2.10667e+02
963	2.11099e+02	9.63000e+02	2.89049e+00	2.11000e+02
964	2.11437e+02	9.64000e+02	2.89022e+00	2.11333e+02
965	2.11769e+02	9.65000e+02	2.88995e+00	2.11667e+02
966	2.12111e+02	9.66000e+02	2.88967e+00	2.12000e+02
967	2.12459e+02	9.67000e+02	2.88940e+00	2.12333e+02
968	2.12782e+02	9.68000e+02	2.88915e+00	2.12667e+02
969	2.13113e+02	9.69000e+02	2.88889e+00	2.13000e+02
970	2.13459e+02	9.70000e+02	2.88863e+00	2.13333e+02
971	2.13798e+02	9.71000e+02	2.88837e+00	2.13667e+02
972	2.14130e+02	9.72000e+02	2.88812e+00	2.14000e+02
973	2.14465e+02	9.73000e+02	2.88788e+00	2.14333e+02
974	2.14805e+02	9.74000e+02	2.88764e+00	2.14667e+02
975	2.15145e+02	9.75000e+02	2.88740e+00	2.15000e+02
976	2.15478e+02	9.76000e+02	2.88718e+00	2.15333e+02
977	2.15816e+02	9.77000e+02	2.88694e+00	2.15667e+02
978	2.16170e+02	9.78000e+02	2.88670e+00	2.16000e+02
979	2.16505e+02	9.79000e+02	2.88646e+00	2.16333e+02
980	2.16850e+02	9.80000e+02	2.88621e+00	2.16667e+02
981	2.17185e+02	9.81000e+02	2.88595e+00	2.17000e+02
982	2.17528e+02	9.82000e+02	2.88570e+00	2.17333e+02
983	2.17858e+02	9.83000e+02	2.88544e+00	2.17667e+02
984	2.18195e+02	9.84000e+02	2.88518e+00	2.18000e+02
985	2.18537e+02	9.85000e+02	2.88492e+00	2.18333e+02
986	2.18879e+02	9.86000e+02	2.88467e+00	2.18667e+02
987	2.19213e+02	9.87000e+02	2.88442e+00	2.19000e+02
988	2.19551e+02	9.88000e+02	2.88418e+00	2.19333e+02
989	2.19879e+02	9.89000e+02	2.88393e+00	2.19667e+02
990	2.20226e+02	9.90000e+02	2.88369e+00	2.20000e+02
991	2.20562e+02	9.91000e+02	2.88344e+00	2.20333e+02
992	2.20892e+02	9.92000e+02	2.88320e+00	2.20667e+02
993	2.21241e+02	9.93000e+02	2.88297e+00	2.21000e+02
994	2.21575e+02	9.94000e+02	2.88273e+00	2.21333e+02
995	2.21911e+02	9.95000e+02	2.88250e+00	2.21667e+02
996	2.22246e+02	9.96000e+02	2.88227e+00	2.22000e+02
997	2.22585e+02	9.97000e+02	2.88203e+00	2.22333e+02
998	2.22927e+02	9.98000e+02	2.88178e+00	2.22667e+02
999	2.23246e+02	9.99000e+02	2.88153e+00	2.23000e+02
1000	2.23586e+02	1.00000e+03	2.88126e+00	2.23333e+02
1001	2.23920e+02	1.00100e+03	2.88099e+00	2.23667e+02
1002	2.24245e+02	1.00200e+03	2.88071e+00	2.24000e+02
1003	2.24581e+02	1.00300e+03	2.88043e+00	2.24333e+02
1004	2.24912e+02	1.00400e+03	2.88013e+00	2.24667e+02
1005	2.25227e+02	1.00500e+03	2.87984e+00	2.25000e+02
1006	2.25554e+02	1.00600e+03	2.87955e+00	2.25333e+02
1007	2.25885e+02	1.00700e+03	2.87927e+00	2.25667e+02
1008	2.26222e+02	1.00800e+03	2.87900e+00	2.26000e+02
1009	2.26548e+02	1.00900e+03	2.87873e+00	2.26333e+02
1010	2.26890e+02	1.01000e+03	2.87847e+00	2.26667e+02
1011	2.27219e+02	1.01100e+03	2.87821e+00	2.27000e+02
1012	2.27553e+02	1.01200e+03	2.87797e+00	2.27333e+02
1013	2.27897e+02	1.01300e+03	2.87772e+00	2.27667e+02
1014	2.28224e+02	1.01400e+03	2.87747e+00	2.28000e+02
1015	2.28569e+02	1.01500e+03	2.87722e+00	2.28333e+02
1016	2.28900e+02	1.01600e+03	2.87698e+00	2.28667e+02
1017	2.29230e+02	1.01700e+03	2.87674e+00	2.29000e+02
1018	2.29567e+02	1.01800e+03	2.87650e+00	2.29333e+02
1019	2.29899e+02	1.01900e+03	2.87627e+00	2.29667e+02
1020	2.30239e+02	1.02000e+03	2.87604e+00	2.30000e+02
1021	2.30580e+02	1.02100e+03	2.87581e+00	2.30333e+02
1022	2.30920e+02	1.02200e+03	2.87558e+00	2.30667e+02
1023	2.31249e+02	1.02300e+03	2.87535e+00	2.31000e+02
1024	2.31587e+02	1.02400e+03	2.87512e+00	2.31333e+02
1025	2.31909e+02	1.02500e+03	2.87489e+00	2.31667e+02
1026	2.32245e+02	1.02600e+03	2.87466e+00	2.32000e+02
1027	2.32563e+02	1.02700e+03	2.87444e+00	2.32333e+02
1028	2.32899e+02	1.02800e+03	2.87422e+00	2.32667e+02
1029	2.33221e+02	1.02900e+03	2.87400e+00	2.33000e+02
1030	2.33564e+02	1.03000e+03	2.87378e+00	2.33333e+02
1031	2.33889e+02	1.03100e+03	2.87356e+00	2.33667e+02
1032	2.34218e+02	1.03200e+03	2.87335e+00	2.34000e+02
1033	2.34554e+02	1.03300e+03	2.87314e+00	2.34333e+02
1034	2.34884e+02	1.03400e+03	2.87293e+00	2.34667e+02
1035	2.35204e+02	1.03500e+03	2.87272e+00	2.35000e+02
1036	2.35548e+02	1.03600e+03	2.87252e+00	2.35333e+02
1037	2.35892e+02	1.03700e+03	2.87232e+00	2.35667e+02
1038	2.36219e+02	1.03800e+03	2.87213e+00	2.36000e+02
1039	2.36550e+02	1.03900e+03	2.87193e+00	2.36333e+02
1040	2.36885e+02	1.04000e+03	2.87176e+00	2.36667e+02
1041	2.37224e+02	1.04100e+03	2.87157e+00	2.37000e+02
1042	2.37558e+02	1.04200e+03	2.87138e+00	2.37333e+02
1043	2.37897e+02	1.04300e+03	2.87119e+00	2.37667e+02
1044	2.38228e+02	1.04400e+03	2.87100e+00	2.38000e+02
1045	2.38565e+02	1.04500e+03	2.87081e+00	2.38333e+02
1046	2.38898e+02	1.04600e+03	2.87061e+00	2.38667e+02
1047	2.39242e+02	1.04700e+03	2.87042e+00	2.39000e+02
1048	2.39565e+02	1.04800e+03	2.87023e+00	2.39333e+02
1049	2.39912e+02	1.04900e+03	2.87004e+00	2.39667e+02
1050	2.40261e+02	1.05000e+03	2.86986e+00	2.40000e+02
1051	2.40594e+02	1.05100e+03	2.86968e+00	2.40333e+02
1052	2.40931e+02	1.05200e+03	2.86951e+00	2.40667e+02
1053	2.41274e+02	1.05300e+03	2.86935e+00	2.41000e+02
1054	2.41606e+02	1.05400e+03	2.86918e+00	2.41333e+02
1055	2.41956e+02	1.05500e+03	2.86902e+00	2.41667e+02
1056	2.42311e+02	1.05600e+03	2.86886e+00	2.42000e+02
1057	2.42643e+02	1.05700e+03	2.86870e+00	2.42333e+02
1058	2.42993e+02	1.05800e+03	2.86854e+00	2.42667e+02
1059	2.43351e+02	1.05900e+03	2.86838e+00	2.43000e+02
1060	2.43684e+02	1.06000e+03	2.86823e+00	2.43333e+02
1061	2.44018e+02	1.06100e+03	2.86808e+00	2.43667e+02
1062	2.44346e+02	1.06200e+03	2.86793e+00	2.44000e+02
1063	2.44675e+02	1.06300e+03	2.86778e+00	2.44333e+02
1064	2.45018e+02	1.06400e+03	2.86765e+00	2.44667e+02
1065	2.45353e+02	1.06500e+03	2.86751e+00	2.45000e+02
1066	2.45701e+02	1.06600e+03	2.86737e+00	2.45333e+02
1067	2.46028e+02	1.06700e+03	2.86722e+00	2.45667e+02
1068	2.46380e+02	1.06800e+03	2.86708e+00	2.46000e+02
1069	2.46709e+02	1.06900e+03	2.86694e+00	2.46333e+02
1070	2.47036e+02	1.07000e+03	2.86679e+00	2.46667e+02
1071	2.47386e+02	1.07100e+03	2.86664e+00	2.47000e+02
1072	2.47732e+02	1.07200e+03	2.86649e+00	2.47333e+02
1073	2.48078e+02	1.07300e+03	2.86634e+00	2.47667e+02
1074	2.48425e+02	1.07400e+03	2.86620e+00	2.48000e+02
1075	2.48777e+02	1.07500e+03	2.86606e+00	2.48333e+02
1076	2.49117e+02	1.07600e+03	2.86592e+00	2.48667e+02
1077	2.49454e+02	1.07700e+03	2.86579e+00	2.49000e+02
1078	2.49793e+02	1.07800e+03	2.86565e+00	2.49333e+02
1079	2.50137e+02	1.07900e+03	2.86551e+00	2.49667e+02
1080	2.50468e+02	1.08000e+03	2.86538e+00	2.50000e+02
1081	2.50814e+02	1.08100e+03	2.86524e+00	2.50333e+02
1082	2.51148e+02	1.08200e+03	2.86511e+00	2.50667e+02
1083	2.51484e+02	1.08300e+03	2.86497e+00	2.51000e+02
1084	2.51840e+02	1.08400e+03	2.86483e+00	2.51333e+02
1085	2.52166e+02	1.08500e+03	2.86469e+00	2.51667e+02
1086	2.52514e+02	1.08600e+03	2.86454e+00	2.52000e+02
1087	2.52845e+02	1.08700e+03	2.86440e+00	2.52333e+02
1088	2.53182e+02	1.08800e+03	2.86425e+00	2.52667e+02
1089	2.53534e+02	1.08900e+03	2.86410e+00	2.53000e+02
1090	2.53848e+02	1.09000e+03	2.86396e+00	2.53333e+02
1091	2.54184e+02	1.09100e+03	2.86382e+00	2.53667e+02
1092	2.54505e+02	1.09200e+03	2.86368e+00	2.54000e+02
1093	2.54836e+02	1.09300e+03	2.86354e+00	2.54333e+02
1094	2.55156e+02	1.09400e+03	2.86340e+00	2.54667e+02
1095	2.55489e+02	1.09500e+03	2.86326e+00	2.55000e+02
1096	2.55812e+02	1.09600e+03	2.86312e+00	2.55333e+02
1097	2.56139e+02	1.09700e+03	2.86298e+00	2.55667e+02
1098	2.56475e+02	1.09800e+03	2.86284e+00	2.56000e+02
1099	2.56792e+02	1.09900e+03	2.86269e+00	2.56333e+02
1100	2.57130e+02	1.10000e+03	2.86255e+00	2.56667e+02
1101	2.57466e+02	1.10100e+03	2.86241e+00	2.57000e+02
1102	2.57800e+02	1.10200e+03	2.86228e+00	2.57333e+02
1103	2.58115e+02	1.10300e+03	2.86215e+00	2.57667e+02
1104	2.58450e+02	1.10400e+03	2.86202e+00	2.58000e+02
1105	2.58780e+02	1.10500e+03	2.86189e+00	2.58333e+02
1106	2.59097e+02	1.10600e+03	2.86175e+00	2.58667e+02
1107	2.59429e+02	1.10700e+03	2.86161e+00	2.59000e+02
1108	2.59760e+02	1.10800e+03	2.86147e+00	2.59333e+02
1109	2.60089e+02	1.10900e+03	2.86132e+00	2.59667e+02
1110	2.60428e+02	1.11000e+03	2.86117e+00	2.60000e+02
1111	2.60764e+02	1.11100e+03	2.86102e+00	2.60333e+02
1112	2.61091e+02	1.11200e+03	2.86086e+00	2.60667e+02
1113	2.61416e+02	1.11300e+03	2.86070e+00	2.61000e+02
1114	2.61745e+02	1.11400e+03	2.86055e+00	2.61333e+02
1115	2.62090e+02	1.11500e+03	2.86039e+00	2.61667e+02
1116	2.62423e+02	1.11600e+03	2.86023e+00	2.62000e+02
1117	2.62764e+02	1.11700e+03	2.86008e+00	2.62333e+02
1118	2.63098e+02	1.11800e+03	2.85992e+00	2.62667e+02
1119	2.63442e+02	1.11900e+03	2.85976e+00	2.63000e+02
1120	2.63767e+02	1.12000e+03	2.85961e+00	2.63333e+02
1121	2.64115e+02	1.12100e+03	2.85945e+00	2.63667e+02
1122	2.64439e+02	1.12200e+03	2.85928e+00	2.64000e+02
1123	2.64768e+02	1.12300e+03	2.85912e+00	2.64333e+02
1124	2.65108e+02	1.12400e+03	2.85896e+00	2.64667e+02
1125	2.65441e+02	1.12500e+03	2.85880e+00	2.65000e+02
1126	2.65782e+02	1.12600e+03	2.85863e+00	2.65333e+02
1127	2.66108e+02	1.12700e+03	2.85847e+00	2.65667e+02
1128	2.66446e+02	1.12800e+03	2.85830e+00	2.66000e+02
1129	2.66793e+02	1.12900e+03	2.85812e+00	2.66333e+02
1130	2.67135e+02	1.13000e+03	2.85794e+00	2.66667e+02
1131	2.67469e+02	1.13100e+03	2.85776e+00	2.67000e+02
1132	2.67799e+02	1.13200e+03	2.85755e+00	2.67333e+02
1133	2.68135e+02	1.13300e+03	2.85736e+00	2.67667e+02
1134	2.68476e+02	1.13400e+03	2.85716e+00	2.68000e+02
1135	2.68817e+02	1.13500e+03	2.85696e+00	2.68333e+02
1136	2.69139e+02	1.13600e+03	2.85674e+00	2.68667e+02
1137	2.69487e+02	1.13700e+03	2.85654e+00	2.69000e+02
1138	2.69818e+02	1.13800e+03	2.85633e+00	2.69333e+02
1139	2.70155e+02	1.13900e+03	2.85612e+00	2.69667e+02
1140	2.70487e+02	1.14000e+03	2.85591e+00	2.70000e+02
1141	2.70817e+02	1.14100e+03	2.85569e+00	2.70333e+02
1142	2.71142e+02	1.14200e+03	2.85546e+00	2.70667e+02
1143	2.71473e+02	1.14300e+03	2.85523e+00	2.71000e+02
1144	2.71813e+02	1.14400e+03	2.85498e+00	2.71333e+02
1145	2.72157e+02	1.14500e+03	2.85473e+00	2.71667e+02
1146	2.72485e+02	1.14600e+03	2.85448e+00	2.72000e+02
1147	2.72816e+02	1.14700e+03	2.85422e+00	2.72333e+02
1148	2.73140e+02	1.14800e+03	2.85396e+00	2.72667e+02
1149	2.73470e+02	1.14900e+03	2.85370e+00	2.73000e+02
1150	2.73804e+02	1.15000e+03	2.85344e+00	2.73333e+02
1151	2.74149e+02	1.15100e+03	2.85318e+00	2.73667e+02
1152	2.74485e+02	1.15200e+03	2.85291e+00	2.74000e+02
1153	2.74836e+02	1.15300e+03	2.85265e+00	2.74333e+02
1154	2.75168e+02	1.15400e+03	2.85238e+00	2.74667e+02
1155	2.75505e+02	1.15500e+03	2.85211e+00	2.75000e+02
1156	2.75830e+02	1.15600e+03	2.85183e+00	2.75333e+02
1157	2.76180e+02	1.15700e+03	2.85155e+00	2.75667e+02
1158	2.76526e+02	1.15800e+03	2.85126e+00	2.76000e+02
1159	2.76872e+02	1.15900e+03	2.85096e+00	2.76333e+02
1160	2.77231e+02	1.16000e+03	2.85065e+00	2.76667e+02
1161	2.77550e+02	1.16100e+03	2.85034e+00	2.77000e+02
1162	2.77876e+02	1.16200e+03	2.85001e+00	2.77333e+02
1163	2.78214e+02	1.16300e+03	2.84968e+00	2.77667e+02
1164	2.78563e+02	1.16400e+03	2.84932e+00	2.78000e+02
1165	2.78897e+02	1.16500e+03	2.84897e+00	2.78333e+02
1166	2.79242e+02	1.16600e+03	2.84860e+00	2.78667e+02
1167	2.79578e+02	1.16700e+03	2.84823e+00	2.79000e+02
1168	2.79909e+02	1.16800e+03	2.84783e+00	2.79333e+02
1169	2.80252e+02	1.16900e+03	2.84744e+00	2.79667e+02
1170	2.80596e+02	1.17000e+03	2.84704e+00	2.80000e+02
1171	2.80924e+02	1.17100e+03	2.84664e+00	2.80333e+02
1172	2.81257e+02	1.17200e+03	2.84621e+00	2.80667e+02
1173	2.81602e+02	1.17300e+03	2.84578e+00	2.81000e+02
1174	2.81940e+02	1.17400e+03	2.84535e+00	2.81333e+02
1175	2.82282e+02	1.17500e+03	2.84490e+00	2.81667e+02
1176	2.82615e+02	1.17600e+03	2.84443e+00	2.82000e+02
1177	2.82948e+02	1.17700e+03	2.84396e+00	2.82333e+02
1178	2.83289e+02	1.17800e+03	2.84348e+00	2.82667e+02
1179	2.83628e+02	1.17900e+03	2.84300e+00	2.83000e+02
1180	2.83969e+02	1.18000e+03	2.84248e+00	2.83333e+02
1181	2.84292e+02	1.18100e+03	2.84198e+00	2.83667e+02
1182	2.84640e+02	1.18200e+03	2.84146e+00	2.84000e+02
1183	2.84991e+02	1.18300e+03	2.84094e+00	2.84333e+02
1184	2.85327e+02	1.18400e+03	2.84040e+00	2.84667e+02
1185	2.85671e+02	1.18500e+03	2.83985e+00	2.85000e+02
1186	2.86028e+02	1.18600e+03	2.83930e+00	2.85333e+02
1187	2.86367e+02	1.18700e+03	2.83874e+00	2.85667e+02
1188	2.86710e+02	1.18800e+03	2.83815e+00	2.86000e+02
1189	2.87060e+02	1.18900e+03	2.83756e+00	2.86333e+02
1190	2.87403e+02	1.19000e+03	2.83696e+00	2.86667e+02
1191	2.87740e+02	1.19100e+03	2.83635e+00	2.87000e+02
1192	2.88094e+02	1.19200e+03	2.83570e+00	2.87333e+02
1193	2.88445e+02	1.19300e+03	2.83505e+00	2.87667e+02
1194	2.88801e+02	1.19400e+03	2.83440e+00	2.88000e+02
1195	2.89146e+02	1.19500e+03	2.83373e+00	2.88333e+02
1196	2.89488e+02	1.19600e+03	2.83301e+00	2.88667e+02
1197	2.89853e+02	1.19700e+03	2.83230e+00	2.89000e+02
1198	2.90195e+02	1.19800e+03	2.83158e+00	2.89333e+02
1199	2.90538e+02	1.19900e+03	2.83085e+00	2.89667e+02
1200	2.90879e+02	1.20000e+03	2.83007e+00	2.90000e+02
1201	2.91213e+02	1.20100e+03	2.82929e+00	2.90333e+02
1202	2.91558e+02	1.20200e+03	2.82851e+00	2.90667e+02
1203	2.91898e+02	1.20300e+03	2.82772e+00	2.91000e+02
1204	2.92233e+02	1.20400e+03	2.82689e+00	2.91333e+02
1205	2.92585e+02	1.20500e+03	2.82606e+00	2.91667e+02
1206	2.92914e+02	1.20600e+03	2.82522e+00	2.92000e+02
1207	2.93255e+02	1.20700e+03	2.82438e+00	2.92333e+02
1208	2.93593e+02	1.20800e+03	2.82349e+00	2.92667e+02
1209	2.93943e+02	1.20900e+03	2.82260e+00	2.93000e+02
1210	2.94292e+02	1.21000e+03	2.82170e+00	2.93333e+02
1211	2.94624e+02	1.21100e+03	2.82079e+00	2.93667e+02
1212	2.94978e+02	1.21200e+03	2.81983e+00	2.94000e+02
1213	2.95328e+02	1.21300e+03	2.81888e+00	2.94333e+02
1214	2.95673e+02	1.21400e+03	2.81793e+00	2.94667e+02
1215	2.96016e+02	1.21500e+03	2.81696e+00	2.95000e+02
1216	2.96356e+02	1.21600e+03	2.81595e+00	2.95333e+02
1217	2.96690e+02	1.21700e+03	2.81493e+00	2.95667e+02
1218	2.97043e+02	1.21800e+03	2.81391e+00	2.96000e+02
1219	2.97387e+02	1.21900e+03	2.81287e+00	2.96333e+02
1220	2.97721e+02	1.22000e+03	2.81177e+00	2.96667e+02
1221	2.98087e+02	1.22100e+03	2.81067e+00	2.97000e+02
1222	2.98419e+02	1.22200e+03	2.80957e+00	2.97333e+02
1223	2.98772e+02	1.22300e+03	2.80847e+00	2.97667e+02
1224	2.99125e+02	1.22400e+03	2.80730e+00	2.98000e+02
1225	2.99480e+02	1.22500e+03	2.80615e+00	2.98333e+02
1226	2.99843e+02	1.22600e+03	2.80500e+00	2.98667e+02
1227	3.00181e+02	1.22700e+03	2.80383e+00	2.99000e+02
1228	3.00528e+02	1.22800e+03	2.80262e+00	2.99333e+02
1229	3.00864e+02	1.22900e+03	2.80142e+00	2.99667e+02
1230	3.01216e+02	1.23000e+03	2.80021e+00	3.00000e+02
1231	3.01573e+02	1.23100e+03	2.79900e+00	3.00333e+02
1232	3.01907e+02	1.23200e+03	2.79774e+00	3.00667e+02
1233	3.02246e+02	1.23300e+03	2.79649e+00	3.01000e+02
1234	3.02597e+02	1.23400e+03	2.79523e+00	3.01333e+02
1235	3.02920e+02	1.23500e+03	2.79396e+00	3.01667e+02
1236	3.03254e+02	1.23600e+03	2.79265e+00	3.02000e+02
1237	3.03585e+02	1.23700e+03	2.79134e+00	3.02333e+02
1238	3.03918e+02	1.23800e+03	2.79002e+00	3.02667e+02
1239	3.04266e+02	1.23900e+03	2.78870e+00	3.03000e+02
1240	3.04602e+02	1.24000e+03	2.78733e+00	3.03333e+02
1241	3.04933e+02	1.24100e+03	2.78598e+00	3.03667e+02
1242	3.05286e+02	1.24200e+03	2.78462e+00	3.04000e+02
1243	3.05636e+02	1.24300e+03	2.78325e+00	3.04333e+02
1244	3.05987e+02	1.24400e+03	2.78185e+00	3.04667e+02
1245	3.06330e+02	1.24500e+03	2.78045e+00	3.05000e+02
1246	3.06675e+02	1.24600e+03	2.77904e+00	3.05333e+02
1247	3.07002e+02	1.24700e+03	2.77762e+00	3.05667e+02
1248	3.07345e+02	1.24800e+03	2.77616e+00	3.06000e+02
1249	3.07679e+02	1.24900e+03	2.77471e+00	3.06333e+02
1250	3.08020e+02	1.25000e+03	2.77326e+00	3.06667e+02
1251	3.08355e+02	1.25100e+03	2.77179e+00	3.07000e+02
1252	3.08691e+02	1.25200e+03	2.77030e+00	3.07333e+02
1253	3.09029e+02	1.25300e+03	2.76882e+00	3.07667e+02
1254	3.09369e+02	1.25400e+03	2.76734e+00	3.08000e+02
1255	3.09709e+02	1.25500e+03	2.76585e+00	3.08333e+02
1256	3.10048e+02	1.25600e+03	2.76436e+00	3.08667e+02
1257	3.10393e+02	1.25700e+03	2.76287e+00	3.09000e+02
1258	3.10719e+02	1.25800e+03	2.76138e+00	3.09333e+02
1259	3.11051e+02	1.25900e+03	2.75989e+00	3.09667e+02
1260	3.11380e+02	1.26000e+03	2.75841e+00	3.10000e+02
1261	3.11726e+02	1.26100e+03	2.75692e+00	3.10333e+02
1262	3.12072e+02	1.26200e+03	2.75543e+00	3.10667e+02
1263	3.12414e+02	1.26300e+03	2.75394e+00	3.11000e+02
1264	3.12742e+02	1.26400e+03	2.75244e+00	3.11333e+02
1265	3.13092e+02	1.26500e+03	2.75094e+00	3.11667e+02
1266	3.13439e+02	1.26600e+03	2.74944e+00	3.12000e+02
1267	3.13768e+02	1.26700e+03	2.74794e+00	3.12333e+02
1268	3.14102e+02	1.26800e+03	2.74642e+00	3.12667e+02
1269	3.14444e+02	1.26900e+03	2.74491e+00	3.13000e+02
1270	3.14793e+02	1.27000e+03	2.74340e+00	3.13333e+02
1271	3.15130e+02	1.27100e+03	2.74189e+00	3.13667e+02
1272	3.15484e+02	1.27200e+03	2.74036e+00	3.14000e+02
1273	3.15825e+02	1.27300e+03	2.73884e+00	3.14333e+02
1274	3.16171e+02	1.27400e+03	2.73732e+00	3.14667e+02
1275	3.16498e+02	1.27500e+03	2.73580e+00	3.15000e+02
1276	3.16833e+02	1.27600e+03	2.73426e+00	3.15333e+02
1277	3.17200e+02	1.27700e+03	2.73273e+00	3.15667e+02
1278	3.17549e+02	1.27800e+03	2.73120e+00	3.16000e+02
1279	3.17888e+02	1.27900e+03	2.72966e+00	3.16333e+02
1280	3.18231e+02	1.28000e+03	2.72810e+00	3.16667e+02
1281	3.18578e+02	1.28100e+03	2.72654e+00	3.17000e+02
1282	3.18919e+02	1.28200e+03	2.72499e+00	3.17333e+02
1283	3.19259e+02	1.28300e+03	2.72342e+00	3.17667e+02
1284	3.19593e+02	1.28400e+03	2.72184e+00	3.18000e+02
1285	3.19922e+02	1.28500e+03	2.72026e+00	3.18333e+02
1286	3.20253e+02	1.28600e+03	2.71868e+00	3.18667e+02
1287	3.20596e+02	1.28700e+03	2.71708e+00	3.19000e+02
1288	3.20933e+02	1.28800e+03	2.71546e+00	3.19333e+02
1289	3.21260e+02	1.28900e+03	2.71383e+00	3.19667e+02
1290	3.21599e+02	1.29000e+03	2.71219e+00	3.20000e+02
1291	3.21922e+02	1.29100e+03	2.71053e+00	3.20333e+02
1292	3.22260e+02	1.29200e+03	2.70882e+00	3.20667e+02
1293	3.22595e+02	1.29300e+03	2.70712e+00	3.21000e+02
1294	3.22922e+02	1.29400e+03	2.70541e+00	3.21333e+02
1295	3.23258e+02	1.29500e+03	2.70369e+00	3.21667e+02
1296	3.23591e+02	1.29600e+03	2.70192e+00	3.22000e+02
1297	3.23927e+02	1.29700e+03	2.70015e+00	3.22333e+02
1298	3.24254e+02	1.29800e+03	2.69837e+00	3.22667e+02
1299	3.24587e+02	1.29900e+03	2.69658e+00	3.23000e+02
1300	3.24916e+02	1.30000e+03	2.69472e+00	3.23333e+02
1301	3.25237e+02	1.30100e+03	2.69286e+00	3.23667e+02
1302	3.25561e+02	1.30200e+03	2.69098e+00	3.24000e+02
1303	3.25902e+02	1.30300e+03	2.68908e+00	3.24333e+02
1304	3.26234e+02	1.30400e+03	2.68709e+00	3.24667e+02
1305	3.26557e+02	1.30500e+03	2.68511e+00	3.25000e+02
1306	3.26891e+02	1.30600e+03	2.68310e+00	3.25333e+02
1307	3.27213e+02	1.30700e+03	2.68108e+00	3.25667e+02
1308	3.27538e+02	1.30800e+03	2.67894e+00	3.26000e+02
1309	3.27866e+02	1.30900e+03	2.67681e+00	3.26333e+02
1310	3.28187e+02	1.31000e+03	2.67466e+00	3.26667e+02
1311	3.28516e+02	1.31100e+03	2.67248e+00	3.27000e+02
1312	3.28847e+02	1.31200e+03	2.67017e+00	3.27333e+02
1313	3.29188e+02	1.31300e+03	2.66787e+00	3.27667e+02
1314	3.29518e+02	1.31400e+03	2.66554e+00	3.28000e+02
1315	3.29850e+02	1.31500e+03	2.66317e+00	3.28333e+02
1316	3.30167e+02	1.31600e+03	2.66066e+00	3.28667e+02
1317	3.30500e+02	1.31700e+03	2.65816e+00	3.29000e+02
1318	3.30834e+02	1.31800e+03	2.65562e+00	3.29333e+02
1319	3.31161e+02	1.31900e+03	2.65305e+00	3.29667e+02
1320	3.31488e+02	1.32000e+03	2.65032e+00	3.30000e+02
1321	3.31818e+02	1.32100e+03	2.64761e+00	3.30333e+02
1322	3.32147e+02	1.32200e+03	2.64486e+00	3.30667e+02
1323	3.32468e+02	1.32300e+03	2.64208e+00	3.31000e+02
1324	3.32786e+02	1.32400e+03	2.63912e+00	3.31333e+02
1325	3.33122e+02	1.32500e+03	2.63618e+00	3.31667e+02
1326	3.33455e+02	1.32600e+03	2.63320e+00	3.32000e+02
1327	3.33792e+02	1.32700e+03	2.63018e+00	3.32333e+02
1328	3.34130e+02	1.32800e+03	2.62697e+00	3.32667e+02
1329	3.34474e+02	1.32900e+03	2.62378e+00	3.33000e+02
1330	3.34821e+02	1.33000e+03	2.62054e+00	3.33333e+02
1331	3.35154e+02	1.33100e+03	2.61727e+00	3.33667e+02
1332	3.35480e+02	1.33200e+03	2.61378e+00	3.34000e+02
1333	3.35821e+02	1.33300e+03	2.61031e+00	3.34333e+02
1334	3.36151e+02	1.33400e+03	2.60678e+00	3.34667e+02
1335	3.36484e+02	1.33500e+03	2.60321e+00	3.35000e+02
1336	3.36813e+02	1.33600e+03	2.59939e+00	3.35333e+02
1337	3.37142e+02	1.33700e+03	2.59560e+00	3.35667e+02
1338	3.37474e+02	1.33800e+03	2.59176e+00	3.36000e+02
1339	3.37803e+02	1.33900e+03	2.58785e+00	3.36333e+02
1340	3.38137e+02	1.34000e+03	2.58369e+00	3.36667e+02
1341	3.38464e+02	1.34100e+03	2.57956e+00	3.37000e+02
1342	3.38796e+02	1.34200e+03	2.57538e+00	3.37333e+02
1343	3.39134e+02	1.34300e+03	2.57113e+00	3.37667e+02
1344	3.39471e+02	1.34400e+03	2.56662e+00	3.38000e+02
1345	3.39810e+02	1.34500e+03	2.56213e+00	3.38333e+02
1346	3.40131e+02	1.34600e+03	2.55757e+00	3.38667e+02
1347	3.40485e+02	1.34700e+03	2.55296e+00	3.39000e+02
1348	3.40823e+02	1.34800e+03	2.54803e+00	3.39333e+02
1349	3.41155e+02	1.34900e+03	2.54315e+00	3.39667e+02
1350	3.41492e+02	1.35000e+03	2.53820e+00	3.40000e+02
1351	3.41830e+02	1.35100e+03	2.53318e+00	3.40333e+02
1352	3.42169e+02	1.35200e+03	2.52785e+00	3.40667e+02
1353	3.42502e+02	1.35300e+03	2.52256e+00	3.41000e+02
1354	3.42846e+02	1.35400e+03	2.51720e+00	3.41333e+02
1355	3.43180e+02	1.35500e+03	2.51177e+00	3.41667e+02
1356	3.43519e+02	1.35600e+03	2.50601e+00	3.42000e+02
1357	3.43857e+02	1.35700e+03	2.50029e+00	3.42333e+02
1358	3.44187e+02	1.35800e+03	2.49449e+00	3.42667e+02
1359	3.44525e+02	1.35900e+03	2.48863e+00	3.43000e+02
1360	3.44856e+02	1.36000e+03	2.48241e+00	3.43333e+02
1361	3.45187e+02	1.36100e+03	2.47623e+00	3.43667e+02
1362	3.45520e+02	1.36200e+03	2.46998e+00	3.44000e+02
1363	3.45852e+02	1.36300e+03	2.46366e+00	3.44333e+02
1364	3.46182e+02	1.36400e+03	2.45697e+00	3.44667e+02
1365	3.46517e+02	1.36500e+03	2.45032e+00	3.45000e+02
1366	3.46847e+02	1.36600e+03	2.44359e+00	3.45333e+02
1367	3.47170e+02	1.36700e+03	2.43678e+00	3.45667e+02
1368	3.47506e+02	1.36800e+03	2.42958e+00	3.46000e+02
1369	3.47837e+02	1.36900e+03	2.42244e+00	3.46333e+02
1370	3.48167e+02	1.37000e+03	2.41520e+00	3.46667e+02
1371	3.48496e+02	1.37100e+03	2.40790e+00	3.47000e+02
1372	3.48847e+02	1.37200e+03	2.40019e+00	3.47333e+02
1373	3.49190e+02	1.37300e+03	2.39253e+00	3.47667e+02
1374	3.49526e+02	1.37400e+03	2.38478e+00	3.48000e+02
1375	3.49864e+02	1.37500e+03	2.37695e+00	3.48333e+02
1376	3.50204e+02	1.37600e+03	2.36871e+00	3.48667e+02
1377	3.50538e+02	1.37700e+03	2.36053e+00	3.49000e+02
1378	3.50886e+02	1.37800e+03	2.35226e+00	3.49333e+02
1379	3.51223e+02	1.37900e+03	2.34391e+00	3.49667e+02
1380	3.51561e+02	1.38000e+03	2.33514e+00	3.50000e+02
1381	3.51899e+02	1.38100e+03	2.32642e+00	3.50333e+02
1382	3.52237e+02	1.38200e+03	2.31761e+00	3.50667e+02
1383	3.52577e+02	1.38300e+03	2.30872e+00	3.51000e+02
1384	3.52918e+02	1.38400e+03	2.29939e+00	3.51333e+02
1385	3.53265e+02	1.38500e+03	2.29012e+00	3.51667e+02
1386	3.53597e+02	1.38600e+03	2.28077e+00	3.52000e+02
1387	3.53935e+02	1.38700e+03	2.27133e+00	3.52333e+02
1388	3.54294e+02	1.38800e+03	2.26146e+00	3.52667e+02
1389	3.54649e+02	1.38900e+03	2.25164e+00	3.53000e+02
1390	3.54988e+02	1.39000e+03	2.24173e+00	3.53333e+02
1391	3.55327e+02	1.39100e+03	2.23174e+00	3.53667e+02
1392	3.55678e+02	1.39200e+03	2.22131e+00	3.54000e+02
1393	3.56025e+02	1.39300e+03	2.21093e+00	3.54333e+02
1394	3.56354e+02	1.39400e+03	2.20047e+00	3.54667e+02
1395	3.56685e+02	1.39500e+03	2.18992e+00	3.55000e+02
1396	3.57009e+02	1.39600e+03	2.17895e+00	3.55333e+02
1397	3.57344e+02	1.39700e+03	2.16804e+00	3.55667e+02
1398	3.57671e+02	1.39800e+03	2.15703e+00	3.56000e+02
1399	3.58007e+02	1.39900e+03	2.14595e+00	3.56333e+02
1400	3.58338e+02	1.40000e+03	2.13445e+00	3.56667e+02
1401	3.58656e+02	1.40100e+03	2.12301e+00	3.57000e+02
1402	3.58989e+02	1.40200e+03	2.11149e+00	3.57333e+02
1403	3.59326e+02	1.40300e+03	2.09989e+00	3.57667e+02
1404	3.59646e+02	1.40400e+03	2.08790e+00	3.58000e+02
1405	3.59974e+02	1.40500e+03	2.07597e+00	3.58333e+02
1406	3.60302e+02	1.40600e+03	2.06397e+00	3.58667e+02
1407	3.60628e+02	1.40700e+03	2.05189e+00	3.59000e+02
1408	3.60943e+02	1.40800e+03	2.03943e+00	3.59333e+02
1409	3.61284e+02	1.40900e+03	2.02702e+00	3.59667e+02
1410	3.61608e+02	1.41000e+03	2.01452e+00	3.60000e+02
1411	3.61941e+02	1.41100e+03	2.00195e+00	3.60333e+02
1412	3.62271e+02	1.41200e+03	1.98899e+00	3.60667e+02
1413	3.62608e+02	1.41300e+03	1.97609e+00	3.61000e+02
1414	3.62925e+02	1.41400e+03	1.96313e+00	3.61333e+02
1415	3.63250e+02	1.41500e+03	1.95009e+00	3.61667e+02
1416	3.63569e+02	1.41600e+03	1.93670e+00	3.62000e+02
1417	3.63897e+02	1.41700e+03	1.92335e+00	3.62333e+02
1418	3.64209e+02	1.41800e+03	1.90993e+00	3.62667e+02
1419	3.64525e+02	1.41900e+03	1.89644e+00	3.63000e+02
1420	3.64851e+02	1.42000e+03	1.88259e+00	3.63333e+02
1421	3.65180e+02	1.42100e+03	1.86880e+00	3.63667e+02
1422	3.65493e+02	1.42200e+03	1.85493e+00	3.64000e+02
1423	3.65819e+02	1.42300e+03	1.84100e+00	3.64333e+02
1424	3.66152e+02	1.42400e+03	1.82673e+00	3.64667e+02
1425	3.66467e+02	1.42500e+03	1.81250e+00	3.65000e+02
1426	3.66799e+02	1.42600e+03	1.79821e+00	3.65333e+02
1427	3.67125e+02	1.42700e+03	1.78385e+00	3.65667e+02
1428	3.67440e+02	1.42800e+03	1.76918e+00	3.66000e+02
1429	3.67763e+02	1.42900e+03	1.75456e+00	3.66333e+02
1430	3.68090e+02	1.43000e+03	1.73989e+00	3.66667e+02
1431	3.68413e+02	1.43100e+03	1.72517e+00	3.67000e+02
1432	3.68739e+02	1.43200e+03	1.71018e+00	3.67333e+02
1433	3.69065e+02	1.43300e+03	1.69522e+00	3.67667e+02
1434	3.69394e+02	1.43400e+03	1.68021e+00	3.68000e+02
1435	3.69722e+02	1.43500e+03	1.66515e+00	3.68333e+02
1436	3.70048e+02	1.43600e+03	1.64985e+00	3.68667e+02
1437	3.70368e+02	1.43700e+03	1.63460e+00	3.69000e+02
1438	3.70683e+02	1.43800e+03	1.61931e+00	3.69333e+02
1439	3.71003e+02	1.43900e+03	1.60398e+00	3.69667e+02
1440	3.71327e+02	1.44000e+03	1.58849e+00	3.70000e+02
1441	3.71650e+02	1.44100e+03	1.57305e+00	3.70333e+02
1442	3.71976e+02	1.44200e+03	1.55759e+00	3.70667e+02
1443	3.72303e+02	1.44300e+03	1.54211e+00	3.71000e+02
1444	3.72625e+02	1.44400e+03	1.52655e+00	3.71333e+02
1445	3.72957e+02	1.44500e+03	1.51101e+00	3.71667e+02
1446	3.73291e+02	1.44600e+03	1.49546e+00	3.72000e+02
1447	3.73611e+02	1.44700e+03	1.47988e+00	3.72333e+02
1448	3.73934e+02	1.44800e+03	1.46420e+00	3.72667e+02
1449	3.74265e+02	1.44900e+03	1.44848e+00	3.73000e+02
1450	3.74584e+02	1.45000e+03	1.43269e+00	3.73333e+02
1451	3.74907e+02	1.45100e+03	1.41686e+00	3.73667e+02
1452	3.75243e+02	1.45200e+03	1.40081e+00	3.74000e+02
1453	3.75570e+02	1.45300e+03	1.38479e+00	3.74333e+02
1454	3.75899e+02	1.45400e+03	1.36871e+00	3.74667e+02
1455	3.76196e+02	1.45500e+03	1.35258e+00	3.75000e+02
1456	3.76522e+02	1.45600e+03	1.33613e+00	3.75333e+02
1457	3.76832e+02	1.45700e+03	1.31966e+00	3.75667e+02
1458	3.77167e+02	1.45800e+03	1.30307e+00	3.76000e+02
1459	3.77481e+02	1.45900e+03	1.28639e+00	3.76333e+02
1460	3.77794e+02	1.46000e+03	1.26928e+00	3.76667e+02
1461	3.78106e+02	1.46100e+03	1.25229e+00	3.77000e+02
1462	3.78425e+02	1.46200e+03	1.23531e+00	3.77333e+02
1463	3.78748e+02	1.46300e+03	1.21831e+00	3.77667e+02
1464	3.79074e+02	1.46400e+03	1.20118e+00	3.78000e+02
1465	3.79402e+02	1.46500e+03	1.18419e+00	3.78333e+02
1466	3.79727e+02	1.46600e+03	1.16729e+00	3.78667e+02
1467	3.80056e+02	1.46700e+03	1.15043e+00	3.79000e+02
1468	3.80389e+02	1.46800e+03	1.13380e+00	3.79333e+02
1469	3.80737e+02	1.46900e+03	1.11714e+00	3.79667e+02
1470	3.81063e+02	1.47000e+03	1.10053e+00	3.80000e+02
1471	3.81397e+02	1.47100e+03	1.08396e+00	3.80333e+02
1472	3.81732e+02	1.47200e+03	1.06763e+00	3.80667e+02
1473	3.82071e+02	1.47300e+03	1.05123e+00	3.81000e+02
1474	3.82402e+02	1.47400e+03	1.03487e+00	3.81333e+02
1475	3.82732e+02	1.47500e+03	1.01855e+00	3.81667e+02
1476	3.83067e+02	1.47600e+03	1.00240e+00	3.82000e+02
1477	3.83388e+02	1.47700e+03	9.86218e-01	3.82333e+02
1478	3.83743e+02	1.47800e+03	9.70079e-01	3.82667e+02
1479	3.84083e+02	1.47900e+03	9.53980e-01	3.83000e+02
1480	3.84425e+02	1.48000e+03	9.38071e-01	3.83333e+02
1481	3.84747e+02	1.48100e+03	9.22151e-01	3.83667e+02
1482	3.85087e+02	1.48200e+03	9.06280e-01	3.84000e+02
1483	3.85423e+02	1.48300e+03	8.90453e-01	3.84333e+02
1484	3.85769e+02	1.48400e+03	8.74866e-01	3.84667e+02
1485	3.86110e+02	1.48500e+03	8.59259e-01	3.85000e+02
1486	3.86473e+02	1.48600e+03	8.43714e-01	3.85333e+02
1487	3.86819e+02	1.48700e+03	8.28224e-01	3.85667e+02
1488	3.87181e+02	1.48800e+03	8.13039e-01	3.86000e+02
1489	3.87530e+02	1.48900e+03	7.97843e-01	3.86333e+02
1490	3.87887e+02	1.49000e+03	7.82736e-01	3.86667e+02
1491	3.88244e+02	1.49100e+03	7.67706e-01	3.87000e+02
1492	3.88576e+02	1.49200e+03	7.53065e-01	3.87333e+02
1493	3.88912e+02	1.49300e+03	7.38387e-01	3.87667e+02
1494	3.89274e+02	1.49400e+03	7.23801e-01	3.88000e+02
1495	3.89621e+02	1.49500e+03	7.09298e-01	3.88333e+02
1496	3.89959e+02	1.49600e+03	6.95237e-01	3.88667e+02
1497	3.90290e+02	1.49700e+03	6.81131e-01	3.89000e+02
1498	3.90634e+02	1.49800e+03	6.67131e-01	3.89333e+02
1499	3.90990e+02	1.49900e+03	6.53227e-01	3.89667e+02
1500	3.91329e+02	1.50000e+03	6.39799e-01	3.90000e+02
1501	3.91674e+02	1.50100e+03	6.26312e-01	3.90333e+02
1502	3.92019e+02	1.50200e+03	6.12929e-01	3.90667e+02
1503	3.92368e+02	1.50300e+03	5.99640e-01	3.91000e+02
1504	3.92712e+02	1.50400e+03	5.86849e-01	3.91333e+02
1505	3.93061e+02	1.50500e+03	5.73999e-01	3.91667e+02
1506	3.93401e+02	1.50600e+03	5.61267e-01	3.92000e+02
1507	3.93741e+02	1.50700e+03	5.48638e-01	3.92333e+02
1508	3.94078e+02	1.50800e+03	5.36537e-01	3.92667e+02
1509	3.94406e+02	1.50900e+03	5.24371e-01	3.93000e+02
1510	3.94755e+02	1.51000e+03	5.12323e-01	3.93333e+02
1511	3.95108e+02	1.51100e+03	5.00385e-01	3.93667e+02
1512	3.95481e+02	1.51200e+03	4.88997e-01	3.94000e+02
1513	3.95849e+02	1.51300e+03	4.77535e-01	3.94333e+02
1514	3.96205e+02	1.51400e+03	4.66192e-01	3.94667e+02
1515	3.96558e+02	1.51500e+03	4.54961e-01	3.95000e+02
1516	3.96915e+02	1.51600e+03	4.44286e-01	3.95333e+02
1517	3.97268e+02	1.51700e+03	4.33542e-01	3.95667e+02
1518	3.97631e+02	1.51800e+03	4.22918e-01	3.96000e+02
1519	3.97996e+02	1.51900e+03	4.12404e-01	3.96333e+02
1520	3.98371e+02	1.52000e+03	4.02459e-01	3.96667e+02
1521	3.98722e+02	1.52100e+03	3.92436e-01	3.97000e+02
1522	3.99084e+02	1.52200e+03	3.82534e-01	3.97333e+02
1523	3.99462e+02	1.52300e+03	3.72742e-01	3.97667e+02
1524	3.99828e+02	1.52400e+03	3.63519e-01	3.98000e+02
1525	4.00181e+02	1.52500e+03	3.54222e-01	3.98333e+02
1526	4.00513e+02	1.52600e+03	3.45047e-01	3.98667e+02
1527	4.00859e+02	1.52700e+03	3.35982e-01	3.99000e+02
1528	4.01225e+02	1.52800e+03	3.27484e-01	3.99333e+02
1529	4.01566e+02	1.52900e+03	3.18902e-01	3.99667e+02
1530	4.01898e+02	1.53000e+03	3.10431e-01	4.00000e+02
1531	4.02241e+02	1.53100e+03	3.02064e-01	4.00333e+02
1532	4.02564e+02	1.53200e+03	2.94239e-01	4.00667e+02
1533	4.02905e+02	1.53300e+03	2.86339e-01	4.01000e+02
1534	4.03256e+02	1.53400e+03	2.78550e-01	4.01333e+02
1535	4.03584e+02	1.53500e+03	2.70866e-01	4.01667e+02
1536	4.03905e+02	1.53600e+03	2.63710e-01	4.02000e+02
1537	4.04228e+02	1.53700e+03	2.56481e-01	4.02333e+02
1538	4.04562e+02	1.53800e+03	2.49358e-01	4.02667e+02
1539	4.04891e+02	1.53900e+03	2.42332e-01	4.03000e+02
1540	4.05233e+02	1.54000e+03	2.35821e-01	4.03333e+02
1541	4.05575e+02	1.54100e+03	2.29233e-01	4.03667e+02
1542	4.05912e+02	1.54200e+03	2.22746e-01	4.04000e+02
1543	4.06226e+02	1.54300e+03	2.16351e-01	4.04333e+02
1544	4.06561e+02	1.54400e+03	2.10433e-01	4.04667e+02
1545	4.06909e+02	1.54500e+03	2.04439e-01	4.05000e+02
1546	4.07244e+02	1.54600e+03	1.98532e-01	4.05333e+02
1547	4.07574e+02	1.54700e+03	1.92709e-01	4.05667e+02
1548	4.07906e+02	1.54800e+03	1.87320e-01	4.06000e+02
1549	4.08262e+02	1.54900e+03	1.81868e-01	4.06333e+02
1550	4.08599e+02	1.55000e+03	1.76502e-01	4.06667e+02
1551	4.08931e+02	1.55100e+03	1.71216e-01	4.07000e+02
1552	4.09277e+02	1.55200e+03	1.66340e-01	4.07333e+02
1553	4.09626e+02	1.55300e+03	1.61407e-01	4.07667e+02
1554	4.09953e+02	1.55400e+03	1.56555e-01	4.08000e+02
1555	4.10289e+02	1.55500e+03	1.51781e-01	4.08333e+02
1556	4.10624e+02	1.55600e+03	1.47397e-01	4.08667e+02
1557	4.10960e+02	1.55700e+03	1.42956e-01	4.09000e+02
1558	4.11298e+02	1.55800e+03	1.38593e-01	4.09333e+02
1559	4.11623e+02	1.55900e+03	1.34303e-01	4.09667e+02
1560	4.11959e+02	1.56000e+03	1.30384e-01	4.10000e+02
1561	4.12296e+02	1.56100e+03	1.26413e-01	4.10333e+02
1562	4.12618e+02	1.56200e+03	1.22516e-01	4.10667e+02
1563	4.12945e+02	1.56300e+03	1.18689e-01	4.11000e+02
1564	4.13291e+02	1.56400e+03	1.15217e-01	4.11333e+02
1565	4.13607e+02	1.56500e+03	1.11693e-01	4.11667e+02
1566	4.13939e+02	1.56600e+03	1.08241e-01	4.12000e+02
1567	4.14247e+02	1.56700e+03	1.04857e-01	4.12333e+02
1568	4.14569e+02	1.56800e+03	1.01814e-01	4.12667e+02
1569	4.14889e+02	1.56900e+03	9.87214e-02	4.13000e+02
1570	4.15228e+02	1.57000e+03	9.56928e-02	4.13333e+02
1571	4.15558e+02	1.57100e+03	9.27244e-02	4.13667e+02
1572	4.15892e+02	1.57200e+03	9.00713e-02	4.14000e+02
1573	4.16228e+02	1.57300e+03	8.73613e-02	4.14333e+02
1574	4.16580e+02	1.57400e+03	8.47045e-02	4.14667e+02
1575	4.16922e+02	1.57500e+03	8.21010e-02	4.15000e+02
1576	4.17272e+02	1.57600e+03	7.97675e-02	4.15333e+02
1577	4.17603e+02	1.57700e+03	7.73916e-02	4.15667e+02
1578	4.17946e+02	1.57800e+03	7.50668e-02	4.16000e+02
1579	4.18298e+02	1.57900e+03	7.27907e-02	4.16333e+02
1580	4.18644e+02	1.58000e+03	7.07654e-02	4.16667e+02
1581	4.18999e+02	1.58100e+03	6.87027e-02	4.17000e+02
1582	4.19374e+02	1.58200e+03	6.66887e-02	4.17333e+02
1583	4.19711e+02	1.58300e+03	6.47204e-02	4.17667e+02
1584	4.20041e+02	1.58400e+03	6.29829e-02	4.18000e+02
1585	4.20417e+02	1.58500e+03	6.12055e-02	4.18333e+02
1586	4.20770e+02	1.58600e+03	5.94671e-02	4.18667e+02
1587	4.21126e+02	1.58700e+03	5.77669e-02	4.19000e+02
1588	4.21468e+02	1.58800e+03	5.62636e-02	4.19333e+02
1589	4.21809e+02	1.58900e+03	5.47264e-02	4.19667e+02
1590	4.22138e+02	1.59000e+03	5.32249e-02	4.20000e+02
1591	4.22472e+02	1.59100e+03	5.17577e-02	4.20333e+02
1592	4.22804e+02	1.59200e+03	5.04645e-02	4.20667e+02
1593	4.23150e+02	1.59300e+03	4.91459e-02	4.21000e+02
1594	4.23486e+02	1.59400e+03	4.78597e-02	4.21333e+02
1595	4.23829e+02	1.59500e+03	4.66039e-02	4.21667e+02
1596	4.24162e+02	1.59600e+03	4.55085e-02	4.22000e+02
1597	4.24511e+02	1.59700e+03	4.43845e-02	4.22333e+02
1598	4.24845e+02	1.59800e+03	4.32879e-02	4.22667e+02
1599	4.25161e+02	1.59900e+03	4.22175e-02	4.23000e+02
1600	4.25492e+02	1.60000e+03	4.12811e-02	4.23333e+02
1601	4.25819e+02	1.60100e+03	4.03215e-02	4.23667e+02
1602	4.26141e+02	1.60200e+03	3.93846e-02	4.24000e+02
1603	4.26469e+02	1.60300e+03	3.84697e-02	4.24333e+02
1604	4.26796e+02	1.60400e+03	3.76689e-02	4.24667e+02
1605	4.27127e+02	1.60500e+03	3.68484e-02	4.25000e+02
1606	4.27445e+02	1.60600e+03	3.60483e-02	4.25333e+02
1607	4.27756e+02	1.60700e+03	3.52679e-02	4.25667e+02
1608	4.28087e+02	1.60800e+03	3.45860e-02	4.26000e+02
1609	4.28402e+02	1.60900e+03	3.38896e-02	4.26333e+02
1610	4.28743e+02	1.61000e+03	3.32127e-02	4.26667e+02
1611	4.29072e+02	1.61100e+03	3.25533e-02	4.27000e+02
1612	4.29400e+02	1.61200e+03	3.19841e-02	4.27333e+02
1613	4.29729e+02	1.61300e+03	3.13995e-02	4.27667e+02
1614	4.30039e+02	1.61400e+03	3.08299e-02	4.28000e+02
1615	4.30355e+02	1.61500e+03	3.02748e-02	4.28333e+02
1616	4.30667e+02	1.61600e+03	2.97982e-02	4.28667e+02
1617	4.30988e+02	1.61700e+03	2.93085e-02	4.29000e+02
1618	4.31323e+02	1.61800e+03	2.88316e-02	4.29333e+02
1619	4.31656e+02	1.61900e+03	2.83667e-02	4.29667e+02
1620	4.31973e+02	1.62000e+03	2.79663e-02	4.30000e+02
1621	4.32301e+02	1.62100e+03	2.75540e-02	4.30333e+02
1622	4.32630e+02	1.62200e+03	2.71517e-02	4.30667e+02
1623	4.32941e+02	1.62300e+03	2.67595e-02	4.31000e+02
1624	4.33269e+02	1.62400e+03	2.64184e-02	4.31333e+02
1625	4.33586e+02	1.62500e+03	2.60696e-02	4.31667e+02
1626	4.33909e+02	1.62600e+03	2.57300e-02	4.32000e+02
1627	4.34228e+02	1.62700e+03	2.53981e-02	4.32333e+02
1628	4.34554e+02	1.62800e+03	2.51066e-02	4.32667e+02
1629	4.34887e+02	1.62900e+03	2.48040e-02	4.33000e+02
1630	4.35218e+02	1.63000e+03	2.45055e-02	4.33333e+02
1631	4.35543e+02	1.63100e+03	2.42128e-02	4.33667e+02
1632	4.35876e+02	1.63200e+03	2.39517e-02	4.34000e+02
1633	4.36199e+02	1.63300e+03	2.36912e-02	4.34333e+02
1634	4.36517e+02	1.63400e+03	2.34413e-02	4.34667e+02
1635	4.36840e+02	1.63500e+03	2.32000e-02	4.35000e+02
1636	4.37177e+02	1.63600e+03	2.29993e-02	4.35333e+02
1637	4.37491e+02	1.63700e+03	2.27891e-02	4.35667e+02
1638	4.37815e+02	1.63800e+03	2.25825e-02	4.36000e+02
1639	4.38133e+02	1.63900e+03	2.23807e-02	4.36333e+02
1640	4.38457e+02	1.64000e+03	2.22075e-02	4.36667e+02
1641	4.38774e+02	1.64100e+03	2.20257e-02	4.37000e+02
1642	4.39089e+02	1.64200e+03	2.18465e-02	4.37333e+02
1643	4.39400e+02	1.64300e+03	2.16701e-02	4.37667e+02
1644	4.39724e+02	1.64400e+03	2.15110e-02	4.38000e+02
1645	4.40059e+02	1.64500e+03	2.13533e-02	4.38333e+02
1646	4.40377e+02	1.64600e+03	2.12028e-02	4.38667e+02
1647	4.40716e+02	1.64700e+03	2.10593e-02	4.39000e+02
1648	4.41040e+02	1.64800e+03	2.09466e-02	4.39333e+02
1649	4.41351e+02	1.64900e+03	2.08297e-02	4.39667e+02
1650	4.41675e+02	1.65000e+03	2.07162e-02	4.40000e+02
1651	4.42000e+02	1.65100e+03	2.06057e-02	4.40333e+02
1652	4.42317e+02	1.65200e+03	2.05202e-02	4.40667e+02
1653	4.42635e+02	1.65300e+03	2.04229e-02	4.41000e+02
1654	4.42957e+02	1.65400e+03	2.03246e-02	4.41333e+02
1655	4.43282e+02	1.65500e+03	2.02277e-02	4.41667e+02
1656	4.43620e+02	1.65600e+03	2.01372e-02	4.42000e+02
1657	4.43968e+02	1.65700e+03	2.00472e-02	4.42333e+02
1658	4.44285e+02	1.65800e+03	1.99571e-02	4.42667e+02
1659	4.44605e+02	1.65900e+03	1.98677e-02	4.43000e+02
1660	4.44939e+02	1.66000e+03	1.97896e-02	4.43333e+02
1661	4.45263e+02	1.66100e+03	1.97110e-02	4.43667e+02
1662	4.45577e+02	1.66200e+03	1.96357e-02	4.44000e+02
1663	4.45899e+02	1.66300e+03	1.95636e-02	4.44333e+02
1664	4.46236e+02	1.66400e+03	1.95057e-02	4.44667e+02
1665	4.46582e+02	1.66500e+03	1.94464e-02	4.45000e+02
1666	4.46929e+02	1.66600e+03	1.93889e-02	4.45333e+02
1667	4.47263e+02	1.66700e+03	1.93331e-02	4.45667e+02
1668	4.47584e+02	1.66800e+03	1.92881e-02	4.46000e+02
1669	4.47924e+02	1.66900e+03	1.92378e-02	4.46333e+02
1670	4.48245e+02	1.67000e+03	1.91873e-02	4.46667e+02
1671	4.48563e+02	1.67100e+03	1.91372e-02	4.47000e+02
1672	4.48895e+02	1.67200e+03	1.90880e-02	4.47333e+02
1673	4.49222e+02	1.67300e+03	1.90416e-02	4.47667e+02
1674	4.49560e+02	1.67400e+03	1.89964e-02	4.48000e+02
1675	4.49896e+02	1.67500e+03	1.89510e-02	4.48333e+02
1676	4.50219e+02	1.67600e+03	1.89143e-02	4.48667e+02
1677	4.50538e+02	1.67700e+03	1.88798e-02	4.49000e+02
1678	4.50851e+02	1.67800e+03	1.88515e-02	4.49333e+02
1679	4.51159e+02	1.67900e+03	1.88281e-02	4.49667e+02
1680	4.51478e+02	1.68000e+03	1.88212e-02	4.50000e+02
1681	4.51789e+02	1.68100e+03	1.88112e-02	4.50333e+02
1682	4.52120e+02	1.68200e+03	1.88004e-02	4.50667e+02
1683	4.52441e+02	1.68300e+03	1.87889e-02	4.51000e+02
1684	4.52771e+02	1.68400e+03	1.87844e-02	4.51333e+02
1685	4.53100e+02	1.68500e+03	1.87718e-02	4.51667e+02
1686	4.53422e+02	1.68600e+03	1.87569e-02	4.52000e+02
1687	4.53771e+02	1.68700e+03	1.87417e-02	4.52333e+02
1688	4.54103e+02	1.68800e+03	1.87183e-02	4.52667e+02
1689	4.54423e+02	1.68900e+03	1.87018e-02	4.53000e+02
1690	4.54756e+02	1.69000e+03	1.86870e-02	4.53333e+02
1691	4.55087e+02	1.69100e+03	1.86729e-02	4.53667e+02
1692	4.55412e+02	1.69200e+03	1.86662e-02	4.54000e+02
1693	4.55737e+02	1.69300e+03	1.86569e-02	4.54333e+02
1694	4.56077e+02	1.69400e+03	1.86477e-02	4.54667e+02
1695	4.56406e+02	1.69500e+03	1.86392e-02	4.55000e+02
1696	4.56724e+02	1.69600e+03	1.86333e-02	4.55333e+02
1697	4.57049e+02	1.69700e+03	1.86259e-02	4.55667e+02
1698	4.57363e+02	1.69800e+03	1.86183e-02	4.56000e+02
1699	4.57689e+02	1.69900e+03	1.86109e-02	4.56333e+02
1700	4.58006e+02	1.70000e+03	1.86008e-02	4.56667e+02
1701	4.58329e+02	1.70100e+03	1.85871e-02	4.57000e+02
1702	4.58661e+02	1.70200e+03	1.85682e-02	4.57333e+02
1703	4.58995e+02	1.70300e+03	1.85449e-02	4.57667e+02
1704	4.59335e+02	1.70400e+03	1.85073e-02	4.58000e+02
1705	4.59677e+02	1.70500e+03	1.84735e-02	4.58333e+02
1706	4.60012e+02	1.70600e+03	1.84420e-02	4.58667e+02
1707	4.60348e+02	1.70700e+03	1.84127e-02	4.59000e+02
1708	4.60692e+02	1.70800e+03	1.83808e-02	4.59333e+02
1709	4.61018e+02	1.70900e+03	1.83562e-02	4.59667e+02
1710	4.61345e+02	1.71000e+03	1.83344e-02	4.60000e+02
1711	4.61687e+02	1.71100e+03	1.83139e-02	4.60333e+02
1712	4.62038e+02	1.71200e+03	1.83073e-02	4.60667e+02
1713	4.62377e+02	1.71300e+03	1.82939e-02	4.61000e+02
1714	4.62707e+02	1.71400e+03	1.82802e-02	4.61333e+02
1715	4.63043e+02	1.71500e+03	1.82675e-02	4.61667e+02
1716	4.63374e+02	1.71600e+03	1.82557e-02	4.62000e+02
1717	4.63700e+02	1.71700e+03	1.82440e-02	4.62333e+02
1718	4.64016e+02	1.71800e+03	1.82307e-02	4.62667e+02
1719	4.64324e+02	1.71900e+03	1.82156e-02	4.63000e+02
1720	4.64656e+02	1.72000e+03	1.81974e-02	4.63333e+02
1721	4.64976e+02	1.72100e+03	1.81767e-02	4.63667e+02
1722	4.65297e+02	1.72200e+03	1.81559e-02	4.64000e+02
1723	4.65620e+02	1.72300e+03	1.81360e-02	4.64333e+02
1724	4.65961e+02	1.72400e+03	1.81095e-02	4.64667e+02
1725	4.66283e+02	1.72500e+03	1.80885e-02	4.65000e+02
1726	4.66612e+02	1.72600e+03	1.80696e-02	4.65333e+02
1727	4.66942e+02	1.72700e+03	1.80517e-02	4.65667e+02
1728	4.67273e+02	1.72800e+03	1.80452e-02	4.66000e+02
1729	4.67607e+02	1.72900e+03	1.80398e-02	4.66333e+02
1730	4.67922e+02	1.73000e+03	1.80375e-02	4.66667e+02
1731	4.68252e+02	1.73100e+03	1.80370e-02	4.67000e+02
1732	4.68595e+02	1.73200e+03	1.80463e-02	4.67333e+02
1733	4.68922e+02	1.73300e+03	1.80490e-02	4.67667e+02
1734	4.69254e+02	1.73400e+03	1.80487e-02	4.68000e+02
1735	4.69586e+02	1.73500e+03	1.80470e-02	4.68333e+02
1736	4.69919e+02	1.73600e+03	1.80423e-02	4.68667e+02
1737	4.70250e+02	1.73700e+03	1.80393e-02	4.69000e+02
1738	4.70574e+02	1.73800e+03	1.80372e-02	4.69333e+02
1739	4.70896e+02	1.73900e+03	1.80351e-02	4.69667e+02
1740	4.71222e+02	1.74000e+03	1.80298e-02	4.70000e+02
1741	4.71548e+02	1.74100e+03	1.80240e-02	4.70333e+02
1742	4.71878e+02	1.74200e+03	1.80149e-02	4.70667e+02
1743	4.72195e+02	1.74300e+03	1.80030e-02	4.71000e+02
1744	4.72528e+02	1.74400e+03	1.79884e-02	4.71333e+02
1745	4.72844e+02	1.74500e+03	1.79772e-02	4.71667e+02
1746	4.73177e+02	1.74600e+03	1.79678e-02	4.72000e+02
1747	4.73509e+02	1.74700e+03	1.79592e-02	4.72333e+02
1748	4.73837e+02	1.74800e+03	1.79500e-02	4.72667e+02
1749	4.74165e+02	1.74900e+03	1.79410e-02	4.73000e+02
1750	4.74493e+02	1.75000e+03	1.79328e-02	4.73333e+02
1751	4.74821e+02	1.75100e+03	1.79257e-02	4.73667e+02
1752	4.75154e+02	1.75200e+03	1.79218e-02	4.74000e+02
1753	4.75488e+02	1.75300e+03	1.79169e-02	4.74333e+02
1754	4.75836e+02	1.75400e+03	1.79105e-02	4.74667e+02
1755	4.76151e+02	1.75500e+03	1.79029e-02	4.75000e+02
1756	4.76486e+02	1.75600e+03	1.78909e-02	4.75333e+02
1757	4.76821e+02	1.75700e+03	1.78734e-02	4.75667e+02
1758	4.77154e+02	1.75800e+03	1.78525e-02	4.76000e+02
1759	4.77495e+02	1.75900e+03	1.78311e-02	4.76333e+02
1760	4.77838e+02	1.76000e+03	1.78014e-02	4.76667e+02
1761	4.78172e+02	1.76100e+03	1.77798e-02	4.77000e+02
1762	4.78498e+02	1.76200e+03	1.77612e-02	4.77333e+02
1763	4.78823e+02	1.76300e+03	1.77438e-02	4.77667e+02
1764	4.79144e+02	1.76400e+03	1.77341e-02	4.78000e+02
1765	4.79485e+02	1.76500e+03	1.77202e-02	4.78333e+02
1766	4.79843e+02	1.76600e+03	1.77054e-02	4.78667e+02
1767	4.80183e+02	1.76700e+03	1.76906e-02	4.79000e+02
1768	4.80516e+02	1.76800e+03	1.76778e-02	4.79333e+02
1769	4.80821e+02	1.76900e+03	1.76651e-02	4.79667e+02
1770	4.81165e+02	1.77000e+03	1.76516e-02	4.80000e+02
1771	4.81489e+02	1.77100e+03	1.76370e-02	4.80333e+02
1772	4.81810e+02	1.77200e+03	1.76225e-02	4.80667e+02
1773	4.82144e+02	1.77300e+03	1.76070e-02	4.81000e+02
1774	4.82477e+02	1.77400e+03	1.75938e-02	4.81333e+02
1775	4.82804e+02	1.77500e+03	1.75844e-02	4.81667e+02
1776	4.83125e+02	1.77600e+03	1.75863e-02	4.82000e+02
1777	4.83436e+02	1.77700e+03	1.75945e-02	4.82333e+02
1778	4.83751e+02	1.77800e+03	1.76067e-02	4.82667e+02
1779	4.84081e+02	1.77900e+03	1.76206e-02	4.83000e+02
1780	4.84406e+02	1.78000e+03	1.76506e-02	4.83333e+02
1781	4.84720e+02	1.78100e+03	1.76647e-02	4.83667e+02
1782	4.85056e+02	1.78200e+03	1.76716e-02	4.84000e+02
1783	4.85377e+02	1.78300e+03	1.76744e-02	4.84333e+02
1784	4.85685e+02	1.78400e+03	1.76604e-02	4.84667e+02
1785	4.86010e+02	1.78500e+03	1.76533e-02	4.85000e+02
1786	4.86318e+02	1.78600e+03	1.76462e-02	4.85333e+02
1787	4.86622e+02	1.78700e+03	1.76386e-02	4.85667e+02
1788	4.86933e+02	1.78800e+03	1.76279e-02	4.86000e+02
1789	4.87234e+02	1.78900e+03	1.76226e-02	4.86333e+02
1790	4.87523e+02	1.79000e+03	1.76197e-02	4.86667e+02
1791	4.87832e+02	1.79100e+03	1.76174e-02	4.87000e+02
1792	4.88133e+02	1.79200e+03	1.76204e-02	4.87333e+02
1793	4.88444e+02	1.79300e+03	1.76201e-02	4.87667e+02
1794	4.88747e+02	1.79400e+03	1.76191e-02	4.88000e+02
1795	4.89047e+02	1.79500e+03	1.76176e-02	4.88333e+02
1796	4.89360e+02	1.79600e+03	1.76140e-02	4.88667e+02
1797	4.89686e+02	1.79700e+03	1.76116e-02	4.89000e+02
1798	4.89997e+02	1.79800e+03	1.76099e-02	4.89333e+02
1799	4.90315e+02	1.79900e+03	1.76084e-02	4.89667e+02
1800	4.90626e+02	1.80000e+03	1.76073e-02	4.90000e+02
1801	4.90951e+02	1.80100e+03	1.76069e-02	4.90333e+02
1802	4.91272e+02	1.80200e+03	1.76073e-02	4.90667e+02
1803	4.91583e+02	1.80300e+03	1.76081e-02	4.91000e+02
1804	4.91909e+02	1.80400e+03	1.76131e-02	4.91333e+02
1805	4.92236e+02	1.80500e+03	1.76185e-02	4.91667e+02
1806	4.92566e+02	1.80600e+03	1.76243e-02	4.92000e+02
1807	4.92890e+02	1.80700e+03	1.76301e-02	4.92333e+02
1808	4.93212e+02	1.80800e+03	1.76340e-02	4.92667e+02
1809	4.93547e+02	1.80900e+03	1.76328e-02	4.93000e+02
1810	4.93879e+02	1.81000e+03	1.76257e-02	4.93333e+02
1811	4.94199e+02	1.81100e+03	1.76146e-02	4.93667e+02
1812	4.94520e+02	1.81200e+03	1.75939e-02	4.94000e+02
1813	4.94843e+02	1.81300e+03	1.75817e-02	4.94333e+02
1814	4.95175e+02	1.81400e+03	1.75739e-02	4.94667e+02
1815	4.95506e+02	1.81500e+03	1.75685e-02	4.95000e+02
1816	4.95825e+02	1.81600e+03	1.75704e-02	4.95333e+02
1817	4.96139e+02	1.81700e+03	1.75736e-02	4.95667e+02
1818	4.96475e+02	1.81800e+03	1.75789e-02	4.96000e+02
1819	4.96798e+02	1.81900e+03	1.75851e-02	4.96333e+02
1820	4.97125e+02	1.82000e+03	1.75978e-02	4.96667e+02
1821	4.97449e+02	1.82100e+03	1.76032e-02	4.97000e+02
1822	4.97769e+02	1.82200e+03	1.76062e-02	4.97333e+02
1823	4.98084e+02	1.82300e+03	1.76078e-02	4.97667e+02
1824	4.98389e+02	1.82400e+03	1.75975e-02	4.98000e+02
1825	4.98720e+02	1.82500e+03	1.75876e-02	4.98333e+02
1826	4.99037e+02	1.82600e+03	1.75747e-02	4.98667e+02
1827	4.99348e+02	1.82700e+03	1.75595e-02	4.99000e+02
1828	4.99677e+02	1.82800e+03	1.75309e-02	4.99333e+02
1829	5.00007e+02	1.82900e+03	1.75028e-02	4.99667e+02
1830	5.00328e+02	1.83000e+03	1.74732e-02	5.00000e+02
1831	5.00636e+02	1.83100e+03	1.74434e-02	5.00333e+02
1832	5.00957e+02	1.83200e+03	1.74063e-02	5.00667e+02
1833	5.01290e+02	1.83300e+03	1.73761e-02	5.01000e+02
1834	5.01616e+02	1.83400e+03	1.73508e-02	5.01333e+02
1835	5.01946e+02	1.83500e+03	1.73290e-02	5.01667e+02
1836	5.02262e+02	1.83600e+03	1.73215e-02	5.02000e+02
1837	5.02596e+02	1.83700e+03	1.73142e-02	5.02333e+02
1838	5.02915e+02	1.83800e+03	1.73100e-02	5.02667e+02
1839	5.03253e+02	1.83900e+03	1.73081e-02	5.03000e+02
1840	5.03573e+02	1.84000e+03	1.73211e-02	5.03333e+02
1841	5.03890e+02	1.84100e+03	1.73269e-02	5.03667e+02
1842	5.04220e+02	1.84200e+03	1.73325e-02	5.04000e+02
1843	5.04524e+02	1.84300e+03	1.73389e-02	5.04333e+02
1844	5.04852e+02	1.84400e+03	1.73441e-02	5.04667e+02
1845	5.05172e+02	1.84500e+03	1.73474e-02	5.05000e+02
1846	5.05493e+02	1.84600e+03	1.73491e-02	5.05333e+02
1847	5.05815e+02	1.84700e+03	1.73498e-02	5.05667e+02
1848	5.06140e+02	1.84800e+03	1.73451e-02	5.06000e+02
1849	5.06452e+02	1.84900e+03	1.73414e-02	5.06333e+02
1850	5.06780e+02	1.85000e+03	1.73374e-02	5.06667e+02
1851	5.07097e+02	1.85100e+03	1.73329e-02	5.07000e+02
1852	5.07416e+02	1.85200e+03	1.73224e-02	5.07333e+02
1853	5.07720e+02	1.85300e+03	1.73114e-02	5.07667e+02
1854	5.08054e+02	1.85400e+03	1.72977e-02	5.08000e+02
1855	5.08373e+02	1.85500e+03	1.72828e-02	5.08333e+02
1856	5.08697e+02	1.85600e+03	1.72680e-02	5.08667e+02
1857	5.09017e+02	1.85700e+03	1.72571e-02	5.09000e+02
1858	5.09338e+02	1.85800e+03	1.72493e-02	5.09333e+02
1859	5.09653e+02	1.85900e+03	1.72437e-02	5.09667e+02
1860	5.09970e+02	1.86000e+03	1.72486e-02	5.10000e+02
1861	5.10292e+02	1.86100e+03	1.72517e-02	5.10333e+02
1862	5.10618e+02	1.86200e+03	1.72555e-02	5.10667e+02
1863	5.10937e+02	1.86300e+03	1.72603e-02	5.11000e+02
1864	5.11249e+02	1.86400e+03	1.72736e-02	5.11333e+02
1865	5.11579e+02	1.86500e+03	1.72841e-02	5.11667e+02
1866	5.11904e+02	1.86600e+03	1.72950e-02	5.12000e+02
1867	5.12217e+02	1.86700e+03	1.73065e-02	5.12333e+02
1868	5.12531e+02	1.86800e+03	1.73194e-02	5.12667e+02
1869	5.12843e+02	1.86900e+03	1.73287e-02	5.13000e+02
1870	5.13173e+02	1.87000e+03	1.73330e-02	5.13333e+02
1871	5.13491e+02	1.87100e+03	1.73334e-02	5.13667e+02
1872	5.13815e+02	1.87200e+03	1.73223e-02	5.14000e+02
1873	5.14135e+02	1.87300e+03	1.73119e-02	5.14333e+02
1874	5.14455e+02	1.87400e+03	1.73012e-02	5.14667e+02
1875	5.14776e+02	1.87500e+03	1.72906e-02	5.15000e+02
1876	5.15099e+02	1.87600e+03	1.72707e-02	5.15333e+02
1877	5.15425e+02	1.87700e+03	1.72576e-02	5.15667e+02
1878	5.15737e+02	1.87800e+03	1.72460e-02	5.16000e+02
1879	5.16066e+02	1.87900e+03	1.72350e-02	5.16333e+02
1880	5.16390e+02	1.88000e+03	1.72304e-02	5.16667e+02
1881	5.16705e+02	1.88100e+03	1.72225e-02	5.17000e+02
1882	5.17039e+02	1.88200e+03	1.72151e-02	5.17333e+02
1883	5.17355e+02	1.88300e+03	1.72086e-02	5.17667e+02
1884	5.17685e+02	1.88400e+03	1.72027e-02	5.18000e+02
1885	5.18004e+02	1.88500e+03	1.71979e-02	5.18333e+02
1886	5.18319e+02	1.88600e+03	1.71944e-02	5.18667e+02
1887	5.18657e+02	1.88700e+03	1.71917e-02	5.19000e+02
1888	5.18973e+02	1.88800e+03	1.71930e-02	5.19333e+02
1889	5.19296e+02	1.88900e+03	1.71934e-02	5.19667e+02
1890	5.19626e+02	1.89000e+03	1.71946e-02	5.20000e+02
1891	5.19939e+02	1.89100e+03	1.71968e-02	5.20333e+02
1892	5.20264e+02	1.89200e+03	1.72037e-02	5.20667e+02
1893	5.20590e+02	1.89300e+03	1.72103e-02	5.21000e+02
1894	5.20911e+02	1.89400e+03	1.72179e-02	5.21333e+02
1895	5.21233e+02	1.89500e+03	1.72261e-02	5.21667e+02
1896	5.21557e+02	1.89600e+03	1.72337e-02	5.22000e+02
1897	5.21884e+02	1.89700e+03	1.72368e-02	5.22333e+02
1898	5.22206e+02	1.89800e+03	1.72366e-02	5.22667e+02
1899	5.22532e+02	1.89900e+03	1.72342e-02	5.23000e+02
1900	5.22854e+02	1.90000e+03	1.72218e-02	5.23333e+02
1901	5.23182e+02	1.90100e+03	1.72138e-02	5.23667e+02
1902	5.23514e+02	1.90200e+03	1.72070e-02	5.24000e+02
1903	5.23833e+02	1.90300e+03	1.72009e-02	5.24333e+02
1904	5.24164e+02	1.90400e+03	1.71966e-02	5.24667e+02
1905	5.24485e+02	1.90500e+03	1.71951e-02	5.25000e+02
1906	5.24812e+02	1.90600e+03	1.71932e-02	5.25333e+02
1907	5.25141e+02	1.90700e+03	1.71900e-02	5.25667e+02
1908	5.25460e+02	1.90800e+03	1.71848e-02	5.26000e+02
1909	5.25783e+02	1.90900e+03	1.71731e-02	5.26333e+02
1910	5.26120e+02	1.91000e+03	1.71604e-02	5.26667e+02
1911	5.26434e+02	1.91100e+03	1.71487e-02	5.27000e+02
1912	5.26761e+02	1.91200e+03	1.71296e-02	5.27333e+02
1913	5.27091e+02	1.91300e+03	1.71191e-02	5.27667e+02
1914	5.27409e+02	1.91400e+03	1.71111e-02	5.28000e+02
1915	5.27740e+02	1.91500e+03	1.71039e-02	5.28333e+02
1916	5.28060e+02	1.91600e+03	1.71062e-02	5.28667e+02
1917	5.28380e+02	1.91700e+03	1.71020e-02	5.29000e+02
1918	5.28718e+02	1.91800e+03	1.70973e-02	5.29333e+02
1919	5.29049e+02	1.91900e+03	1.70932e-02	5.29667e+02
1920	5.29382e+02	1.92000e+03	1.70867e-02	5.30000e+02
1921	5.29714e+02	1.92100e+03	1.70818e-02	5.30333e+02
1922	5.30042e+02	1.92200e+03	1.70765e-02	5.30667e+02
1923	5.30380e+02	1.92300e+03	1.70708e-02	5.31000e+02
1924	5.30701e+02	1.92400e+03	1.70666e-02	5.31333e+02
1925	5.31034e+02	1.92500e+03	1.70629e-02	5.31667e+02
1926	5.31384e+02	1.92600e+03	1.70609e-02	5.32000e+02
1927	5.31706e+02	1.92700e+03	1.70595e-02	5.32333e+02
1928	5.32031e+02	1.92800e+03	1.70584e-02	5.32667e+02
1929	5.32362e+02	1.92900e+03	1.70553e-02	5.33000e+02
1930	5.32696e+02	1.93000e+03	1.70487e-02	5.33333e+02
1931	5.33014e+02	1.93100e+03	1.70397e-02	5.33667e+02
1932	5.33349e+02	1.93200e+03	1.70273e-02	5.34000e+02
1933	5.33677e+02	1.93300e+03	1.70185e-02	5.34333e+02
1934	5.34015e+02	1.93400e+03	1.70137e-02	5.34667e+02
1935	5.34345e+02	1.93500e+03	1.70109e-02	5.35000e+02
1936	5.34673e+02	1.93600e+03	1.70102e-02	5.35333e+02
1937	5.35004e+02	1.93700e+03	1.70102e-02	5.35667e+02
1938	5.35337e+02	1.93800e+03	1.70094e-02	5.36000e+02
1939	5.35658e+02	1.93900e+03	1.70079e-02	5.36333e+02
1940	5.35989e+02	1.94000e+03	1.70094e-02	5.36667e+02
1941	5.36327e+02	1.94100e+03	1.70075e-02	5.37000e+02
1942	5.36661e+02	1.94200e+03	1.70056e-02	5.37333e+02
1943	5.36983e+02	1.94300e+03	1.70041e-02	5.37667e+02
1944	5.37317e+02	1.94400e+03	1.69995e-02	5.38000e+02
1945	5.37652e+02	1.94500e+03	1.69994e-02	5.38333e+02
1946	5.37981e+02	1.94600e+03	1.70009e-02	5.38667e+02
1947	5.38308e+02	1.94700e+03	1.70030e-02	5.39000e+02
1948	5.38637e+02	1.94800e+03	1.70109e-02	5.39333e+02
1949	5.38967e+02	1.94900e+03	1.70164e-02	5.39667e+02
1950	5.39294e+02	1.95000e+03	1.70221e-02	5.40000e+02
1951	5.39616e+02	1.95100e+03	1.70282e-02	5.40333e+02
1952	5.39944e+02	1.95200e+03	1.70355e-02	5.40667e+02
1953	5.40279e+02	1.95300e+03	1.70424e-02	5.41000e+02
1954	5.40608e+02	1.95400e+03	1.70483e-02	5.41333e+02
1955	5.40930e+02	1.95500e+03	1.70530e-02	5.41667e+02
1956	5.41260e+02	1.95600e+03	1.70534e-02	5.42000e+02
1957	5.41592e+02	1.95700e+03	1.70508e-02	5.42333e+02
1958	5.41922e+02	1.95800e+03	1.70459e-02	5.42667e+02
1959	5.42241e+02	1.95900e+03	1.70407e-02	5.43000e+02
1960	5.42583e+02	1.96000e+03	1.70318e-02	5.43333e+02
1961	5.42917e+02	1.96100e+03	1.70296e-02	5.43667e+02
1962	5.43239e+02	1.96200e+03	1.70297e-02	5.44000e+02
1963	5.43560e+02	1.96300e+03	1.70307e-02	5.44333e+02
1964	5.43905e+02	1.96400e+03	1.70387e-02	5.44667e+02
1965	5.44229e+02	1.96500e+03	1.70417e-02	5.45000e+02
1966	5.44554e+02	1.96600e+03	1.70438e-02	5.45333e+02
1967	5.44882e+02	1.96700e+03	1.70458e-02	5.45667e+02
1968	5.45210e+02	1.96800e+03	1.70447e-02	5.46000e+02
1969	5.45545e+02	1.96900e+03	1.70444e-02	5.46333e+02
1970	5.45876e+02	1.97000e+03	1.70441e-02	5.46667e+02
1971	5.46199e+02	1.97100e+03	1.70438e-02	5.47000e+02
1972	5.46541e+02	1.97200e+03	1.70432e-02	5.47333e+02
1973	5.46873e+02	1.97300e+03	1.70438e-02	5.47667e+02
1974	5.47207e+02	1.97400e+03	1.70444e-02	5.48000e+02
1975	5.47528e+02	1.97500e+03	1.70446e-02	5.48333e+02
1976	5.47860e+02	1.97600e+03	1.70420e-02	5.48667e+02
1977	5.48193e+02	1.97700e+03	1.70362e-02	5.49000e+02
1978	5.48522e+02	1.97800e+03	1.70264e-02	5.49333e+02
1979	5.48849e+02	1.97900e+03	1.70140e-02	5.49667e+02
1980	5.49186e+02	1.98000e+03	1.69968e-02	5.50000e+02
1981	5.49516e+02	1.98100e+03	1.69848e-02	5.50333e+02
1982	5.49852e+02	1.98200e+03	1.69736e-02	5.50667e+02
1983	5.50183e+02	1.98300e+03	1.69625e-02	5.51000e+02
1984	5.50515e+02	1.98400e+03	1.69473e-02	5.51333e+02
1985	5.50847e+02	1.98500e+03	1.69269e-02	5.51667e+02
1986	5.51179e+02	1.98600e+03	1.69046e-02	5.52000e+02
1987	5.51516e+02	1.98700e+03	1.68820e-02	5.52333e+02
1988	5.51859e+02	1.98800e+03	1.68538e-02	5.52667e+02
1989	5.52188e+02	1.98900e+03	1.68340e-02	5.53000e+02
1990	5.52517e+02	1.99000e+03	1.68180e-02	5.53333e+02
1991	5.52851e+02	1.99100e+03	1.68037e-02	5.53667e+02
1992	5.53189e+02	1.99200e+03	1.67994e-02	5.54000e+02
1993	5.53513e+02	1.99300e+03	1.67891e-02	5.54333e+02
1994	5.53850e+02	1.99400e+03	1.67749e-02	5.54667e+02
1995	5.54178e+02	1.99500e+03	1.67584e-02	5.55000e+02
1996	5.54505e+02	1.99600e+03	1.67378e-02	5.55333e+02
1997	5.54844e+02	1.99700e+03	1.67171e-02	5.55667e+02
1998	5.55167e+02	1.99800e+03	1.66973e-02	5.56000e+02
1999	5.55492e+02	1.99900e+03	1.66778e-02	5.56333e+02
2000	5.55825e+02	2.00000e+03	1.66582e-02	5.56667e+02
2001	5.56155e+02	2.00100e+03	1.66471e-02	5.57000e+02
2002	5.56491e+02	2.00200e+03	1.66421e-02	5.57333e+02
2003	5.56820e+02	2.00300e+03	1.66398e-02	5.57667e+02
2004	5.57136e+02	2.00400e+03	1.66529e-02	5.58000e+02
2005	5.57471e+02	2.00500e+03	1.66597e-02	5.58333e+02
2006	5.57800e+02	2.00600e+03	1.66662e-02	5.58667e+02
2007	5.58125e+02	2.00700e+03	1.66733e-02	5.59000e+02
2008	5.58460e+02	2.00800e+03	1.66844e-02	5.59333e+02
2009	5.58795e+02	2.00900e+03	1.66944e-02	5.59667e+02
2010	5.59122e+02	2.01000e+03	1.67042e-02	5.60000e+02
2011	5.59447e+02	2.01100e+03	1.67136e-02	5.60333e+02
2012	5.59781e+02	2.01200e+03	1.67218e-02	5.60667e+02
2013	5.60116e+02	2.01300e+03	1.67288e-02	5.61000e+02
2014	5.60445e+02	2.01400e+03	1.67333e-02	5.61333e+02
2015	5.60774e+02	2.01500e+03	1.67354e-02	5.61667e+02
2016	5.61105e+02	2.01600e+03	1.67300e-02	5.62000e+02
2017	5.61431e+02	2.01700e+03	1.67233e-02	5.62333e+02
2018	5.61775e+02	2.01800e+03	1.67146e-02	5.62667e+02
2019	5.62103e+02	2.01900e+03	1.67065e-02	5.63000e+02
2020	5.62438e+02	2.02000e+03	1.66980e-02	5.63333e+02
2021	5.62771e+02	2.02100e+03	1.66960e-02	5.63667e+02
2022	5.63099e+02	2.02200e+03	1.66963e-02	5.64000e+02
2023	5.63451e+02	2.02300e+03	1.66979e-02	5.64333e+02
2024	5.63789e+02	2.02400e+03	1.67122e-02	5.64667e+02
2025	5.64120e+02	2.02500e+03	1.67182e-02	5.65000e+02
2026	5.64461e+02	2.02600e+03	1.67231e-02	5.65333e+02
2027	5.64801e+02	2.02700e+03	1.67294e-02	5.65667e+02
2028	5.65141e+02	2.02800e+03	1.67350e-02	5.66000e+02
2029	5.65492e+02	2.02900e+03	1.67416e-02	5.66333e+02
2030	5.65827e+02	2.03000e+03	1.67486e-02	5.66667e+02
2031	5.66173e+02	2.03100e+03	1.67557e-02	5.67000e+02
2032	5.66514e+02	2.03200e+03	1.67640e-02	5.67333e+02
2033	5.66856e+02	2.03300e+03	1.67710e-02	5.67667e+02
2034	5.67204e+02	2.03400e+03	1.67773e-02	5.68000e+02
2035	5.67547e+02	2.03500e+03	1.67833e-02	5.68333e+02
2036	5.67884e+02	2.03600e+03	1.67872e-02	5.68667e+02
2037	5.68205e+02	2.03700e+03	1.67899e-02	5.69000e+02
2038	5.68549e+02	2.03800e+03	1.67879e-02	5.69333e+02
2039	5.68884e+02	2.03900e+03	1.67821e-02	5.69667e+02
2040	5.69234e+02	2.04000e+03	1.67646e-02	5.70000e+02
2041	5.69578e+02	2.04100e+03	1.67469e-02	5.70333e+02
2042	5.69918e+02	2.04200e+03	1.67280e-02	5.70667e+02
2043	5.70248e+02	2.04300e+03	1.67081e-02	5.71000e+02
2044	5.70571e+02	2.04400e+03	1.66759e-02	5.71333e+02
2045	5.70904e+02	2.04500e+03	1.66534e-02	5.71667e+02
2046	5.71245e+02	2.04600e+03	1.66353e-02	5.72000e+02
2047	5.71578e+02	2.04700e+03	1.66189e-02	5.72333e+02
2048	5.71896e+02	2.04800e+03	1.66114e-02	5.72667e+02
2049	5.72229e+02	2.04900e+03	1.66029e-02	5.73000e+02
2050	5.72564e+02	2.05000e+03	1.65959e-02	5.73333e+02
2051	5.72902e+02	2.05100e+03	1.65897e-02	5.73667e+02
2052	5.73261e+02	2.05200e+03	1.65908e-02	5.74000e+02
2053	5.73611e+02	2.05300e+03	1.65892e-02	5.74333e+02
2054	5.73954e+02	2.05400e+03	1.65874e-02	5.74667e+02
2055	5.74260e+02	2.05500e+03	1.65855e-02	5.75000e+02
2056	5.74591e+02	2.05600e+03	1.65817e-02	5.75333e+02
2057	5.74923e+02	2.05700e+03	1.65774e-02	5.75667e+02
2058	5.75251e+02	2.05800e+03	1.65735e-02	5.76000e+02
2059	5.75584e+02	2.05900e+03	1.65699e-02	5.76333e+02
2060	5.75912e+02	2.06000e+03	1.65654e-02	5.76667e+02
2061	5.76250e+02	2.06100e+03	1.65641e-02	5.77000e+02
2062	5.76575e+02	2.06200e+03	1.65646e-02	5.77333e+02
2063	5.76898e+02	2.06300e+03	1.65659e-02	5.77667e+02
2064	5.77218e+02	2.06400e+03	1.65726e-02	5.78000e+02
2065	5.77533e+02	2.06500e+03	1.65755e-02	5.78333e+02
2066	5.77852e+02	2.06600e+03	1.65742e-02	5.78667e+02
2067	5.78167e+02	2.06700e+03	1.65696e-02	5.79000e+02
2068	5.78490e+02	2.06800e+03	1.65574e-02	5.79333e+02
2069	5.78800e+02	2.06900e+03	1.65453e-02	5.79667e+02
2070	5.79126e+02	2.07000e+03	1.65333e-02	5.80000e+02
2071	5.79446e+02	2.07100e+03	1.65220e-02	5.80333e+02
2072	5.79762e+02	2.07200e+03	1.65034e-02	5.80667e+02
2073	5.80090e+02	2.07300e+03	1.64873e-02	5.81000e+02
2074	5.80419e+02	2.07400e+03	1.64702e-02	5.81333e+02
2075	5.80750e+02	2.07500e+03	1.64529e-02	5.81667e+02
2076	5.81083e+02	2.07600e+03	1.64407e-02	5.82000e+02
2077	5.81415e+02	2.07700e+03	1.64311e-02	5.82333e+02
2078	5.81746e+02	2.07800e+03	1.64262e-02	5.82667e+02
2079	5.82082e+02	2.07900e+03	1.64242e-02	5.83000e+02
2080	5.82421e+02	2.08000e+03	1.64324e-02	5.83333e+02
2081	5.82762e+02	2.08100e+03	1.64380e-02	5.83667e+02
2082	5.83096e+02	2.08200e+03	1.64428e-02	5.84000e+02
2083	5.83427e+02	2.08300e+03	1.64469e-02	5.84333e+02
2084	5.83751e+02	2.08400e+03	1.64515e-02	5.84667e+02
2085	5.84093e+02	2.08500e+03	1.64505e-02	5.85000e+02
2086	5.84447e+02	2.08600e+03	1.64503e-02	5.85333e+02
2087	5.84782e+02	2.08700e+03	1.64520e-02	5.85667e+02
2088	5.85124e+02	2.08800e+03	1.64492e-02	5.86000e+02
2089	5.85471e+02	2.08900e+03	1.64537e-02	5.86333e+02
2090	5.85822e+02	2.09000e+03	1.64608e-02	5.86667e+02
2091	5.86172e+02	2.09100e+03	1.64685e-02	5.87000e+02
2092	5.86529e+02	2.09200e+03	1.64872e-02	5.87333e+02
2093	5.86872e+02	2.09300e+03	1.65010e-02	5.87667e+02
2094	5.87240e+02	2.09400e+03	1.65163e-02	5.88000e+02
2095	5.87591e+02	2.09500e+03	1.65337e-02	5.88333e+02
2096	5.87909e+02	2.09600e+03	1.65537e-02	5.88667e+02
2097	5.88256e+02	2.09700e+03	1.65724e-02	5.89000e+02
2098	5.88612e+02	2.09800e+03	1.65862e-02	5.89333e+02
2099	5.88959e+02	2.09900e+03	1.65953e-02	5.89667e+02
2100	5.89301e+02	2.10000e+03	1.65950e-02	5.90000e+02
2101	5.89637e+02	2.10100e+03	1.65900e-02	5.90333e+02
2102	5.89952e+02	2.10200e+03	1.65824e-02	5.90667e+02
2103	5.90260e+02	2.10300e+03	1.65740e-02	5.91000e+02
2104	5.90566e+02	2.10400e+03	1.65496e-02	5.91333e+02
2105	5.90883e+02	2.10500e+03	1.65378e-02	5.91667e+02
2106	5.91197e+02	2.10600e+03	1.65290e-02	5.92000e+02
2107	5.91524e+02	2.10700e+03	1.65207e-02	5.92333e+02
2108	5.91844e+02	2.10800e+03	1.65187e-02	5.92667e+02
2109	5.92168e+02	2.10900e+03	1.65076e-02	5.93000e+02
2110	5.92477e+02	2.11000e+03	1.64923e-02	5.93333e+02
2111	5.92797e+02	2.11100e+03	1.64750e-02	5.93667e+02
2112	5.93118e+02	2.11200e+03	1.64475e-02	5.94000e+02
2113	5.93445e+02	2.11300e+03	1.64267e-02	5.94333e+02
2114	5.93766e+02	2.11400e+03	1.64111e-02	5.94667e+02
2115	5.94097e+02	2.11500e+03	1.63990e-02	5.95000e+02
2116	5.94419e+02	2.11600e+03	1.63942e-02	5.95333e+02
2117	5.94743e+02	2.11700e+03	1.63907e-02	5.95667e+02
2118	5.95068e+02	2.11800e+03	1.63883e-02	5.96000e+02
2119	5.95400e+02	2.11900e+03	1.63855e-02	5.96333e+02
2120	5.95737e+02	2.12000e+03	1.63927e-02	5.96667e+02
2121	5.96056e+02	2.12100e+03	1.63949e-02	5.97000e+02
2122	5.96393e+02	2.12200e+03	1.63976e-02	5.97333e+02
2123	5.96726e+02	2.12300e+03	1.64021e-02	5.97667e+02
2124	5.97065e+02	2.12400e+03	1.64073e-02	5.98000e+02
2125	5.97385e+02	2.12500e+03	1.64136e-02	5.98333e+02
2126	5.97711e+02	2.12600e+03	1.64186e-02	5.98667e+02
2127	5.98028e+02	2.12700e+03	1.64214e-02	5.99000e+02
2128	5.98355e+02	2.12800e+03	1.64228e-02	5.99333e+02
2129	5.98685e+02	2.12900e+03	1.64202e-02	5.99667e+02
2130	5.99002e+02	2.13000e+03	1.64161e-02	6.00000e+02
2131	5.99310e+02	2.13100e+03	1.64126e-02	6.00333e+02
2132	5.99656e+02	2.13200e+03	1.64041e-02	6.00667e+02
2133	5.99995e+02	2.13300e+03	1.64046e-02	6.01000e+02
2134	6.00324e+02	2.13400e+03	1.64089e-02	6.01333e+02
2135	6.00696e+02	2.13500e+03	1.64146e-02	6.01667e+02
2136	6.01066e+02	2.13600e+03	1.64326e-02	6.02000e+02
2137	6.01400e+02	2.13700e+03	1.64432e-02	6.02333e+02
2138	6.01829e+02	2.13800e+03	1.64505e-02	6.02667e+02
2139	6.02286e+02	2.13900e+03	1.64558e-02	6.03000e+02
2140	6.02707e+02	2.14000e+03	1.64494e-02	6.03333e+02
2141	6.02994e+02	2.14100e+03	1.64394e-02	6.03667e+02
2142	6.03584e+02	2.14200e+03	1.64234e-02	6.04000e+02
2143	6.03989e+02	2.14300e+03	1.64023e-02	6.04333e+02
2144	6.04282e+02	2.14400e+03	1.63597e-02	6.04667e+02
2145	6.04489e+02	2.14500e+03	1.63258e-02	6.05000e+02
2146	6.04739e+02	2.14600e+03	1.62935e-02	6.05333e+02
2147	6.05031e+02	2.14700e+03	1.62620e-02	6.05667e+02
2148	6.05339e+02	2.14800e+03	1.62361e-02	6.06000e+02
2149	6.05625e+02	2.14900e+03	1.62204e-02	6.06333e+02
2150	6.05949e+02	2.15000e+03	1.62118e-02	6.06667e+02
2151	6.06279e+02	2.15100e+03	1.62069e-02	6.07000e+02
2152	6.06588e+02	2.15200e+03	1.62282e-02	6.07333e+02
2153	6.06910e+02	2.15300e+03	1.62406e-02	6.07667e+02
2154	6.07190e+02	2.15400e+03	1.62539e-02	6.08000e+02
2155	6.07491e+02	2.15500e+03	1.62692e-02	6.08333e+02
2156	6.07802e+02	2.15600e+03	1.62931e-02	6.08667e+02
2157	6.08085e+02	2.15700e+03	1.63093e-02	6.09000e+02
2158	6.08383e+02	2.15800e+03	1.63196e-02	6.09333e+02
2159	6.08683e+02	2.15900e+03	1.63268e-02	6.09667e+02
2160	6.08986e+02	2.16000e+03	1.63288e-02	6.10000e+02
2161	6.09298e+02	2.16100e+03	1.63339e-02	6.10333e+02
2162	6.09609e+02	2.16200e+03	1.63417e-02	6.10667e+02
2163	6.09925e+02	2.16300e+03	1.63509e-02	6.11000e+02
2164	6.10245e+02	2.16400e+03	1.63595e-02	6.11333e+02
2165	6.10575e+02	2.16500e+03	1.63704e-02	6.11667e+02
2166	6.10896e+02	2.16600e+03	1.63803e-02	6.12000e+02
2167	6.11227e+02	2.16700e+03	1.63883e-02	6.12333e+02
2168	6.11558e+02	2.16800e+03	1.63917e-02	6.12667e+02
2169	6.11879e+02	2.16900e+03	1.63887e-02	6.13000e+02
2170	6.12197e+02	2.17000e+03	1.63835e-02	6.13333e+02
2171	6.12524e+02	2.17100e+03	1.63771e-02	6.13667e+02
2172	6.12852e+02	2.17200e+03	1.63552e-02	6.14000e+02
2173	6.13172e+02	2.17300e+03	1.63427e-02	6.14333e+02
2174	6.13489e+02	2.17400e+03	1.63306e-02	6.14667e+02
2175	6.13822e+02	2.17500e+03	1.63172e-02	6.15000e+02
2176	6.14145e+02	2.17600e+03	1.63044e-02	6.15333e+02
2177	6.14469e+02	2.17700e+03	1.62890e-02	6.15667e+02
2178	6.14800e+02	2.17800e+03	1.62742e-02	6.16000e+02
2179	6.15126e+02	2.17900e+03	1.62604e-02	6.16333e+02
2180	6.15449e+02	2.18000e+03	1.62483e-02	6.16667e+02
2181	6.15772e+02	2.18100e+03	1.62424e-02	6.17000e+02
2182	6.16104e+02	2.18200e+03	1.62391e-02	6.17333e+02
2183	6.16434e+02	2.18300e+03	1.62368e-02	6.17667e+02
2184	6.16759e+02	2.18400e+03	1.62425e-02	6.18000e+02
2185	6.17093e+02	2.18500e+03	1.62379e-02	6.18333e+02
2186	6.17429e+02	2.18600e+03	1.62270e-02	6.18667e+02
2187	6.17755e+02	2.18700e+03	1.62123e-02	6.19000e+02
2188	6.18084e+02	2.18800e+03	1.61838e-02	6.19333e+02
2189	6.18414e+02	2.18900e+03	1.61602e-02	6.19667e+02
2190	6.18749e+02	2.19000e+03	1.61380e-02	6.20000e+02
2191	6.19081e+02	2.19100e+03	1.61163e-02	6.20333e+02
2192	6.19400e+02	2.19200e+03	1.60957e-02	6.20667e+02
2193	6.19730e+02	2.19300e+03	1.60815e-02	6.21000e+02
2194	6.20079e+02	2.19400e+03	1.60704e-02	6.21333e+02
2195	6.20414e+02	2.19500e+03	1.60611e-02	6.21667e+02
2196	6.20743e+02	2.19600e+03	1.60685e-02	6.22000e+02
2197	6.21076e+02	2.19700e+03	1.60714e-02	6.22333e+02
2198	6.21419e+02	2.19800e+03	1.60778e-02	6.22667e+02
2199	6.21746e+02	2.19900e+03	1.60879e-02	6.23000e+02
2200	6.22070e+02	2.20000e+03	1.61079e-02	6.23333e+02
2201	6.22406e+02	2.20100e+03	1.61249e-02	6.23667e+02
2202	6.22735e+02	2.20200e+03	1.61407e-02	6.24000e+02
2203	6.23062e+02	2.20300e+03	1.61554e-02	6.24333e+02
2204	6.23395e+02	2.20400e+03	1.61694e-02	6.24667e+02
2205	6.23714e+02	2.20500e+03	1.61781e-02	6.25000e+02
2206	6.24049e+02	2.20600e+03	1.61843e-02	6.25333e+02
2207	6.24382e+02	2.20700e+03	1.61894e-02	6.25667e+02
2208	6.24704e+02	2.20800e+03	1.61829e-02	6.26000e+02
2209	6.25035e+02	2.20900e+03	1.61816e-02	6.26333e+02
2210	6.25367e+02	2.21000e+03	1.61797e-02	6.26667e+02
2211	6.25678e+02	2.21100e+03	1.61757e-02	6.27000e+02
2212	6.26011e+02	2.21200e+03	1.61659e-02	6.27333e+02
2213	6.26347e+02	2.21300e+03	1.61542e-02	6.27667e+02
2214	6.26670e+02	2.21400e+03	1.61406e-02	6.28000e+02
2215	6.26992e+02	2.21500e+03	1.61262e-02	6.28333e+02
2216	6.27311e+02	2.21600e+03	1.61014e-02	6.28667e+02
2217	6.27637e+02	2.21700e+03	1.60834e-02	6.29000e+02
2218	6.27950e+02	2.21800e+03	1.60688e-02	6.29333e+02
2219	6.28285e+02	2.21900e+03	1.60559e-02	6.29667e+02
2220	6.28607e+02	2.22000e+03	1.60484e-02	6.30000e+02
2221	6.28927e+02	2.22100e+03	1.60417e-02	6.30333e+02
2222	6.29257e+02	2.22200e+03	1.60367e-02	6.30667e+02
2223	6.29583e+02	2.22300e+03	1.60325e-02	6.31000e+02
2224	6.29902e+02	2.22400e+03	1.60384e-02	6.31333e+02
2225	6.30221e+02	2.22500e+03	1.60443e-02	6.31667e+02
2226	6.30545e+02	2.22600e+03	1.60539e-02	6.32000e+02
2227	6.30873e+02	2.22700e+03	1.60657e-02	6.32333e+02
2228	6.31202e+02	2.22800e+03	1.60846e-02	6.32667e+02
2229	6.31513e+02	2.22900e+03	1.60990e-02	6.33000e+02
2230	6.31827e+02	2.23000e+03	1.61118e-02	6.33333e+02
2231	6.32134e+02	2.23100e+03	1.61238e-02	6.33667e+02
2232	6.32452e+02	2.23200e+03	1.61285e-02	6.34000e+02
2233	6.32762e+02	2.23300e+03	1.61298e-02	6.34333e+02
2234	6.33075e+02	2.23400e+03	1.61299e-02	6.34667e+02
2235	6.33392e+02	2.23500e+03	1.61297e-02	6.35000e+02
2236	6.33709e+02	2.23600e+03	1.61153e-02	6.35333e+02
2237	6.34019e+02	2.23700e+03	1.61047e-02	6.35667e+02
2238	6.34346e+02	2.23800e+03	1.60934e-02	6.36000e+02
2239	6.34664e+02	2.23900e+03	1.60810e-02	6.36333e+02
2240	6.34990e+02	2.24000e+03	1.60649e-02	6.36667e+02
2241	6.35310e+02	2.24100e+03	1.60500e-02	6.37000e+02
2242	6.35633e+02	2.24200e+03	1.60374e-02	6.37333e+02
2243	6.35953e+02	2.24300e+03	1.60277e-02	6.37667e+02
2244	6.36273e+02	2.24400e+03	1.60262e-02	6.38000e+02
2245	6.36584e+02	2.24500e+03	1.60284e-02	6.38333e+02
2246	6.36917e+02	2.24600e+03	1.60339e-02	6.38667e+02
2247	6.37238e+02	2.24700e+03	1.60415e-02	6.39000e+02
2248	6.37569e+02	2.24800e+03	1.60630e-02	6.39333e+02
2249	6.37889e+02	2.24900e+03	1.60721e-02	6.39667e+02
2250	6.38226e+02	2.25000e+03	1.60746e-02	6.40000e+02
2251	6.38542e+02	2.25100e+03	1.60739e-02	6.40333e+02
2252	6.38852e+02	2.25200e+03	1.60606e-02	6.40667e+02
2253	6.39185e+02	2.25300e+03	1.60478e-02	6.41000e+02
2254	6.39509e+02	2.25400e+03	1.60326e-02	6.41333e+02
2255	6.39835e+02	2.25500e+03	1.60163e-02	6.41667e+02
2256	6.40160e+02	2.25600e+03	1.59896e-02	6.42000e+02
2257	6.40488e+02	2.25700e+03	1.59705e-02	6.42333e+02
2258	6.40803e+02	2.25800e+03	1.59550e-02	6.42667e+02
2259	6.41139e+02	2.25900e+03	1.59417e-02	6.43000e+02
2260	6.41462e+02	2.26000e+03	1.59399e-02	6.43333e+02
2261	6.41770e+02	2.26100e+03	1.59391e-02	6.43667e+02
2262	6.42106e+02	2.26200e+03	1.59401e-02	6.44000e+02
2263	6.42433e+02	2.26300e+03	1.59426e-02	6.44333e+02
2264	6.42763e+02	2.26400e+03	1.59592e-02	6.44667e+02
2265	6.43087e+02	2.26500e+03	1.59685e-02	6.45000e+02
2266	6.43408e+02	2.26600e+03	1.59751e-02	6.45333e+02
2267	6.43734e+02	2.26700e+03	1.59798e-02	6.45667e+02
2268	6.44060e+02	2.26800e+03	1.59760e-02	6.46000e+02
2269	6.44383e+02	2.26900e+03	1.59699e-02	6.46333e+02
2270	6.44704e+02	2.27000e+03	1.59614e-02	6.46667e+02
2271	6.45028e+02	2.27100e+03	1.59516e-02	6.47000e+02
2272	6.45361e+02	2.27200e+03	1.59320e-02	6.47333e+02
2273	6.45697e+02	2.27300e+03	1.59222e-02	6.47667e+02
2274	6.46012e+02	2.27400e+03	1.59162e-02	6.48000e+02
2275	6.46350e+02	2.27500e+03	1.59115e-02	6.48333e+02
2276	6.46676e+02	2.27600e+03	1.59099e-02	6.48667e+02
2277	6.47008e+02	2.27700e+03	1.59027e-02	6.49000e+02
2278	6.47329e+02	2.27800e+03	1.58941e-02	6.49333e+02
2279	6.47662e+02	2.27900e+03	1.58853e-02	6.49667e+02
2280	6.47989e+02	2.28000e+03	1.58792e-02	6.50000e+02
2281	6.48328e+02	2.28100e+03	1.58817e-02	6.50333e+02
2282	6.48649e+02	2.28200e+03	1.58898e-02	6.50667e+02
2283	6.48970e+02	2.28300e+03	1.59007e-02	6.51000e+02
2284	6.49301e+02	2.28400e+03	1.59256e-02	6.51333e+02
2285	6.49643e+02	2.28500e+03	1.59413e-02	6.51667e+02
2286	6.49961e+02	2.28600e+03	1.59523e-02	6.52000e+02
2287	6.50286e+02	2.28700e+03	1.59607e-02	6.52333e+02
2288	6.50614e+02	2.28800e+03	1.59654e-02	6.52667e+02
2289	6.50946e+02	2.28900e+03	1.59731e-02	6.53000e+02
2290	6.51284e+02	2.29000e+03	1.59839e-02	6.53333e+02
2291	6.51598e+02	2.29100e+03	1.59964e-02	6.53667e+02
2292	6.51937e+02	2.29200e+03	1.60118e-02	6.54000e+02
2293	6.52258e+02	2.29300e+03	1.60292e-02	6.54333e+02
2294	6.52591e+02	2.29400e+03	1.60447e-02	6.54667e+02
2295	6.52922e+02	2.29500e+03	1.60579e-02	6.55000e+02
2296	6.53244e+02	2.29600e+03	1.60733e-02	6.55333e+02
2297	6.53575e+02	2.29700e+03	1.60832e-02	6.55667e+02
2298	6.53912e+02	2.29800e+03	1.60916e-02	6.56000e+02
2299	6.54236e+02	2.29900e+03	1.60989e-02	6.56333e+02
2300	6.54561e+02	2.30000e+03	1.60922e-02	6.56667e+02
2301	6.54899e+02	2.30100e+03	1.60897e-02	6.57000e+02
2302	6.55232e+02	2.30200e+03	1.60863e-02	6.57333e+02
2303	6.55548e+02	2.30300e+03	1.60819e-02	6.57667e+02
2304	6.55883e+02	2.30400e+03	1.60753e-02	6.58000e+02
2305	6.56219e+02	2.30500e+03	1.60732e-02	6.58333e+02
2306	6.56532e+02	2.30600e+03	1.60766e-02	6.58667e+02
2307	6.56874e+02	2.30700e+03	1.60832e-02	6.59000e+02
2308	6.57199e+02	2.30800e+03	1.60969e-02	6.59333e+02
2309	6.57536e+02	2.30900e+03	1.61085e-02	6.59667e+02
2310	6.57865e+02	2.31000e+03	1.61192e-02	6.60000e+02
2311	6.58191e+02	2.31100e+03	1.61289e-02	6.60333e+02
2312	6.58521e+02	2.31200e+03	1.61426e-02	6.60667e+02
2313	6.58852e+02	2.31300e+03	1.61537e-02	6.61000e+02
2314	6.59190e+02	2.31400e+03	1.61653e-02	6.61333e+02
2315	6.59520e+02	2.31500e+03	1.61783e-02	6.61667e+02
2316	6.59854e+02	2.31600e+03	1.61918e-02	6.62000e+02
2317	6.60189e+02	2.31700e+03	1.62057e-02	6.62333e+02
2318	6.60520e+02	2.31800e+03	1.62170e-02	6.62667e+02
2319	6.60846e+02	2.31900e+03	1.62256e-02	6.63000e+02
2320	6.61163e+02	2.32000e+03	1.62295e-02	6.63333e+02
2321	6.61502e+02	2.32100e+03	1.62268e-02	6.63667e+02
2322	6.61842e+02	2.32200e+03	1.62194e-02	6.64000e+02
2323	6.62164e+02	2.32300e+03	1.62093e-02	6.64333e+02
2324	6.62499e+02	2.32400e+03	1.61780e-02	6.64667e+02
2325	6.62828e+02	2.32500e+03	1.61539e-02	6.65000e+02
2326	6.63156e+02	2.32600e+03	1.61300e-02	6.65333e+02
2327	6.63483e+02	2.32700e+03	1.61062e-02	6.65667e+02
2328	6.63808e+02	2.32800e+03	1.60808e-02	6.66000e+02
2329	6.64136e+02	2.32900e+03	1.60600e-02	6.66333e+02
2330	6.64475e+02	2.33000e+03	1.60433e-02	6.66667e+02
2331	6.64807e+02	2.33100e+03	1.60301e-02	6.67000e+02
2332	6.65120e+02	2.33200e+03	1.60290e-02	6.67333e+02
2333	6.65455e+02	2.33300e+03	1.60238e-02	6.67667e+02
2334	6.65785e+02	2.33400e+03	1.60166e-02	6.68000e+02
2335	6.66118e+02	2.33500e+03	1.60087e-02	6.68333e+02
2336	6.66460e+02	2.33600e+03	1.60090e-02	6.68667e+02
2337	6.66782e+02	2.33700e+03	1.60063e-02	6.69000e+02
2338	6.67112e+02	2.33800e+03	1.60026e-02	6.69333e+02
2339	6.67451e+02	2.33900e+03	1.59992e-02	6.69667e+02
2340	6.67781e+02	2.34000e+03	1.59965e-02	6.70000e+02
2341	6.68107e+02	2.34100e+03	1.59928e-02	6.70333e+02
2342	6.68441e+02	2.34200e+03	1.59895e-02	6.70667e+02
2343	6.68771e+02	2.34300e+03	1.59879e-02	6.71000e+02
2344	6.69108e+02	2.34400e+03	1.59894e-02	6.71333e+02
2345	6.69427e+02	2.34500e+03	1.59911e-02	6.71667e+02
2346	6.69758e+02	2.34600e+03	1.59927e-02	6.72000e+02
2347	6.70082e+02	2.34700e+03	1.59932e-02	6.72333e+02
2348	6.70414e+02	2.34800e+03	1.59950e-02	6.72667e+02
2349	6.70748e+02	2.34900e+03	1.59939e-02	6.73000e+02
2350	6.71073e+02	2.35000e+03	1.59923e-02	6.73333e+02
2351	6.71410e+02	2.35100e+03	1.59914e-02	6.73667e+02
2352	6.71733e+02	2.35200e+03	1.59870e-02	6.74000e+02
2353	6.72062e+02	2.35300e+03	1.59836e-02	6.74333e+02
2354	6.72398e+02	2.35400e+03	1.59781e-02	6.74667e+02
2355	6.72729e+02	2.35500e+03	1.59712e-02	6.75000e+02
2356	6.73059e+02	2.35600e+03	1.59624e-02	6.75333e+02
2357	6.73385e+02	2.35700e+03	1.59518e-02	6.75667e+02
2358	6.73722e+02	2.35800e+03	1.59416e-02	6.76000e+02
2359	6.74052e+02	2.35900e+03	1.59320e-02	6.76333e+02
2360	6.74383e+02	2.36000e+03	1.59196e-02	6.76667e+02
2361	6.74713e+02	2.36100e+03	1.59139e-02	6.77000e+02
2362	6.75038e+02	2.36200e+03	1.59127e-02	6.77333e+02
2363	6.75376e+02	2.36300e+03	1.59136e-02	6.77667e+02
2364	6.75699e+02	2.36400e+03	1.59248e-02	6.78000e+02
2365	6.76024e+02	2.36500e+03	1.59292e-02	6.78333e+02
2366	6.76357e+02	2.36600e+03	1.59311e-02	6.78667e+02
2367	6.76690e+02	2.36700e+03	1.59329e-02	6.79000e+02
2368	6.77022e+02	2.36800e+03	1.59327e-02	6.79333e+02
2369	6.77348e+02	2.36900e+03	1.59298e-02	6.79667e+02
2370	6.77680e+02	2.37000e+03	1.59246e-02	6.80000e+02
2371	6.78011e+02	2.37100e+03	1.59182e-02	6.80333e+02
2372	6.78346e+02	2.37200e+03	1.59035e-02	6.80667e+02
2373	6.78680e+02	2.37300e+03	1.58913e-02	6.81000e+02
2374	6.79003e+02	2.37400e+03	1.58780e-02	6.81333e+02
2375	6.79336e+02	2.37500e+03	1.58636e-02	6.81667e+02
2376	6.79660e+02	2.37600e+03	1.58474e-02	6.82000e+02
2377	6.79992e+02	2.37700e+03	1.58355e-02	6.82333e+02
2378	6.80326e+02	2.37800e+03	1.58282e-02	6.82667e+02
2379	6.80654e+02	2.37900e+03	1.58243e-02	6.83000e+02
2380	6.80990e+02	2.38000e+03	1.58298e-02	6.83333e+02
2381	6.81323e+02	2.38100e+03	1.58341e-02	6.83667e+02
2382	6.81644e+02	2.38200e+03	1.58367e-02	6.84000e+02
2383	6.81978e+02	2.38300e+03	1.58374e-02	6.84333e+02
2384	6.82319e+02	2.38400e+03	1.58421e-02	6.84667e+02
2385	6.82646e+02	2.38500e+03	1.58413e-02	6.85000e+02
2386	6.82984e+02	2.38600e+03	1.58381e-02	6.85333e+02
2387	6.83306e+02	2.38700e+03	1.58335e-02	6.85667e+02
2388	6.83636e+02	2.38800e+03	1.58199e-02	6.86000e+02
2389	6.83976e+02	2.38900e+03	1.58128e-02	6.86333e+02
2390	6.84299e+02	2.39000e+03	1.58073e-02	6.86667e+02
2391	6.84626e+02	2.39100e+03	1.58013e-02	6.87000e+02
2392	6.84966e+02	2.39200e+03	1.57982e-02	6.87333e+02
2393	6.85302e+02	2.39300e+03	1.57934e-02	6.87667e+02
2394	6.85636e+02	2.39400e+03	1.57876e-02	6.88000e+02
2395	6.85960e+02	2.39500e+03	1.57815e-02	6.88333e+02
2396	6.86288e+02	2.39600e+03	1.57775e-02	6.88667e+02
2397	6.86623e+02	2.39700e+03	1.57773e-02	6.89000e+02
2398	6.86958e+02	2.39800e+03	1.57826e-02	6.89333e+02
2399	6.87282e+02	2.39900e+03	1.57913e-02	6.89667e+02
2400	6.87611e+02	2.40000e+03	1.58077e-02	6.90000e+02
2401	6.87934e+02	2.40100e+03	1.58204e-02	6.90333e+02
2402	6.88265e+02	2.40200e+03	1.58305e-02	6.90667e+02
2403	6.88596e+02	2.40300e+03	1.58389e-02	6.91000e+02
2404	6.88926e+02	2.40400e+03	1.58498e-02	6.91333e+02
2405	6.89055e+02	2.40500e+03	1.58614e-02	6.91667e+02
2406	6.89189e+02	2.40600e+03	1.58758e-02	6.92000e+02
2407	6.89392e+02	2.40700e+03	1.58910e-02	6.92333e+02
2408	6.89630e+02	2.40800e+03	1.59040e-02	6.92667e+02
2409	6.89872e+02	2.40900e+03	1.59175e-02	6.93000e+02
2410	6.90116e+02	2.41000e+03	1.59309e-02	6.93333e+02
2411	6.90341e+02	2.41100e+03	1.59428e-02	6.93667e+02
2412	6.90565e+02	2.41200e+03	1.59484e-02	6.94000e+02
2413	6.90784e+02	2.41300e+03	1.59490e-02	6.94333e+02
2414	6.90992e+02	2.41400e+03	1.59462e-02	6.94667e+02
2415	6.91194e+02	2.41500e+03	1.59415e-02	6.95000e+02
2416	6.91378e+02	2.41600e+03	1.59241e-02	6.95333e+02
2417	6.91567e+02	2.41700e+03	1.59128e-02	6.95667e+02
2418	6.91757e+02	2.41800e+03	1.59017e-02	6.96000e+02
2419	6.91930e+02	2.41900e+03	1.58901e-02	6.96333e+02
2420	6.92097e+02	2.42000e+03	1.58784e-02	6.96667e+02
2421	6.92269e+02	2.42100e+03	1.58667e-02	6.97000e+02
2422	6.92433e+02	2.42200e+03	1.58556e-02	6.97333e+02
2423	6.92587e+02	2.42300e+03	1.58457e-02	6.97667e+02
2424	6.92735e+02	2.42400e+03	1.58373e-02	6.98000e+02
2425	6.92884e+02	2.42500e+03	1.58316e-02	6.98333e+02
2426	6.93027e+02	2.42600e+03	1.58286e-02	6.98667e+02
2427	6.93174e+02	2.42700e+03	1.58271e-02	6.99000e+02
2428	6.93296e+02	2.42800e+03	1.58321e-02	6.99333e+02
2429	6.93428e+02	2.42900e+03	1.58342e-02	6.99667e+02
2430	6.93561e+02	2.43000e+03	1.58369e-02	7.00000e+02
