index	ts	t	weight	tr
[#]	[°C]	[s]	[mg]	[°C]
723	1.31277e+02	7.23000e+02	9.81419e-01	1.31000e+02
724	1.31618e+02	7.24000e+02	9.81424e-01	1.31333e+02
725	1.31950e+02	7.25000e+02	9.81428e-01	1.31667e+02
726	1.32286e+02	7.26000e+02	9.81430e-01	1.32000e+02
727	1.32619e+02	7.27000e+02	9.81431e-01	1.32333e+02
728	1.32962e+02	7.28000e+02	9.81427e-01	1.32667e+02
729	1.33295e+02	7.29000e+02	9.81423e-01	1.33000e+02
730	1.33632e+02	7.30000e+02	9.81421e-01	1.33333e+02
731	1.33979e+02	7.31000e+02	9.81421e-01	1.33667e+02
732	1.34307e+02	7.32000e+02	9.81417e-01	1.34000e+02
733	1.34638e+02	7.33000e+02	9.81411e-01	1.34333e+02
734	1.34990e+02	7.34000e+02	9.81401e-01	1.34667e+02
735	1.35306e+02	7.35000e+02	9.81388e-01	1.35000e+02
736	1.35655e+02	7.36000e+02	9.81370e-01	1.35333e+02
737	1.35981e+02	7.37000e+02	9.81353e-01	1.35667e+02
738	1.36332e+02	7.38000e+02	9.81340e-01	1.36000e+02
739	1.36657e+02	7.39000e+02	9.81329e-01	1.36333e+02
740	1.36986e+02	7.40000e+02	9.81318e-01	1.36667e+02
741	1.37326e+02	7.41000e+02	9.81312e-01	1.37000e+02
742	1.37671e+02	7.42000e+02	9.81307e-01	1.37333e+02
743	1.38007e+02	7.43000e+02	9.81300e-01	1.37667e+02
744	1.38352e+02	7.44000e+02	9.81296e-01	1.38000e+02
745	1.38671e+02	7.45000e+02	9.81284e-01	1.38333e+02
746	1.39008e+02	7.46000e+02	9.81270e-01	1.38667e+02
747	1.39349e+02	7.47000e+02	9.81257e-01	1.39000e+02
748	1.39674e+02	7.48000e+02	9.81239e-01	1.39333e+02
749	1.40015e+02	7.49000e+02	9.81231e-01	1.39667e+02
750	1.40353e+02	7.50000e+02	9.81225e-01	1.40000e+02
751	1.40699e+02	7.51000e+02	9.81220e-01	1.40333e+02
752	1.41028e+02	7.52000e+02	9.81228e-01	1.40667e+02
753	1.41365e+02	7.53000e+02	9.81232e-01	1.41000e+02
754	1.41696e+02	7.54000e+02	9.81237e-01	1.41333e+02
755	1.42040e+02	7.55000e+02	9.81246e-01	1.41667e+02
756	1.42381e+02	7.56000e+02	9.81262e-01	1.42000e+02
757	1.42718e+02	7.57000e+02	9.81280e-01	1.42333e+02
758	1.43052e+02	7.58000e+02	9.81297e-01	1.42667e+02
759	1.43393e+02	7.59000e+02	9.81314e-01	1.43000e+02
760	1.43724e+02	7.60000e+02	9.81339e-01	1.43333e+02
761	1.44069e+02	7.61000e+02	9.81356e-01	1.43667e+02
762	1.44401e+02	7.62000e+02	9.81368e-01	1.44000e+02
763	1.44737e+02	7.63000e+02	9.81377e-01	1.44333e+02
764	1.45069e+02	7.64000e+02	9.81374e-01	1.44667e+02
765	1.45410e+02	7.65000e+02	9.81374e-01	1.45000e+02
766	1.45755e+02	7.66000e+02	9.81372e-01	1.45333e+02
767	1.46081e+02	7.67000e+02	9.81368e-01	1.45667e+02
768	1.46426e+02	7.68000e+02	9.81349e-01	1.46000e+02
769	1.46762e+02	7.69000e+02	9.81328e-01	1.46333e+02
770	1.47085e+02	7.70000e+02	9.81305e-01	1.46667e+02
771	1.47437e+02	7.71000e+02	9.81282e-01	1.47000e+02
772	1.47768e+02	7.72000e+02	9.81266e-01	1.47333e+02
773	1.48108e+02	7.73000e+02	9.81282e-01	1.47667e+02
774	1.48446e+02	7.74000e+02	9.81333e-01	1.48000e+02
775	1.48799e+02	7.75000e+02	9.81406e-01	1.48333e+02
776	1.49119e+02	7.76000e+02	9.81558e-01	1.48667e+02
777	1.49456e+02	7.77000e+02	9.81670e-01	1.49000e+02
778	1.49794e+02	7.78000e+02	9.81744e-01	1.49333e+02
779	1.50122e+02	7.79000e+02	9.81785e-01	1.49667e+02
780	1.50465e+02	7.80000e+02	9.81744e-01	1.50000e+02
781	1.50801e+02	7.81000e+02	9.81650e-01	1.50333e+02
782	1.51150e+02	7.82000e+02	9.81520e-01	1.50667e+02
783	1.51471e+02	7.83000e+02	9.81374e-01	1.51000e+02
784	1.51806e+02	7.84000e+02	9.81076e-01	1.51333e+02
785	1.52157e+02	7.85000e+02	9.80905e-01	1.51667e+02
786	1.52494e+02	7.86000e+02	9.80788e-01	1.52000e+02
787	1.52835e+02	7.87000e+02	9.80696e-01	1.52333e+02
788	1.53169e+02	7.88000e+02	9.80736e-01	1.52667e+02
789	1.53503e+02	7.89000e+02	9.80748e-01	1.53000e+02
790	1.53834e+02	7.90000e+02	9.80770e-01	1.53333e+02
791	1.54184e+02	7.91000e+02	9.80803e-01	1.53667e+02
792	1.54521e+02	7.92000e+02	9.80906e-01	1.54000e+02
793	1.54848e+02	7.93000e+02	9.80961e-01	1.54333e+02
794	1.55190e+02	7.94000e+02	9.81000e-01	1.54667e+02
795	1.55525e+02	7.95000e+02	9.81035e-01	1.55000e+02
796	1.55859e+02	7.96000e+02	9.81039e-01	1.55333e+02
797	1.56194e+02	7.97000e+02	9.81051e-01	1.55667e+02
798	1.56539e+02	7.98000e+02	9.81061e-01	1.56000e+02
799	1.56879e+02	7.99000e+02	9.81070e-01	1.56333e+02
800	1.57209e+02	8.00000e+02	9.81068e-01	1.56667e+02
801	1.57550e+02	8.01000e+02	9.81076e-01	1.57000e+02
802	1.57890e+02	8.02000e+02	9.81086e-01	1.57333e+02
803	1.58240e+02	8.03000e+02	9.81097e-01	1.57667e+02
804	1.58571e+02	8.04000e+02	9.81115e-01	1.58000e+02
805	1.58903e+02	8.05000e+02	9.81127e-01	1.58333e+02
806	1.59235e+02	8.06000e+02	9.81137e-01	1.58667e+02
807	1.59579e+02	8.07000e+02	9.81147e-01	1.59000e+02
808	1.59920e+02	8.08000e+02	9.81153e-01	1.59333e+02
809	1.60257e+02	8.09000e+02	9.81160e-01	1.59667e+02
810	1.60600e+02	8.10000e+02	9.81163e-01	1.60000e+02
811	1.60940e+02	8.11000e+02	9.81163e-01	1.60333e+02
812	1.61268e+02	8.12000e+02	9.81150e-01	1.60667e+02
813	1.61605e+02	8.13000e+02	9.81132e-01	1.61000e+02
814	1.61938e+02	8.14000e+02	9.81111e-01	1.61333e+02
815	1.62286e+02	8.15000e+02	9.81089e-01	1.61667e+02
816	1.62623e+02	8.16000e+02	9.81062e-01	1.62000e+02
817	1.62963e+02	8.17000e+02	9.81054e-01	1.62333e+02
818	1.63297e+02	8.18000e+02	9.81059e-01	1.62667e+02
819	1.63630e+02	8.19000e+02	9.81071e-01	1.63000e+02
820	1.63965e+02	8.20000e+02	9.81115e-01	1.63333e+02
821	1.64327e+02	8.21000e+02	9.81144e-01	1.63667e+02
822	1.64645e+02	8.22000e+02	9.81165e-01	1.64000e+02
823	1.64991e+02	8.23000e+02	9.81182e-01	1.64333e+02
824	1.65342e+02	8.24000e+02	9.81192e-01	1.64667e+02
825	1.65668e+02	8.25000e+02	9.81195e-01	1.65000e+02
826	1.66022e+02	8.26000e+02	9.81193e-01	1.65333e+02
827	1.66362e+02	8.27000e+02	9.81188e-01	1.65667e+02
828	1.66678e+02	8.28000e+02	9.81159e-01	1.66000e+02
829	1.67032e+02	8.29000e+02	9.81143e-01	1.66333e+02
830	1.67371e+02	8.30000e+02	9.81130e-01	1.66667e+02
831	1.67702e+02	8.31000e+02	9.81118e-01	1.67000e+02
832	1.68038e+02	8.32000e+02	9.81112e-01	1.67333e+02
833	1.68372e+02	8.33000e+02	9.81105e-01	1.67667e+02
834	1.68715e+02	8.34000e+02	9.81100e-01	1.68000e+02
835	1.69056e+02	8.35000e+02	9.81095e-01	1.68333e+02
836	1.69395e+02	8.36000e+02	9.81097e-01	1.68667e+02
837	1.69724e+02	8.37000e+02	9.81096e-01	1.69000e+02
838	1.70064e+02	8.38000e+02	9.81096e-01	1.69333e+02
839	1.70409e+02	8.39000e+02	9.81098e-01	1.69667e+02
840	1.70747e+02	8.40000e+02	9.81102e-01	1.70000e+02
841	1.71082e+02	8.41000e+02	9.81106e-01	1.70333e+02
842	1.71412e+02	8.42000e+02	9.81108e-01	1.70667e+02
843	1.71758e+02	8.43000e+02	9.81110e-01	1.71000e+02
844	1.72102e+02	8.44000e+02	9.81110e-01	1.71333e+02
845	1.72436e+02	8.45000e+02	9.81106e-01	1.71667e+02
846	1.72780e+02	8.46000e+02	9.81102e-01	1.72000e+02
847	1.73112e+02	8.47000e+02	9.81096e-01	1.72333e+02
848	1.73446e+02	8.48000e+02	9.81080e-01	1.72667e+02
849	1.73788e+02	8.49000e+02	9.81070e-01	1.73000e+02
850	1.74120e+02	8.50000e+02	9.81061e-01	1.73333e+02
851	1.74457e+02	8.51000e+02	9.81053e-01	1.73667e+02
852	1.74796e+02	8.52000e+02	9.81048e-01	1.74000e+02
853	1.75140e+02	8.53000e+02	9.81043e-01	1.74333e+02
854	1.75483e+02	8.54000e+02	9.81040e-01	1.74667e+02
855	1.75813e+02	8.55000e+02	9.81038e-01	1.75000e+02
856	1.76152e+02	8.56000e+02	9.81037e-01	1.75333e+02
857	1.76491e+02	8.57000e+02	9.81032e-01	1.75667e+02
858	1.76833e+02	8.58000e+02	9.81023e-01	1.76000e+02
859	1.77165e+02	8.59000e+02	9.81013e-01	1.76333e+02
860	1.77490e+02	8.60000e+02	9.80993e-01	1.76667e+02
861	1.77841e+02	8.61000e+02	9.80975e-01	1.77000e+02
862	1.78172e+02	8.62000e+02	9.80954e-01	1.77333e+02
863	1.78513e+02	8.63000e+02	9.80932e-01	1.77667e+02
864	1.78847e+02	8.64000e+02	9.80898e-01	1.78000e+02
865	1.79190e+02	8.65000e+02	9.80864e-01	1.78333e+02
866	1.79527e+02	8.66000e+02	9.80829e-01	1.78667e+02
867	1.79859e+02	8.67000e+02	9.80792e-01	1.79000e+02
868	1.80197e+02	8.68000e+02	9.80750e-01	1.79333e+02
869	1.80531e+02	8.69000e+02	9.80715e-01	1.79667e+02
870	1.80884e+02	8.70000e+02	9.80685e-01	1.80000e+02
871	1.81222e+02	8.71000e+02	9.80656e-01	1.80333e+02
872	1.81556e+02	8.72000e+02	9.80636e-01	1.80667e+02
873	1.81883e+02	8.73000e+02	9.80612e-01	1.81000e+02
874	1.82225e+02	8.74000e+02	9.80585e-01	1.81333e+02
875	1.82574e+02	8.75000e+02	9.80557e-01	1.81667e+02
876	1.82909e+02	8.76000e+02	9.80530e-01	1.82000e+02
877	1.83251e+02	8.77000e+02	9.80501e-01	1.82333e+02
878	1.83588e+02	8.78000e+02	9.80472e-01	1.82667e+02
879	1.83924e+02	8.79000e+02	9.80443e-01	1.83000e+02
880	1.84253e+02	8.80000e+02	9.80410e-01	1.83333e+02
881	1.84597e+02	8.81000e+02	9.80378e-01	1.83667e+02
882	1.84939e+02	8.82000e+02	9.80343e-01	1.84000e+02
883	1.85296e+02	8.83000e+02	9.80307e-01	1.84333e+02
884	1.85631e+02	8.84000e+02	9.80267e-01	1.84667e+02
885	1.85970e+02	8.85000e+02	9.80226e-01	1.85000e+02
886	1.86305e+02	8.86000e+02	9.80183e-01	1.85333e+02
887	1.86636e+02	8.87000e+02	9.80137e-01	1.85667e+02
888	1.86977e+02	8.88000e+02	9.80082e-01	1.86000e+02
889	1.87314e+02	8.89000e+02	9.80029e-01	1.86333e+02
890	1.87648e+02	8.90000e+02	9.79973e-01	1.86667e+02
891	1.87998e+02	8.91000e+02	9.79915e-01	1.87000e+02
892	1.88335e+02	8.92000e+02	9.79847e-01	1.87333e+02
893	1.88679e+02	8.93000e+02	9.79780e-01	1.87667e+02
894	1.89012e+02	8.94000e+02	9.79711e-01	1.88000e+02
895	1.89359e+02	8.95000e+02	9.79642e-01	1.88333e+02
896	1.89697e+02	8.96000e+02	9.79572e-01	1.88667e+02
897	1.90028e+02	8.97000e+02	9.79511e-01	1.89000e+02
898	1.90361e+02	8.98000e+02	9.79456e-01	1.89333e+02
899	1.90711e+02	8.99000e+02	9.79404e-01	1.89667e+02
900	1.91057e+02	9.00000e+02	9.79367e-01	1.90000e+02
901	1.91385e+02	9.01000e+02	9.79323e-01	1.90333e+02
902	1.91724e+02	9.02000e+02	9.79277e-01	1.90667e+02
903	1.92049e+02	9.03000e+02	9.79228e-01	1.91000e+02
904	1.92399e+02	9.04000e+02	9.79176e-01	1.91333e+02
905	1.92728e+02	9.05000e+02	9.79121e-01	1.91667e+02
906	1.93080e+02	9.06000e+02	9.79066e-01	1.92000e+02
907	1.93424e+02	9.07000e+02	9.79011e-01	1.92333e+02
908	1.93760e+02	9.08000e+02	9.78945e-01	1.92667e+02
909	1.94094e+02	9.09000e+02	9.78886e-01	1.93000e+02
910	1.94435e+02	9.10000e+02	9.78829e-01	1.93333e+02
911	1.94767e+02	9.11000e+02	9.78770e-01	1.93667e+02
912	1.95105e+02	9.12000e+02	9.78709e-01	1.94000e+02
913	1.95442e+02	9.13000e+02	9.78644e-01	1.94333e+02
914	1.95781e+02	9.14000e+02	9.78575e-01	1.94667e+02
915	1.96122e+02	9.15000e+02	9.78503e-01	1.95000e+02
916	1.96449e+02	9.16000e+02	9.78414e-01	1.95333e+02
917	1.96799e+02	9.17000e+02	9.78330e-01	1.95667e+02
918	1.97143e+02	9.18000e+02	9.78247e-01	1.96000e+02
919	1.97469e+02	9.19000e+02	9.78165e-01	1.96333e+02
920	1.97819e+02	9.20000e+02	9.78077e-01	1.96667e+02
921	1.98155e+02	9.21000e+02	9.77993e-01	1.97000e+02
922	1.98499e+02	9.22000e+02	9.77907e-01	1.97333e+02
923	1.98824e+02	9.23000e+02	9.77818e-01	1.97667e+02
924	1.99168e+02	9.24000e+02	9.77726e-01	1.98000e+02
925	1.99505e+02	9.25000e+02	9.77626e-01	1.98333e+02
926	1.99842e+02	9.26000e+02	9.77521e-01	1.98667e+02
927	2.00184e+02	9.27000e+02	9.77412e-01	1.99000e+02
928	2.00511e+02	9.28000e+02	9.77287e-01	1.99333e+02
929	2.00850e+02	9.29000e+02	9.77170e-01	1.99667e+02
930	2.01197e+02	9.30000e+02	9.77055e-01	2.00000e+02
931	2.01531e+02	9.31000e+02	9.76941e-01	2.00333e+02
932	2.01867e+02	9.32000e+02	9.76825e-01	2.00667e+02
933	2.02207e+02	9.33000e+02	9.76705e-01	2.01000e+02
934	2.02553e+02	9.34000e+02	9.76578e-01	2.01333e+02
935	2.02880e+02	9.35000e+02	9.76445e-01	2.01667e+02
936	2.03202e+02	9.36000e+02	9.76284e-01	2.02000e+02
937	2.03537e+02	9.37000e+02	9.76122e-01	2.02333e+02
938	2.03891e+02	9.38000e+02	9.75973e-01	2.02667e+02
939	2.04225e+02	9.39000e+02	9.75844e-01	2.03000e+02
940	2.04547e+02	9.40000e+02	9.75764e-01	2.03333e+02
941	2.04898e+02	9.41000e+02	9.75724e-01	2.03667e+02
942	2.05217e+02	9.42000e+02	9.75693e-01	2.04000e+02
943	2.05557e+02	9.43000e+02	9.75656e-01	2.04333e+02
944	2.05894e+02	9.44000e+02	9.75671e-01	2.04667e+02
945	2.06239e+02	9.45000e+02	9.75586e-01	2.05000e+02
946	2.06584e+02	9.46000e+02	9.75454e-01	2.05333e+02
947	2.06920e+02	9.47000e+02	9.75303e-01	2.05667e+02
948	2.07253e+02	9.48000e+02	9.75011e-01	2.06000e+02
949	2.07593e+02	9.49000e+02	9.74797e-01	2.06333e+02
950	2.07923e+02	9.50000e+02	9.74606e-01	2.06667e+02
951	2.08258e+02	9.51000e+02	9.74426e-01	2.07000e+02
952	2.08602e+02	9.52000e+02	9.74282e-01	2.07333e+02
953	2.08945e+02	9.53000e+02	9.74150e-01	2.07667e+02
954	2.09281e+02	9.54000e+02	9.74030e-01	2.08000e+02
955	2.09619e+02	9.55000e+02	9.73919e-01	2.08333e+02
956	2.09954e+02	9.56000e+02	9.73870e-01	2.08667e+02
957	2.10300e+02	9.57000e+02	9.73792e-01	2.09000e+02
958	2.10641e+02	9.58000e+02	9.73710e-01	2.09333e+02
959	2.10981e+02	9.59000e+02	9.73628e-01	2.09667e+02
960	2.11326e+02	9.60000e+02	9.73542e-01	2.10000e+02
961	2.11648e+02	9.61000e+02	9.73449e-01	2.10333e+02
962	2.11997e+02	9.62000e+02	9.73350e-01	2.10667e+02
963	2.12336e+02	9.63000e+02	9.73248e-01	2.11000e+02
964	2.12674e+02	9.64000e+02	9.73126e-01	2.11333e+02
965	2.13007e+02	9.65000e+02	9.73009e-01	2.11667e+02
966	2.13344e+02	9.66000e+02	9.72892e-01	2.12000e+02
967	2.13680e+02	9.67000e+02	9.72774e-01	2.12333e+02
968	2.14014e+02	9.68000e+02	9.72651e-01	2.12667e+02
969	2.14356e+02	9.69000e+02	9.72534e-01	2.13000e+02
970	2.14686e+02	9.70000e+02	9.72422e-01	2.13333e+02
971	2.15027e+02	9.71000e+02	9.72313e-01	2.13667e+02
972	2.15354e+02	9.72000e+02	9.72219e-01	2.14000e+02
973	2.15686e+02	9.73000e+02	9.72125e-01	2.14333e+02
974	2.16014e+02	9.74000e+02	9.72034e-01	2.14667e+02
975	2.16352e+02	9.75000e+02	9.71944e-01	2.15000e+02
976	2.16696e+02	9.76000e+02	9.71860e-01	2.15333e+02
977	2.17016e+02	9.77000e+02	9.71766e-01	2.15667e+02
978	2.17351e+02	9.78000e+02	9.71666e-01	2.16000e+02
979	2.17684e+02	9.79000e+02	9.71562e-01	2.16333e+02
980	2.18024e+02	9.80000e+02	9.71437e-01	2.16667e+02
981	2.18359e+02	9.81000e+02	9.71317e-01	2.17000e+02
982	2.18696e+02	9.82000e+02	9.71196e-01	2.17333e+02
983	2.19025e+02	9.83000e+02	9.71075e-01	2.17667e+02
984	2.19364e+02	9.84000e+02	9.70942e-01	2.18000e+02
985	2.19703e+02	9.85000e+02	9.70816e-01	2.18333e+02
986	2.20033e+02	9.86000e+02	9.70690e-01	2.18667e+02
987	2.20357e+02	9.87000e+02	9.70563e-01	2.19000e+02
988	2.20714e+02	9.88000e+02	9.70441e-01	2.19333e+02
989	2.21035e+02	9.89000e+02	9.70322e-01	2.19667e+02
990	2.21370e+02	9.90000e+02	9.70208e-01	2.20000e+02
991	2.21703e+02	9.91000e+02	9.70097e-01	2.20333e+02
992	2.22043e+02	9.92000e+02	9.70000e-01	2.20667e+02
993	2.22381e+02	9.93000e+02	9.69902e-01	2.21000e+02
994	2.22714e+02	9.94000e+02	9.69805e-01	2.21333e+02
995	2.23052e+02	9.95000e+02	9.69706e-01	2.21667e+02
996	2.23375e+02	9.96000e+02	9.69614e-01	2.22000e+02
997	2.23706e+02	9.97000e+02	9.69513e-01	2.22333e+02
998	2.24055e+02	9.98000e+02	9.69407e-01	2.22667e+02
999	2.24386e+02	9.99000e+02	9.69297e-01	2.23000e+02
1000	2.24726e+02	1.00000e+03	9.69166e-01	2.23333e+02
1001	2.25062e+02	1.00100e+03	9.69035e-01	2.23667e+02
1002	2.25386e+02	1.00200e+03	9.68901e-01	2.24000e+02
1003	2.25732e+02	1.00300e+03	9.68763e-01	2.24333e+02
1004	2.26067e+02	1.00400e+03	9.68606e-01	2.24667e+02
1005	2.26420e+02	1.00500e+03	9.68458e-01	2.25000e+02
1006	2.26744e+02	1.00600e+03	9.68310e-01	2.25333e+02
1007	2.27067e+02	1.00700e+03	9.68162e-01	2.25667e+02
1008	2.27412e+02	1.00800e+03	9.68015e-01	2.26000e+02
1009	2.27744e+02	1.00900e+03	9.67872e-01	2.26333e+02
1010	2.28082e+02	1.01000e+03	9.67733e-01	2.26667e+02
1011	2.28424e+02	1.01100e+03	9.67593e-01	2.27000e+02
1012	2.28763e+02	1.01200e+03	9.67465e-01	2.27333e+02
1013	2.29093e+02	1.01300e+03	9.67334e-01	2.27667e+02
1014	2.29421e+02	1.01400e+03	9.67201e-01	2.28000e+02
1015	2.29767e+02	1.01500e+03	9.67066e-01	2.28333e+02
1016	2.30094e+02	1.01600e+03	9.66934e-01	2.28667e+02
1017	2.30433e+02	1.01700e+03	9.66801e-01	2.29000e+02
1018	2.30778e+02	1.01800e+03	9.66668e-01	2.29333e+02
1019	2.31125e+02	1.01900e+03	9.66533e-01	2.29667e+02
1020	2.31449e+02	1.02000e+03	9.66392e-01	2.30000e+02
1021	2.31782e+02	1.02100e+03	9.66256e-01	2.30333e+02
1022	2.32127e+02	1.02200e+03	9.66122e-01	2.30667e+02
1023	2.32457e+02	1.02300e+03	9.65990e-01	2.31000e+02
1024	2.32794e+02	1.02400e+03	9.65864e-01	2.31333e+02
1025	2.33133e+02	1.02500e+03	9.65741e-01	2.31667e+02
1026	2.33468e+02	1.02600e+03	9.65621e-01	2.32000e+02
1027	2.33811e+02	1.02700e+03	9.65502e-01	2.32333e+02
1028	2.34139e+02	1.02800e+03	9.65392e-01	2.32667e+02
1029	2.34483e+02	1.02900e+03	9.65272e-01	2.33000e+02
1030	2.34814e+02	1.03000e+03	9.65150e-01	2.33333e+02
1031	2.35152e+02	1.03100e+03	9.65028e-01	2.33667e+02
1032	2.35501e+02	1.03200e+03	9.64897e-01	2.34000e+02
1033	2.35841e+02	1.03300e+03	9.64770e-01	2.34333e+02
1034	2.36171e+02	1.03400e+03	9.64646e-01	2.34667e+02
1035	2.36509e+02	1.03500e+03	9.64523e-01	2.35000e+02
1036	2.36845e+02	1.03600e+03	9.64399e-01	2.35333e+02
1037	2.37191e+02	1.03700e+03	9.64273e-01	2.35667e+02
1038	2.37523e+02	1.03800e+03	9.64145e-01	2.36000e+02
1039	2.37854e+02	1.03900e+03	9.64015e-01	2.36333e+02
1040	2.38188e+02	1.04000e+03	9.63883e-01	2.36667e+02
1041	2.38518e+02	1.04100e+03	9.63753e-01	2.37000e+02
1042	2.38861e+02	1.04200e+03	9.63621e-01	2.37333e+02
1043	2.39201e+02	1.04300e+03	9.63488e-01	2.37667e+02
1044	2.39547e+02	1.04400e+03	9.63348e-01	2.38000e+02
1045	2.39884e+02	1.04500e+03	9.63205e-01	2.38333e+02
1046	2.40226e+02	1.04600e+03	9.63055e-01	2.38667e+02
1047	2.40553e+02	1.04700e+03	9.62900e-01	2.39000e+02
1048	2.40909e+02	1.04800e+03	9.62731e-01	2.39333e+02
1049	2.41233e+02	1.04900e+03	9.62574e-01	2.39667e+02
1050	2.41572e+02	1.05000e+03	9.62427e-01	2.40000e+02
1051	2.41915e+02	1.05100e+03	9.62289e-01	2.40333e+02
1052	2.42245e+02	1.05200e+03	9.62168e-01	2.40667e+02
1053	2.42586e+02	1.05300e+03	9.62053e-01	2.41000e+02
1054	2.42932e+02	1.05400e+03	9.61941e-01	2.41333e+02
1055	2.43268e+02	1.05500e+03	9.61829e-01	2.41667e+02
1056	2.43600e+02	1.05600e+03	9.61738e-01	2.42000e+02
1057	2.43941e+02	1.05700e+03	9.61626e-01	2.42333e+02
1058	2.44278e+02	1.05800e+03	9.61505e-01	2.42667e+02
1059	2.44616e+02	1.05900e+03	9.61380e-01	2.43000e+02
1060	2.44952e+02	1.06000e+03	9.61227e-01	2.43333e+02
1061	2.45284e+02	1.06100e+03	9.61084e-01	2.43667e+02
1062	2.45631e+02	1.06200e+03	9.60941e-01	2.44000e+02
1063	2.45981e+02	1.06300e+03	9.60798e-01	2.44333e+02
1064	2.46320e+02	1.06400e+03	9.60650e-01	2.44667e+02
1065	2.46651e+02	1.06500e+03	9.60509e-01	2.45000e+02
1066	2.46988e+02	1.06600e+03	9.60370e-01	2.45333e+02
1067	2.47335e+02	1.06700e+03	9.60232e-01	2.45667e+02
1068	2.47677e+02	1.06800e+03	9.60098e-01	2.46000e+02
1069	2.48016e+02	1.06900e+03	9.59959e-01	2.46333e+02
1070	2.48355e+02	1.07000e+03	9.59817e-01	2.46667e+02
1071	2.48686e+02	1.07100e+03	9.59674e-01	2.47000e+02
1072	2.49024e+02	1.07200e+03	9.59524e-01	2.47333e+02
1073	2.49362e+02	1.07300e+03	9.59375e-01	2.47667e+02
1074	2.49708e+02	1.07400e+03	9.59226e-01	2.48000e+02
1075	2.50050e+02	1.07500e+03	9.59076e-01	2.48333e+02
1076	2.50395e+02	1.07600e+03	9.58921e-01	2.48667e+02
1077	2.50732e+02	1.07700e+03	9.58766e-01	2.49000e+02
1078	2.51082e+02	1.07800e+03	9.58611e-01	2.49333e+02
1079	2.51420e+02	1.07900e+03	9.58455e-01	2.49667e+02
1080	2.51767e+02	1.08000e+03	9.58302e-01	2.50000e+02
1081	2.52102e+02	1.08100e+03	9.58153e-01	2.50333e+02
1082	2.52439e+02	1.08200e+03	9.58006e-01	2.50667e+02
1083	2.52793e+02	1.08300e+03	9.57860e-01	2.51000e+02
1084	2.53135e+02	1.08400e+03	9.57726e-01	2.51333e+02
1085	2.53496e+02	1.08500e+03	9.57588e-01	2.51667e+02
1086	2.53841e+02	1.08600e+03	9.57450e-01	2.52000e+02
1087	2.54189e+02	1.08700e+03	9.57313e-01	2.52333e+02
1088	2.54534e+02	1.08800e+03	9.57180e-01	2.52667e+02
1089	2.54879e+02	1.08900e+03	9.57042e-01	2.53000e+02
1090	2.55210e+02	1.09000e+03	9.56901e-01	2.53333e+02
1091	2.55561e+02	1.09100e+03	9.56755e-01	2.53667e+02
1092	2.55911e+02	1.09200e+03	9.56582e-01	2.54000e+02
1093	2.56245e+02	1.09300e+03	9.56401e-01	2.54333e+02
1094	2.56602e+02	1.09400e+03	9.56221e-01	2.54667e+02
1095	2.56945e+02	1.09500e+03	9.56049e-01	2.55000e+02
1096	2.57283e+02	1.09600e+03	9.55893e-01	2.55333e+02
1097	2.57630e+02	1.09700e+03	9.55781e-01	2.55667e+02
1098	2.57955e+02	1.09800e+03	9.55692e-01	2.56000e+02
1099	2.58293e+02	1.09900e+03	9.55610e-01	2.56333e+02
1100	2.58629e+02	1.10000e+03	9.55599e-01	2.56667e+02
1101	2.58968e+02	1.10100e+03	9.55523e-01	2.57000e+02
1102	2.59298e+02	1.10200e+03	9.55421e-01	2.57333e+02
1103	2.59640e+02	1.10300e+03	9.55311e-01	2.57667e+02
1104	2.59982e+02	1.10400e+03	9.55156e-01	2.58000e+02
1105	2.60313e+02	1.10500e+03	9.55021e-01	2.58333e+02
1106	2.60640e+02	1.10600e+03	9.54882e-01	2.58667e+02
1107	2.60986e+02	1.10700e+03	9.54734e-01	2.59000e+02
1108	2.61323e+02	1.10800e+03	9.54541e-01	2.59333e+02
1109	2.61660e+02	1.10900e+03	9.54338e-01	2.59667e+02
1110	2.61988e+02	1.11000e+03	9.54127e-01	2.60000e+02
1111	2.62334e+02	1.11100e+03	9.53914e-01	2.60333e+02
1112	2.62658e+02	1.11200e+03	9.53675e-01	2.60667e+02
1113	2.63003e+02	1.11300e+03	9.53487e-01	2.61000e+02
1114	2.63329e+02	1.11400e+03	9.53327e-01	2.61333e+02
1115	2.63666e+02	1.11500e+03	9.53180e-01	2.61667e+02
1116	2.64017e+02	1.11600e+03	9.53110e-01	2.62000e+02
1117	2.64353e+02	1.11700e+03	9.53011e-01	2.62333e+02
1118	2.64692e+02	1.11800e+03	9.52907e-01	2.62667e+02
1119	2.65026e+02	1.11900e+03	9.52801e-01	2.63000e+02
1120	2.65361e+02	1.12000e+03	9.52701e-01	2.63333e+02
1121	2.65697e+02	1.12100e+03	9.52582e-01	2.63667e+02
1122	2.66031e+02	1.12200e+03	9.52459e-01	2.64000e+02
1123	2.66375e+02	1.12300e+03	9.52335e-01	2.64333e+02
1124	2.66705e+02	1.12400e+03	9.52190e-01	2.64667e+02
1125	2.67040e+02	1.12500e+03	9.52062e-01	2.65000e+02
1126	2.67373e+02	1.12600e+03	9.51931e-01	2.65333e+02
1127	2.67708e+02	1.12700e+03	9.51795e-01	2.65667e+02
1128	2.68033e+02	1.12800e+03	9.51657e-01	2.66000e+02
1129	2.68373e+02	1.12900e+03	9.51502e-01	2.66333e+02
1130	2.68712e+02	1.13000e+03	9.51338e-01	2.66667e+02
1131	2.69055e+02	1.13100e+03	9.51170e-01	2.67000e+02
1132	2.69395e+02	1.13200e+03	9.50971e-01	2.67333e+02
1133	2.69717e+02	1.13300e+03	9.50796e-01	2.67667e+02
1134	2.70046e+02	1.13400e+03	9.50631e-01	2.68000e+02
1135	2.70374e+02	1.13500e+03	9.50470e-01	2.68333e+02
1136	2.70734e+02	1.13600e+03	9.50330e-01	2.68667e+02
1137	2.71067e+02	1.13700e+03	9.50185e-01	2.69000e+02
1138	2.71405e+02	1.13800e+03	9.50039e-01	2.69333e+02
1139	2.71749e+02	1.13900e+03	9.49890e-01	2.69667e+02
1140	2.72082e+02	1.14000e+03	9.49754e-01	2.70000e+02
1141	2.72421e+02	1.14100e+03	9.49616e-01	2.70333e+02
1142	2.72754e+02	1.14200e+03	9.49486e-01	2.70667e+02
1143	2.73089e+02	1.14300e+03	9.49364e-01	2.71000e+02
1144	2.73422e+02	1.14400e+03	9.49255e-01	2.71333e+02
1145	2.73760e+02	1.14500e+03	9.49147e-01	2.71667e+02
1146	2.74091e+02	1.14600e+03	9.49037e-01	2.72000e+02
1147	2.74435e+02	1.14700e+03	9.48926e-01	2.72333e+02
1148	2.74772e+02	1.14800e+03	9.48825e-01	2.72667e+02
1149	2.75109e+02	1.14900e+03	9.48707e-01	2.73000e+02
1150	2.75447e+02	1.15000e+03	9.48581e-01	2.73333e+02
1151	2.75786e+02	1.15100e+03	9.48451e-01	2.73667e+02
1152	2.76117e+02	1.15200e+03	9.48294e-01	2.74000e+02
1153	2.76457e+02	1.15300e+03	9.48153e-01	2.74333e+02
1154	2.76804e+02	1.15400e+03	9.48017e-01	2.74667e+02
1155	2.77141e+02	1.15500e+03	9.47880e-01	2.75000e+02
1156	2.77472e+02	1.15600e+03	9.47728e-01	2.75333e+02
1157	2.77813e+02	1.15700e+03	9.47558e-01	2.75667e+02
1158	2.78161e+02	1.15800e+03	9.47367e-01	2.76000e+02
1159	2.78482e+02	1.15900e+03	9.47167e-01	2.76333e+02
1160	2.78825e+02	1.16000e+03	9.46943e-01	2.76667e+02
1161	2.79173e+02	1.16100e+03	9.46752e-01	2.77000e+02
1162	2.79501e+02	1.16200e+03	9.46581e-01	2.77333e+02
1163	2.79837e+02	1.16300e+03	9.46422e-01	2.77667e+02
1164	2.80175e+02	1.16400e+03	9.46298e-01	2.78000e+02
1165	2.80525e+02	1.16500e+03	9.46164e-01	2.78333e+02
1166	2.80851e+02	1.16600e+03	9.46030e-01	2.78667e+02
1167	2.81189e+02	1.16700e+03	9.45896e-01	2.79000e+02
1168	2.81514e+02	1.16800e+03	9.45774e-01	2.79333e+02
1169	2.81857e+02	1.16900e+03	9.45631e-01	2.79667e+02
1170	2.82193e+02	1.17000e+03	9.45477e-01	2.80000e+02
1171	2.82533e+02	1.17100e+03	9.45319e-01	2.80333e+02
1172	2.82867e+02	1.17200e+03	9.45132e-01	2.80667e+02
1173	2.83199e+02	1.17300e+03	9.44960e-01	2.81000e+02
1174	2.83534e+02	1.17400e+03	9.44787e-01	2.81333e+02
1175	2.83869e+02	1.17500e+03	9.44613e-01	2.81667e+02
1176	2.84213e+02	1.17600e+03	9.44434e-01	2.82000e+02
1177	2.84535e+02	1.17700e+03	9.44254e-01	2.82333e+02
1178	2.84873e+02	1.17800e+03	9.44071e-01	2.82667e+02
1179	2.85210e+02	1.17900e+03	9.43886e-01	2.83000e+02
1180	2.85542e+02	1.18000e+03	9.43692e-01	2.83333e+02
1181	2.85882e+02	1.18100e+03	9.43506e-01	2.83667e+02
1182	2.86211e+02	1.18200e+03	9.43324e-01	2.84000e+02
1183	2.86552e+02	1.18300e+03	9.43145e-01	2.84333e+02
1184	2.86886e+02	1.18400e+03	9.42973e-01	2.84667e+02
1185	2.87220e+02	1.18500e+03	9.42803e-01	2.85000e+02
1186	2.87539e+02	1.18600e+03	9.42632e-01	2.85333e+02
1187	2.87880e+02	1.18700e+03	9.42458e-01	2.85667e+02
1188	2.88229e+02	1.18800e+03	9.42275e-01	2.86000e+02
1189	2.88554e+02	1.18900e+03	9.42071e-01	2.86333e+02
1190	2.88905e+02	1.19000e+03	9.41850e-01	2.86667e+02
1191	2.89244e+02	1.19100e+03	9.41619e-01	2.87000e+02
1192	2.89582e+02	1.19200e+03	9.41351e-01	2.87333e+02
1193	2.89906e+02	1.19300e+03	9.41117e-01	2.87667e+02
1194	2.90239e+02	1.19400e+03	9.40904e-01	2.88000e+02
1195	2.90577e+02	1.19500e+03	9.40704e-01	2.88333e+02
1196	2.90923e+02	1.19600e+03	9.40542e-01	2.88667e+02
1197	2.91250e+02	1.19700e+03	9.40379e-01	2.89000e+02
1198	2.91606e+02	1.19800e+03	9.40217e-01	2.89333e+02
1199	2.91955e+02	1.19900e+03	9.40054e-01	2.89667e+02
1200	2.92300e+02	1.20000e+03	9.39913e-01	2.90000e+02
1201	2.92628e+02	1.20100e+03	9.39740e-01	2.90333e+02
1202	2.92982e+02	1.20200e+03	9.39557e-01	2.90667e+02
1203	2.93310e+02	1.20300e+03	9.39370e-01	2.91000e+02
1204	2.93661e+02	1.20400e+03	9.39147e-01	2.91333e+02
1205	2.94004e+02	1.20500e+03	9.38935e-01	2.91667e+02
1206	2.94359e+02	1.20600e+03	9.38711e-01	2.92000e+02
1207	2.94706e+02	1.20700e+03	9.38473e-01	2.92333e+02
1208	2.95070e+02	1.20800e+03	9.38208e-01	2.92667e+02
1209	2.95426e+02	1.20900e+03	9.37940e-01	2.93000e+02
1210	2.95793e+02	1.21000e+03	9.37670e-01	2.93333e+02
1211	2.96106e+02	1.21100e+03	9.37398e-01	2.93667e+02
1212	2.96449e+02	1.21200e+03	9.37103e-01	2.94000e+02
1213	2.96796e+02	1.21300e+03	9.36839e-01	2.94333e+02
1214	2.97136e+02	1.21400e+03	9.36585e-01	2.94667e+02
1215	2.97464e+02	1.21500e+03	9.36334e-01	2.95000e+02
1216	2.97828e+02	1.21600e+03	9.36107e-01	2.95333e+02
1217	2.98165e+02	1.21700e+03	9.35857e-01	2.95667e+02
1218	2.98490e+02	1.21800e+03	9.35599e-01	2.96000e+02
1219	2.98819e+02	1.21900e+03	9.35335e-01	2.96333e+02
1220	2.99157e+02	1.22000e+03	9.35045e-01	2.96667e+02
1221	2.99499e+02	1.22100e+03	9.34761e-01	2.97000e+02
1222	2.99834e+02	1.22200e+03	9.34478e-01	2.97333e+02
1223	3.00184e+02	1.22300e+03	9.34193e-01	2.97667e+02
1224	3.00518e+02	1.22400e+03	9.33896e-01	2.98000e+02
1225	3.00859e+02	1.22500e+03	9.33608e-01	2.98333e+02
1226	3.01195e+02	1.22600e+03	9.33328e-01	2.98667e+02
1227	3.01530e+02	1.22700e+03	9.33055e-01	2.99000e+02
1228	3.01858e+02	1.22800e+03	9.32791e-01	2.99333e+02
1229	3.02216e+02	1.22900e+03	9.32509e-01	2.99667e+02
1230	3.02557e+02	1.23000e+03	9.32208e-01	3.00000e+02
1231	3.02882e+02	1.23100e+03	9.31894e-01	3.00333e+02
1232	3.03227e+02	1.23200e+03	9.31556e-01	3.00667e+02
1233	3.03574e+02	1.23300e+03	9.31233e-01	3.01000e+02
1234	3.03907e+02	1.23400e+03	9.30924e-01	3.01333e+02
1235	3.04245e+02	1.23500e+03	9.30624e-01	3.01667e+02
1236	3.04582e+02	1.23600e+03	9.30303e-01	3.02000e+02
1237	3.04938e+02	1.23700e+03	9.29977e-01	3.02333e+02
1238	3.05277e+02	1.23800e+03	9.29639e-01	3.02667e+02
1239	3.05624e+02	1.23900e+03	9.29293e-01	3.03000e+02
1240	3.05969e+02	1.24000e+03	9.28936e-01	3.03333e+02
1241	3.06310e+02	1.24100e+03	9.28585e-01	3.03667e+02
1242	3.06650e+02	1.24200e+03	9.28237e-01	3.04000e+02
1243	3.06977e+02	1.24300e+03	9.27893e-01	3.04333e+02
1244	3.07319e+02	1.24400e+03	9.27545e-01	3.04667e+02
1245	3.07655e+02	1.24500e+03	9.27205e-01	3.05000e+02
1246	3.07995e+02	1.24600e+03	9.26866e-01	3.05333e+02
1247	3.08331e+02	1.24700e+03	9.26525e-01	3.05667e+02
1248	3.08673e+02	1.24800e+03	9.26195e-01	3.06000e+02
1249	3.09022e+02	1.24900e+03	9.25852e-01	3.06333e+02
1250	3.09348e+02	1.25000e+03	9.25504e-01	3.06667e+02
1251	3.09696e+02	1.25100e+03	9.25155e-01	3.07000e+02
1252	3.10048e+02	1.25200e+03	9.24796e-01	3.07333e+02
1253	3.10398e+02	1.25300e+03	9.24450e-01	3.07667e+02
1254	3.10755e+02	1.25400e+03	9.24104e-01	3.08000e+02
1255	3.11094e+02	1.25500e+03	9.23753e-01	3.08333e+02
1256	3.11436e+02	1.25600e+03	9.23376e-01	3.08667e+02
1257	3.11777e+02	1.25700e+03	9.22977e-01	3.09000e+02
1258	3.12114e+02	1.25800e+03	9.22568e-01	3.09333e+02
1259	3.12449e+02	1.25900e+03	9.22156e-01	3.09667e+02
1260	3.12778e+02	1.26000e+03	9.21706e-01	3.10000e+02
1261	3.13118e+02	1.26100e+03	9.21294e-01	3.10333e+02
1262	3.13460e+02	1.26200e+03	9.20891e-01	3.10667e+02
1263	3.13803e+02	1.26300e+03	9.20488e-01	3.11000e+02
1264	3.14141e+02	1.26400e+03	9.20115e-01	3.11333e+02
1265	3.14482e+02	1.26500e+03	9.19723e-01	3.11667e+02
1266	3.14819e+02	1.26600e+03	9.19325e-01	3.12000e+02
1267	3.15152e+02	1.26700e+03	9.18926e-01	3.12333e+02
1268	3.15520e+02	1.26800e+03	9.18518e-01	3.12667e+02
1269	3.15878e+02	1.26900e+03	9.18120e-01	3.13000e+02
1270	3.16249e+02	1.27000e+03	9.17726e-01	3.13333e+02
1271	3.16592e+02	1.27100e+03	9.17336e-01	3.13667e+02
1272	3.16942e+02	1.27200e+03	9.16959e-01	3.14000e+02
1273	3.17305e+02	1.27300e+03	9.16583e-01	3.14333e+02
1274	3.17727e+02	1.27400e+03	9.16207e-01	3.14667e+02
1275	3.18081e+02	1.27500e+03	9.15830e-01	3.15000e+02
1276	3.18440e+02	1.27600e+03	9.15460e-01	3.15333e+02
1277	3.18781e+02	1.27700e+03	9.15080e-01	3.15667e+02
1278	3.19123e+02	1.27800e+03	9.14694e-01	3.16000e+02
1279	3.19475e+02	1.27900e+03	9.14305e-01	3.16333e+02
1280	3.19823e+02	1.28000e+03	9.13895e-01	3.16667e+02
1281	3.20158e+02	1.28100e+03	9.13484e-01	3.17000e+02
1282	3.20497e+02	1.28200e+03	9.13066e-01	3.17333e+02
1283	3.20836e+02	1.28300e+03	9.12643e-01	3.17667e+02
1284	3.21181e+02	1.28400e+03	9.12201e-01	3.18000e+02
1285	3.21526e+02	1.28500e+03	9.11773e-01	3.18333e+02
1286	3.21868e+02	1.28600e+03	9.11354e-01	3.18667e+02
1287	3.22204e+02	1.28700e+03	9.10941e-01	3.19000e+02
1288	3.22548e+02	1.28800e+03	9.10545e-01	3.19333e+02
1289	3.22881e+02	1.28900e+03	9.10151e-01	3.19667e+02
1290	3.23204e+02	1.29000e+03	9.09759e-01	3.20000e+02
1291	3.23541e+02	1.29100e+03	9.09367e-01	3.20333e+02
1292	3.23852e+02	1.29200e+03	9.08990e-01	3.20667e+02
1293	3.24183e+02	1.29300e+03	9.08597e-01	3.21000e+02
1294	3.24529e+02	1.29400e+03	9.08197e-01	3.21333e+02
1295	3.24881e+02	1.29500e+03	9.07795e-01	3.21667e+02
1296	3.25208e+02	1.29600e+03	9.07368e-01	3.22000e+02
1297	3.25540e+02	1.29700e+03	9.06946e-01	3.22333e+02
1298	3.25872e+02	1.29800e+03	9.06520e-01	3.22667e+02
1299	3.26246e+02	1.29900e+03	9.06089e-01	3.23000e+02
1300	3.26574e+02	1.30000e+03	9.05639e-01	3.23333e+02
1301	3.26906e+02	1.30100e+03	9.05190e-01	3.23667e+02
1302	3.27254e+02	1.30200e+03	9.04736e-01	3.24000e+02
1303	3.27599e+02	1.30300e+03	9.04279e-01	3.24333e+02
1304	3.27970e+02	1.30400e+03	9.03801e-01	3.24667e+02
1305	3.28305e+02	1.30500e+03	9.03326e-01	3.25000e+02
1306	3.28648e+02	1.30600e+03	9.02850e-01	3.25333e+02
1307	3.28994e+02	1.30700e+03	9.02371e-01	3.25667e+02
1308	3.29415e+02	1.30800e+03	9.01878e-01	3.26000e+02
1309	3.29796e+02	1.30900e+03	9.01388e-01	3.26333e+02
1310	3.30183e+02	1.31000e+03	9.00894e-01	3.26667e+02
1311	3.30578e+02	1.31100e+03	9.00396e-01	3.27000e+02
1312	3.30913e+02	1.31200e+03	8.99883e-01	3.27333e+02
1313	3.31257e+02	1.31300e+03	8.99369e-01	3.27667e+02
1314	3.31603e+02	1.31400e+03	8.98852e-01	3.28000e+02
1315	3.31934e+02	1.31500e+03	8.98332e-01	3.28333e+02
1316	3.32257e+02	1.31600e+03	8.97795e-01	3.28667e+02
1317	3.32619e+02	1.31700e+03	8.97262e-01	3.29000e+02
1318	3.32966e+02	1.31800e+03	8.96720e-01	3.29333e+02
1319	3.33321e+02	1.31900e+03	8.96168e-01	3.29667e+02
1320	3.33644e+02	1.32000e+03	8.95584e-01	3.30000e+02
1321	3.33990e+02	1.32100e+03	8.94989e-01	3.30333e+02
1322	3.34315e+02	1.32200e+03	8.94380e-01	3.30667e+02
1323	3.34658e+02	1.32300e+03	8.93761e-01	3.31000e+02
1324	3.35008e+02	1.32400e+03	8.93086e-01	3.31333e+02
1325	3.35346e+02	1.32500e+03	8.92432e-01	3.31667e+02
1326	3.35679e+02	1.32600e+03	8.91778e-01	3.32000e+02
1327	3.36016e+02	1.32700e+03	8.91121e-01	3.32333e+02
1328	3.36349e+02	1.32800e+03	8.90444e-01	3.32667e+02
1329	3.36685e+02	1.32900e+03	8.89767e-01	3.33000e+02
1330	3.37023e+02	1.33000e+03	8.89081e-01	3.33333e+02
1331	3.37357e+02	1.33100e+03	8.88387e-01	3.33667e+02
1332	3.37695e+02	1.33200e+03	8.87659e-01	3.34000e+02
1333	3.38033e+02	1.33300e+03	8.86924e-01	3.34333e+02
1334	3.38372e+02	1.33400e+03	8.86175e-01	3.34667e+02
1335	3.38713e+02	1.33500e+03	8.85413e-01	3.35000e+02
1336	3.39049e+02	1.33600e+03	8.84587e-01	3.35333e+02
1337	3.39385e+02	1.33700e+03	8.83769e-01	3.35667e+02
1338	3.39723e+02	1.33800e+03	8.82938e-01	3.36000e+02
1339	3.40060e+02	1.33900e+03	8.82095e-01	3.36333e+02
1340	3.40400e+02	1.34000e+03	8.81189e-01	3.36667e+02
1341	3.40734e+02	1.34100e+03	8.80295e-01	3.37000e+02
1342	3.41078e+02	1.34200e+03	8.79390e-01	3.37333e+02
1343	3.41414e+02	1.34300e+03	8.78475e-01	3.37667e+02
1344	3.41755e+02	1.34400e+03	8.77510e-01	3.38000e+02
1345	3.42088e+02	1.34500e+03	8.76553e-01	3.38333e+02
1346	3.42422e+02	1.34600e+03	8.75586e-01	3.38667e+02
1347	3.42773e+02	1.34700e+03	8.74605e-01	3.39000e+02
1348	3.43112e+02	1.34800e+03	8.73565e-01	3.39333e+02
1349	3.43450e+02	1.34900e+03	8.72522e-01	3.39667e+02
1350	3.43788e+02	1.35000e+03	8.71457e-01	3.40000e+02
1351	3.44123e+02	1.35100e+03	8.70375e-01	3.40333e+02
1352	3.44470e+02	1.35200e+03	8.69203e-01	3.40667e+02
1353	3.44795e+02	1.35300e+03	8.68046e-01	3.41000e+02
1354	3.45152e+02	1.35400e+03	8.66870e-01	3.41333e+02
1355	3.45481e+02	1.35500e+03	8.65676e-01	3.41667e+02
1356	3.45846e+02	1.35600e+03	8.64399e-01	3.42000e+02
1357	3.46182e+02	1.35700e+03	8.63134e-01	3.42333e+02
1358	3.46515e+02	1.35800e+03	8.61853e-01	3.42667e+02
1359	3.46865e+02	1.35900e+03	8.60556e-01	3.43000e+02
1360	3.47205e+02	1.36000e+03	8.59179e-01	3.43333e+02
1361	3.47534e+02	1.36100e+03	8.57811e-01	3.43667e+02
1362	3.47867e+02	1.36200e+03	8.56423e-01	3.44000e+02
1363	3.48217e+02	1.36300e+03	8.55017e-01	3.44333e+02
1364	3.48547e+02	1.36400e+03	8.53521e-01	3.44667e+02
1365	3.48889e+02	1.36500e+03	8.52033e-01	3.45000e+02
1366	3.49227e+02	1.36600e+03	8.50519e-01	3.45333e+02
1367	3.49557e+02	1.36700e+03	8.48985e-01	3.45667e+02
1368	3.49918e+02	1.36800e+03	8.47341e-01	3.46000e+02
1369	3.50262e+02	1.36900e+03	8.45707e-01	3.46333e+02
1370	3.50632e+02	1.37000e+03	8.44049e-01	3.46667e+02
1371	3.50968e+02	1.37100e+03	8.42371e-01	3.47000e+02
1372	3.51281e+02	1.37200e+03	8.40578e-01	3.47333e+02
1373	3.51625e+02	1.37300e+03	8.38803e-01	3.47667e+02
1374	3.51994e+02	1.37400e+03	8.37005e-01	3.48000e+02
1375	3.52352e+02	1.37500e+03	8.35185e-01	3.48333e+02
1376	3.52672e+02	1.37600e+03	8.33257e-01	3.48667e+02
1377	3.53049e+02	1.37700e+03	8.31338e-01	3.49000e+02
1378	3.53384e+02	1.37800e+03	8.29392e-01	3.49333e+02
1379	3.53706e+02	1.37900e+03	8.27421e-01	3.49667e+02
1380	3.54048e+02	1.38000e+03	8.25325e-01	3.50000e+02
1381	3.54412e+02	1.38100e+03	8.23241e-01	3.50333e+02
1382	3.54727e+02	1.38200e+03	8.21124e-01	3.50667e+02
1383	3.55094e+02	1.38300e+03	8.18979e-01	3.51000e+02
1384	3.55401e+02	1.38400e+03	8.16689e-01	3.51333e+02
1385	3.55725e+02	1.38500e+03	8.14413e-01	3.51667e+02
1386	3.56073e+02	1.38600e+03	8.12097e-01	3.52000e+02
1387	3.56385e+02	1.38700e+03	8.09747e-01	3.52333e+02
1388	3.56697e+02	1.38800e+03	8.07216e-01	3.52667e+02
1389	3.57008e+02	1.38900e+03	8.04690e-01	3.53000e+02
1390	3.57341e+02	1.39000e+03	8.02108e-01	3.53333e+02
1391	3.57658e+02	1.39100e+03	7.99477e-01	3.53667e+02
1392	3.57965e+02	1.39200e+03	7.96606e-01	3.54000e+02
1393	3.58277e+02	1.39300e+03	7.93759e-01	3.54333e+02
1394	3.58604e+02	1.39400e+03	7.90858e-01	3.54667e+02
1395	3.58896e+02	1.39500e+03	7.87909e-01	3.55000e+02
1396	3.59217e+02	1.39600e+03	7.84713e-01	3.55333e+02
1397	3.59535e+02	1.39700e+03	7.81566e-01	3.55667e+02
1398	3.59871e+02	1.39800e+03	7.78382e-01	3.56000e+02
1399	3.60205e+02	1.39900e+03	7.75162e-01	3.56333e+02
1400	3.60530e+02	1.40000e+03	7.71755e-01	3.56667e+02
1401	3.60846e+02	1.40100e+03	7.68388e-01	3.57000e+02
1402	3.61172e+02	1.40200e+03	7.64991e-01	3.57333e+02
1403	3.61488e+02	1.40300e+03	7.61563e-01	3.57667e+02
1404	3.61804e+02	1.40400e+03	7.57985e-01	3.58000e+02
1405	3.62118e+02	1.40500e+03	7.54427e-01	3.58333e+02
1406	3.62412e+02	1.40600e+03	7.50838e-01	3.58667e+02
1407	3.62727e+02	1.40700e+03	7.47220e-01	3.59000e+02
1408	3.63029e+02	1.40800e+03	7.43449e-01	3.59333e+02
1409	3.63339e+02	1.40900e+03	7.39697e-01	3.59667e+02
1410	3.63652e+02	1.41000e+03	7.35908e-01	3.60000e+02
1411	3.63977e+02	1.41100e+03	7.32085e-01	3.60333e+02
1412	3.64282e+02	1.41200e+03	7.28087e-01	3.60667e+02
1413	3.64591e+02	1.41300e+03	7.24098e-01	3.61000e+02
1414	3.64906e+02	1.41400e+03	7.20063e-01	3.61333e+02
1415	3.65223e+02	1.41500e+03	7.15987e-01	3.61667e+02
1416	3.65544e+02	1.41600e+03	7.11699e-01	3.62000e+02
1417	3.65850e+02	1.41700e+03	7.07438e-01	3.62333e+02
1418	3.66186e+02	1.41800e+03	7.03133e-01	3.62667e+02
1419	3.66512e+02	1.41900e+03	6.98787e-01	3.63000e+02
1420	3.66833e+02	1.42000e+03	6.94229e-01	3.63333e+02
1421	3.67157e+02	1.42100e+03	6.89699e-01	3.63667e+02
1422	3.67488e+02	1.42200e+03	6.85123e-01	3.64000e+02
1423	3.67823e+02	1.42300e+03	6.80507e-01	3.64333e+02
1424	3.68140e+02	1.42400e+03	6.75675e-01	3.64667e+02
1425	3.68475e+02	1.42500e+03	6.70868e-01	3.65000e+02
1426	3.68788e+02	1.42600e+03	6.66013e-01	3.65333e+02
1427	3.69115e+02	1.42700e+03	6.61113e-01	3.65667e+02
1428	3.69433e+02	1.42800e+03	6.55989e-01	3.66000e+02
1429	3.69746e+02	1.42900e+03	6.50896e-01	3.66333e+02
1430	3.70073e+02	1.43000e+03	6.45759e-01	3.66667e+02
1431	3.70394e+02	1.43100e+03	6.40583e-01	3.67000e+02
1432	3.70734e+02	1.43200e+03	6.35198e-01	3.67333e+02
1433	3.71055e+02	1.43300e+03	6.29851e-01	3.67667e+02
1434	3.71371e+02	1.43400e+03	6.24467e-01	3.68000e+02
1435	3.71688e+02	1.43500e+03	6.19045e-01	3.68333e+02
1436	3.72024e+02	1.43600e+03	6.13435e-01	3.68667e+02
1437	3.72360e+02	1.43700e+03	6.07842e-01	3.69000e+02
1438	3.72697e+02	1.43800e+03	6.02207e-01	3.69333e+02
1439	3.73032e+02	1.43900e+03	5.96536e-01	3.69667e+02
1440	3.73333e+02	1.44000e+03	5.90683e-01	3.70000e+02
1441	3.73662e+02	1.44100e+03	5.84877e-01	3.70333e+02
1442	3.73989e+02	1.44200e+03	5.79057e-01	3.70667e+02
1443	3.74309e+02	1.44300e+03	5.73218e-01	3.71000e+02
1444	3.74639e+02	1.44400e+03	5.67287e-01	3.71333e+02
1445	3.74961e+02	1.44500e+03	5.61396e-01	3.71667e+02
1446	3.75288e+02	1.44600e+03	5.55508e-01	3.72000e+02
1447	3.75608e+02	1.44700e+03	5.49619e-01	3.72333e+02
1448	3.75938e+02	1.44800e+03	5.43719e-01	3.72667e+02
1449	3.76270e+02	1.44900e+03	5.37825e-01	3.73000e+02
1450	3.76595e+02	1.45000e+03	5.31932e-01	3.73333e+02
1451	3.76922e+02	1.45100e+03	5.26035e-01	3.73667e+02
1452	3.77266e+02	1.45200e+03	5.20125e-01	3.74000e+02
1453	3.77590e+02	1.45300e+03	5.14201e-01	3.74333e+02
1454	3.77918e+02	1.45400e+03	5.08257e-01	3.74667e+02
1455	3.78255e+02	1.45500e+03	5.02297e-01	3.75000e+02
1456	3.78585e+02	1.45600e+03	4.96264e-01	3.75333e+02
1457	3.78910e+02	1.45700e+03	4.90229e-01	3.75667e+02
1458	3.79240e+02	1.45800e+03	4.84174e-01	3.76000e+02
1459	3.79576e+02	1.45900e+03	4.78104e-01	3.76333e+02
1460	3.79901e+02	1.46000e+03	4.71944e-01	3.76667e+02
1461	3.80226e+02	1.46100e+03	4.65815e-01	3.77000e+02
1462	3.80564e+02	1.46200e+03	4.59683e-01	3.77333e+02
1463	3.80898e+02	1.46300e+03	4.53545e-01	3.77667e+02
1464	3.81233e+02	1.46400e+03	4.47373e-01	3.78000e+02
1465	3.81555e+02	1.46500e+03	4.41214e-01	3.78333e+02
1466	3.81889e+02	1.46600e+03	4.35057e-01	3.78667e+02
1467	3.82228e+02	1.46700e+03	4.28899e-01	3.79000e+02
1468	3.82557e+02	1.46800e+03	4.22740e-01	3.79333e+02
1469	3.82890e+02	1.46900e+03	4.16583e-01	3.79667e+02
1470	3.83211e+02	1.47000e+03	4.10428e-01	3.80000e+02
1471	3.83540e+02	1.47100e+03	4.04273e-01	3.80333e+02
1472	3.83883e+02	1.47200e+03	3.98132e-01	3.80667e+02
1473	3.84201e+02	1.47300e+03	3.91991e-01	3.81000e+02
1474	3.84543e+02	1.47400e+03	3.85857e-01	3.81333e+02
1475	3.84877e+02	1.47500e+03	3.79731e-01	3.81667e+02
1476	3.85195e+02	1.47600e+03	3.73635e-01	3.82000e+02
1477	3.85538e+02	1.47700e+03	3.67546e-01	3.82333e+02
1478	3.85878e+02	1.47800e+03	3.61470e-01	3.82667e+02
1479	3.86225e+02	1.47900e+03	3.55401e-01	3.83000e+02
1480	3.86561e+02	1.48000e+03	3.49385e-01	3.83333e+02
1481	3.86875e+02	1.48100e+03	3.43354e-01	3.83667e+02
1482	3.87208e+02	1.48200e+03	3.37324e-01	3.84000e+02
1483	3.87532e+02	1.48300e+03	3.31297e-01	3.84333e+02
1484	3.87879e+02	1.48400e+03	3.25296e-01	3.84667e+02
1485	3.88212e+02	1.48500e+03	3.19288e-01	3.85000e+02
1486	3.88548e+02	1.48600e+03	3.13285e-01	3.85333e+02
1487	3.88874e+02	1.48700e+03	3.07288e-01	3.85667e+02
1488	3.89208e+02	1.48800e+03	3.01324e-01	3.86000e+02
1489	3.89543e+02	1.48900e+03	2.95372e-01	3.86333e+02
1490	3.89873e+02	1.49000e+03	2.89441e-01	3.86667e+02
1491	3.90219e+02	1.49100e+03	2.83528e-01	3.87000e+02
1492	3.90552e+02	1.49200e+03	2.77711e-01	3.87333e+02
1493	3.90887e+02	1.49300e+03	2.71905e-01	3.87667e+02
1494	3.91227e+02	1.49400e+03	2.66141e-01	3.88000e+02
1495	3.91555e+02	1.49500e+03	2.60412e-01	3.88333e+02
1496	3.91891e+02	1.49600e+03	2.54852e-01	3.88667e+02
1497	3.92215e+02	1.49700e+03	2.49281e-01	3.89000e+02
1498	3.92556e+02	1.49800e+03	2.43753e-01	3.89333e+02
1499	3.92889e+02	1.49900e+03	2.38264e-01	3.89667e+02
1500	3.93226e+02	1.50000e+03	2.32981e-01	3.90000e+02
1501	3.93559e+02	1.50100e+03	2.27674e-01	3.90333e+02
1502	3.93889e+02	1.50200e+03	2.22419e-01	3.90667e+02
1503	3.94229e+02	1.50300e+03	2.17209e-01	3.91000e+02
1504	3.94562e+02	1.50400e+03	2.12224e-01	3.91333e+02
1505	3.94906e+02	1.50500e+03	2.07217e-01	3.91667e+02
1506	3.95243e+02	1.50600e+03	2.02262e-01	3.92000e+02
1507	3.95582e+02	1.50700e+03	1.97356e-01	3.92333e+02
1508	3.95928e+02	1.50800e+03	1.92699e-01	3.92667e+02
1509	3.96266e+02	1.50900e+03	1.88011e-01	3.93000e+02
1510	3.96600e+02	1.51000e+03	1.83380e-01	3.93333e+02
1511	3.96937e+02	1.51100e+03	1.78801e-01	3.93667e+02
1512	3.97269e+02	1.51200e+03	1.74478e-01	3.94000e+02
1513	3.97595e+02	1.51300e+03	1.70122e-01	3.94333e+02
1514	3.97939e+02	1.51400e+03	1.65819e-01	3.94667e+02
1515	3.98272e+02	1.51500e+03	1.61564e-01	3.95000e+02
1516	3.98616e+02	1.51600e+03	1.57562e-01	3.95333e+02
1517	3.98961e+02	1.51700e+03	1.53523e-01	3.95667e+02
1518	3.99305e+02	1.51800e+03	1.49541e-01	3.96000e+02
1519	3.99633e+02	1.51900e+03	1.45609e-01	3.96333e+02
1520	3.99965e+02	1.52000e+03	1.41929e-01	3.96667e+02
1521	4.00306e+02	1.52100e+03	1.38223e-01	3.97000e+02
1522	4.00627e+02	1.52200e+03	1.34576e-01	3.97333e+02
1523	4.00970e+02	1.52300e+03	1.30981e-01	3.97667e+02
1524	4.01326e+02	1.52400e+03	1.27657e-01	3.98000e+02
1525	4.01663e+02	1.52500e+03	1.24293e-01	3.98333e+02
1526	4.02014e+02	1.52600e+03	1.20980e-01	3.98667e+02
1527	4.02366e+02	1.52700e+03	1.17717e-01	3.99000e+02
1528	4.02711e+02	1.52800e+03	1.14707e-01	3.99333e+02
1529	4.03058e+02	1.52900e+03	1.11655e-01	3.99667e+02
1530	4.03392e+02	1.53000e+03	1.08648e-01	4.00000e+02
1531	4.03730e+02	1.53100e+03	1.05685e-01	4.00333e+02
1532	4.04065e+02	1.53200e+03	1.02948e-01	4.00667e+02
1533	4.04403e+02	1.53300e+03	1.00177e-01	4.01000e+02
1534	4.04728e+02	1.53400e+03	9.74534e-02	4.01333e+02
1535	4.05063e+02	1.53500e+03	9.47753e-02	4.01667e+02
1536	4.05388e+02	1.53600e+03	9.23277e-02	4.02000e+02
1537	4.05723e+02	1.53700e+03	8.98608e-02	4.02333e+02
1538	4.06063e+02	1.53800e+03	8.74495e-02	4.02667e+02
1539	4.06414e+02	1.53900e+03	8.50871e-02	4.03000e+02
1540	4.06749e+02	1.54000e+03	8.29768e-02	4.03333e+02
1541	4.07092e+02	1.54100e+03	8.08213e-02	4.03667e+02
1542	4.07428e+02	1.54200e+03	7.87048e-02	4.04000e+02
1543	4.07767e+02	1.54300e+03	7.66257e-02	4.04333e+02
1544	4.08106e+02	1.54400e+03	7.47485e-02	4.04667e+02
1545	4.08456e+02	1.54500e+03	7.28264e-02	4.05000e+02
1546	4.08786e+02	1.54600e+03	7.09331e-02	4.05333e+02
1547	4.09135e+02	1.54700e+03	6.90717e-02	4.05667e+02
1548	4.09472e+02	1.54800e+03	6.73758e-02	4.06000e+02
1549	4.09821e+02	1.54900e+03	6.56673e-02	4.06333e+02
1550	4.10166e+02	1.55000e+03	6.39923e-02	4.06667e+02
1551	4.10519e+02	1.55100e+03	6.23448e-02	4.07000e+02
1552	4.10875e+02	1.55200e+03	6.08616e-02	4.07333e+02
1553	4.11248e+02	1.55300e+03	5.93489e-02	4.07667e+02
1554	4.11591e+02	1.55400e+03	5.78739e-02	4.08000e+02
1555	4.11946e+02	1.55500e+03	5.64376e-02	4.08333e+02
1556	4.12323e+02	1.55600e+03	5.51861e-02	4.08667e+02
1557	4.12669e+02	1.55700e+03	5.39405e-02	4.09000e+02
1558	4.13016e+02	1.55800e+03	5.27374e-02	4.09333e+02
1559	4.13353e+02	1.55900e+03	5.15602e-02	4.09667e+02
1560	4.13684e+02	1.56000e+03	5.05386e-02	4.10000e+02
1561	4.14029e+02	1.56100e+03	4.94118e-02	4.10333e+02
1562	4.14361e+02	1.56200e+03	4.82608e-02	4.10667e+02
1563	4.14686e+02	1.56300e+03	4.71106e-02	4.11000e+02
1564	4.15012e+02	1.56400e+03	4.59595e-02	4.11333e+02
1565	4.15327e+02	1.56500e+03	4.48593e-02	4.11667e+02
1566	4.15648e+02	1.56600e+03	4.38063e-02	4.12000e+02
1567	4.15980e+02	1.56700e+03	4.27866e-02	4.12333e+02
1568	4.16319e+02	1.56800e+03	4.19139e-02	4.12667e+02
1569	4.16655e+02	1.56900e+03	4.10445e-02	4.13000e+02
1570	4.16998e+02	1.57000e+03	4.02199e-02	4.13333e+02
1571	4.17345e+02	1.57100e+03	3.94310e-02	4.13667e+02
1572	4.17687e+02	1.57200e+03	3.88344e-02	4.14000e+02
1573	4.18013e+02	1.57300e+03	3.81822e-02	4.14333e+02
1574	4.18325e+02	1.57400e+03	3.75368e-02	4.14667e+02
1575	4.18657e+02	1.57500e+03	3.69028e-02	4.15000e+02
1576	4.18999e+02	1.57600e+03	3.63480e-02	4.15333e+02
1577	4.19337e+02	1.57700e+03	3.57573e-02	4.15667e+02
1578	4.19671e+02	1.57800e+03	3.51664e-02	4.16000e+02
1579	4.20003e+02	1.57900e+03	3.45815e-02	4.16333e+02
1580	4.20338e+02	1.58000e+03	3.40172e-02	4.16667e+02
1581	4.20668e+02	1.58100e+03	3.34660e-02	4.17000e+02
1582	4.20991e+02	1.58200e+03	3.29326e-02	4.17333e+02
1583	4.21317e+02	1.58300e+03	3.24127e-02	4.17667e+02
1584	4.21655e+02	1.58400e+03	3.19592e-02	4.18000e+02
1585	4.21976e+02	1.58500e+03	3.14999e-02	4.18333e+02
1586	4.22299e+02	1.58600e+03	3.10534e-02	4.18667e+02
1587	4.22633e+02	1.58700e+03	3.06172e-02	4.19000e+02
1588	4.22959e+02	1.58800e+03	3.02406e-02	4.19333e+02
1589	4.23284e+02	1.58900e+03	2.98430e-02	4.19667e+02
1590	4.23611e+02	1.59000e+03	2.94467e-02	4.20000e+02
1591	4.23941e+02	1.59100e+03	2.90544e-02	4.20333e+02
1592	4.24277e+02	1.59200e+03	2.86877e-02	4.20667e+02
1593	4.24601e+02	1.59300e+03	2.83195e-02	4.21000e+02
1594	4.24933e+02	1.59400e+03	2.79603e-02	4.21333e+02
1595	4.25255e+02	1.59500e+03	2.76097e-02	4.21667e+02
1596	4.25584e+02	1.59600e+03	2.72966e-02	4.22000e+02
1597	4.25918e+02	1.59700e+03	2.69848e-02	4.22333e+02
1598	4.26243e+02	1.59800e+03	2.66843e-02	4.22667e+02
1599	4.26575e+02	1.59900e+03	2.63926e-02	4.23000e+02
1600	4.26894e+02	1.60000e+03	2.61470e-02	4.23333e+02
1601	4.27222e+02	1.60100e+03	2.58859e-02	4.23667e+02
1602	4.27548e+02	1.60200e+03	2.56246e-02	4.24000e+02
1603	4.27878e+02	1.60300e+03	2.53648e-02	4.24333e+02
1604	4.28197e+02	1.60400e+03	2.51177e-02	4.24667e+02
1605	4.28534e+02	1.60500e+03	2.48628e-02	4.25000e+02
1606	4.28862e+02	1.60600e+03	2.46082e-02	4.25333e+02
1607	4.29177e+02	1.60700e+03	2.43552e-02	4.25667e+02
1608	4.29501e+02	1.60800e+03	2.41050e-02	4.26000e+02
1609	4.29841e+02	1.60900e+03	2.38615e-02	4.26333e+02
1610	4.30164e+02	1.61000e+03	2.36234e-02	4.26667e+02
1611	4.30485e+02	1.61100e+03	2.33886e-02	4.27000e+02
1612	4.30809e+02	1.61200e+03	2.31749e-02	4.27333e+02
1613	4.31123e+02	1.61300e+03	2.29615e-02	4.27667e+02
1614	4.31454e+02	1.61400e+03	2.27575e-02	4.28000e+02
1615	4.31781e+02	1.61500e+03	2.25604e-02	4.28333e+02
1616	4.32090e+02	1.61600e+03	2.23913e-02	4.28667e+02
1617	4.32417e+02	1.61700e+03	2.22203e-02	4.29000e+02
1618	4.32744e+02	1.61800e+03	2.20543e-02	4.29333e+02
1619	4.33074e+02	1.61900e+03	2.18917e-02	4.29667e+02
1620	4.33395e+02	1.62000e+03	2.17525e-02	4.30000e+02
1621	4.33730e+02	1.62100e+03	2.16019e-02	4.30333e+02
1622	4.34057e+02	1.62200e+03	2.14518e-02	4.30667e+02
1623	4.34380e+02	1.62300e+03	2.13045e-02	4.31000e+02
1624	4.34715e+02	1.62400e+03	2.11647e-02	4.31333e+02
1625	4.35042e+02	1.62500e+03	2.10273e-02	4.31667e+02
1626	4.35382e+02	1.62600e+03	2.08935e-02	4.32000e+02
1627	4.35704e+02	1.62700e+03	2.07620e-02	4.32333e+02
1628	4.36038e+02	1.62800e+03	2.06448e-02	4.32667e+02
1629	4.36370e+02	1.62900e+03	2.05228e-02	4.33000e+02
1630	4.36684e+02	1.63000e+03	2.04012e-02	4.33333e+02
1631	4.37019e+02	1.63100e+03	2.02805e-02	4.33667e+02
1632	4.37337e+02	1.63200e+03	2.01648e-02	4.34000e+02
1633	4.37657e+02	1.63300e+03	2.00470e-02	4.34333e+02
1634	4.37977e+02	1.63400e+03	1.99292e-02	4.34667e+02
1635	4.38294e+02	1.63500e+03	1.98115e-02	4.35000e+02
1636	4.38626e+02	1.63600e+03	1.96964e-02	4.35333e+02
1637	4.38943e+02	1.63700e+03	1.95852e-02	4.35667e+02
1638	4.39274e+02	1.63800e+03	1.94777e-02	4.36000e+02
1639	4.39595e+02	1.63900e+03	1.93714e-02	4.36333e+02
1640	4.39915e+02	1.64000e+03	1.92778e-02	4.36667e+02
1641	4.40227e+02	1.64100e+03	1.91837e-02	4.37000e+02
1642	4.40555e+02	1.64200e+03	1.90896e-02	4.37333e+02
1643	4.40881e+02	1.64300e+03	1.89952e-02	4.37667e+02
1644	4.41199e+02	1.64400e+03	1.89138e-02	4.38000e+02
1645	4.41530e+02	1.64500e+03	1.88287e-02	4.38333e+02
1646	4.41858e+02	1.64600e+03	1.87421e-02	4.38667e+02
1647	4.42174e+02	1.64700e+03	1.86549e-02	4.39000e+02
1648	4.42507e+02	1.64800e+03	1.85729e-02	4.39333e+02
1649	4.42823e+02	1.64900e+03	1.84933e-02	4.39667e+02
1650	4.43147e+02	1.65000e+03	1.84172e-02	4.40000e+02
1651	4.43478e+02	1.65100e+03	1.83442e-02	4.40333e+02
1652	4.43800e+02	1.65200e+03	1.82843e-02	4.40667e+02
1653	4.44123e+02	1.65300e+03	1.82267e-02	4.41000e+02
1654	4.44452e+02	1.65400e+03	1.81775e-02	4.41333e+02
1655	4.44784e+02	1.65500e+03	1.81348e-02	4.41667e+02
1656	4.45104e+02	1.65600e+03	1.81166e-02	4.42000e+02
1657	4.45421e+02	1.65700e+03	1.80935e-02	4.42333e+02
1658	4.45745e+02	1.65800e+03	1.80732e-02	4.42667e+02
1659	4.46069e+02	1.65900e+03	1.80558e-02	4.43000e+02
1660	4.46391e+02	1.66000e+03	1.80551e-02	4.43333e+02
1661	4.46714e+02	1.66100e+03	1.80471e-02	4.43667e+02
1662	4.47044e+02	1.66200e+03	1.80388e-02	4.44000e+02
1663	4.47356e+02	1.66300e+03	1.80312e-02	4.44333e+02
1664	4.47688e+02	1.66400e+03	1.80239e-02	4.44667e+02
1665	4.48010e+02	1.66500e+03	1.80141e-02	4.45000e+02
1666	4.48329e+02	1.66600e+03	1.80005e-02	4.45333e+02
1667	4.48652e+02	1.66700e+03	1.79828e-02	4.45667e+02
1668	4.48985e+02	1.66800e+03	1.79492e-02	4.46000e+02
1669	4.49302e+02	1.66900e+03	1.79128e-02	4.46333e+02
1670	4.49627e+02	1.67000e+03	1.78732e-02	4.46667e+02
1671	4.49948e+02	1.67100e+03	1.78321e-02	4.47000e+02
1672	4.50270e+02	1.67200e+03	1.77766e-02	4.47333e+02
1673	4.50594e+02	1.67300e+03	1.77373e-02	4.47667e+02
1674	4.50912e+02	1.67400e+03	1.77055e-02	4.48000e+02
1675	4.51225e+02	1.67500e+03	1.76772e-02	4.48333e+02
1676	4.51560e+02	1.67600e+03	1.76698e-02	4.48667e+02
1677	4.51882e+02	1.67700e+03	1.76581e-02	4.49000e+02
1678	4.52216e+02	1.67800e+03	1.76485e-02	4.49333e+02
1679	4.52532e+02	1.67900e+03	1.76410e-02	4.49667e+02
1680	4.52864e+02	1.68000e+03	1.76468e-02	4.50000e+02
1681	4.53194e+02	1.68100e+03	1.76478e-02	4.50333e+02
1682	4.53514e+02	1.68200e+03	1.76487e-02	4.50667e+02
1683	4.53835e+02	1.68300e+03	1.76498e-02	4.51000e+02
1684	4.54165e+02	1.68400e+03	1.76507e-02	4.51333e+02
1685	4.54503e+02	1.68500e+03	1.76470e-02	4.51667e+02
1686	4.54814e+02	1.68600e+03	1.76370e-02	4.52000e+02
1687	4.55146e+02	1.68700e+03	1.76224e-02	4.52333e+02
1688	4.55476e+02	1.68800e+03	1.75960e-02	4.52667e+02
1689	4.55810e+02	1.68900e+03	1.75750e-02	4.53000e+02
1690	4.56128e+02	1.69000e+03	1.75574e-02	4.53333e+02
1691	4.56461e+02	1.69100e+03	1.75419e-02	4.53667e+02
1692	4.56783e+02	1.69200e+03	1.75296e-02	4.54000e+02
1693	4.57110e+02	1.69300e+03	1.75245e-02	4.54333e+02
1694	4.57440e+02	1.69400e+03	1.75239e-02	4.54667e+02
1695	4.57763e+02	1.69500e+03	1.75252e-02	4.55000e+02
1696	4.58085e+02	1.69600e+03	1.75429e-02	4.55333e+02
1697	4.58419e+02	1.69700e+03	1.75492e-02	4.55667e+02
1698	4.58746e+02	1.69800e+03	1.75509e-02	4.56000e+02
1699	4.59082e+02	1.69900e+03	1.75504e-02	4.56333e+02
1700	4.59402e+02	1.70000e+03	1.75383e-02	4.56667e+02
1701	4.59730e+02	1.70100e+03	1.75235e-02	4.57000e+02
1702	4.60057e+02	1.70200e+03	1.75016e-02	4.57333e+02
1703	4.60388e+02	1.70300e+03	1.74749e-02	4.57667e+02
1704	4.60718e+02	1.70400e+03	1.74276e-02	4.58000e+02
1705	4.61047e+02	1.70500e+03	1.73859e-02	4.58333e+02
1706	4.61367e+02	1.70600e+03	1.73460e-02	4.58667e+02
1707	4.61699e+02	1.70700e+03	1.73089e-02	4.59000e+02
1708	4.62027e+02	1.70800e+03	1.72827e-02	4.59333e+02
1709	4.62345e+02	1.70900e+03	1.72732e-02	4.59667e+02
1710	4.62691e+02	1.71000e+03	1.72785e-02	4.60000e+02
1711	4.63013e+02	1.71100e+03	1.72929e-02	4.60333e+02
1712	4.63336e+02	1.71200e+03	1.73540e-02	4.60667e+02
1713	4.63661e+02	1.71300e+03	1.73965e-02	4.61000e+02
1714	4.63988e+02	1.71400e+03	1.74345e-02	4.61333e+02
1715	4.64322e+02	1.71500e+03	1.74702e-02	4.61667e+02
1716	4.64628e+02	1.71600e+03	1.75041e-02	4.62000e+02
1717	4.64938e+02	1.71700e+03	1.75203e-02	4.62333e+02
1718	4.65248e+02	1.71800e+03	1.75201e-02	4.62667e+02
1719	4.65540e+02	1.71900e+03	1.75098e-02	4.63000e+02
1720	4.65830e+02	1.72000e+03	1.74571e-02	4.63333e+02
1721	4.66145e+02	1.72100e+03	1.74217e-02	4.63667e+02
1722	4.66467e+02	1.72200e+03	1.73922e-02	4.64000e+02
1723	4.66791e+02	1.72300e+03	1.73665e-02	4.64333e+02
1724	4.67089e+02	1.72400e+03	1.73415e-02	4.64667e+02
1725	4.67407e+02	1.72500e+03	1.73316e-02	4.65000e+02
1726	4.67729e+02	1.72600e+03	1.73314e-02	4.65333e+02
1727	4.68049e+02	1.72700e+03	1.73356e-02	4.65667e+02
1728	4.68367e+02	1.72800e+03	1.73640e-02	4.66000e+02
1729	4.68683e+02	1.72900e+03	1.73706e-02	4.66333e+02
1730	4.69009e+02	1.73000e+03	1.73661e-02	4.66667e+02
1731	4.69327e+02	1.73100e+03	1.73536e-02	4.67000e+02
1732	4.69652e+02	1.73200e+03	1.73149e-02	4.67333e+02
1733	4.69970e+02	1.73300e+03	1.72854e-02	4.67667e+02
1734	4.70306e+02	1.73400e+03	1.72607e-02	4.68000e+02
1735	4.70630e+02	1.73500e+03	1.72383e-02	4.68333e+02
1736	4.70957e+02	1.73600e+03	1.72078e-02	4.68667e+02
1737	4.71282e+02	1.73700e+03	1.71887e-02	4.69000e+02
1738	4.71612e+02	1.73800e+03	1.71751e-02	4.69333e+02
1739	4.71935e+02	1.73900e+03	1.71642e-02	4.69667e+02
1740	4.72265e+02	1.74000e+03	1.71730e-02	4.70000e+02
1741	4.72591e+02	1.74100e+03	1.71719e-02	4.70333e+02
1742	4.72903e+02	1.74200e+03	1.71684e-02	4.70667e+02
1743	4.73224e+02	1.74300e+03	1.71640e-02	4.71000e+02
1744	4.73555e+02	1.74400e+03	1.71577e-02	4.71333e+02
1745	4.73893e+02	1.74500e+03	1.71534e-02	4.71667e+02
1746	4.74220e+02	1.74600e+03	1.71520e-02	4.72000e+02
1747	4.74527e+02	1.74700e+03	1.71521e-02	4.72333e+02
1748	4.74853e+02	1.74800e+03	1.71517e-02	4.72667e+02
1749	4.75184e+02	1.74900e+03	1.71512e-02	4.73000e+02
1750	4.75505e+02	1.75000e+03	1.71489e-02	4.73333e+02
1751	4.75834e+02	1.75100e+03	1.71449e-02	4.73667e+02
1752	4.76162e+02	1.75200e+03	1.71386e-02	4.74000e+02
1753	4.76496e+02	1.75300e+03	1.71295e-02	4.74333e+02
1754	4.76817e+02	1.75400e+03	1.71181e-02	4.74667e+02
1755	4.77150e+02	1.75500e+03	1.71051e-02	4.75000e+02
1756	4.77479e+02	1.75600e+03	1.70827e-02	4.75333e+02
1757	4.77805e+02	1.75700e+03	1.70650e-02	4.75667e+02
1758	4.78122e+02	1.75800e+03	1.70478e-02	4.76000e+02
1759	4.78455e+02	1.75900e+03	1.70308e-02	4.76333e+02
1760	4.78785e+02	1.76000e+03	1.70163e-02	4.76667e+02
1761	4.79116e+02	1.76100e+03	1.70040e-02	4.77000e+02
1762	4.79443e+02	1.76200e+03	1.69942e-02	4.77333e+02
1763	4.79783e+02	1.76300e+03	1.69860e-02	4.77667e+02
1764	4.80113e+02	1.76400e+03	1.69851e-02	4.78000e+02
1765	4.80444e+02	1.76500e+03	1.69812e-02	4.78333e+02
1766	4.80774e+02	1.76600e+03	1.69759e-02	4.78667e+02
1767	4.81106e+02	1.76700e+03	1.69692e-02	4.79000e+02
1768	4.81432e+02	1.76800e+03	1.69597e-02	4.79333e+02
1769	4.81756e+02	1.76900e+03	1.69446e-02	4.79667e+02
1770	4.82077e+02	1.77000e+03	1.69249e-02	4.80000e+02
1771	4.82414e+02	1.77100e+03	1.69030e-02	4.80333e+02
1772	4.82740e+02	1.77200e+03	1.68669e-02	4.80667e+02
1773	4.83064e+02	1.77300e+03	1.68370e-02	4.81000e+02
1774	4.83385e+02	1.77400e+03	1.68103e-02	4.81333e+02
1775	4.83717e+02	1.77500e+03	1.67862e-02	4.81667e+02
1776	4.84050e+02	1.77600e+03	1.67699e-02	4.82000e+02
1777	4.84374e+02	1.77700e+03	1.67609e-02	4.82333e+02
1778	4.84694e+02	1.77800e+03	1.67606e-02	4.82667e+02
1779	4.85025e+02	1.77900e+03	1.67663e-02	4.83000e+02
1780	4.85356e+02	1.78000e+03	1.68003e-02	4.83333e+02
1781	4.85682e+02	1.78100e+03	1.68244e-02	4.83667e+02
1782	4.86007e+02	1.78200e+03	1.68468e-02	4.84000e+02
1783	4.86337e+02	1.78300e+03	1.68690e-02	4.84333e+02
1784	4.86659e+02	1.78400e+03	1.68964e-02	4.84667e+02
1785	4.86989e+02	1.78500e+03	1.69153e-02	4.85000e+02
1786	4.87324e+02	1.78600e+03	1.69298e-02	4.85333e+02
1787	4.87644e+02	1.78700e+03	1.69419e-02	4.85667e+02
1788	4.87969e+02	1.78800e+03	1.69398e-02	4.86000e+02
1789	4.88305e+02	1.78900e+03	1.69429e-02	4.86333e+02
1790	4.88625e+02	1.79000e+03	1.69466e-02	4.86667e+02
1791	4.88957e+02	1.79100e+03	1.69500e-02	4.87000e+02
1792	4.89287e+02	1.79200e+03	1.69499e-02	4.87333e+02
1793	4.89614e+02	1.79300e+03	1.69522e-02	4.87667e+02
1794	4.89946e+02	1.79400e+03	1.69546e-02	4.88000e+02
1795	4.90265e+02	1.79500e+03	1.69563e-02	4.88333e+02
1796	4.90598e+02	1.79600e+03	1.69570e-02	4.88667e+02
1797	4.90912e+02	1.79700e+03	1.69563e-02	4.89000e+02
1798	4.91239e+02	1.79800e+03	1.69556e-02	4.89333e+02
1799	4.91566e+02	1.79900e+03	1.69555e-02	4.89667e+02
1800	4.91901e+02	1.80000e+03	1.69579e-02	4.90000e+02
1801	4.92217e+02	1.80100e+03	1.69651e-02	4.90333e+02
1802	4.92536e+02	1.80200e+03	1.69743e-02	4.90667e+02
1803	4.92859e+02	1.80300e+03	1.69839e-02	4.91000e+02
1804	4.93189e+02	1.80400e+03	1.70002e-02	4.91333e+02
1805	4.93517e+02	1.80500e+03	1.70073e-02	4.91667e+02
1806	4.93840e+02	1.80600e+03	1.70085e-02	4.92000e+02
1807	4.94157e+02	1.80700e+03	1.70063e-02	4.92333e+02
1808	4.94487e+02	1.80800e+03	1.69890e-02	4.92667e+02
1809	4.94815e+02	1.80900e+03	1.69763e-02	4.93000e+02
1810	4.95140e+02	1.81000e+03	1.69643e-02	4.93333e+02
1811	4.95470e+02	1.81100e+03	1.69520e-02	4.93667e+02
1812	4.95797e+02	1.81200e+03	1.69323e-02	4.94000e+02
1813	4.96118e+02	1.81300e+03	1.69182e-02	4.94333e+02
1814	4.96447e+02	1.81400e+03	1.69072e-02	4.94667e+02
1815	4.96766e+02	1.81500e+03	1.68982e-02	4.95000e+02
1816	4.97109e+02	1.81600e+03	1.68992e-02	4.95333e+02
1817	4.97429e+02	1.81700e+03	1.68985e-02	4.95667e+02
1818	4.97759e+02	1.81800e+03	1.68968e-02	4.96000e+02
1819	4.98102e+02	1.81900e+03	1.68946e-02	4.96333e+02
1820	4.98427e+02	1.82000e+03	1.68903e-02	4.96667e+02
1821	4.98761e+02	1.82100e+03	1.68774e-02	4.97000e+02
1822	4.99089e+02	1.82200e+03	1.68618e-02	4.97333e+02
1823	4.99426e+02	1.82300e+03	1.68467e-02	4.97667e+02
1824	4.99757e+02	1.82400e+03	1.68225e-02	4.98000e+02
1825	5.00088e+02	1.82500e+03	1.68095e-02	4.98333e+02
1826	5.00413e+02	1.82600e+03	1.68024e-02	4.98667e+02
1827	5.00751e+02	1.82700e+03	1.67983e-02	4.99000e+02
1828	5.01069e+02	1.82800e+03	1.68104e-02	4.99333e+02
1829	5.01399e+02	1.82900e+03	1.68177e-02	4.99667e+02
1830	5.01724e+02	1.83000e+03	1.68252e-02	5.00000e+02
1831	5.02043e+02	1.83100e+03	1.68327e-02	5.00333e+02
1832	5.02365e+02	1.83200e+03	1.68421e-02	5.00667e+02
1833	5.02689e+02	1.83300e+03	1.68459e-02	5.01000e+02
1834	5.03015e+02	1.83400e+03	1.68466e-02	5.01333e+02
1835	5.03338e+02	1.83500e+03	1.68456e-02	5.01667e+02
1836	5.03664e+02	1.83600e+03	1.68355e-02	5.02000e+02
1837	5.03988e+02	1.83700e+03	1.68301e-02	5.02333e+02
1838	5.04316e+02	1.83800e+03	1.68259e-02	5.02667e+02
1839	5.04639e+02	1.83900e+03	1.68217e-02	5.03000e+02
1840	5.04968e+02	1.84000e+03	1.68170e-02	5.03333e+02
1841	5.05292e+02	1.84100e+03	1.68128e-02	5.03667e+02
1842	5.05615e+02	1.84200e+03	1.68087e-02	5.04000e+02
1843	5.05947e+02	1.84300e+03	1.68043e-02	5.04333e+02
1844	5.06270e+02	1.84400e+03	1.68005e-02	5.04667e+02
1845	5.06600e+02	1.84500e+03	1.67960e-02	5.05000e+02
1846	5.06919e+02	1.84600e+03	1.67916e-02	5.05333e+02
1847	5.07249e+02	1.84700e+03	1.67876e-02	5.05667e+02
1848	5.07576e+02	1.84800e+03	1.67830e-02	5.06000e+02
1849	5.07905e+02	1.84900e+03	1.67780e-02	5.06333e+02
1850	5.08238e+02	1.85000e+03	1.67717e-02	5.06667e+02
1851	5.08566e+02	1.85100e+03	1.67644e-02	5.07000e+02
1852	5.08897e+02	1.85200e+03	1.67551e-02	5.07333e+02
1853	5.09216e+02	1.85300e+03	1.67443e-02	5.07667e+02
1854	5.09544e+02	1.85400e+03	1.67315e-02	5.08000e+02
1855	5.09868e+02	1.85500e+03	1.67175e-02	5.08333e+02
1856	5.10200e+02	1.85600e+03	1.66997e-02	5.08667e+02
1857	5.10521e+02	1.85700e+03	1.66863e-02	5.09000e+02
1858	5.10856e+02	1.85800e+03	1.66758e-02	5.09333e+02
1859	5.11180e+02	1.85900e+03	1.66665e-02	5.09667e+02
1860	5.11512e+02	1.86000e+03	1.66600e-02	5.10000e+02
1861	5.11835e+02	1.86100e+03	1.66525e-02	5.10333e+02
1862	5.12175e+02	1.86200e+03	1.66449e-02	5.10667e+02
1863	5.12491e+02	1.86300e+03	1.66373e-02	5.11000e+02
1864	5.12829e+02	1.86400e+03	1.66314e-02	5.11333e+02
1865	5.13150e+02	1.86500e+03	1.66247e-02	5.11667e+02
1866	5.13481e+02	1.86600e+03	1.66174e-02	5.12000e+02
1867	5.13809e+02	1.86700e+03	1.66096e-02	5.12333e+02
1868	5.14134e+02	1.86800e+03	1.66019e-02	5.12667e+02
1869	5.14462e+02	1.86900e+03	1.65962e-02	5.13000e+02
1870	5.14779e+02	1.87000e+03	1.65935e-02	5.13333e+02
1871	5.15099e+02	1.87100e+03	1.65932e-02	5.13667e+02
1872	5.15426e+02	1.87200e+03	1.66018e-02	5.14000e+02
1873	5.15747e+02	1.87300e+03	1.66119e-02	5.14333e+02
1874	5.16072e+02	1.87400e+03	1.66242e-02	5.14667e+02
1875	5.16392e+02	1.87500e+03	1.66378e-02	5.15000e+02
1876	5.16697e+02	1.87600e+03	1.66619e-02	5.15333e+02
1877	5.17031e+02	1.87700e+03	1.66778e-02	5.15667e+02
1878	5.17348e+02	1.87800e+03	1.66899e-02	5.16000e+02
1879	5.17670e+02	1.87900e+03	1.67003e-02	5.16333e+02
1880	5.17999e+02	1.88000e+03	1.67019e-02	5.16667e+02
1881	5.18317e+02	1.88100e+03	1.67031e-02	5.17000e+02
1882	5.18641e+02	1.88200e+03	1.67008e-02	5.17333e+02
1883	5.18973e+02	1.88300e+03	1.66953e-02	5.17667e+02
1884	5.19293e+02	1.88400e+03	1.66743e-02	5.18000e+02
1885	5.19623e+02	1.88500e+03	1.66565e-02	5.18333e+02
1886	5.19957e+02	1.88600e+03	1.66396e-02	5.18667e+02
1887	5.20272e+02	1.88700e+03	1.66235e-02	5.19000e+02
1888	5.20594e+02	1.88800e+03	1.66028e-02	5.19333e+02
1889	5.20929e+02	1.88900e+03	1.65896e-02	5.19667e+02
1890	5.21250e+02	1.89000e+03	1.65814e-02	5.20000e+02
1891	5.21571e+02	1.89100e+03	1.65760e-02	5.20333e+02
1892	5.21904e+02	1.89200e+03	1.65851e-02	5.20667e+02
1893	5.22228e+02	1.89300e+03	1.65909e-02	5.21000e+02
1894	5.22549e+02	1.89400e+03	1.65976e-02	5.21333e+02
1895	5.22872e+02	1.89500e+03	1.66049e-02	5.21667e+02
1896	5.23202e+02	1.89600e+03	1.66173e-02	5.22000e+02
1897	5.23530e+02	1.89700e+03	1.66251e-02	5.22333e+02
1898	5.23853e+02	1.89800e+03	1.66323e-02	5.22667e+02
1899	5.24190e+02	1.89900e+03	1.66402e-02	5.23000e+02
1900	5.24503e+02	1.90000e+03	1.66463e-02	5.23333e+02
1901	5.24837e+02	1.90100e+03	1.66544e-02	5.23667e+02
1902	5.25156e+02	1.90200e+03	1.66620e-02	5.24000e+02
1903	5.25481e+02	1.90300e+03	1.66688e-02	5.24333e+02
1904	5.25816e+02	1.90400e+03	1.66758e-02	5.24667e+02
1905	5.26138e+02	1.90500e+03	1.66803e-02	5.25000e+02
1906	5.26458e+02	1.90600e+03	1.66832e-02	5.25333e+02
1907	5.26795e+02	1.90700e+03	1.66854e-02	5.25667e+02
1908	5.27119e+02	1.90800e+03	1.66802e-02	5.26000e+02
1909	5.27434e+02	1.90900e+03	1.66744e-02	5.26333e+02
1910	5.27750e+02	1.91000e+03	1.66649e-02	5.26667e+02
1911	5.28084e+02	1.91100e+03	1.66532e-02	5.27000e+02
1912	5.28407e+02	1.91200e+03	1.66383e-02	5.27333e+02
1913	5.28736e+02	1.91300e+03	1.66294e-02	5.27667e+02
1914	5.29066e+02	1.91400e+03	1.66246e-02	5.28000e+02
1915	5.29385e+02	1.91500e+03	1.66222e-02	5.28333e+02
1916	5.29714e+02	1.91600e+03	1.66260e-02	5.28667e+02
1917	5.30039e+02	1.91700e+03	1.66276e-02	5.29000e+02
1918	5.30369e+02	1.91800e+03	1.66288e-02	5.29333e+02
1919	5.30696e+02	1.91900e+03	1.66297e-02	5.29667e+02
1920	5.31022e+02	1.92000e+03	1.66313e-02	5.30000e+02
1921	5.31342e+02	1.92100e+03	1.66263e-02	5.30333e+02
1922	5.31672e+02	1.92200e+03	1.66158e-02	5.30667e+02
1923	5.31996e+02	1.92300e+03	1.66027e-02	5.31000e+02
1924	5.32326e+02	1.92400e+03	1.65789e-02	5.31333e+02
1925	5.32645e+02	1.92500e+03	1.65619e-02	5.31667e+02
1926	5.32978e+02	1.92600e+03	1.65478e-02	5.32000e+02
1927	5.33315e+02	1.92700e+03	1.65348e-02	5.32333e+02
1928	5.33629e+02	1.92800e+03	1.65238e-02	5.32667e+02
1929	5.33964e+02	1.92900e+03	1.65150e-02	5.33000e+02
1930	5.34295e+02	1.93000e+03	1.65089e-02	5.33333e+02
1931	5.34618e+02	1.93100e+03	1.65059e-02	5.33667e+02
1932	5.34949e+02	1.93200e+03	1.65198e-02	5.34000e+02
1933	5.35282e+02	1.93300e+03	1.65356e-02	5.34333e+02
1934	5.35603e+02	1.93400e+03	1.65565e-02	5.34667e+02
1935	5.35918e+02	1.93500e+03	1.65805e-02	5.35000e+02
1936	5.36259e+02	1.93600e+03	1.66173e-02	5.35333e+02
1937	5.36585e+02	1.93700e+03	1.66398e-02	5.35667e+02
1938	5.36915e+02	1.93800e+03	1.66525e-02	5.36000e+02
1939	5.37245e+02	1.93900e+03	1.66590e-02	5.36333e+02
1940	5.37576e+02	1.94000e+03	1.66416e-02	5.36667e+02
1941	5.37892e+02	1.94100e+03	1.66238e-02	5.37000e+02
1942	5.38228e+02	1.94200e+03	1.66026e-02	5.37333e+02
1943	5.38560e+02	1.94300e+03	1.65803e-02	5.37667e+02
1944	5.38891e+02	1.94400e+03	1.65476e-02	5.38000e+02
1945	5.39216e+02	1.94500e+03	1.65363e-02	5.38333e+02
1946	5.39554e+02	1.94600e+03	1.65360e-02	5.38667e+02
1947	5.39882e+02	1.94700e+03	1.65414e-02	5.39000e+02
1948	5.40215e+02	1.94800e+03	1.65772e-02	5.39333e+02
1949	5.40542e+02	1.94900e+03	1.65975e-02	5.39667e+02
1950	5.40872e+02	1.95000e+03	1.66117e-02	5.40000e+02
1951	5.41207e+02	1.95100e+03	1.66225e-02	5.40333e+02
1952	5.41538e+02	1.95200e+03	1.66239e-02	5.40667e+02
1953	5.41866e+02	1.95300e+03	1.66192e-02	5.41000e+02
1954	5.42202e+02	1.95400e+03	1.66123e-02	5.41333e+02
1955	5.42546e+02	1.95500e+03	1.66057e-02	5.41667e+02
1956	5.42877e+02	1.95600e+03	1.65871e-02	5.42000e+02
1957	5.43195e+02	1.95700e+03	1.65835e-02	5.42333e+02
1958	5.43525e+02	1.95800e+03	1.65856e-02	5.42667e+02
1959	5.43876e+02	1.95900e+03	1.65899e-02	5.43000e+02
1960	5.44203e+02	1.96000e+03	1.66104e-02	5.43333e+02
1961	5.44535e+02	1.96100e+03	1.66194e-02	5.43667e+02
1962	5.44871e+02	1.96200e+03	1.66211e-02	5.44000e+02
1963	5.45206e+02	1.96300e+03	1.66167e-02	5.44333e+02
1964	5.45540e+02	1.96400e+03	1.65971e-02	5.44667e+02
1965	5.45861e+02	1.96500e+03	1.65792e-02	5.45000e+02
1966	5.46200e+02	1.96600e+03	1.65606e-02	5.45333e+02
1967	5.46528e+02	1.96700e+03	1.65426e-02	5.45667e+02
1968	5.46857e+02	1.96800e+03	1.65156e-02	5.46000e+02
1969	5.47180e+02	1.96900e+03	1.64977e-02	5.46333e+02
1970	5.47510e+02	1.97000e+03	1.64821e-02	5.46667e+02
1971	5.47849e+02	1.97100e+03	1.64673e-02	5.47000e+02
1972	5.48181e+02	1.97200e+03	1.64647e-02	5.47333e+02
1973	5.48498e+02	1.97300e+03	1.64569e-02	5.47667e+02
1974	5.48834e+02	1.97400e+03	1.64499e-02	5.48000e+02
1975	5.49165e+02	1.97500e+03	1.64450e-02	5.48333e+02
1976	5.49503e+02	1.97600e+03	1.64482e-02	5.48667e+02
1977	5.49812e+02	1.97700e+03	1.64554e-02	5.49000e+02
1978	5.50141e+02	1.97800e+03	1.64656e-02	5.49333e+02
1979	5.50480e+02	1.97900e+03	1.64768e-02	5.49667e+02
1980	5.50814e+02	1.98000e+03	1.65002e-02	5.50000e+02
1981	5.51130e+02	1.98100e+03	1.65136e-02	5.50333e+02
1982	5.51471e+02	1.98200e+03	1.65208e-02	5.50667e+02
1983	5.51800e+02	1.98300e+03	1.65245e-02	5.51000e+02
1984	5.52129e+02	1.98400e+03	1.65149e-02	5.51333e+02
1985	5.52453e+02	1.98500e+03	1.65066e-02	5.51667e+02
1986	5.52787e+02	1.98600e+03	1.64968e-02	5.52000e+02
1987	5.53120e+02	1.98700e+03	1.64855e-02	5.52333e+02
1988	5.53441e+02	1.98800e+03	1.64628e-02	5.52667e+02
1989	5.53773e+02	1.98900e+03	1.64471e-02	5.53000e+02
1990	5.54091e+02	1.99000e+03	1.64330e-02	5.53333e+02
1991	5.54430e+02	1.99100e+03	1.64191e-02	5.53667e+02
1992	5.54763e+02	1.99200e+03	1.64130e-02	5.54000e+02
1993	5.55094e+02	1.99300e+03	1.64080e-02	5.54333e+02
1994	5.55410e+02	1.99400e+03	1.64038e-02	5.54667e+02
1995	5.55742e+02	1.99500e+03	1.63996e-02	5.55000e+02
1996	5.56070e+02	1.99600e+03	1.63982e-02	5.55333e+02
1997	5.56406e+02	1.99700e+03	1.63898e-02	5.55667e+02
1998	5.56728e+02	1.99800e+03	1.63784e-02	5.56000e+02
1999	5.57063e+02	1.99900e+03	1.63662e-02	5.56333e+02
2000	5.57391e+02	2.00000e+03	1.63504e-02	5.56667e+02
2001	5.57718e+02	2.00100e+03	1.63436e-02	5.57000e+02
2002	5.58049e+02	2.00200e+03	1.63436e-02	5.57333e+02
2003	5.58380e+02	2.00300e+03	1.63474e-02	5.57667e+02
2004	5.58701e+02	2.00400e+03	1.63667e-02	5.58000e+02
2005	5.59033e+02	2.00500e+03	1.63825e-02	5.58333e+02
2006	5.59363e+02	2.00600e+03	1.63986e-02	5.58667e+02
2007	5.59686e+02	2.00700e+03	1.64147e-02	5.59000e+02
2008	5.60008e+02	2.00800e+03	1.64328e-02	5.59333e+02
2009	5.60339e+02	2.00900e+03	1.64403e-02	5.59667e+02
2010	5.60663e+02	2.01000e+03	1.64402e-02	5.60000e+02
2011	5.60990e+02	2.01100e+03	1.64355e-02	5.60333e+02
2012	5.61316e+02	2.01200e+03	1.64096e-02	5.60667e+02
2013	5.61649e+02	2.01300e+03	1.63908e-02	5.61000e+02
2014	5.61971e+02	2.01400e+03	1.63734e-02	5.61333e+02
2015	5.62307e+02	2.01500e+03	1.63578e-02	5.61667e+02
2016	5.62628e+02	2.01600e+03	1.63423e-02	5.62000e+02
2017	5.62953e+02	2.01700e+03	1.63348e-02	5.62333e+02
2018	5.63280e+02	2.01800e+03	1.63334e-02	5.62667e+02
2019	5.63624e+02	2.01900e+03	1.63363e-02	5.63000e+02
2020	5.63949e+02	2.02000e+03	1.63629e-02	5.63333e+02
2021	5.64273e+02	2.02100e+03	1.63837e-02	5.63667e+02
2022	5.64608e+02	2.02200e+03	1.64061e-02	5.64000e+02
2023	5.64930e+02	2.02300e+03	1.64307e-02	5.64333e+02
2024	5.65257e+02	2.02400e+03	1.64697e-02	5.64667e+02
2025	5.65589e+02	2.02500e+03	1.65021e-02	5.65000e+02
2026	5.65912e+02	2.02600e+03	1.65325e-02	5.65333e+02
2027	5.66251e+02	2.02700e+03	1.65625e-02	5.65667e+02
2028	5.66586e+02	2.02800e+03	1.65898e-02	5.66000e+02
2029	5.66903e+02	2.02900e+03	1.66122e-02	5.66333e+02
2030	5.67233e+02	2.03000e+03	1.66268e-02	5.66667e+02
2031	5.67565e+02	2.03100e+03	1.66350e-02	5.67000e+02
2032	5.67891e+02	2.03200e+03	1.66213e-02	5.67333e+02
2033	5.68221e+02	2.03300e+03	1.66115e-02	5.67667e+02
2034	5.68558e+02	2.03400e+03	1.66019e-02	5.68000e+02
2035	5.68892e+02	2.03500e+03	1.65927e-02	5.68333e+02
2036	5.69230e+02	2.03600e+03	1.65759e-02	5.68667e+02
2037	5.69546e+02	2.03700e+03	1.65720e-02	5.69000e+02
2038	5.69871e+02	2.03800e+03	1.65751e-02	5.69333e+02
2039	5.70214e+02	2.03900e+03	1.65820e-02	5.69667e+02
2040	5.70540e+02	2.04000e+03	1.66116e-02	5.70000e+02
2041	5.70862e+02	2.04100e+03	1.66323e-02	5.70333e+02
2042	5.71192e+02	2.04200e+03	1.66501e-02	5.70667e+02
2043	5.71522e+02	2.04300e+03	1.66659e-02	5.71000e+02
2044	5.71849e+02	2.04400e+03	1.66812e-02	5.71333e+02
2045	5.72179e+02	2.04500e+03	1.66899e-02	5.71667e+02
2046	5.72508e+02	2.04600e+03	1.66913e-02	5.72000e+02
2047	5.72830e+02	2.04700e+03	1.66876e-02	5.72333e+02
2048	5.73164e+02	2.04800e+03	1.66633e-02	5.72667e+02
2049	5.73485e+02	2.04900e+03	1.66462e-02	5.73000e+02
2050	5.73805e+02	2.05000e+03	1.66314e-02	5.73333e+02
2051	5.74128e+02	2.05100e+03	1.66174e-02	5.73667e+02
2052	5.74470e+02	2.05200e+03	1.65981e-02	5.74000e+02
2053	5.74795e+02	2.05300e+03	1.65858e-02	5.74333e+02
2054	5.75119e+02	2.05400e+03	1.65771e-02	5.74667e+02
2055	5.75445e+02	2.05500e+03	1.65702e-02	5.75000e+02
2056	5.75777e+02	2.05600e+03	1.65768e-02	5.75333e+02
2057	5.76112e+02	2.05700e+03	1.65814e-02	5.75667e+02
2058	5.76444e+02	2.05800e+03	1.65876e-02	5.76000e+02
2059	5.76772e+02	2.05900e+03	1.65943e-02	5.76333e+02
2060	5.77105e+02	2.06000e+03	1.66061e-02	5.76667e+02
2061	5.77439e+02	2.06100e+03	1.66101e-02	5.77000e+02
2062	5.77769e+02	2.06200e+03	1.66074e-02	5.77333e+02
2063	5.78091e+02	2.06300e+03	1.66015e-02	5.77667e+02
2064	5.78428e+02	2.06400e+03	1.65861e-02	5.78000e+02
2065	5.78753e+02	2.06500e+03	1.65738e-02	5.78333e+02
2066	5.79086e+02	2.06600e+03	1.65611e-02	5.78667e+02
2067	5.79414e+02	2.06700e+03	1.65480e-02	5.79000e+02
2068	5.79741e+02	2.06800e+03	1.65293e-02	5.79333e+02
2069	5.80073e+02	2.06900e+03	1.65129e-02	5.79667e+02
2070	5.80411e+02	2.07000e+03	1.64963e-02	5.80000e+02
2071	5.80730e+02	2.07100e+03	1.64797e-02	5.80333e+02
2072	5.81070e+02	2.07200e+03	1.64625e-02	5.80667e+02
2073	5.81404e+02	2.07300e+03	1.64471e-02	5.81000e+02
2074	5.81732e+02	2.07400e+03	1.64368e-02	5.81333e+02
2075	5.82062e+02	2.07500e+03	1.64304e-02	5.81667e+02
2076	5.82397e+02	2.07600e+03	1.64310e-02	5.82000e+02
2077	5.82732e+02	2.07700e+03	1.64321e-02	5.82333e+02
2078	5.83066e+02	2.07800e+03	1.64346e-02	5.82667e+02
2079	5.83392e+02	2.07900e+03	1.64384e-02	5.83000e+02
2080	5.83728e+02	2.08000e+03	1.64523e-02	5.83333e+02
2081	5.84064e+02	2.08100e+03	1.64598e-02	5.83667e+02
2082	5.84383e+02	2.08200e+03	1.64662e-02	5.84000e+02
2083	5.84721e+02	2.08300e+03	1.64724e-02	5.84333e+02
2084	5.85044e+02	2.08400e+03	1.64762e-02	5.84667e+02
2085	5.85380e+02	2.08500e+03	1.64818e-02	5.85000e+02
2086	5.85718e+02	2.08600e+03	1.64886e-02	5.85333e+02
2087	5.86042e+02	2.08700e+03	1.64954e-02	5.85667e+02
2088	5.86378e+02	2.08800e+03	1.65016e-02	5.86000e+02
2089	5.86711e+02	2.08900e+03	1.65045e-02	5.86333e+02
2090	5.87049e+02	2.09000e+03	1.65045e-02	5.86667e+02
2091	5.87375e+02	2.09100e+03	1.65033e-02	5.87000e+02
2092	5.87698e+02	2.09200e+03	1.64952e-02	5.87333e+02
2093	5.88038e+02	2.09300e+03	1.64890e-02	5.87667e+02
2094	5.88349e+02	2.09400e+03	1.64841e-02	5.88000e+02
2095	5.88684e+02	2.09500e+03	1.64793e-02	5.88333e+02
2096	5.89016e+02	2.09600e+03	1.64697e-02	5.88667e+02
2097	5.89356e+02	2.09700e+03	1.64627e-02	5.89000e+02
2098	5.89685e+02	2.09800e+03	1.64568e-02	5.89333e+02
2099	5.90004e+02	2.09900e+03	1.64509e-02	5.89667e+02
2100	5.90341e+02	2.10000e+03	1.64412e-02	5.90000e+02
2101	5.90671e+02	2.10100e+03	1.64288e-02	5.90333e+02
2102	5.91002e+02	2.10200e+03	1.64133e-02	5.90667e+02
2103	5.91334e+02	2.10300e+03	1.63952e-02	5.91000e+02
2104	5.91670e+02	2.10400e+03	1.63644e-02	5.91333e+02
2105	5.92004e+02	2.10500e+03	1.63362e-02	5.91667e+02
2106	5.92333e+02	2.10600e+03	1.63092e-02	5.92000e+02
2107	5.92663e+02	2.10700e+03	1.62836e-02	5.92333e+02
2108	5.92990e+02	2.10800e+03	1.62615e-02	5.92667e+02
2109	5.93326e+02	2.10900e+03	1.62487e-02	5.93000e+02
2110	5.93649e+02	2.11000e+03	1.62429e-02	5.93333e+02
2111	5.93976e+02	2.11100e+03	1.62414e-02	5.93667e+02
2112	5.94304e+02	2.11200e+03	1.62612e-02	5.94000e+02
2113	5.94640e+02	2.11300e+03	1.62697e-02	5.94333e+02
2114	5.94972e+02	2.11400e+03	1.62755e-02	5.94667e+02
2115	5.95301e+02	2.11500e+03	1.62809e-02	5.95000e+02
2116	5.95635e+02	2.11600e+03	1.62834e-02	5.95333e+02
2117	5.95966e+02	2.11700e+03	1.62851e-02	5.95667e+02
2118	5.96307e+02	2.11800e+03	1.62886e-02	5.96000e+02
2119	5.96644e+02	2.11900e+03	1.62929e-02	5.96333e+02
2120	5.96985e+02	2.12000e+03	1.62950e-02	5.96667e+02
2121	5.97315e+02	2.12100e+03	1.63021e-02	5.97000e+02
2122	5.97668e+02	2.12200e+03	1.63126e-02	5.97333e+02
2123	5.97990e+02	2.12300e+03	1.63252e-02	5.97667e+02
2124	5.98320e+02	2.12400e+03	1.63490e-02	5.98000e+02
2125	5.98656e+02	2.12500e+03	1.63692e-02	5.98333e+02
2126	5.98985e+02	2.12600e+03	1.63891e-02	5.98667e+02
2127	5.99323e+02	2.12700e+03	1.64095e-02	5.99000e+02
2128	5.99647e+02	2.12800e+03	1.64301e-02	5.99333e+02
2129	5.99985e+02	2.12900e+03	1.64445e-02	5.99667e+02
2130	6.00320e+02	2.13000e+03	1.64544e-02	6.00000e+02
2131	6.00654e+02	2.13100e+03	1.64607e-02	6.00333e+02
2132	6.00984e+02	2.13200e+03	1.64468e-02	6.00667e+02
2133	6.01313e+02	2.13300e+03	1.64346e-02	6.01000e+02
2134	6.01641e+02	2.13400e+03	1.64214e-02	6.01333e+02
2135	6.01968e+02	2.13500e+03	1.64078e-02	6.01667e+02
2136	6.02302e+02	2.13600e+03	1.63849e-02	6.02000e+02
2137	6.02624e+02	2.13700e+03	1.63751e-02	6.02333e+02
2138	6.02963e+02	2.13800e+03	1.63712e-02	6.02667e+02
2139	6.03300e+02	2.13900e+03	1.63701e-02	6.03000e+02
2140	6.03635e+02	2.14000e+03	1.63837e-02	6.03333e+02
2141	6.03960e+02	2.14100e+03	1.63887e-02	6.03667e+02
2142	6.04299e+02	2.14200e+03	1.63907e-02	6.04000e+02
2143	6.04621e+02	2.14300e+03	1.63900e-02	6.04333e+02
2144	6.04955e+02	2.14400e+03	1.63813e-02	6.04667e+02
2145	6.05286e+02	2.14500e+03	1.63711e-02	6.05000e+02
2146	6.05615e+02	2.14600e+03	1.63600e-02	6.05333e+02
2147	6.05949e+02	2.14700e+03	1.63495e-02	6.05667e+02
2148	6.06281e+02	2.14800e+03	1.63328e-02	6.06000e+02
2149	6.06610e+02	2.14900e+03	1.63235e-02	6.06333e+02
2150	6.06943e+02	2.15000e+03	1.63171e-02	6.06667e+02
2151	6.07265e+02	2.15100e+03	1.63122e-02	6.07000e+02
2152	6.07603e+02	2.15200e+03	1.63188e-02	6.07333e+02
2153	6.07920e+02	2.15300e+03	1.63200e-02	6.07667e+02
2154	6.08258e+02	2.15400e+03	1.63183e-02	6.08000e+02
2155	6.08586e+02	2.15500e+03	1.63148e-02	6.08333e+02
2156	6.08909e+02	2.15600e+03	1.63095e-02	6.08667e+02
2157	6.09234e+02	2.15700e+03	1.63038e-02	6.09000e+02
2158	6.09566e+02	2.15800e+03	1.62985e-02	6.09333e+02
2159	6.09901e+02	2.15900e+03	1.62935e-02	6.09667e+02
2160	6.10232e+02	2.16000e+03	1.62886e-02	6.10000e+02
2161	6.10565e+02	2.16100e+03	1.62884e-02	6.10333e+02
2162	6.10888e+02	2.16200e+03	1.62905e-02	6.10667e+02
2163	6.11219e+02	2.16300e+03	1.62939e-02	6.11000e+02
2164	6.11553e+02	2.16400e+03	1.63005e-02	6.11333e+02
2165	6.11877e+02	2.16500e+03	1.63008e-02	6.11667e+02
2166	6.12215e+02	2.16600e+03	1.63012e-02	6.12000e+02
2167	6.12539e+02	2.16700e+03	1.63030e-02	6.12333e+02
2168	6.12860e+02	2.16800e+03	1.63061e-02	6.12667e+02
2169	6.13205e+02	2.16900e+03	1.63155e-02	6.13000e+02
2170	6.13530e+02	2.17000e+03	1.63285e-02	6.13333e+02
2171	6.13856e+02	2.17100e+03	1.63438e-02	6.13667e+02
2172	6.14197e+02	2.17200e+03	1.63729e-02	6.14000e+02
2173	6.14522e+02	2.17300e+03	1.63938e-02	6.14333e+02
2174	6.14850e+02	2.17400e+03	1.64112e-02	6.14667e+02
2175	6.15169e+02	2.17500e+03	1.64258e-02	6.15000e+02
2176	6.15496e+02	2.17600e+03	1.64329e-02	6.15333e+02
2177	6.15826e+02	2.17700e+03	1.64394e-02	6.15667e+02
2178	6.16161e+02	2.17800e+03	1.64448e-02	6.16000e+02
2179	6.16483e+02	2.17900e+03	1.64502e-02	6.16333e+02
2180	6.16819e+02	2.18000e+03	1.64415e-02	6.16667e+02
2181	6.17142e+02	2.18100e+03	1.64306e-02	6.17000e+02
2182	6.17460e+02	2.18200e+03	1.64127e-02	6.17333e+02
2183	6.17796e+02	2.18300e+03	1.63907e-02	6.17667e+02
2184	6.18125e+02	2.18400e+03	1.63524e-02	6.18000e+02
2185	6.18451e+02	2.18500e+03	1.63173e-02	6.18333e+02
2186	6.18776e+02	2.18600e+03	1.62843e-02	6.18667e+02
2187	6.19102e+02	2.18700e+03	1.62539e-02	6.19000e+02
2188	6.19427e+02	2.18800e+03	1.62236e-02	6.19333e+02
2189	6.19764e+02	2.18900e+03	1.62035e-02	6.19667e+02
2190	6.20094e+02	2.19000e+03	1.61902e-02	6.20000e+02
2191	6.20425e+02	2.19100e+03	1.61810e-02	6.20333e+02
2192	6.20742e+02	2.19200e+03	1.62023e-02	6.20667e+02
2193	6.21070e+02	2.19300e+03	1.62171e-02	6.21000e+02
2194	6.21401e+02	2.19400e+03	1.62341e-02	6.21333e+02
2195	6.21722e+02	2.19500e+03	1.62533e-02	6.21667e+02
2196	6.22059e+02	2.19600e+03	1.62876e-02	6.22000e+02
2197	6.22381e+02	2.19700e+03	1.63128e-02	6.22333e+02
2198	6.22707e+02	2.19800e+03	1.63340e-02	6.22667e+02
2199	6.23029e+02	2.19900e+03	1.63521e-02	6.23000e+02
2200	6.23362e+02	2.20000e+03	1.63607e-02	6.23333e+02
2201	6.23690e+02	2.20100e+03	1.63689e-02	6.23667e+02
2202	6.24010e+02	2.20200e+03	1.63736e-02	6.24000e+02
2203	6.24344e+02	2.20300e+03	1.63753e-02	6.24333e+02
2204	6.24675e+02	2.20400e+03	1.63601e-02	6.24667e+02
2205	6.24995e+02	2.20500e+03	1.63471e-02	6.25000e+02
2206	6.25327e+02	2.20600e+03	1.63292e-02	6.25333e+02
2207	6.25653e+02	2.20700e+03	1.63083e-02	6.25667e+02
2208	6.25988e+02	2.20800e+03	1.62788e-02	6.26000e+02
2209	6.26322e+02	2.20900e+03	1.62575e-02	6.26333e+02
2210	6.26638e+02	2.21000e+03	1.62421e-02	6.26667e+02
2211	6.26980e+02	2.21100e+03	1.62305e-02	6.27000e+02
2212	6.27295e+02	2.21200e+03	1.62305e-02	6.27333e+02
2213	6.27625e+02	2.21300e+03	1.62318e-02	6.27667e+02
2214	6.27957e+02	2.21400e+03	1.62357e-02	6.28000e+02
2215	6.28290e+02	2.21500e+03	1.62406e-02	6.28333e+02
2216	6.28612e+02	2.21600e+03	1.62545e-02	6.28667e+02
2217	6.28952e+02	2.21700e+03	1.62565e-02	6.29000e+02
2218	6.29283e+02	2.21800e+03	1.62539e-02	6.29333e+02
2219	6.29617e+02	2.21900e+03	1.62503e-02	6.29667e+02
2220	6.29945e+02	2.22000e+03	1.62361e-02	6.30000e+02
2221	6.30267e+02	2.22100e+03	1.62289e-02	6.30333e+02
2222	6.30597e+02	2.22200e+03	1.62241e-02	6.30667e+02
2223	6.30923e+02	2.22300e+03	1.62208e-02	6.31000e+02
2224	6.31260e+02	2.22400e+03	1.62249e-02	6.31333e+02
2225	6.31589e+02	2.22500e+03	1.62307e-02	6.31667e+02
2226	6.31916e+02	2.22600e+03	1.62395e-02	6.32000e+02
2227	6.32240e+02	2.22700e+03	1.62495e-02	6.32333e+02
2228	6.32565e+02	2.22800e+03	1.62679e-02	6.32667e+02
2229	6.32897e+02	2.22900e+03	1.62810e-02	6.33000e+02
2230	6.33228e+02	2.23000e+03	1.62915e-02	6.33333e+02
2231	6.33559e+02	2.23100e+03	1.63009e-02	6.33667e+02
2232	6.33888e+02	2.23200e+03	1.63056e-02	6.34000e+02
2233	6.34218e+02	2.23300e+03	1.63097e-02	6.34333e+02
2234	6.34539e+02	2.23400e+03	1.63114e-02	6.34667e+02
2235	6.34877e+02	2.23500e+03	1.63111e-02	6.35000e+02
2236	6.35219e+02	2.23600e+03	1.63003e-02	6.35333e+02
2237	6.35546e+02	2.23700e+03	1.62911e-02	6.35667e+02
2238	6.35882e+02	2.23800e+03	1.62822e-02	6.36000e+02
2239	6.36207e+02	2.23900e+03	1.62734e-02	6.36333e+02
2240	6.36532e+02	2.24000e+03	1.62565e-02	6.36667e+02
2241	6.36856e+02	2.24100e+03	1.62414e-02	6.37000e+02
2242	6.37184e+02	2.24200e+03	1.62254e-02	6.37333e+02
2243	6.37512e+02	2.24300e+03	1.62080e-02	6.37667e+02
2244	6.37852e+02	2.24400e+03	1.61903e-02	6.38000e+02
2245	6.38179e+02	2.24500e+03	1.61765e-02	6.38333e+02
2246	6.38502e+02	2.24600e+03	1.61676e-02	6.38667e+02
2247	6.38832e+02	2.24700e+03	1.61621e-02	6.39000e+02
2248	6.39166e+02	2.24800e+03	1.61641e-02	6.39333e+02
2249	6.39491e+02	2.24900e+03	1.61641e-02	6.39667e+02
2250	6.39828e+02	2.25000e+03	1.61621e-02	6.40000e+02
2251	6.40165e+02	2.25100e+03	1.61584e-02	6.40333e+02
2252	6.40496e+02	2.25200e+03	1.61600e-02	6.40667e+02
2253	6.40826e+02	2.25300e+03	1.61598e-02	6.41000e+02
2254	6.41155e+02	2.25400e+03	1.61594e-02	6.41333e+02
2255	6.41501e+02	2.25500e+03	1.61590e-02	6.41667e+02
2256	6.41817e+02	2.25600e+03	1.61586e-02	6.42000e+02
2257	6.42151e+02	2.25700e+03	1.61602e-02	6.42333e+02
2258	6.42488e+02	2.25800e+03	1.61622e-02	6.42667e+02
2259	6.42811e+02	2.25900e+03	1.61642e-02	6.43000e+02
2260	6.43144e+02	2.26000e+03	1.61662e-02	6.43333e+02
2261	6.43461e+02	2.26100e+03	1.61643e-02	6.43667e+02
2262	6.43795e+02	2.26200e+03	1.61597e-02	6.44000e+02
2263	6.44129e+02	2.26300e+03	1.61535e-02	6.44333e+02
2264	6.44466e+02	2.26400e+03	1.61369e-02	6.44667e+02
2265	6.44788e+02	2.26500e+03	1.61213e-02	6.45000e+02
2266	6.45120e+02	2.26600e+03	1.61024e-02	6.45333e+02
2267	6.45454e+02	2.26700e+03	1.60804e-02	6.45667e+02
2268	6.45783e+02	2.26800e+03	1.60508e-02	6.46000e+02
2269	6.46117e+02	2.26900e+03	1.60290e-02	6.46333e+02
2270	6.46446e+02	2.27000e+03	1.60156e-02	6.46667e+02
2271	6.46781e+02	2.27100e+03	1.60090e-02	6.47000e+02
2272	6.47110e+02	2.27200e+03	1.60229e-02	6.47333e+02
2273	6.47446e+02	2.27300e+03	1.60428e-02	6.47667e+02
2274	6.47778e+02	2.27400e+03	1.60698e-02	6.48000e+02
2275	6.48118e+02	2.27500e+03	1.61006e-02	6.48333e+02
2276	6.48444e+02	2.27600e+03	1.61582e-02	6.48667e+02
2277	6.48772e+02	2.27700e+03	1.61964e-02	6.49000e+02
2278	6.49102e+02	2.27800e+03	1.62293e-02	6.49333e+02
2279	6.49441e+02	2.27900e+03	1.62608e-02	6.49667e+02
2280	6.49765e+02	2.28000e+03	1.62799e-02	6.50000e+02
2281	6.50103e+02	2.28100e+03	1.63019e-02	6.50333e+02
2282	6.50435e+02	2.28200e+03	1.63195e-02	6.50667e+02
2283	6.50763e+02	2.28300e+03	1.63325e-02	6.51000e+02
2284	6.51091e+02	2.28400e+03	1.63264e-02	6.51333e+02
2285	6.51419e+02	2.28500e+03	1.63200e-02	6.51667e+02
2286	6.51763e+02	2.28600e+03	1.63121e-02	6.52000e+02
2287	6.52086e+02	2.28700e+03	1.63032e-02	6.52333e+02
2288	6.52424e+02	2.28800e+03	1.62774e-02	6.52667e+02
2289	6.52749e+02	2.28900e+03	1.62644e-02	6.53000e+02
2290	6.53087e+02	2.29000e+03	1.62559e-02	6.53333e+02
2291	6.53416e+02	2.29100e+03	1.62494e-02	6.53667e+02
2292	6.53745e+02	2.29200e+03	1.62610e-02	6.54000e+02
2293	6.54081e+02	2.29300e+03	1.62727e-02	6.54333e+02
2294	6.54413e+02	2.29400e+03	1.62883e-02	6.54667e+02
2295	6.54735e+02	2.29500e+03	1.63066e-02	6.55000e+02
2296	6.55056e+02	2.29600e+03	1.63381e-02	6.55333e+02
2297	6.55392e+02	2.29700e+03	1.63596e-02	6.55667e+02
2298	6.55730e+02	2.29800e+03	1.63769e-02	6.56000e+02
2299	6.56057e+02	2.29900e+03	1.63921e-02	6.56333e+02
2300	6.56386e+02	2.30000e+03	1.64016e-02	6.56667e+02
2301	6.56714e+02	2.30100e+03	1.64146e-02	6.57000e+02
2302	6.57042e+02	2.30200e+03	1.64270e-02	6.57333e+02
2303	6.57372e+02	2.30300e+03	1.64367e-02	6.57667e+02
2304	6.57694e+02	2.30400e+03	1.64389e-02	6.58000e+02
2305	6.58032e+02	2.30500e+03	1.64388e-02	6.58333e+02
2306	6.58352e+02	2.30600e+03	1.64318e-02	6.58667e+02
2307	6.58688e+02	2.30700e+03	1.64193e-02	6.59000e+02
2308	6.59023e+02	2.30800e+03	1.63892e-02	6.59333e+02
2309	6.59347e+02	2.30900e+03	1.63641e-02	6.59667e+02
2310	6.59669e+02	2.31000e+03	1.63392e-02	6.60000e+02
2311	6.60005e+02	2.31100e+03	1.63140e-02	6.60333e+02
2312	6.60334e+02	2.31200e+03	1.62808e-02	6.60667e+02
2313	6.60666e+02	2.31300e+03	1.62557e-02	6.61000e+02
2314	6.60999e+02	2.31400e+03	1.62349e-02	6.61333e+02
2315	6.61322e+02	2.31500e+03	1.62161e-02	6.61667e+02
2316	6.61656e+02	2.31600e+03	1.62105e-02	6.62000e+02
2317	6.61990e+02	2.31700e+03	1.62031e-02	6.62333e+02
2318	6.62315e+02	2.31800e+03	1.61958e-02	6.62667e+02
2319	6.62643e+02	2.31900e+03	1.61887e-02	6.63000e+02
2320	6.62976e+02	2.32000e+03	1.61885e-02	6.63333e+02
2321	6.63316e+02	2.32100e+03	1.61837e-02	6.63667e+02
2322	6.63643e+02	2.32200e+03	1.61788e-02	6.64000e+02
2323	6.63977e+02	2.32300e+03	1.61752e-02	6.64333e+02
2324	6.64307e+02	2.32400e+03	1.61730e-02	6.64667e+02
2325	6.64641e+02	2.32500e+03	1.61751e-02	6.65000e+02
2326	6.64968e+02	2.32600e+03	1.61802e-02	6.65333e+02
2327	6.65306e+02	2.32700e+03	1.61869e-02	6.65667e+02
2328	6.65633e+02	2.32800e+03	1.62023e-02	6.66000e+02
2329	6.65958e+02	2.32900e+03	1.62093e-02	6.66333e+02
2330	6.66291e+02	2.33000e+03	1.62110e-02	6.66667e+02
2331	6.66624e+02	2.33100e+03	1.62102e-02	6.67000e+02
2332	6.66957e+02	2.33200e+03	1.62013e-02	6.67333e+02
2333	6.67288e+02	2.33300e+03	1.61918e-02	6.67667e+02
2334	6.67619e+02	2.33400e+03	1.61801e-02	6.68000e+02
2335	6.67946e+02	2.33500e+03	1.61676e-02	6.68333e+02
2336	6.68276e+02	2.33600e+03	1.61499e-02	6.68667e+02
2337	6.68605e+02	2.33700e+03	1.61423e-02	6.69000e+02
2338	6.68932e+02	2.33800e+03	1.61426e-02	6.69333e+02
2339	6.69268e+02	2.33900e+03	1.61480e-02	6.69667e+02
2340	6.69609e+02	2.34000e+03	1.61732e-02	6.70000e+02
2341	6.69941e+02	2.34100e+03	1.61936e-02	6.70333e+02
2342	6.70259e+02	2.34200e+03	1.62116e-02	6.70667e+02
2343	6.70595e+02	2.34300e+03	1.62267e-02	6.71000e+02
2344	6.70935e+02	2.34400e+03	1.62396e-02	6.71333e+02
2345	6.71269e+02	2.34500e+03	1.62403e-02	6.71667e+02
2346	6.71605e+02	2.34600e+03	1.62327e-02	6.72000e+02
2347	6.71942e+02	2.34700e+03	1.62203e-02	6.72333e+02
2348	6.72270e+02	2.34800e+03	1.61805e-02	6.72667e+02
2349	6.72600e+02	2.34900e+03	1.61567e-02	6.73000e+02
2350	6.72931e+02	2.35000e+03	1.61383e-02	6.73333e+02
2351	6.73266e+02	2.35100e+03	1.61222e-02	6.73667e+02
2352	6.73600e+02	2.35200e+03	1.61193e-02	6.74000e+02
2353	6.73933e+02	2.35300e+03	1.61211e-02	6.74333e+02
2354	6.74255e+02	2.35400e+03	1.61266e-02	6.74667e+02
2355	6.74604e+02	2.35500e+03	1.61330e-02	6.75000e+02
2356	6.74923e+02	2.35600e+03	1.61518e-02	6.75333e+02
2357	6.75253e+02	2.35700e+03	1.61585e-02	6.75667e+02
2358	6.75581e+02	2.35800e+03	1.61621e-02	6.76000e+02
2359	6.75928e+02	2.35900e+03	1.61649e-02	6.76333e+02
2360	6.76259e+02	2.36000e+03	1.61559e-02	6.76667e+02
2361	6.76598e+02	2.36100e+03	1.61524e-02	6.77000e+02
2362	6.76924e+02	2.36200e+03	1.61486e-02	6.77333e+02
2363	6.77259e+02	2.36300e+03	1.61434e-02	6.77667e+02
2364	6.77591e+02	2.36400e+03	1.61307e-02	6.78000e+02
2365	6.77923e+02	2.36500e+03	1.61144e-02	6.78333e+02
2366	6.78248e+02	2.36600e+03	1.60957e-02	6.78667e+02
2367	6.78583e+02	2.36700e+03	1.60757e-02	6.79000e+02
2368	6.78925e+02	2.36800e+03	1.60438e-02	6.79333e+02
2369	6.79253e+02	2.36900e+03	1.60190e-02	6.79667e+02
2370	6.79587e+02	2.37000e+03	1.59961e-02	6.80000e+02
2371	6.79918e+02	2.37100e+03	1.59730e-02	6.80333e+02
2372	6.80250e+02	2.37200e+03	1.59520e-02	6.80667e+02
2373	6.80588e+02	2.37300e+03	1.59325e-02	6.81000e+02
2374	6.80928e+02	2.37400e+03	1.59166e-02	6.81333e+02
2375	6.81260e+02	2.37500e+03	1.59042e-02	6.81667e+02
2376	6.81587e+02	2.37600e+03	1.59053e-02	6.82000e+02
2377	6.81927e+02	2.37700e+03	1.59091e-02	6.82333e+02
2378	6.82261e+02	2.37800e+03	1.59184e-02	6.82667e+02
2379	6.82599e+02	2.37900e+03	1.59316e-02	6.83000e+02
2380	6.82931e+02	2.38000e+03	1.59633e-02	6.83333e+02
2381	6.83267e+02	2.38100e+03	1.59821e-02	6.83667e+02
2382	6.83596e+02	2.38200e+03	1.59928e-02	6.84000e+02
2383	6.83922e+02	2.38300e+03	1.59977e-02	6.84333e+02
2384	6.84260e+02	2.38400e+03	1.59837e-02	6.84667e+02
2385	6.84602e+02	2.38500e+03	1.59674e-02	6.85000e+02
2386	6.84938e+02	2.38600e+03	1.59468e-02	6.85333e+02
2387	6.85272e+02	2.38700e+03	1.59230e-02	6.85667e+02
2388	6.85604e+02	2.38800e+03	1.58738e-02	6.86000e+02
2389	6.85939e+02	2.38900e+03	1.58383e-02	6.86333e+02
2390	6.86271e+02	2.39000e+03	1.58058e-02	6.86667e+02
2391	6.86602e+02	2.39100e+03	1.57735e-02	6.87000e+02
2392	6.86944e+02	2.39200e+03	1.57470e-02	6.87333e+02
2393	6.87271e+02	2.39300e+03	1.57228e-02	6.87667e+02
2394	6.87612e+02	2.39400e+03	1.57043e-02	6.88000e+02
2395	6.87941e+02	2.39500e+03	1.56912e-02	6.88333e+02
2396	6.88271e+02	2.39600e+03	1.56998e-02	6.88667e+02
2397	6.88617e+02	2.39700e+03	1.57105e-02	6.89000e+02
2398	6.88957e+02	2.39800e+03	1.57285e-02	6.89333e+02
2399	6.89287e+02	2.39900e+03	1.57524e-02	6.89667e+02
2400	6.89622e+02	2.40000e+03	1.58094e-02	6.90000e+02
2401	6.89958e+02	2.40100e+03	1.58562e-02	6.90333e+02
2402	6.90294e+02	2.40200e+03	1.59030e-02	6.90667e+02
2403	6.90618e+02	2.40300e+03	1.59501e-02	6.91000e+02
2404	6.90956e+02	2.40400e+03	1.59993e-02	6.91333e+02
2405	6.91106e+02	2.40500e+03	1.60349e-02	6.91667e+02
2406	6.91245e+02	2.40600e+03	1.60629e-02	6.92000e+02
2407	6.91464e+02	2.40700e+03	1.60873e-02	6.92333e+02
2408	6.91715e+02	2.40800e+03	1.60880e-02	6.92667e+02
2409	6.91992e+02	2.40900e+03	1.60975e-02	6.93000e+02
2410	6.92244e+02	2.41000e+03	1.61080e-02	6.93333e+02
2411	6.92483e+02	2.41100e+03	1.61180e-02	6.93667e+02
2412	6.92706e+02	2.41200e+03	1.61217e-02	6.94000e+02
2413	6.92937e+02	2.41300e+03	1.61228e-02	6.94333e+02
2414	6.93158e+02	2.41400e+03	1.61176e-02	6.94667e+02
2415	6.93370e+02	2.41500e+03	1.61082e-02	6.95000e+02
2416	6.93560e+02	2.41600e+03	1.60872e-02	6.95333e+02
2417	6.93765e+02	2.41700e+03	1.60651e-02	6.95667e+02
2418	6.93957e+02	2.41800e+03	1.60401e-02	6.96000e+02
2419	6.94143e+02	2.41900e+03	1.60131e-02	6.96333e+02
2420	6.94320e+02	2.42000e+03	1.59714e-02	6.96667e+02
2421	6.94496e+02	2.42100e+03	1.59389e-02	6.97000e+02
2422	6.94663e+02	2.42200e+03	1.59104e-02	6.97333e+02
2423	6.94824e+02	2.42300e+03	1.58844e-02	6.97667e+02
2424	6.94993e+02	2.42400e+03	1.58693e-02	6.98000e+02
2425	6.95136e+02	2.42500e+03	1.58598e-02	6.98333e+02
2426	6.95281e+02	2.42600e+03	1.58589e-02	6.98667e+02
2427	6.95437e+02	2.42700e+03	1.58626e-02	6.99000e+02
2428	6.95584e+02	2.42800e+03	1.58879e-02	6.99333e+02
2429	6.95709e+02	2.42900e+03	1.59059e-02	6.99667e+02
2430	6.95838e+02	2.43000e+03	1.59230e-02	7.00000e+02
