index	ts	t	weight	tr
[#]	[°C]	[s]	[mg]	[°C]
723	1.29770e+02	7.23000e+02	3.00624e+00	1.31000e+02
724	1.30106e+02	7.24000e+02	3.00623e+00	1.31333e+02
725	1.30435e+02	7.25000e+02	3.00623e+00	1.31667e+02
726	1.30771e+02	7.26000e+02	3.00621e+00	1.32000e+02
727	1.31111e+02	7.27000e+02	3.00620e+00	1.32333e+02
728	1.31438e+02	7.28000e+02	3.00618e+00	1.32667e+02
729	1.31771e+02	7.29000e+02	3.00616e+00	1.33000e+02
730	1.32106e+02	7.30000e+02	3.00614e+00	1.33333e+02
731	1.32436e+02	7.31000e+02	3.00611e+00	1.33667e+02
732	1.32758e+02	7.32000e+02	3.00608e+00	1.34000e+02
733	1.33087e+02	7.33000e+02	3.00606e+00	1.34333e+02
734	1.33429e+02	7.34000e+02	3.00604e+00	1.34667e+02
735	1.33741e+02	7.35000e+02	3.00603e+00	1.35000e+02
736	1.34088e+02	7.36000e+02	3.00602e+00	1.35333e+02
737	1.34424e+02	7.37000e+02	3.00602e+00	1.35667e+02
738	1.34759e+02	7.38000e+02	3.00603e+00	1.36000e+02
739	1.35071e+02	7.39000e+02	3.00603e+00	1.36333e+02
740	1.35420e+02	7.40000e+02	3.00605e+00	1.36667e+02
741	1.35748e+02	7.41000e+02	3.00606e+00	1.37000e+02
742	1.36103e+02	7.42000e+02	3.00606e+00	1.37333e+02
743	1.36431e+02	7.43000e+02	3.00606e+00	1.37667e+02
744	1.36749e+02	7.44000e+02	3.00605e+00	1.38000e+02
745	1.37082e+02	7.45000e+02	3.00603e+00	1.38333e+02
746	1.37408e+02	7.46000e+02	3.00600e+00	1.38667e+02
747	1.37752e+02	7.47000e+02	3.00597e+00	1.39000e+02
748	1.38073e+02	7.48000e+02	3.00592e+00	1.39333e+02
749	1.38416e+02	7.49000e+02	3.00588e+00	1.39667e+02
750	1.38749e+02	7.50000e+02	3.00585e+00	1.40000e+02
751	1.39083e+02	7.51000e+02	3.00582e+00	1.40333e+02
752	1.39401e+02	7.52000e+02	3.00580e+00	1.40667e+02
753	1.39750e+02	7.53000e+02	3.00578e+00	1.41000e+02
754	1.40071e+02	7.54000e+02	3.00577e+00	1.41333e+02
755	1.40410e+02	7.55000e+02	3.00576e+00	1.41667e+02
756	1.40747e+02	7.56000e+02	3.00577e+00	1.42000e+02
757	1.41069e+02	7.57000e+02	3.00576e+00	1.42333e+02
758	1.41400e+02	7.58000e+02	3.00576e+00	1.42667e+02
759	1.41737e+02	7.59000e+02	3.00576e+00	1.43000e+02
760	1.42081e+02	7.60000e+02	3.00576e+00	1.43333e+02
761	1.42416e+02	7.61000e+02	3.00576e+00	1.43667e+02
762	1.42740e+02	7.62000e+02	3.00575e+00	1.44000e+02
763	1.43078e+02	7.63000e+02	3.00574e+00	1.44333e+02
764	1.43409e+02	7.64000e+02	3.00573e+00	1.44667e+02
765	1.43753e+02	7.65000e+02	3.00572e+00	1.45000e+02
766	1.44077e+02	7.66000e+02	3.00571e+00	1.45333e+02
767	1.44422e+02	7.67000e+02	3.00569e+00	1.45667e+02
768	1.44753e+02	7.68000e+02	3.00568e+00	1.46000e+02
769	1.45081e+02	7.69000e+02	3.00567e+00	1.46333e+02
770	1.45411e+02	7.70000e+02	3.00566e+00	1.46667e+02
771	1.45755e+02	7.71000e+02	3.00565e+00	1.47000e+02
772	1.46087e+02	7.72000e+02	3.00565e+00	1.47333e+02
773	1.46425e+02	7.73000e+02	3.00564e+00	1.47667e+02
774	1.46754e+02	7.74000e+02	3.00563e+00	1.48000e+02
775	1.47101e+02	7.75000e+02	3.00562e+00	1.48333e+02
776	1.47443e+02	7.76000e+02	3.00561e+00	1.48667e+02
777	1.47775e+02	7.77000e+02	3.00560e+00	1.49000e+02
778	1.48100e+02	7.78000e+02	3.00559e+00	1.49333e+02
779	1.48435e+02	7.79000e+02	3.00558e+00	1.49667e+02
780	1.48767e+02	7.80000e+02	3.00558e+00	1.50000e+02
781	1.49099e+02	7.81000e+02	3.00557e+00	1.50333e+02
782	1.49430e+02	7.82000e+02	3.00556e+00	1.50667e+02
783	1.49777e+02	7.83000e+02	3.00554e+00	1.51000e+02
784	1.50113e+02	7.84000e+02	3.00552e+00	1.51333e+02
785	1.50449e+02	7.85000e+02	3.00549e+00	1.51667e+02
786	1.50776e+02	7.86000e+02	3.00546e+00	1.52000e+02
787	1.51111e+02	7.87000e+02	3.00543e+00	1.52333e+02
788	1.51452e+02	7.88000e+02	3.00539e+00	1.52667e+02
789	1.51780e+02	7.89000e+02	3.00536e+00	1.53000e+02
790	1.52113e+02	7.90000e+02	3.00533e+00	1.53333e+02
791	1.52453e+02	7.91000e+02	3.00531e+00	1.53667e+02
792	1.52797e+02	7.92000e+02	3.00530e+00	1.54000e+02
793	1.53134e+02	7.93000e+02	3.00528e+00	1.54333e+02
794	1.53461e+02	7.94000e+02	3.00527e+00	1.54667e+02
795	1.53809e+02	7.95000e+02	3.00525e+00	1.55000e+02
796	1.54134e+02	7.96000e+02	3.00525e+00	1.55333e+02
797	1.54480e+02	7.97000e+02	3.00523e+00	1.55667e+02
798	1.54822e+02	7.98000e+02	3.00522e+00	1.56000e+02
799	1.55152e+02	7.99000e+02	3.00520e+00	1.56333e+02
800	1.55489e+02	8.00000e+02	3.00519e+00	1.56667e+02
801	1.55817e+02	8.01000e+02	3.00517e+00	1.57000e+02
802	1.56156e+02	8.02000e+02	3.00516e+00	1.57333e+02
803	1.56488e+02	8.03000e+02	3.00514e+00	1.57667e+02
804	1.56824e+02	8.04000e+02	3.00513e+00	1.58000e+02
805	1.57158e+02	8.05000e+02	3.00512e+00	1.58333e+02
806	1.57496e+02	8.06000e+02	3.00511e+00	1.58667e+02
807	1.57836e+02	8.07000e+02	3.00510e+00	1.59000e+02
808	1.58180e+02	8.08000e+02	3.00508e+00	1.59333e+02
809	1.58515e+02	8.09000e+02	3.00506e+00	1.59667e+02
810	1.58855e+02	8.10000e+02	3.00504e+00	1.60000e+02
811	1.59186e+02	8.11000e+02	3.00502e+00	1.60333e+02
812	1.59533e+02	8.12000e+02	3.00498e+00	1.60667e+02
813	1.59855e+02	8.13000e+02	3.00495e+00	1.61000e+02
814	1.60208e+02	8.14000e+02	3.00492e+00	1.61333e+02
815	1.60529e+02	8.15000e+02	3.00490e+00	1.61667e+02
816	1.60862e+02	8.16000e+02	3.00487e+00	1.62000e+02
817	1.61207e+02	8.17000e+02	3.00486e+00	1.62333e+02
818	1.61552e+02	8.18000e+02	3.00484e+00	1.62667e+02
819	1.61884e+02	8.19000e+02	3.00483e+00	1.63000e+02
820	1.62216e+02	8.20000e+02	3.00483e+00	1.63333e+02
821	1.62551e+02	8.21000e+02	3.00483e+00	1.63667e+02
822	1.62904e+02	8.22000e+02	3.00482e+00	1.64000e+02
823	1.63236e+02	8.23000e+02	3.00481e+00	1.64333e+02
824	1.63559e+02	8.24000e+02	3.00480e+00	1.64667e+02
825	1.63909e+02	8.25000e+02	3.00479e+00	1.65000e+02
826	1.64256e+02	8.26000e+02	3.00478e+00	1.65333e+02
827	1.64583e+02	8.27000e+02	3.00477e+00	1.65667e+02
828	1.64926e+02	8.28000e+02	3.00477e+00	1.66000e+02
829	1.65258e+02	8.29000e+02	3.00476e+00	1.66333e+02
830	1.65591e+02	8.30000e+02	3.00475e+00	1.66667e+02
831	1.65948e+02	8.31000e+02	3.00473e+00	1.67000e+02
832	1.66275e+02	8.32000e+02	3.00472e+00	1.67333e+02
833	1.66616e+02	8.33000e+02	3.00471e+00	1.67667e+02
834	1.66943e+02	8.34000e+02	3.00469e+00	1.68000e+02
835	1.67293e+02	8.35000e+02	3.00467e+00	1.68333e+02
836	1.67633e+02	8.36000e+02	3.00465e+00	1.68667e+02
837	1.67969e+02	8.37000e+02	3.00464e+00	1.69000e+02
838	1.68289e+02	8.38000e+02	3.00462e+00	1.69333e+02
839	1.68635e+02	8.39000e+02	3.00461e+00	1.69667e+02
840	1.68975e+02	8.40000e+02	3.00459e+00	1.70000e+02
841	1.69304e+02	8.41000e+02	3.00457e+00	1.70333e+02
842	1.69652e+02	8.42000e+02	3.00456e+00	1.70667e+02
843	1.69990e+02	8.43000e+02	3.00454e+00	1.71000e+02
844	1.70334e+02	8.44000e+02	3.00452e+00	1.71333e+02
845	1.70660e+02	8.45000e+02	3.00451e+00	1.71667e+02
846	1.71010e+02	8.46000e+02	3.00449e+00	1.72000e+02
847	1.71350e+02	8.47000e+02	3.00448e+00	1.72333e+02
848	1.71686e+02	8.48000e+02	3.00446e+00	1.72667e+02
849	1.72016e+02	8.49000e+02	3.00444e+00	1.73000e+02
850	1.72356e+02	8.50000e+02	3.00441e+00	1.73333e+02
851	1.72694e+02	8.51000e+02	3.00438e+00	1.73667e+02
852	1.73030e+02	8.52000e+02	3.00434e+00	1.74000e+02
853	1.73362e+02	8.53000e+02	3.00430e+00	1.74333e+02
854	1.73709e+02	8.54000e+02	3.00426e+00	1.74667e+02
855	1.74053e+02	8.55000e+02	3.00422e+00	1.75000e+02
856	1.74388e+02	8.56000e+02	3.00417e+00	1.75333e+02
857	1.74727e+02	8.57000e+02	3.00413e+00	1.75667e+02
858	1.75067e+02	8.58000e+02	3.00408e+00	1.76000e+02
859	1.75405e+02	8.59000e+02	3.00404e+00	1.76333e+02
860	1.75751e+02	8.60000e+02	3.00400e+00	1.76667e+02
861	1.76084e+02	8.61000e+02	3.00396e+00	1.77000e+02
862	1.76430e+02	8.62000e+02	3.00392e+00	1.77333e+02
863	1.76756e+02	8.63000e+02	3.00388e+00	1.77667e+02
864	1.77099e+02	8.64000e+02	3.00384e+00	1.78000e+02
865	1.77431e+02	8.65000e+02	3.00380e+00	1.78333e+02
866	1.77768e+02	8.66000e+02	3.00376e+00	1.78667e+02
867	1.78101e+02	8.67000e+02	3.00371e+00	1.79000e+02
868	1.78445e+02	8.68000e+02	3.00367e+00	1.79333e+02
869	1.78797e+02	8.69000e+02	3.00363e+00	1.79667e+02
870	1.79127e+02	8.70000e+02	3.00359e+00	1.80000e+02
871	1.79464e+02	8.71000e+02	3.00354e+00	1.80333e+02
872	1.79808e+02	8.72000e+02	3.00350e+00	1.80667e+02
873	1.80144e+02	8.73000e+02	3.00345e+00	1.81000e+02
874	1.80487e+02	8.74000e+02	3.00339e+00	1.81333e+02
875	1.80824e+02	8.75000e+02	3.00333e+00	1.81667e+02
876	1.81169e+02	8.76000e+02	3.00326e+00	1.82000e+02
877	1.81490e+02	8.77000e+02	3.00320e+00	1.82333e+02
878	1.81820e+02	8.78000e+02	3.00315e+00	1.82667e+02
879	1.82163e+02	8.79000e+02	3.00311e+00	1.83000e+02
880	1.82508e+02	8.80000e+02	3.00305e+00	1.83333e+02
881	1.82853e+02	8.81000e+02	3.00298e+00	1.83667e+02
882	1.83183e+02	8.82000e+02	3.00290e+00	1.84000e+02
883	1.83524e+02	8.83000e+02	3.00282e+00	1.84333e+02
884	1.83858e+02	8.84000e+02	3.00271e+00	1.84667e+02
885	1.84200e+02	8.85000e+02	3.00262e+00	1.85000e+02
886	1.84529e+02	8.86000e+02	3.00254e+00	1.85333e+02
887	1.84873e+02	8.87000e+02	3.00247e+00	1.85667e+02
888	1.85216e+02	8.88000e+02	3.00241e+00	1.86000e+02
889	1.85554e+02	8.89000e+02	3.00233e+00	1.86333e+02
890	1.85887e+02	8.90000e+02	3.00225e+00	1.86667e+02
891	1.86233e+02	8.91000e+02	3.00216e+00	1.87000e+02
892	1.86570e+02	8.92000e+02	3.00204e+00	1.87333e+02
893	1.86901e+02	8.93000e+02	3.00191e+00	1.87667e+02
894	1.87239e+02	8.94000e+02	3.00177e+00	1.88000e+02
895	1.87578e+02	8.95000e+02	3.00162e+00	1.88333e+02
896	1.87930e+02	8.96000e+02	3.00144e+00	1.88667e+02
897	1.88255e+02	8.97000e+02	3.00129e+00	1.89000e+02
898	1.88606e+02	8.98000e+02	3.00118e+00	1.89333e+02
899	1.88953e+02	8.99000e+02	3.00108e+00	1.89667e+02
900	1.89281e+02	9.00000e+02	3.00104e+00	1.90000e+02
901	1.89619e+02	9.01000e+02	3.00099e+00	1.90333e+02
902	1.89955e+02	9.02000e+02	3.00092e+00	1.90667e+02
903	1.90289e+02	9.03000e+02	3.00085e+00	1.91000e+02
904	1.90623e+02	9.04000e+02	3.00077e+00	1.91333e+02
905	1.90971e+02	9.05000e+02	3.00065e+00	1.91667e+02
906	1.91304e+02	9.06000e+02	3.00050e+00	1.92000e+02
907	1.91649e+02	9.07000e+02	3.00035e+00	1.92333e+02
908	1.91987e+02	9.08000e+02	3.00008e+00	1.92667e+02
909	1.92324e+02	9.09000e+02	2.99985e+00	1.93000e+02
910	1.92667e+02	9.10000e+02	2.99963e+00	1.93333e+02
911	1.92997e+02	9.11000e+02	2.99942e+00	1.93667e+02
912	1.93344e+02	9.12000e+02	2.99921e+00	1.94000e+02
913	1.93683e+02	9.13000e+02	2.99903e+00	1.94333e+02
914	1.94024e+02	9.14000e+02	2.99885e+00	1.94667e+02
915	1.94370e+02	9.15000e+02	2.99867e+00	1.95000e+02
916	1.94708e+02	9.16000e+02	2.99854e+00	1.95333e+02
917	1.95048e+02	9.17000e+02	2.99837e+00	1.95667e+02
918	1.95390e+02	9.18000e+02	2.99819e+00	1.96000e+02
919	1.95730e+02	9.19000e+02	2.99801e+00	1.96333e+02
920	1.96065e+02	9.20000e+02	2.99781e+00	1.96667e+02
921	1.96401e+02	9.21000e+02	2.99762e+00	1.97000e+02
922	1.96743e+02	9.22000e+02	2.99743e+00	1.97333e+02
923	1.97090e+02	9.23000e+02	2.99723e+00	1.97667e+02
924	1.97415e+02	9.24000e+02	2.99703e+00	1.98000e+02
925	1.97756e+02	9.25000e+02	2.99683e+00	1.98333e+02
926	1.98110e+02	9.26000e+02	2.99662e+00	1.98667e+02
927	1.98439e+02	9.27000e+02	2.99641e+00	1.99000e+02
928	1.98780e+02	9.28000e+02	2.99619e+00	1.99333e+02
929	1.99119e+02	9.29000e+02	2.99597e+00	1.99667e+02
930	1.99465e+02	9.30000e+02	2.99576e+00	2.00000e+02
931	1.99812e+02	9.31000e+02	2.99555e+00	2.00333e+02
932	2.00144e+02	9.32000e+02	2.99535e+00	2.00667e+02
933	2.00475e+02	9.33000e+02	2.99514e+00	2.01000e+02
934	2.00819e+02	9.34000e+02	2.99492e+00	2.01333e+02
935	2.01159e+02	9.35000e+02	2.99471e+00	2.01667e+02
936	2.01501e+02	9.36000e+02	2.99449e+00	2.02000e+02
937	2.01840e+02	9.37000e+02	2.99426e+00	2.02333e+02
938	2.02183e+02	9.38000e+02	2.99402e+00	2.02667e+02
939	2.02509e+02	9.39000e+02	2.99378e+00	2.03000e+02
940	2.02859e+02	9.40000e+02	2.99351e+00	2.03333e+02
941	2.03204e+02	9.41000e+02	2.99325e+00	2.03667e+02
942	2.03552e+02	9.42000e+02	2.99298e+00	2.04000e+02
943	2.03891e+02	9.43000e+02	2.99272e+00	2.04333e+02
944	2.04230e+02	9.44000e+02	2.99244e+00	2.04667e+02
945	2.04562e+02	9.45000e+02	2.99217e+00	2.05000e+02
946	2.04900e+02	9.46000e+02	2.99191e+00	2.05333e+02
947	2.05247e+02	9.47000e+02	2.99164e+00	2.05667e+02
948	2.05584e+02	9.48000e+02	2.99139e+00	2.06000e+02
949	2.05922e+02	9.49000e+02	2.99114e+00	2.06333e+02
950	2.06258e+02	9.50000e+02	2.99089e+00	2.06667e+02
951	2.06599e+02	9.51000e+02	2.99065e+00	2.07000e+02
952	2.06944e+02	9.52000e+02	2.99042e+00	2.07333e+02
953	2.07284e+02	9.53000e+02	2.99018e+00	2.07667e+02
954	2.07623e+02	9.54000e+02	2.98994e+00	2.08000e+02
955	2.07961e+02	9.55000e+02	2.98971e+00	2.08333e+02
956	2.08304e+02	9.56000e+02	2.98946e+00	2.08667e+02
957	2.08640e+02	9.57000e+02	2.98921e+00	2.09000e+02
958	2.08983e+02	9.58000e+02	2.98896e+00	2.09333e+02
959	2.09337e+02	9.59000e+02	2.98870e+00	2.09667e+02
960	2.09686e+02	9.60000e+02	2.98843e+00	2.10000e+02
961	2.10014e+02	9.61000e+02	2.98816e+00	2.10333e+02
962	2.10346e+02	9.62000e+02	2.98789e+00	2.10667e+02
963	2.10693e+02	9.63000e+02	2.98762e+00	2.11000e+02
964	2.11023e+02	9.64000e+02	2.98735e+00	2.11333e+02
965	2.11360e+02	9.65000e+02	2.98708e+00	2.11667e+02
966	2.11709e+02	9.66000e+02	2.98681e+00	2.12000e+02
967	2.12053e+02	9.67000e+02	2.98654e+00	2.12333e+02
968	2.12396e+02	9.68000e+02	2.98627e+00	2.12667e+02
969	2.12730e+02	9.69000e+02	2.98602e+00	2.13000e+02
970	2.13075e+02	9.70000e+02	2.98577e+00	2.13333e+02
971	2.13406e+02	9.71000e+02	2.98552e+00	2.13667e+02
972	2.13754e+02	9.72000e+02	2.98530e+00	2.14000e+02
973	2.14097e+02	9.73000e+02	2.98508e+00	2.14333e+02
974	2.14428e+02	9.74000e+02	2.98485e+00	2.14667e+02
975	2.14772e+02	9.75000e+02	2.98463e+00	2.15000e+02
976	2.15102e+02	9.76000e+02	2.98441e+00	2.15333e+02
977	2.15444e+02	9.77000e+02	2.98417e+00	2.15667e+02
978	2.15788e+02	9.78000e+02	2.98392e+00	2.16000e+02
979	2.16126e+02	9.79000e+02	2.98367e+00	2.16333e+02
980	2.16472e+02	9.80000e+02	2.98339e+00	2.16667e+02
981	2.16813e+02	9.81000e+02	2.98312e+00	2.17000e+02
982	2.17143e+02	9.82000e+02	2.98286e+00	2.17333e+02
983	2.17490e+02	9.83000e+02	2.98260e+00	2.17667e+02
984	2.17828e+02	9.84000e+02	2.98235e+00	2.18000e+02
985	2.18177e+02	9.85000e+02	2.98209e+00	2.18333e+02
986	2.18508e+02	9.86000e+02	2.98183e+00	2.18667e+02
987	2.18844e+02	9.87000e+02	2.98156e+00	2.19000e+02
988	2.19178e+02	9.88000e+02	2.98127e+00	2.19333e+02
989	2.19532e+02	9.89000e+02	2.98098e+00	2.19667e+02
990	2.19856e+02	9.90000e+02	2.98068e+00	2.20000e+02
991	2.20208e+02	9.91000e+02	2.98039e+00	2.20333e+02
992	2.20552e+02	9.92000e+02	2.98008e+00	2.20667e+02
993	2.20898e+02	9.93000e+02	2.97980e+00	2.21000e+02
994	2.21224e+02	9.94000e+02	2.97954e+00	2.21333e+02
995	2.21562e+02	9.95000e+02	2.97928e+00	2.21667e+02
996	2.21901e+02	9.96000e+02	2.97906e+00	2.22000e+02
997	2.22232e+02	9.97000e+02	2.97881e+00	2.22333e+02
998	2.22580e+02	9.98000e+02	2.97855e+00	2.22667e+02
999	2.22921e+02	9.99000e+02	2.97828e+00	2.23000e+02
1000	2.23257e+02	1.00000e+03	2.97799e+00	2.23333e+02
1001	2.23602e+02	1.00100e+03	2.97770e+00	2.23667e+02
1002	2.23936e+02	1.00200e+03	2.97741e+00	2.24000e+02
1003	2.24285e+02	1.00300e+03	2.97711e+00	2.24333e+02
1004	2.24624e+02	1.00400e+03	2.97679e+00	2.24667e+02
1005	2.24957e+02	1.00500e+03	2.97647e+00	2.25000e+02
1006	2.25286e+02	1.00600e+03	2.97616e+00	2.25333e+02
1007	2.25623e+02	1.00700e+03	2.97585e+00	2.25667e+02
1008	2.25964e+02	1.00800e+03	2.97555e+00	2.26000e+02
1009	2.26298e+02	1.00900e+03	2.97524e+00	2.26333e+02
1010	2.26625e+02	1.01000e+03	2.97494e+00	2.26667e+02
1011	2.26970e+02	1.01100e+03	2.97464e+00	2.27000e+02
1012	2.27305e+02	1.01200e+03	2.97435e+00	2.27333e+02
1013	2.27643e+02	1.01300e+03	2.97406e+00	2.27667e+02
1014	2.27975e+02	1.01400e+03	2.97377e+00	2.28000e+02
1015	2.28306e+02	1.01500e+03	2.97348e+00	2.28333e+02
1016	2.28649e+02	1.01600e+03	2.97319e+00	2.28667e+02
1017	2.28982e+02	1.01700e+03	2.97290e+00	2.29000e+02
1018	2.29308e+02	1.01800e+03	2.97260e+00	2.29333e+02
1019	2.29654e+02	1.01900e+03	2.97231e+00	2.29667e+02
1020	2.29974e+02	1.02000e+03	2.97200e+00	2.30000e+02
1021	2.30309e+02	1.02100e+03	2.97169e+00	2.30333e+02
1022	2.30646e+02	1.02200e+03	2.97138e+00	2.30667e+02
1023	2.30993e+02	1.02300e+03	2.97107e+00	2.31000e+02
1024	2.31321e+02	1.02400e+03	2.97075e+00	2.31333e+02
1025	2.31647e+02	1.02500e+03	2.97043e+00	2.31667e+02
1026	2.31987e+02	1.02600e+03	2.97011e+00	2.32000e+02
1027	2.32329e+02	1.02700e+03	2.96980e+00	2.32333e+02
1028	2.32653e+02	1.02800e+03	2.96948e+00	2.32667e+02
1029	2.32995e+02	1.02900e+03	2.96916e+00	2.33000e+02
1030	2.33336e+02	1.03000e+03	2.96885e+00	2.33333e+02
1031	2.33661e+02	1.03100e+03	2.96853e+00	2.33667e+02
1032	2.33992e+02	1.03200e+03	2.96822e+00	2.34000e+02
1033	2.34327e+02	1.03300e+03	2.96790e+00	2.34333e+02
1034	2.34665e+02	1.03400e+03	2.96759e+00	2.34667e+02
1035	2.35006e+02	1.03500e+03	2.96727e+00	2.35000e+02
1036	2.35332e+02	1.03600e+03	2.96695e+00	2.35333e+02
1037	2.35669e+02	1.03700e+03	2.96663e+00	2.35667e+02
1038	2.36001e+02	1.03800e+03	2.96630e+00	2.36000e+02
1039	2.36344e+02	1.03900e+03	2.96598e+00	2.36333e+02
1040	2.36686e+02	1.04000e+03	2.96566e+00	2.36667e+02
1041	2.37020e+02	1.04100e+03	2.96534e+00	2.37000e+02
1042	2.37364e+02	1.04200e+03	2.96503e+00	2.37333e+02
1043	2.37689e+02	1.04300e+03	2.96472e+00	2.37667e+02
1044	2.38044e+02	1.04400e+03	2.96442e+00	2.38000e+02
1045	2.38379e+02	1.04500e+03	2.96411e+00	2.38333e+02
1046	2.38716e+02	1.04600e+03	2.96380e+00	2.38667e+02
1047	2.39058e+02	1.04700e+03	2.96349e+00	2.39000e+02
1048	2.39403e+02	1.04800e+03	2.96317e+00	2.39333e+02
1049	2.39748e+02	1.04900e+03	2.96285e+00	2.39667e+02
1050	2.40077e+02	1.05000e+03	2.96252e+00	2.40000e+02
1051	2.40421e+02	1.05100e+03	2.96219e+00	2.40333e+02
1052	2.40769e+02	1.05200e+03	2.96183e+00	2.40667e+02
1053	2.41116e+02	1.05300e+03	2.96149e+00	2.41000e+02
1054	2.41453e+02	1.05400e+03	2.96114e+00	2.41333e+02
1055	2.41799e+02	1.05500e+03	2.96079e+00	2.41667e+02
1056	2.42139e+02	1.05600e+03	2.96043e+00	2.42000e+02
1057	2.42483e+02	1.05700e+03	2.96008e+00	2.42333e+02
1058	2.42825e+02	1.05800e+03	2.95974e+00	2.42667e+02
1059	2.43150e+02	1.05900e+03	2.95939e+00	2.43000e+02
1060	2.43497e+02	1.06000e+03	2.95906e+00	2.43333e+02
1061	2.43853e+02	1.06100e+03	2.95872e+00	2.43667e+02
1062	2.44202e+02	1.06200e+03	2.95838e+00	2.44000e+02
1063	2.44551e+02	1.06300e+03	2.95803e+00	2.44333e+02
1064	2.44875e+02	1.06400e+03	2.95769e+00	2.44667e+02
1065	2.45219e+02	1.06500e+03	2.95734e+00	2.45000e+02
1066	2.45574e+02	1.06600e+03	2.95699e+00	2.45333e+02
1067	2.45919e+02	1.06700e+03	2.95664e+00	2.45667e+02
1068	2.46273e+02	1.06800e+03	2.95629e+00	2.46000e+02
1069	2.46604e+02	1.06900e+03	2.95594e+00	2.46333e+02
1070	2.46941e+02	1.07000e+03	2.95559e+00	2.46667e+02
1071	2.47294e+02	1.07100e+03	2.95524e+00	2.47000e+02
1072	2.47619e+02	1.07200e+03	2.95490e+00	2.47333e+02
1073	2.47960e+02	1.07300e+03	2.95456e+00	2.47667e+02
1074	2.48288e+02	1.07400e+03	2.95423e+00	2.48000e+02
1075	2.48628e+02	1.07500e+03	2.95389e+00	2.48333e+02
1076	2.48958e+02	1.07600e+03	2.95355e+00	2.48667e+02
1077	2.49299e+02	1.07700e+03	2.95321e+00	2.49000e+02
1078	2.49643e+02	1.07800e+03	2.95287e+00	2.49333e+02
1079	2.49995e+02	1.07900e+03	2.95253e+00	2.49667e+02
1080	2.50360e+02	1.08000e+03	2.95217e+00	2.50000e+02
1081	2.50693e+02	1.08100e+03	2.95182e+00	2.50333e+02
1082	2.51030e+02	1.08200e+03	2.95147e+00	2.50667e+02
1083	2.51367e+02	1.08300e+03	2.95111e+00	2.51000e+02
1084	2.51693e+02	1.08400e+03	2.95075e+00	2.51333e+02
1085	2.52020e+02	1.08500e+03	2.95039e+00	2.51667e+02
1086	2.52340e+02	1.08600e+03	2.95003e+00	2.52000e+02
1087	2.52696e+02	1.08700e+03	2.94966e+00	2.52333e+02
1088	2.53029e+02	1.08800e+03	2.94929e+00	2.52667e+02
1089	2.53358e+02	1.08900e+03	2.94893e+00	2.53000e+02
1090	2.53697e+02	1.09000e+03	2.94857e+00	2.53333e+02
1091	2.54061e+02	1.09100e+03	2.94821e+00	2.53667e+02
1092	2.54395e+02	1.09200e+03	2.94785e+00	2.54000e+02
1093	2.54730e+02	1.09300e+03	2.94749e+00	2.54333e+02
1094	2.55083e+02	1.09400e+03	2.94712e+00	2.54667e+02
1095	2.55427e+02	1.09500e+03	2.94676e+00	2.55000e+02
1096	2.55759e+02	1.09600e+03	2.94639e+00	2.55333e+02
1097	2.56096e+02	1.09700e+03	2.94603e+00	2.55667e+02
1098	2.56430e+02	1.09800e+03	2.94566e+00	2.56000e+02
1099	2.56765e+02	1.09900e+03	2.94530e+00	2.56333e+02
1100	2.57109e+02	1.10000e+03	2.94493e+00	2.56667e+02
1101	2.57444e+02	1.10100e+03	2.94456e+00	2.57000e+02
1102	2.57798e+02	1.10200e+03	2.94419e+00	2.57333e+02
1103	2.58134e+02	1.10300e+03	2.94382e+00	2.57667e+02
1104	2.58486e+02	1.10400e+03	2.94344e+00	2.58000e+02
1105	2.58842e+02	1.10500e+03	2.94307e+00	2.58333e+02
1106	2.59205e+02	1.10600e+03	2.94269e+00	2.58667e+02
1107	2.59553e+02	1.10700e+03	2.94232e+00	2.59000e+02
1108	2.59886e+02	1.10800e+03	2.94194e+00	2.59333e+02
1109	2.60226e+02	1.10900e+03	2.94156e+00	2.59667e+02
1110	2.60560e+02	1.11000e+03	2.94119e+00	2.60000e+02
1111	2.60905e+02	1.11100e+03	2.94081e+00	2.60333e+02
1112	2.61226e+02	1.11200e+03	2.94043e+00	2.60667e+02
1113	2.61572e+02	1.11300e+03	2.94006e+00	2.61000e+02
1114	2.61916e+02	1.11400e+03	2.93968e+00	2.61333e+02
1115	2.62246e+02	1.11500e+03	2.93931e+00	2.61667e+02
1116	2.62593e+02	1.11600e+03	2.93893e+00	2.62000e+02
1117	2.62942e+02	1.11700e+03	2.93854e+00	2.62333e+02
1118	2.63293e+02	1.11800e+03	2.93816e+00	2.62667e+02
1119	2.63630e+02	1.11900e+03	2.93777e+00	2.63000e+02
1120	2.63958e+02	1.12000e+03	2.93738e+00	2.63333e+02
1121	2.64292e+02	1.12100e+03	2.93699e+00	2.63667e+02
1122	2.64640e+02	1.12200e+03	2.93661e+00	2.64000e+02
1123	2.65006e+02	1.12300e+03	2.93624e+00	2.64333e+02
1124	2.65344e+02	1.12400e+03	2.93587e+00	2.64667e+02
1125	2.65691e+02	1.12500e+03	2.93551e+00	2.65000e+02
1126	2.66032e+02	1.12600e+03	2.93515e+00	2.65333e+02
1127	2.66381e+02	1.12700e+03	2.93479e+00	2.65667e+02
1128	2.66732e+02	1.12800e+03	2.93445e+00	2.66000e+02
1129	2.67051e+02	1.12900e+03	2.93409e+00	2.66333e+02
1130	2.67390e+02	1.13000e+03	2.93373e+00	2.66667e+02
1131	2.67747e+02	1.13100e+03	2.93336e+00	2.67000e+02
1132	2.68091e+02	1.13200e+03	2.93298e+00	2.67333e+02
1133	2.68445e+02	1.13300e+03	2.93260e+00	2.67667e+02
1134	2.68785e+02	1.13400e+03	2.93221e+00	2.68000e+02
1135	2.69122e+02	1.13500e+03	2.93182e+00	2.68333e+02
1136	2.69468e+02	1.13600e+03	2.93142e+00	2.68667e+02
1137	2.69816e+02	1.13700e+03	2.93102e+00	2.69000e+02
1138	2.70144e+02	1.13800e+03	2.93063e+00	2.69333e+02
1139	2.70488e+02	1.13900e+03	2.93024e+00	2.69667e+02
1140	2.70837e+02	1.14000e+03	2.92985e+00	2.70000e+02
1141	2.71192e+02	1.14100e+03	2.92946e+00	2.70333e+02
1142	2.71529e+02	1.14200e+03	2.92908e+00	2.70667e+02
1143	2.71876e+02	1.14300e+03	2.92870e+00	2.71000e+02
1144	2.72230e+02	1.14400e+03	2.92832e+00	2.71333e+02
1145	2.72560e+02	1.14500e+03	2.92793e+00	2.71667e+02
1146	2.72914e+02	1.14600e+03	2.92754e+00	2.72000e+02
1147	2.73245e+02	1.14700e+03	2.92715e+00	2.72333e+02
1148	2.73592e+02	1.14800e+03	2.92674e+00	2.72667e+02
1149	2.73931e+02	1.14900e+03	2.92633e+00	2.73000e+02
1150	2.74274e+02	1.15000e+03	2.92593e+00	2.73333e+02
1151	2.74623e+02	1.15100e+03	2.92552e+00	2.73667e+02
1152	2.74957e+02	1.15200e+03	2.92510e+00	2.74000e+02
1153	2.75298e+02	1.15300e+03	2.92469e+00	2.74333e+02
1154	2.75640e+02	1.15400e+03	2.92428e+00	2.74667e+02
1155	2.75991e+02	1.15500e+03	2.92387e+00	2.75000e+02
1156	2.76320e+02	1.15600e+03	2.92346e+00	2.75333e+02
1157	2.76663e+02	1.15700e+03	2.92304e+00	2.75667e+02
1158	2.76992e+02	1.15800e+03	2.92263e+00	2.76000e+02
1159	2.77311e+02	1.15900e+03	2.92222e+00	2.76333e+02
1160	2.77654e+02	1.16000e+03	2.92180e+00	2.76667e+02
1161	2.77989e+02	1.16100e+03	2.92139e+00	2.77000e+02
1162	2.78322e+02	1.16200e+03	2.92097e+00	2.77333e+02
1163	2.78671e+02	1.16300e+03	2.92056e+00	2.77667e+02
1164	2.78983e+02	1.16400e+03	2.92015e+00	2.78000e+02
1165	2.79324e+02	1.16500e+03	2.91974e+00	2.78333e+02
1166	2.79666e+02	1.16600e+03	2.91932e+00	2.78667e+02
1167	2.79995e+02	1.16700e+03	2.91891e+00	2.79000e+02
1168	2.80335e+02	1.16800e+03	2.91848e+00	2.79333e+02
1169	2.80657e+02	1.16900e+03	2.91805e+00	2.79667e+02
1170	2.80998e+02	1.17000e+03	2.91762e+00	2.80000e+02
1171	2.81331e+02	1.17100e+03	2.91718e+00	2.80333e+02
1172	2.81655e+02	1.17200e+03	2.91673e+00	2.80667e+02
1173	2.82000e+02	1.17300e+03	2.91628e+00	2.81000e+02
1174	2.82326e+02	1.17400e+03	2.91584e+00	2.81333e+02
1175	2.82661e+02	1.17500e+03	2.91539e+00	2.81667e+02
1176	2.83001e+02	1.17600e+03	2.91494e+00	2.82000e+02
1177	2.83329e+02	1.17700e+03	2.91449e+00	2.82333e+02
1178	2.83656e+02	1.17800e+03	2.91403e+00	2.82667e+02
1179	2.83998e+02	1.17900e+03	2.91358e+00	2.83000e+02
1180	2.84343e+02	1.18000e+03	2.91312e+00	2.83333e+02
1181	2.84672e+02	1.18100e+03	2.91266e+00	2.83667e+02
1182	2.85012e+02	1.18200e+03	2.91219e+00	2.84000e+02
1183	2.85324e+02	1.18300e+03	2.91172e+00	2.84333e+02
1184	2.85670e+02	1.18400e+03	2.91124e+00	2.84667e+02
1185	2.85995e+02	1.18500e+03	2.91076e+00	2.85000e+02
1186	2.86338e+02	1.18600e+03	2.91027e+00	2.85333e+02
1187	2.86685e+02	1.18700e+03	2.90979e+00	2.85667e+02
1188	2.87028e+02	1.18800e+03	2.90929e+00	2.86000e+02
1189	2.87358e+02	1.18900e+03	2.90880e+00	2.86333e+02
1190	2.87697e+02	1.19000e+03	2.90830e+00	2.86667e+02
1191	2.88043e+02	1.19100e+03	2.90781e+00	2.87000e+02
1192	2.88389e+02	1.19200e+03	2.90731e+00	2.87333e+02
1193	2.88726e+02	1.19300e+03	2.90680e+00	2.87667e+02
1194	2.89065e+02	1.19400e+03	2.90629e+00	2.88000e+02
1195	2.89402e+02	1.19500e+03	2.90578e+00	2.88333e+02
1196	2.89759e+02	1.19600e+03	2.90525e+00	2.88667e+02
1197	2.90108e+02	1.19700e+03	2.90472e+00	2.89000e+02
1198	2.90447e+02	1.19800e+03	2.90419e+00	2.89333e+02
1199	2.90785e+02	1.19900e+03	2.90365e+00	2.89667e+02
1200	2.91134e+02	1.20000e+03	2.90309e+00	2.90000e+02
1201	2.91474e+02	1.20100e+03	2.90254e+00	2.90333e+02
1202	2.91806e+02	1.20200e+03	2.90197e+00	2.90667e+02
1203	2.92158e+02	1.20300e+03	2.90140e+00	2.91000e+02
1204	2.92507e+02	1.20400e+03	2.90081e+00	2.91333e+02
1205	2.92850e+02	1.20500e+03	2.90023e+00	2.91667e+02
1206	2.93187e+02	1.20600e+03	2.89964e+00	2.92000e+02
1207	2.93523e+02	1.20700e+03	2.89906e+00	2.92333e+02
1208	2.93854e+02	1.20800e+03	2.89846e+00	2.92667e+02
1209	2.94218e+02	1.20900e+03	2.89786e+00	2.93000e+02
1210	2.94549e+02	1.21000e+03	2.89726e+00	2.93333e+02
1211	2.94876e+02	1.21100e+03	2.89665e+00	2.93667e+02
1212	2.95226e+02	1.21200e+03	2.89603e+00	2.94000e+02
1213	2.95598e+02	1.21300e+03	2.89541e+00	2.94333e+02
1214	2.95952e+02	1.21400e+03	2.89478e+00	2.94667e+02
1215	2.96310e+02	1.21500e+03	2.89414e+00	2.95000e+02
1216	2.96639e+02	1.21600e+03	2.89348e+00	2.95333e+02
1217	2.96962e+02	1.21700e+03	2.89281e+00	2.95667e+02
1218	2.97286e+02	1.21800e+03	2.89215e+00	2.96000e+02
1219	2.97622e+02	1.21900e+03	2.89147e+00	2.96333e+02
1220	2.97962e+02	1.22000e+03	2.89076e+00	2.96667e+02
1221	2.98292e+02	1.22100e+03	2.89006e+00	2.97000e+02
1222	2.98633e+02	1.22200e+03	2.88935e+00	2.97333e+02
1223	2.98949e+02	1.22300e+03	2.88864e+00	2.97667e+02
1224	2.99279e+02	1.22400e+03	2.88789e+00	2.98000e+02
1225	2.99612e+02	1.22500e+03	2.88716e+00	2.98333e+02
1226	2.99958e+02	1.22600e+03	2.88642e+00	2.98667e+02
1227	3.00286e+02	1.22700e+03	2.88569e+00	2.99000e+02
1228	3.00607e+02	1.22800e+03	2.88494e+00	2.99333e+02
1229	3.00948e+02	1.22900e+03	2.88419e+00	2.99667e+02
1230	3.01276e+02	1.23000e+03	2.88344e+00	3.00000e+02
1231	3.01602e+02	1.23100e+03	2.88268e+00	3.00333e+02
1232	3.01940e+02	1.23200e+03	2.88191e+00	3.00667e+02
1233	3.02252e+02	1.23300e+03	2.88114e+00	3.01000e+02
1234	3.02582e+02	1.23400e+03	2.88035e+00	3.01333e+02
1235	3.02905e+02	1.23500e+03	2.87957e+00	3.01667e+02
1236	3.03244e+02	1.23600e+03	2.87874e+00	3.02000e+02
1237	3.03573e+02	1.23700e+03	2.87793e+00	3.02333e+02
1238	3.03906e+02	1.23800e+03	2.87710e+00	3.02667e+02
1239	3.04239e+02	1.23900e+03	2.87627e+00	3.03000e+02
1240	3.04572e+02	1.24000e+03	2.87542e+00	3.03333e+02
1241	3.04899e+02	1.24100e+03	2.87456e+00	3.03667e+02
1242	3.05233e+02	1.24200e+03	2.87370e+00	3.04000e+02
1243	3.05572e+02	1.24300e+03	2.87284e+00	3.04333e+02
1244	3.05911e+02	1.24400e+03	2.87195e+00	3.04667e+02
1245	3.06253e+02	1.24500e+03	2.87106e+00	3.05000e+02
1246	3.06581e+02	1.24600e+03	2.87016e+00	3.05333e+02
1247	3.06907e+02	1.24700e+03	2.86925e+00	3.05667e+02
1248	3.07247e+02	1.24800e+03	2.86829e+00	3.06000e+02
1249	3.07590e+02	1.24900e+03	2.86734e+00	3.06333e+02
1250	3.07913e+02	1.25000e+03	2.86638e+00	3.06667e+02
1251	3.08248e+02	1.25100e+03	2.86542e+00	3.07000e+02
1252	3.08593e+02	1.25200e+03	2.86442e+00	3.07333e+02
1253	3.08931e+02	1.25300e+03	2.86346e+00	3.07667e+02
1254	3.09273e+02	1.25400e+03	2.86250e+00	3.08000e+02
1255	3.09618e+02	1.25500e+03	2.86156e+00	3.08333e+02
1256	3.09970e+02	1.25600e+03	2.86063e+00	3.08667e+02
1257	3.10324e+02	1.25700e+03	2.85968e+00	3.09000e+02
1258	3.10649e+02	1.25800e+03	2.85872e+00	3.09333e+02
1259	3.10977e+02	1.25900e+03	2.85776e+00	3.09667e+02
1260	3.11318e+02	1.26000e+03	2.85678e+00	3.10000e+02
1261	3.11639e+02	1.26100e+03	2.85579e+00	3.10333e+02
1262	3.11997e+02	1.26200e+03	2.85479e+00	3.10667e+02
1263	3.12337e+02	1.26300e+03	2.85378e+00	3.11000e+02
1264	3.12667e+02	1.26400e+03	2.85273e+00	3.11333e+02
1265	3.13002e+02	1.26500e+03	2.85171e+00	3.11667e+02
1266	3.13333e+02	1.26600e+03	2.85068e+00	3.12000e+02
1267	3.13668e+02	1.26700e+03	2.84965e+00	3.12333e+02
1268	3.14005e+02	1.26800e+03	2.84859e+00	3.12667e+02
1269	3.14341e+02	1.26900e+03	2.84752e+00	3.13000e+02
1270	3.14678e+02	1.27000e+03	2.84645e+00	3.13333e+02
1271	3.15000e+02	1.27100e+03	2.84536e+00	3.13667e+02
1272	3.15344e+02	1.27200e+03	2.84426e+00	3.14000e+02
1273	3.15683e+02	1.27300e+03	2.84320e+00	3.14333e+02
1274	3.16022e+02	1.27400e+03	2.84217e+00	3.14667e+02
1275	3.16347e+02	1.27500e+03	2.84115e+00	3.15000e+02
1276	3.16686e+02	1.27600e+03	2.84019e+00	3.15333e+02
1277	3.17014e+02	1.27700e+03	2.83920e+00	3.15667e+02
1278	3.17354e+02	1.27800e+03	2.83819e+00	3.16000e+02
1279	3.17678e+02	1.27900e+03	2.83716e+00	3.16333e+02
1280	3.18021e+02	1.28000e+03	2.83608e+00	3.16667e+02
1281	3.18371e+02	1.28100e+03	2.83495e+00	3.17000e+02
1282	3.18716e+02	1.28200e+03	2.83378e+00	3.17333e+02
1283	3.19077e+02	1.28300e+03	2.83260e+00	3.17667e+02
1284	3.19462e+02	1.28400e+03	2.83126e+00	3.18000e+02
1285	3.19815e+02	1.28500e+03	2.82999e+00	3.18333e+02
1286	3.20185e+02	1.28600e+03	2.82876e+00	3.18667e+02
1287	3.20542e+02	1.28700e+03	2.82754e+00	3.19000e+02
1288	3.20894e+02	1.28800e+03	2.82637e+00	3.19333e+02
1289	3.21242e+02	1.28900e+03	2.82523e+00	3.19667e+02
1290	3.21612e+02	1.29000e+03	2.82411e+00	3.20000e+02
1291	3.21935e+02	1.29100e+03	2.82301e+00	3.20333e+02
1292	3.22264e+02	1.29200e+03	2.82199e+00	3.20667e+02
1293	3.22607e+02	1.29300e+03	2.82092e+00	3.21000e+02
1294	3.22932e+02	1.29400e+03	2.81983e+00	3.21333e+02
1295	3.23279e+02	1.29500e+03	2.81873e+00	3.21667e+02
1296	3.23616e+02	1.29600e+03	2.81758e+00	3.22000e+02
1297	3.23935e+02	1.29700e+03	2.81642e+00	3.22333e+02
1298	3.24245e+02	1.29800e+03	2.81523e+00	3.22667e+02
1299	3.24577e+02	1.29900e+03	2.81403e+00	3.23000e+02
1300	3.24910e+02	1.30000e+03	2.81275e+00	3.23333e+02
1301	3.25237e+02	1.30100e+03	2.81150e+00	3.23667e+02
1302	3.25582e+02	1.30200e+03	2.81025e+00	3.24000e+02
1303	3.25924e+02	1.30300e+03	2.80898e+00	3.24333e+02
1304	3.26280e+02	1.30400e+03	2.80769e+00	3.24667e+02
1305	3.26623e+02	1.30500e+03	2.80641e+00	3.25000e+02
1306	3.26960e+02	1.30600e+03	2.80513e+00	3.25333e+02
1307	3.27297e+02	1.30700e+03	2.80384e+00	3.25667e+02
1308	3.27633e+02	1.30800e+03	2.80253e+00	3.26000e+02
1309	3.27971e+02	1.30900e+03	2.80122e+00	3.26333e+02
1310	3.28306e+02	1.31000e+03	2.79989e+00	3.26667e+02
1311	3.28654e+02	1.31100e+03	2.79856e+00	3.27000e+02
1312	3.28995e+02	1.31200e+03	2.79716e+00	3.27333e+02
1313	3.29328e+02	1.31300e+03	2.79577e+00	3.27667e+02
1314	3.29682e+02	1.31400e+03	2.79435e+00	3.28000e+02
1315	3.30026e+02	1.31500e+03	2.79292e+00	3.28333e+02
1316	3.30345e+02	1.31600e+03	2.79141e+00	3.28667e+02
1317	3.30682e+02	1.31700e+03	2.78992e+00	3.29000e+02
1318	3.31021e+02	1.31800e+03	2.78845e+00	3.29333e+02
1319	3.31356e+02	1.31900e+03	2.78697e+00	3.29667e+02
1320	3.31700e+02	1.32000e+03	2.78546e+00	3.30000e+02
1321	3.32031e+02	1.32100e+03	2.78395e+00	3.30333e+02
1322	3.32367e+02	1.32200e+03	2.78242e+00	3.30667e+02
1323	3.32694e+02	1.32300e+03	2.78087e+00	3.31000e+02
1324	3.33032e+02	1.32400e+03	2.77926e+00	3.31333e+02
1325	3.33373e+02	1.32500e+03	2.77762e+00	3.31667e+02
1326	3.33713e+02	1.32600e+03	2.77595e+00	3.32000e+02
1327	3.34043e+02	1.32700e+03	2.77427e+00	3.32333e+02
1328	3.34398e+02	1.32800e+03	2.77245e+00	3.32667e+02
1329	3.34730e+02	1.32900e+03	2.77066e+00	3.33000e+02
1330	3.35066e+02	1.33000e+03	2.76887e+00	3.33333e+02
1331	3.35401e+02	1.33100e+03	2.76705e+00	3.33667e+02
1332	3.35726e+02	1.33200e+03	2.76516e+00	3.34000e+02
1333	3.36051e+02	1.33300e+03	2.76327e+00	3.34333e+02
1334	3.36393e+02	1.33400e+03	2.76136e+00	3.34667e+02
1335	3.36725e+02	1.33500e+03	2.75943e+00	3.35000e+02
1336	3.37050e+02	1.33600e+03	2.75741e+00	3.35333e+02
1337	3.37385e+02	1.33700e+03	2.75539e+00	3.35667e+02
1338	3.37716e+02	1.33800e+03	2.75335e+00	3.36000e+02
1339	3.38040e+02	1.33900e+03	2.75128e+00	3.36333e+02
1340	3.38375e+02	1.34000e+03	2.74909e+00	3.36667e+02
1341	3.38699e+02	1.34100e+03	2.74691e+00	3.37000e+02
1342	3.39027e+02	1.34200e+03	2.74470e+00	3.37333e+02
1343	3.39367e+02	1.34300e+03	2.74246e+00	3.37667e+02
1344	3.39694e+02	1.34400e+03	2.74008e+00	3.38000e+02
1345	3.40011e+02	1.34500e+03	2.73772e+00	3.38333e+02
1346	3.40356e+02	1.34600e+03	2.73531e+00	3.38667e+02
1347	3.40693e+02	1.34700e+03	2.73288e+00	3.39000e+02
1348	3.41033e+02	1.34800e+03	2.73029e+00	3.39333e+02
1349	3.41355e+02	1.34900e+03	2.72772e+00	3.39667e+02
1350	3.41690e+02	1.35000e+03	2.72511e+00	3.40000e+02
1351	3.42020e+02	1.35100e+03	2.72247e+00	3.40333e+02
1352	3.42363e+02	1.35200e+03	2.71965e+00	3.40667e+02
1353	3.42698e+02	1.35300e+03	2.71686e+00	3.41000e+02
1354	3.43033e+02	1.35400e+03	2.71403e+00	3.41333e+02
1355	3.43392e+02	1.35500e+03	2.71116e+00	3.41667e+02
1356	3.43733e+02	1.35600e+03	2.70811e+00	3.42000e+02
1357	3.44073e+02	1.35700e+03	2.70508e+00	3.42333e+02
1358	3.44415e+02	1.35800e+03	2.70201e+00	3.42667e+02
1359	3.44769e+02	1.35900e+03	2.69890e+00	3.43000e+02
1360	3.45096e+02	1.36000e+03	2.69559e+00	3.43333e+02
1361	3.45431e+02	1.36100e+03	2.69231e+00	3.43667e+02
1362	3.45773e+02	1.36200e+03	2.68898e+00	3.44000e+02
1363	3.46108e+02	1.36300e+03	2.68561e+00	3.44333e+02
1364	3.46444e+02	1.36400e+03	2.68202e+00	3.44667e+02
1365	3.46788e+02	1.36500e+03	2.67843e+00	3.45000e+02
1366	3.47114e+02	1.36600e+03	2.67479e+00	3.45333e+02
1367	3.47439e+02	1.36700e+03	2.67110e+00	3.45667e+02
1368	3.47772e+02	1.36800e+03	2.66712e+00	3.46000e+02
1369	3.48105e+02	1.36900e+03	2.66315e+00	3.46333e+02
1370	3.48483e+02	1.37000e+03	2.65910e+00	3.46667e+02
1371	3.48858e+02	1.37100e+03	2.65497e+00	3.47000e+02
1372	3.49195e+02	1.37200e+03	2.65046e+00	3.47333e+02
1373	3.49555e+02	1.37300e+03	2.64598e+00	3.47667e+02
1374	3.49926e+02	1.37400e+03	2.64140e+00	3.48000e+02
1375	3.50258e+02	1.37500e+03	2.63674e+00	3.48333e+02
1376	3.50589e+02	1.37600e+03	2.63159e+00	3.48667e+02
1377	3.50919e+02	1.37700e+03	2.62647e+00	3.49000e+02
1378	3.51268e+02	1.37800e+03	2.62120e+00	3.49333e+02
1379	3.51629e+02	1.37900e+03	2.61580e+00	3.49667e+02
1380	3.51965e+02	1.38000e+03	2.60979e+00	3.50000e+02
1381	3.52308e+02	1.38100e+03	2.60381e+00	3.50333e+02
1382	3.52664e+02	1.38200e+03	2.59768e+00	3.50667e+02
1383	3.52993e+02	1.38300e+03	2.59143e+00	3.51000e+02
1384	3.53383e+02	1.38400e+03	2.58450e+00	3.51333e+02
1385	3.53689e+02	1.38500e+03	2.57771e+00	3.51667e+02
1386	3.53996e+02	1.38600e+03	2.57082e+00	3.52000e+02
1387	3.54307e+02	1.38700e+03	2.56383e+00	3.52333e+02
1388	3.54623e+02	1.38800e+03	2.55631e+00	3.52667e+02
1389	3.54943e+02	1.38900e+03	2.54887e+00	3.53000e+02
1390	3.55257e+02	1.39000e+03	2.54132e+00	3.53333e+02
1391	3.55583e+02	1.39100e+03	2.53368e+00	3.53667e+02
1392	3.55910e+02	1.39200e+03	2.52555e+00	3.54000e+02
1393	3.56237e+02	1.39300e+03	2.51750e+00	3.54333e+02
1394	3.56546e+02	1.39400e+03	2.50935e+00	3.54667e+02
1395	3.56872e+02	1.39500e+03	2.50113e+00	3.55000e+02
1396	3.57198e+02	1.39600e+03	2.49247e+00	3.55333e+02
1397	3.57510e+02	1.39700e+03	2.48389e+00	3.55667e+02
1398	3.57832e+02	1.39800e+03	2.47524e+00	3.56000e+02
1399	3.58123e+02	1.39900e+03	2.46651e+00	3.56333e+02
1400	3.58419e+02	1.40000e+03	2.45739e+00	3.56667e+02
1401	3.58737e+02	1.40100e+03	2.44831e+00	3.57000e+02
1402	3.59052e+02	1.40200e+03	2.43912e+00	3.57333e+02
1403	3.59358e+02	1.40300e+03	2.42984e+00	3.57667e+02
1404	3.59671e+02	1.40400e+03	2.42010e+00	3.58000e+02
1405	3.59993e+02	1.40500e+03	2.41039e+00	3.58333e+02
1406	3.60318e+02	1.40600e+03	2.40056e+00	3.58667e+02
1407	3.60624e+02	1.40700e+03	2.39063e+00	3.59000e+02
1408	3.60946e+02	1.40800e+03	2.38016e+00	3.59333e+02
1409	3.61254e+02	1.40900e+03	2.36977e+00	3.59667e+02
1410	3.61561e+02	1.41000e+03	2.35926e+00	3.60000e+02
1411	3.61893e+02	1.41100e+03	2.34866e+00	3.60333e+02
1412	3.62200e+02	1.41200e+03	2.33751e+00	3.60667e+02
1413	3.62523e+02	1.41300e+03	2.32643e+00	3.61000e+02
1414	3.62835e+02	1.41400e+03	2.31524e+00	3.61333e+02
1415	3.63153e+02	1.41500e+03	2.30395e+00	3.61667e+02
1416	3.63482e+02	1.41600e+03	2.29211e+00	3.62000e+02
1417	3.63799e+02	1.41700e+03	2.28033e+00	3.62333e+02
1418	3.64122e+02	1.41800e+03	2.26843e+00	3.62667e+02
1419	3.64442e+02	1.41900e+03	2.25643e+00	3.63000e+02
1420	3.64756e+02	1.42000e+03	2.24385e+00	3.63333e+02
1421	3.65085e+02	1.42100e+03	2.23134e+00	3.63667e+02
1422	3.65411e+02	1.42200e+03	2.21871e+00	3.64000e+02
1423	3.65729e+02	1.42300e+03	2.20595e+00	3.64333e+02
1424	3.66055e+02	1.42400e+03	2.19260e+00	3.64667e+02
1425	3.66382e+02	1.42500e+03	2.17932e+00	3.65000e+02
1426	3.66708e+02	1.42600e+03	2.16591e+00	3.65333e+02
1427	3.67037e+02	1.42700e+03	2.15239e+00	3.65667e+02
1428	3.67355e+02	1.42800e+03	2.13828e+00	3.66000e+02
1429	3.67681e+02	1.42900e+03	2.12428e+00	3.66333e+02
1430	3.67994e+02	1.43000e+03	2.11017e+00	3.66667e+02
1431	3.68322e+02	1.43100e+03	2.09597e+00	3.67000e+02
1432	3.68645e+02	1.43200e+03	2.08125e+00	3.67333e+02
1433	3.68958e+02	1.43300e+03	2.06661e+00	3.67667e+02
1434	3.69289e+02	1.43400e+03	2.05186e+00	3.68000e+02
1435	3.69613e+02	1.43500e+03	2.03701e+00	3.68333e+02
1436	3.69931e+02	1.43600e+03	2.02167e+00	3.68667e+02
1437	3.70266e+02	1.43700e+03	2.00640e+00	3.69000e+02
1438	3.70584e+02	1.43800e+03	1.99102e+00	3.69333e+02
1439	3.70905e+02	1.43900e+03	1.97556e+00	3.69667e+02
1440	3.71242e+02	1.44000e+03	1.95962e+00	3.70000e+02
1441	3.71564e+02	1.44100e+03	1.94374e+00	3.70333e+02
1442	3.71888e+02	1.44200e+03	1.92777e+00	3.70667e+02
1443	3.72210e+02	1.44300e+03	1.91171e+00	3.71000e+02
1444	3.72535e+02	1.44400e+03	1.89521e+00	3.71333e+02
1445	3.72830e+02	1.44500e+03	1.87879e+00	3.71667e+02
1446	3.73147e+02	1.44600e+03	1.86230e+00	3.72000e+02
1447	3.73478e+02	1.44700e+03	1.84576e+00	3.72333e+02
1448	3.73790e+02	1.44800e+03	1.82886e+00	3.72667e+02
1449	3.74113e+02	1.44900e+03	1.81205e+00	3.73000e+02
1450	3.74448e+02	1.45000e+03	1.79520e+00	3.73333e+02
1451	3.74770e+02	1.45100e+03	1.77832e+00	3.73667e+02
1452	3.75096e+02	1.45200e+03	1.76120e+00	3.74000e+02
1453	3.75449e+02	1.45300e+03	1.74412e+00	3.74333e+02
1454	3.75777e+02	1.45400e+03	1.72701e+00	3.74667e+02
1455	3.76104e+02	1.45500e+03	1.70987e+00	3.75000e+02
1456	3.76428e+02	1.45600e+03	1.69253e+00	3.75333e+02
1457	3.76771e+02	1.45700e+03	1.67522e+00	3.75667e+02
1458	3.77097e+02	1.45800e+03	1.65785e+00	3.76000e+02
1459	3.77416e+02	1.45900e+03	1.64045e+00	3.76333e+02
1460	3.77734e+02	1.46000e+03	1.62282e+00	3.76667e+02
1461	3.78073e+02	1.46100e+03	1.60523e+00	3.77000e+02
1462	3.78398e+02	1.46200e+03	1.58760e+00	3.77333e+02
1463	3.78722e+02	1.46300e+03	1.56992e+00	3.77667e+02
1464	3.79054e+02	1.46400e+03	1.55206e+00	3.78000e+02
1465	3.79379e+02	1.46500e+03	1.53425e+00	3.78333e+02
1466	3.79724e+02	1.46600e+03	1.51642e+00	3.78667e+02
1467	3.80049e+02	1.46700e+03	1.49857e+00	3.79000e+02
1468	3.80379e+02	1.46800e+03	1.48058e+00	3.79333e+02
1469	3.80688e+02	1.46900e+03	1.46261e+00	3.79667e+02
1470	3.81013e+02	1.47000e+03	1.44462e+00	3.80000e+02
1471	3.81328e+02	1.47100e+03	1.42661e+00	3.80333e+02
1472	3.81652e+02	1.47200e+03	1.40851e+00	3.80667e+02
1473	3.81980e+02	1.47300e+03	1.39047e+00	3.81000e+02
1474	3.82298e+02	1.47400e+03	1.37245e+00	3.81333e+02
1475	3.82622e+02	1.47500e+03	1.35444e+00	3.81667e+02
1476	3.82947e+02	1.47600e+03	1.33648e+00	3.82000e+02
1477	3.83275e+02	1.47700e+03	1.31852e+00	3.82333e+02
1478	3.83609e+02	1.47800e+03	1.30058e+00	3.82667e+02
1479	3.83939e+02	1.47900e+03	1.28265e+00	3.83000e+02
1480	3.84276e+02	1.48000e+03	1.26479e+00	3.83333e+02
1481	3.84591e+02	1.48100e+03	1.24689e+00	3.83667e+02
1482	3.84926e+02	1.48200e+03	1.22898e+00	3.84000e+02
1483	3.85252e+02	1.48300e+03	1.21106e+00	3.84333e+02
1484	3.85596e+02	1.48400e+03	1.19307e+00	3.84667e+02
1485	3.85917e+02	1.48500e+03	1.17504e+00	3.85000e+02
1486	3.86251e+02	1.48600e+03	1.15695e+00	3.85333e+02
1487	3.86584e+02	1.48700e+03	1.13882e+00	3.85667e+02
1488	3.86911e+02	1.48800e+03	1.12054e+00	3.86000e+02
1489	3.87246e+02	1.48900e+03	1.10235e+00	3.86333e+02
1490	3.87591e+02	1.49000e+03	1.08419e+00	3.86667e+02
1491	3.87930e+02	1.49100e+03	1.06607e+00	3.87000e+02
1492	3.88257e+02	1.49200e+03	1.04804e+00	3.87333e+02
1493	3.88599e+02	1.49300e+03	1.03008e+00	3.87667e+02
1494	3.88932e+02	1.49400e+03	1.01218e+00	3.88000e+02
1495	3.89279e+02	1.49500e+03	9.94315e-01	3.88333e+02
1496	3.89616e+02	1.49600e+03	9.76696e-01	3.88667e+02
1497	3.89956e+02	1.49700e+03	9.58982e-01	3.89000e+02
1498	3.90294e+02	1.49800e+03	9.41255e-01	3.89333e+02
1499	3.90624e+02	1.49900e+03	9.23526e-01	3.89667e+02
1500	3.90963e+02	1.50000e+03	9.05802e-01	3.90000e+02
1501	3.91314e+02	1.50100e+03	8.88010e-01	3.90333e+02
1502	3.91646e+02	1.50200e+03	8.70156e-01	3.90667e+02
1503	3.91973e+02	1.50300e+03	8.52255e-01	3.91000e+02
1504	3.92306e+02	1.50400e+03	8.34135e-01	3.91333e+02
1505	3.92636e+02	1.50500e+03	8.16028e-01	3.91667e+02
1506	3.92964e+02	1.50600e+03	7.97887e-01	3.92000e+02
1507	3.93303e+02	1.50700e+03	7.79723e-01	3.92333e+02
1508	3.93638e+02	1.50800e+03	7.61397e-01	3.92667e+02
1509	3.93969e+02	1.50900e+03	7.43205e-01	3.93000e+02
1510	3.94316e+02	1.51000e+03	7.25088e-01	3.93333e+02
1511	3.94659e+02	1.51100e+03	7.07022e-01	3.93667e+02
1512	3.94992e+02	1.51200e+03	6.89172e-01	3.94000e+02
1513	3.95341e+02	1.51300e+03	6.71375e-01	3.94333e+02
1514	3.95692e+02	1.51400e+03	6.53708e-01	3.94667e+02
1515	3.96027e+02	1.51500e+03	6.36144e-01	3.95000e+02
1516	3.96363e+02	1.51600e+03	6.19114e-01	3.95333e+02
1517	3.96710e+02	1.51700e+03	6.02081e-01	3.95667e+02
1518	3.97073e+02	1.51800e+03	5.85220e-01	3.96000e+02
1519	3.97434e+02	1.51900e+03	5.68505e-01	3.96333e+02
1520	3.97762e+02	1.52000e+03	5.52548e-01	3.96667e+02
1521	3.98088e+02	1.52100e+03	5.36522e-01	3.97000e+02
1522	3.98437e+02	1.52200e+03	5.20691e-01	3.97333e+02
1523	3.98777e+02	1.52300e+03	5.05033e-01	3.97667e+02
1524	3.99117e+02	1.52400e+03	4.90263e-01	3.98000e+02
1525	3.99449e+02	1.52500e+03	4.75409e-01	3.98333e+02
1526	3.99778e+02	1.52600e+03	4.60769e-01	3.98667e+02
1527	4.00120e+02	1.52700e+03	4.46322e-01	3.99000e+02
1528	4.00468e+02	1.52800e+03	4.32853e-01	3.99333e+02
1529	4.00805e+02	1.52900e+03	4.19253e-01	3.99667e+02
1530	4.01148e+02	1.53000e+03	4.05861e-01	4.00000e+02
1531	4.01482e+02	1.53100e+03	3.92664e-01	4.00333e+02
1532	4.01818e+02	1.53200e+03	3.80458e-01	4.00667e+02
1533	4.02166e+02	1.53300e+03	3.68121e-01	4.01000e+02
1534	4.02517e+02	1.53400e+03	3.55991e-01	4.01333e+02
1535	4.02857e+02	1.53500e+03	3.44052e-01	4.01667e+02
1536	4.03204e+02	1.53600e+03	3.33095e-01	4.02000e+02
1537	4.03541e+02	1.53700e+03	3.21993e-01	4.02333e+02
1538	4.03887e+02	1.53800e+03	3.11081e-01	4.02667e+02
1539	4.04220e+02	1.53900e+03	3.00347e-01	4.03000e+02
1540	4.04551e+02	1.54000e+03	2.90551e-01	4.03333e+02
1541	4.04884e+02	1.54100e+03	2.80616e-01	4.03667e+02
1542	4.05218e+02	1.54200e+03	2.70866e-01	4.04000e+02
1543	4.05557e+02	1.54300e+03	2.61293e-01	4.04333e+02
1544	4.05888e+02	1.54400e+03	2.52602e-01	4.04667e+02
1545	4.06240e+02	1.54500e+03	2.43775e-01	4.05000e+02
1546	4.06585e+02	1.54600e+03	2.35109e-01	4.05333e+02
1547	4.06926e+02	1.54700e+03	2.26597e-01	4.05667e+02
1548	4.07258e+02	1.54800e+03	2.18884e-01	4.06000e+02
1549	4.07606e+02	1.54900e+03	2.11035e-01	4.06333e+02
1550	4.07947e+02	1.55000e+03	2.03330e-01	4.06667e+02
1551	4.08301e+02	1.55100e+03	1.95763e-01	4.07000e+02
1552	4.08630e+02	1.55200e+03	1.88904e-01	4.07333e+02
1553	4.08967e+02	1.55300e+03	1.81945e-01	4.07667e+02
1554	4.09311e+02	1.55400e+03	1.75128e-01	4.08000e+02
1555	4.09657e+02	1.55500e+03	1.68444e-01	4.08333e+02
1556	4.09992e+02	1.55600e+03	1.62436e-01	4.08667e+02
1557	4.10336e+02	1.55700e+03	1.56324e-01	4.09000e+02
1558	4.10682e+02	1.55800e+03	1.50344e-01	4.09333e+02
1559	4.11011e+02	1.55900e+03	1.44487e-01	4.09667e+02
1560	4.11348e+02	1.56000e+03	1.39260e-01	4.10000e+02
1561	4.11701e+02	1.56100e+03	1.33935e-01	4.10333e+02
1562	4.12045e+02	1.56200e+03	1.28729e-01	4.10667e+02
1563	4.12383e+02	1.56300e+03	1.23636e-01	4.11000e+02
1564	4.12715e+02	1.56400e+03	1.19125e-01	4.11333e+02
1565	4.13067e+02	1.56500e+03	1.14523e-01	4.11667e+02
1566	4.13419e+02	1.56600e+03	1.10030e-01	4.12000e+02
1567	4.13754e+02	1.56700e+03	1.05641e-01	4.12333e+02
1568	4.14109e+02	1.56800e+03	1.01780e-01	4.12667e+02
1569	4.14451e+02	1.56900e+03	9.78330e-02	4.13000e+02
1570	4.14799e+02	1.57000e+03	9.39845e-02	4.13333e+02
1571	4.15135e+02	1.57100e+03	9.02292e-02	4.13667e+02
1572	4.15494e+02	1.57200e+03	8.69501e-02	4.14000e+02
1573	4.15840e+02	1.57300e+03	8.35925e-02	4.14333e+02
1574	4.16177e+02	1.57400e+03	8.03171e-02	4.14667e+02
1575	4.16522e+02	1.57500e+03	7.71209e-02	4.15000e+02
1576	4.16877e+02	1.57600e+03	7.43421e-02	4.15333e+02
1577	4.17243e+02	1.57700e+03	7.14876e-02	4.15667e+02
1578	4.17603e+02	1.57800e+03	6.87020e-02	4.16000e+02
1579	4.17955e+02	1.57900e+03	6.59852e-02	4.16333e+02
1580	4.18302e+02	1.58000e+03	6.36172e-02	4.16667e+02
1581	4.18639e+02	1.58100e+03	6.11905e-02	4.17000e+02
1582	4.18979e+02	1.58200e+03	5.88240e-02	4.17333e+02
1583	4.19306e+02	1.58300e+03	5.65148e-02	4.17667e+02
1584	4.19640e+02	1.58400e+03	5.45034e-02	4.18000e+02
1585	4.19982e+02	1.58500e+03	5.24382e-02	4.18333e+02
1586	4.20312e+02	1.58600e+03	5.04221e-02	4.18667e+02
1587	4.20648e+02	1.58700e+03	4.84541e-02	4.19000e+02
1588	4.20978e+02	1.58800e+03	4.67355e-02	4.19333e+02
1589	4.21310e+02	1.58900e+03	4.49762e-02	4.19667e+02
1590	4.21653e+02	1.59000e+03	4.32624e-02	4.20000e+02
1591	4.21980e+02	1.59100e+03	4.15918e-02	4.20333e+02
1592	4.22329e+02	1.59200e+03	4.01417e-02	4.20667e+02
1593	4.22661e+02	1.59300e+03	3.86557e-02	4.21000e+02
1594	4.22994e+02	1.59400e+03	3.72067e-02	4.21333e+02
1595	4.23338e+02	1.59500e+03	3.57916e-02	4.21667e+02
1596	4.23681e+02	1.59600e+03	3.45588e-02	4.22000e+02
1597	4.24017e+02	1.59700e+03	3.32871e-02	4.22333e+02
1598	4.24364e+02	1.59800e+03	3.20425e-02	4.22667e+02
1599	4.24717e+02	1.59900e+03	3.08267e-02	4.23000e+02
1600	4.25056e+02	1.60000e+03	2.97573e-02	4.23333e+02
1601	4.25406e+02	1.60100e+03	2.86716e-02	4.23667e+02
1602	4.25746e+02	1.60200e+03	2.76160e-02	4.24000e+02
1603	4.26106e+02	1.60300e+03	2.65863e-02	4.24333e+02
1604	4.26444e+02	1.60400e+03	2.56914e-02	4.24667e+02
1605	4.26781e+02	1.60500e+03	2.47648e-02	4.25000e+02
1606	4.27138e+02	1.60600e+03	2.38545e-02	4.25333e+02
1607	4.27486e+02	1.60700e+03	2.29625e-02	4.25667e+02
1608	4.27832e+02	1.60800e+03	2.21672e-02	4.26000e+02
1609	4.28198e+02	1.60900e+03	2.13561e-02	4.26333e+02
1610	4.28537e+02	1.61000e+03	2.05628e-02	4.26667e+02
1611	4.28873e+02	1.61100e+03	1.97861e-02	4.27000e+02
1612	4.29205e+02	1.61200e+03	1.90938e-02	4.27333e+02
1613	4.29534e+02	1.61300e+03	1.83896e-02	4.27667e+02
1614	4.29865e+02	1.61400e+03	1.77030e-02	4.28000e+02
1615	4.30195e+02	1.61500e+03	1.70329e-02	4.28333e+02
1616	4.30518e+02	1.61600e+03	1.64431e-02	4.28667e+02
1617	4.30839e+02	1.61700e+03	1.58401e-02	4.29000e+02
1618	4.31153e+02	1.61800e+03	1.52515e-02	4.29333e+02
1619	4.31452e+02	1.61900e+03	1.46764e-02	4.29667e+02
1620	4.31772e+02	1.62000e+03	1.41729e-02	4.30000e+02
1621	4.32082e+02	1.62100e+03	1.36564e-02	4.30333e+02
1622	4.32415e+02	1.62200e+03	1.31523e-02	4.30667e+02
1623	4.32745e+02	1.62300e+03	1.26606e-02	4.31000e+02
1624	4.33079e+02	1.62400e+03	1.22274e-02	4.31333e+02
1625	4.33408e+02	1.62500e+03	1.17834e-02	4.31667e+02
1626	4.33745e+02	1.62600e+03	1.13494e-02	4.32000e+02
1627	4.34080e+02	1.62700e+03	1.09249e-02	4.32333e+02
1628	4.34419e+02	1.62800e+03	1.05479e-02	4.32667e+02
1629	4.34748e+02	1.62900e+03	1.01613e-02	4.33000e+02
1630	4.35076e+02	1.63000e+03	9.78164e-03	4.33333e+02
1631	4.35395e+02	1.63100e+03	9.40860e-03	4.33667e+02
1632	4.35728e+02	1.63200e+03	9.06950e-03	4.34000e+02
1633	4.36048e+02	1.63300e+03	8.72230e-03	4.34333e+02
1634	4.36376e+02	1.63400e+03	8.38005e-03	4.34667e+02
1635	4.36713e+02	1.63500e+03	8.04347e-03	4.35000e+02
1636	4.37044e+02	1.63600e+03	7.73100e-03	4.35333e+02
1637	4.37387e+02	1.63700e+03	7.41384e-03	4.35667e+02
1638	4.37716e+02	1.63800e+03	7.10066e-03	4.36000e+02
1639	4.38045e+02	1.63900e+03	6.79164e-03	4.36333e+02
1640	4.38381e+02	1.64000e+03	6.50685e-03	4.36667e+02
1641	4.38671e+02	1.64100e+03	6.22188e-03	4.37000e+02
1642	4.39006e+02	1.64200e+03	5.94497e-03	4.37333e+02
1643	4.39322e+02	1.64300e+03	5.67469e-03	4.37667e+02
1644	4.39649e+02	1.64400e+03	5.43694e-03	4.38000e+02
1645	4.39938e+02	1.64500e+03	5.19535e-03	4.38333e+02
1646	4.40219e+02	1.64600e+03	4.95778e-03	4.38667e+02
1647	4.40513e+02	1.64700e+03	4.72314e-03	4.39000e+02
1648	4.40820e+02	1.64800e+03	4.51196e-03	4.39333e+02
1649	4.41129e+02	1.64900e+03	4.29011e-03	4.39667e+02
1650	4.41432e+02	1.65000e+03	4.06825e-03	4.40000e+02
1651	4.41746e+02	1.65100e+03	3.84838e-03	4.40333e+02
1652	4.42072e+02	1.65200e+03	3.63849e-03	4.40667e+02
1653	4.42386e+02	1.65300e+03	3.43595e-03	4.41000e+02
1654	4.42706e+02	1.65400e+03	3.24135e-03	4.41333e+02
1655	4.43021e+02	1.65500e+03	3.05191e-03	4.41667e+02
1656	4.43355e+02	1.65600e+03	2.89503e-03	4.42000e+02
1657	4.43677e+02	1.65700e+03	2.73521e-03	4.42333e+02
1658	4.44000e+02	1.65800e+03	2.57946e-03	4.42667e+02
1659	4.44317e+02	1.65900e+03	2.42654e-03	4.43000e+02
1660	4.44642e+02	1.66000e+03	2.30013e-03	4.43333e+02
1661	4.44962e+02	1.66100e+03	2.16542e-03	4.43667e+02
1662	4.45271e+02	1.66200e+03	2.03280e-03	4.44000e+02
1663	4.45586e+02	1.66300e+03	1.90289e-03	4.44333e+02
1664	4.45911e+02	1.66400e+03	1.78311e-03	4.44667e+02
1665	4.46239e+02	1.66500e+03	1.66194e-03	4.45000e+02
1666	4.46563e+02	1.66600e+03	1.54213e-03	4.45333e+02
1667	4.46884e+02	1.66700e+03	1.42358e-03	4.45667e+02
1668	4.47215e+02	1.66800e+03	1.31250e-03	4.46000e+02
1669	4.47522e+02	1.66900e+03	1.19799e-03	4.46333e+02
1670	4.47840e+02	1.67000e+03	1.08525e-03	4.46667e+02
1671	4.48167e+02	1.67100e+03	9.75543e-04	4.47000e+02
1672	4.48507e+02	1.67200e+03	8.72400e-04	4.47333e+02
1673	4.48839e+02	1.67300e+03	7.69068e-04	4.47667e+02
1674	4.49161e+02	1.67400e+03	6.66165e-04	4.48000e+02
1675	4.49514e+02	1.67500e+03	5.63644e-04	4.48333e+02
1676	4.49830e+02	1.67600e+03	4.74860e-04	4.48667e+02
1677	4.50171e+02	1.67700e+03	3.85990e-04	4.49000e+02
1678	4.50498e+02	1.67800e+03	3.02589e-04	4.49333e+02
1679	4.50823e+02	1.67900e+03	2.24450e-04	4.49667e+02
1680	4.51145e+02	1.68000e+03	1.68427e-04	4.50000e+02
1681	4.51473e+02	1.68100e+03	1.15245e-04	4.50333e+02
1682	4.51789e+02	1.68200e+03	6.87061e-05	4.50667e+02
1683	4.52118e+02	1.68300e+03	2.63065e-05	4.51000e+02
1684	4.52444e+02	1.68400e+03	7.13808e-06	4.51333e+02
1685	4.52776e+02	1.68500e+03	-2.66964e-05	4.51667e+02
1686	4.53095e+02	1.68600e+03	-6.40999e-05	4.52000e+02
1687	4.53420e+02	1.68700e+03	-1.01951e-04	4.52333e+02
1688	4.53754e+02	1.68800e+03	-1.41845e-04	4.52667e+02
1689	4.54094e+02	1.68900e+03	-1.79138e-04	4.53000e+02
1690	4.54431e+02	1.69000e+03	-2.15769e-04	4.53333e+02
1691	4.54763e+02	1.69100e+03	-2.51906e-04	4.53667e+02
1692	4.55113e+02	1.69200e+03	-2.81573e-04	4.54000e+02
1693	4.55459e+02	1.69300e+03	-3.09507e-04	4.54333e+02
1694	4.55797e+02	1.69400e+03	-3.34050e-04	4.54667e+02
1695	4.56137e+02	1.69500e+03	-3.56348e-04	4.55000e+02
1696	4.56498e+02	1.69600e+03	-3.71332e-04	4.55333e+02
1697	4.56826e+02	1.69700e+03	-3.91448e-04	4.55667e+02
1698	4.57146e+02	1.69800e+03	-4.12396e-04	4.56000e+02
1699	4.57478e+02	1.69900e+03	-4.33081e-04	4.56333e+02
1700	4.57808e+02	1.70000e+03	-4.55484e-04	4.56667e+02
1701	4.58160e+02	1.70100e+03	-4.77903e-04	4.57000e+02
1702	4.58487e+02	1.70200e+03	-5.01305e-04	4.57333e+02
1703	4.58837e+02	1.70300e+03	-5.26083e-04	4.57667e+02
1704	4.59174e+02	1.70400e+03	-5.57234e-04	4.58000e+02
1705	4.59504e+02	1.70500e+03	-5.90175e-04	4.58333e+02
1706	4.59843e+02	1.70600e+03	-6.24499e-04	4.58667e+02
1707	4.60186e+02	1.70700e+03	-6.58490e-04	4.59000e+02
1708	4.60536e+02	1.70800e+03	-6.93947e-04	4.59333e+02
1709	4.60859e+02	1.70900e+03	-7.24060e-04	4.59667e+02
1710	4.61183e+02	1.71000e+03	-7.52877e-04	4.60000e+02
1711	4.61513e+02	1.71100e+03	-7.81252e-04	4.60333e+02
1712	4.61836e+02	1.71200e+03	-8.06299e-04	4.60667e+02
1713	4.62159e+02	1.71300e+03	-8.38898e-04	4.61000e+02
1714	4.62470e+02	1.71400e+03	-8.74490e-04	4.61333e+02
1715	4.62798e+02	1.71500e+03	-9.11433e-04	4.61667e+02
1716	4.63127e+02	1.71600e+03	-9.56148e-04	4.62000e+02
1717	4.63454e+02	1.71700e+03	-9.92732e-04	4.62333e+02
1718	4.63784e+02	1.71800e+03	-1.02588e-03	4.62667e+02
1719	4.64111e+02	1.71900e+03	-1.05764e-03	4.63000e+02
1720	4.64444e+02	1.72000e+03	-1.07975e-03	4.63333e+02
1721	4.64773e+02	1.72100e+03	-1.10313e-03	4.63667e+02
1722	4.65102e+02	1.72200e+03	-1.12562e-03	4.64000e+02
1723	4.65415e+02	1.72300e+03	-1.14716e-03	4.64333e+02
1724	4.65738e+02	1.72400e+03	-1.16118e-03	4.64667e+02
1725	4.66073e+02	1.72500e+03	-1.17914e-03	4.65000e+02
1726	4.66417e+02	1.72600e+03	-1.19938e-03	4.65333e+02
1727	4.66756e+02	1.72700e+03	-1.22090e-03	4.65667e+02
1728	4.67095e+02	1.72800e+03	-1.24835e-03	4.66000e+02
1729	4.67424e+02	1.72900e+03	-1.27660e-03	4.66333e+02
1730	4.67732e+02	1.73000e+03	-1.30232e-03	4.66667e+02
1731	4.68056e+02	1.73100e+03	-1.32546e-03	4.67000e+02
1732	4.68360e+02	1.73200e+03	-1.34815e-03	4.67333e+02
1733	4.68679e+02	1.73300e+03	-1.36267e-03	4.67667e+02
1734	4.68993e+02	1.73400e+03	-1.37162e-03	4.68000e+02
1735	4.69324e+02	1.73500e+03	-1.37777e-03	4.68333e+02
1736	4.69642e+02	1.73600e+03	-1.36622e-03	4.68667e+02
1737	4.69977e+02	1.73700e+03	-1.36307e-03	4.69000e+02
1738	4.70316e+02	1.73800e+03	-1.36130e-03	4.69333e+02
1739	4.70641e+02	1.73900e+03	-1.35985e-03	4.69667e+02
1740	4.70942e+02	1.74000e+03	-1.35768e-03	4.70000e+02
1741	4.71267e+02	1.74100e+03	-1.35772e-03	4.70333e+02
1742	4.71601e+02	1.74200e+03	-1.36014e-03	4.70667e+02
1743	4.71924e+02	1.74300e+03	-1.36369e-03	4.71000e+02
1744	4.72233e+02	1.74400e+03	-1.37007e-03	4.71333e+02
1745	4.72550e+02	1.74500e+03	-1.37323e-03	4.71667e+02
1746	4.72866e+02	1.74600e+03	-1.37527e-03	4.72000e+02
1747	4.73187e+02	1.74700e+03	-1.37766e-03	4.72333e+02
1748	4.73507e+02	1.74800e+03	-1.38526e-03	4.72667e+02
1749	4.73826e+02	1.74900e+03	-1.39800e-03	4.73000e+02
1750	4.74142e+02	1.75000e+03	-1.41695e-03	4.73333e+02
1751	4.74466e+02	1.75100e+03	-1.44006e-03	4.73667e+02
1752	4.74790e+02	1.75200e+03	-1.47833e-03	4.74000e+02
1753	4.75111e+02	1.75300e+03	-1.51022e-03	4.74333e+02
1754	4.75436e+02	1.75400e+03	-1.54150e-03	4.74667e+02
1755	4.75757e+02	1.75500e+03	-1.57436e-03	4.75000e+02
1756	4.76087e+02	1.75600e+03	-1.61311e-03	4.75333e+02
1757	4.76405e+02	1.75700e+03	-1.64531e-03	4.75667e+02
1758	4.76731e+02	1.75800e+03	-1.67302e-03	4.76000e+02
1759	4.77056e+02	1.75900e+03	-1.69807e-03	4.76333e+02
1760	4.77384e+02	1.76000e+03	-1.71279e-03	4.76667e+02
1761	4.77711e+02	1.76100e+03	-1.72643e-03	4.77000e+02
1762	4.78029e+02	1.76200e+03	-1.73782e-03	4.77333e+02
1763	4.78352e+02	1.76300e+03	-1.74831e-03	4.77667e+02
1764	4.78677e+02	1.76400e+03	-1.74841e-03	4.78000e+02
1765	4.79005e+02	1.76500e+03	-1.75548e-03	4.78333e+02
1766	4.79334e+02	1.76600e+03	-1.76447e-03	4.78667e+02
1767	4.79653e+02	1.76700e+03	-1.77404e-03	4.79000e+02
1768	4.79980e+02	1.76800e+03	-1.78773e-03	4.79333e+02
1769	4.80318e+02	1.76900e+03	-1.79834e-03	4.79667e+02
1770	4.80641e+02	1.77000e+03	-1.80600e-03	4.80000e+02
1771	4.80963e+02	1.77100e+03	-1.81128e-03	4.80333e+02
1772	4.81279e+02	1.77200e+03	-1.80998e-03	4.80667e+02
1773	4.81611e+02	1.77300e+03	-1.80780e-03	4.81000e+02
1774	4.81943e+02	1.77400e+03	-1.80478e-03	4.81333e+02
1775	4.82265e+02	1.77500e+03	-1.80150e-03	4.81667e+02
1776	4.82593e+02	1.77600e+03	-1.79065e-03	4.82000e+02
1777	4.82911e+02	1.77700e+03	-1.78487e-03	4.82333e+02
1778	4.83249e+02	1.77800e+03	-1.78044e-03	4.82667e+02
1779	4.83583e+02	1.77900e+03	-1.77677e-03	4.83000e+02
1780	4.83902e+02	1.78000e+03	-1.78240e-03	4.83333e+02
1781	4.84236e+02	1.78100e+03	-1.79042e-03	4.83667e+02
1782	4.84577e+02	1.78200e+03	-1.80127e-03	4.84000e+02
1783	4.84903e+02	1.78300e+03	-1.81305e-03	4.84333e+02
1784	4.85235e+02	1.78400e+03	-1.83246e-03	4.84667e+02
1785	4.85561e+02	1.78500e+03	-1.84621e-03	4.85000e+02
1786	4.85899e+02	1.78600e+03	-1.85845e-03	4.85333e+02
1787	4.86232e+02	1.78700e+03	-1.87056e-03	4.85667e+02
1788	4.86554e+02	1.78800e+03	-1.88167e-03	4.86000e+02
1789	4.86883e+02	1.78900e+03	-1.89510e-03	4.86333e+02
1790	4.87226e+02	1.79000e+03	-1.90867e-03	4.86667e+02
1791	4.87554e+02	1.79100e+03	-1.92191e-03	4.87000e+02
1792	4.87882e+02	1.79200e+03	-1.93747e-03	4.87333e+02
1793	4.88218e+02	1.79300e+03	-1.95235e-03	4.87667e+02
1794	4.88552e+02	1.79400e+03	-1.96897e-03	4.88000e+02
1795	4.88879e+02	1.79500e+03	-1.98729e-03	4.88333e+02
1796	4.89220e+02	1.79600e+03	-2.01256e-03	4.88667e+02
1797	4.89547e+02	1.79700e+03	-2.03851e-03	4.89000e+02
1798	4.89883e+02	1.79800e+03	-2.06127e-03	4.89333e+02
1799	4.90221e+02	1.79900e+03	-2.08101e-03	4.89667e+02
1800	4.90546e+02	1.80000e+03	-2.10009e-03	4.90000e+02
1801	4.90883e+02	1.80100e+03	-2.11108e-03	4.90333e+02
1802	4.91212e+02	1.80200e+03	-2.11709e-03	4.90667e+02
1803	4.91537e+02	1.80300e+03	-2.12022e-03	4.91000e+02
1804	4.91867e+02	1.80400e+03	-2.10137e-03	4.91333e+02
1805	4.92206e+02	1.80500e+03	-2.09107e-03	4.91667e+02
1806	4.92538e+02	1.80600e+03	-2.08054e-03	4.92000e+02
1807	4.92874e+02	1.80700e+03	-2.06808e-03	4.92333e+02
1808	4.93247e+02	1.80800e+03	-2.04997e-03	4.92667e+02
1809	4.93604e+02	1.80900e+03	-2.03644e-03	4.93000e+02
1810	4.93973e+02	1.81000e+03	-2.02725e-03	4.93333e+02
1811	4.94311e+02	1.81100e+03	-2.02074e-03	4.93667e+02
1812	4.94661e+02	1.81200e+03	-2.01993e-03	4.94000e+02
1813	4.94999e+02	1.81300e+03	-2.02052e-03	4.94333e+02
1814	4.95330e+02	1.81400e+03	-2.02323e-03	4.94667e+02
1815	4.95684e+02	1.81500e+03	-2.02713e-03	4.95000e+02
1816	4.95989e+02	1.81600e+03	-2.03986e-03	4.95333e+02
1817	4.96308e+02	1.81700e+03	-2.04831e-03	4.95667e+02
1818	4.96629e+02	1.81800e+03	-2.05743e-03	4.96000e+02
1819	4.96987e+02	1.81900e+03	-2.06771e-03	4.96333e+02
1820	4.97332e+02	1.82000e+03	-2.07951e-03	4.96667e+02
1821	4.97704e+02	1.82100e+03	-2.09309e-03	4.97000e+02
1822	4.98061e+02	1.82200e+03	-2.11088e-03	4.97333e+02
1823	4.98444e+02	1.82300e+03	-2.13305e-03	4.97667e+02
1824	4.98812e+02	1.82400e+03	-2.16950e-03	4.98000e+02
1825	4.99212e+02	1.82500e+03	-2.19849e-03	4.98333e+02
1826	4.99543e+02	1.82600e+03	-2.21879e-03	4.98667e+02
1827	4.99843e+02	1.82700e+03	-2.23333e-03	4.99000e+02
1828	5.00167e+02	1.82800e+03	-2.24156e-03	4.99333e+02
1829	5.00493e+02	1.82900e+03	-2.24427e-03	4.99667e+02
1830	5.00839e+02	1.83000e+03	-2.24801e-03	5.00000e+02
1831	5.01156e+02	1.83100e+03	-2.25527e-03	5.00333e+02
1832	5.01488e+02	1.83200e+03	-2.25556e-03	5.00667e+02
1833	5.01798e+02	1.83300e+03	-2.27249e-03	5.01000e+02
1834	5.02117e+02	1.83400e+03	-2.29522e-03	5.01333e+02
1835	5.02432e+02	1.83500e+03	-2.31978e-03	5.01667e+02
1836	5.02762e+02	1.83600e+03	-2.36899e-03	5.02000e+02
1837	5.03084e+02	1.83700e+03	-2.39917e-03	5.02333e+02
1838	5.03404e+02	1.83800e+03	-2.42172e-03	5.02667e+02
1839	5.03718e+02	1.83900e+03	-2.44117e-03	5.03000e+02
1840	5.04046e+02	1.84000e+03	-2.44371e-03	5.03333e+02
1841	5.04362e+02	1.84100e+03	-2.44999e-03	5.03667e+02
1842	5.04666e+02	1.84200e+03	-2.45411e-03	5.04000e+02
1843	5.04981e+02	1.84300e+03	-2.45603e-03	5.04333e+02
1844	5.05280e+02	1.84400e+03	-2.44654e-03	5.04667e+02
1845	5.05585e+02	1.84500e+03	-2.44117e-03	5.05000e+02
1846	5.05890e+02	1.84600e+03	-2.43525e-03	5.05333e+02
1847	5.06215e+02	1.84700e+03	-2.42857e-03	5.05667e+02
1848	5.06534e+02	1.84800e+03	-2.41934e-03	5.06000e+02
1849	5.06857e+02	1.84900e+03	-2.41113e-03	5.06333e+02
1850	5.07192e+02	1.85000e+03	-2.40321e-03	5.06667e+02
1851	5.07519e+02	1.85100e+03	-2.39521e-03	5.07000e+02
1852	5.07844e+02	1.85200e+03	-2.37580e-03	5.07333e+02
1853	5.08168e+02	1.85300e+03	-2.34460e-03	5.07667e+02
1854	5.08488e+02	1.85400e+03	-2.30525e-03	5.08000e+02
1855	5.08819e+02	1.85500e+03	-2.26641e-03	5.08333e+02
1856	5.09146e+02	1.85600e+03	-2.23841e-03	5.08667e+02
1857	5.09489e+02	1.85700e+03	-2.24238e-03	5.09000e+02
1858	5.09838e+02	1.85800e+03	-2.26793e-03	5.09333e+02
1859	5.10194e+02	1.85900e+03	-2.30397e-03	5.09667e+02
1860	5.10526e+02	1.86000e+03	-2.38423e-03	5.10000e+02
1861	5.10889e+02	1.86100e+03	-2.41302e-03	5.10333e+02
1862	5.11204e+02	1.86200e+03	-2.40725e-03	5.10667e+02
1863	5.11536e+02	1.86300e+03	-2.38056e-03	5.11000e+02
1864	5.11903e+02	1.86400e+03	-2.28756e-03	5.11333e+02
1865	5.12222e+02	1.86500e+03	-2.21922e-03	5.11667e+02
1866	5.12543e+02	1.86600e+03	-2.17745e-03	5.12000e+02
1867	5.12874e+02	1.86700e+03	-2.15911e-03	5.12333e+02
1868	5.13220e+02	1.86800e+03	-2.17765e-03	5.12667e+02
1869	5.13592e+02	1.86900e+03	-2.24326e-03	5.13000e+02
1870	5.13948e+02	1.87000e+03	-2.33586e-03	5.13333e+02
1871	5.14274e+02	1.87100e+03	-2.44061e-03	5.13667e+02
1872	5.14604e+02	1.87200e+03	-2.66043e-03	5.14000e+02
1873	5.14903e+02	1.87300e+03	-2.78819e-03	5.14333e+02
1874	5.15214e+02	1.87400e+03	-2.87935e-03	5.14667e+02
1875	5.15518e+02	1.87500e+03	-2.95428e-03	5.15000e+02
1876	5.15837e+02	1.87600e+03	-2.94224e-03	5.15333e+02
1877	5.16147e+02	1.87700e+03	-2.94635e-03	5.15667e+02
1878	5.16448e+02	1.87800e+03	-2.94052e-03	5.16000e+02
1879	5.16785e+02	1.87900e+03	-2.92610e-03	5.16333e+02
1880	5.17115e+02	1.88000e+03	-2.85781e-03	5.16667e+02
1881	5.17404e+02	1.88100e+03	-2.82079e-03	5.17000e+02
1882	5.17709e+02	1.88200e+03	-2.79301e-03	5.17333e+02
1883	5.18027e+02	1.88300e+03	-2.76879e-03	5.17667e+02
1884	5.18352e+02	1.88400e+03	-2.76129e-03	5.18000e+02
1885	5.18670e+02	1.88500e+03	-2.75387e-03	5.18333e+02
1886	5.18992e+02	1.88600e+03	-2.74905e-03	5.18667e+02
1887	5.19321e+02	1.88700e+03	-2.74580e-03	5.19000e+02
1888	5.19631e+02	1.88800e+03	-2.75931e-03	5.19333e+02
1889	5.19953e+02	1.88900e+03	-2.76412e-03	5.19667e+02
1890	5.20272e+02	1.89000e+03	-2.76709e-03	5.20000e+02
1891	5.20621e+02	1.89100e+03	-2.76898e-03	5.20333e+02
1892	5.20947e+02	1.89200e+03	-2.76155e-03	5.20667e+02
1893	5.21279e+02	1.89300e+03	-2.75263e-03	5.21000e+02
1894	5.21603e+02	1.89400e+03	-2.74088e-03	5.21333e+02
1895	5.21923e+02	1.89500e+03	-2.72682e-03	5.21667e+02
1896	5.22244e+02	1.89600e+03	-2.70021e-03	5.22000e+02
1897	5.22557e+02	1.89700e+03	-2.68072e-03	5.22333e+02
1898	5.22868e+02	1.89800e+03	-2.66642e-03	5.22667e+02
1899	5.23182e+02	1.89900e+03	-2.65669e-03	5.23000e+02
1900	5.23511e+02	1.90000e+03	-2.66662e-03	5.23333e+02
1901	5.23836e+02	1.90100e+03	-2.68716e-03	5.23667e+02
1902	5.24170e+02	1.90200e+03	-2.72011e-03	5.24000e+02
1903	5.24502e+02	1.90300e+03	-2.76139e-03	5.24333e+02
1904	5.24827e+02	1.90400e+03	-2.83956e-03	5.24667e+02
1905	5.25172e+02	1.90500e+03	-2.88830e-03	5.25000e+02
1906	5.25491e+02	1.90600e+03	-2.91920e-03	5.25333e+02
1907	5.25821e+02	1.90700e+03	-2.93966e-03	5.25667e+02
1908	5.26139e+02	1.90800e+03	-2.92546e-03	5.26000e+02
1909	5.26459e+02	1.90900e+03	-2.90661e-03	5.26333e+02
1910	5.26782e+02	1.91000e+03	-2.88021e-03	5.26667e+02
1911	5.27106e+02	1.91100e+03	-2.85012e-03	5.27000e+02
1912	5.27431e+02	1.91200e+03	-2.78170e-03	5.27333e+02
1913	5.27740e+02	1.91300e+03	-2.74272e-03	5.27667e+02
1914	5.28061e+02	1.91400e+03	-2.71509e-03	5.28000e+02
1915	5.28398e+02	1.91500e+03	-2.69374e-03	5.28333e+02
1916	5.28731e+02	1.91600e+03	-2.70548e-03	5.28667e+02
1917	5.29066e+02	1.91700e+03	-2.71132e-03	5.29000e+02
1918	5.29393e+02	1.91800e+03	-2.72006e-03	5.29333e+02
1919	5.29707e+02	1.91900e+03	-2.73096e-03	5.29667e+02
1920	5.30031e+02	1.92000e+03	-2.75994e-03	5.30000e+02
1921	5.30352e+02	1.92100e+03	-2.77507e-03	5.30333e+02
1922	5.30663e+02	1.92200e+03	-2.78512e-03	5.30667e+02
1923	5.30980e+02	1.92300e+03	-2.79298e-03	5.31000e+02
1924	5.31297e+02	1.92400e+03	-2.78689e-03	5.31333e+02
1925	5.31623e+02	1.92500e+03	-2.78325e-03	5.31667e+02
1926	5.31934e+02	1.92600e+03	-2.77883e-03	5.32000e+02
1927	5.32257e+02	1.92700e+03	-2.77422e-03	5.32333e+02
1928	5.32546e+02	1.92800e+03	-2.76564e-03	5.32667e+02
1929	5.32869e+02	1.92900e+03	-2.76331e-03	5.33000e+02
1930	5.33150e+02	1.93000e+03	-2.76485e-03	5.33333e+02
1931	5.33463e+02	1.93100e+03	-2.76848e-03	5.33667e+02
1932	5.33777e+02	1.93200e+03	-2.77890e-03	5.34000e+02
1933	5.34087e+02	1.93300e+03	-2.78287e-03	5.34333e+02
1934	5.34389e+02	1.93400e+03	-2.78353e-03	5.34667e+02
1935	5.34703e+02	1.93500e+03	-2.78282e-03	5.35000e+02
1936	5.35027e+02	1.93600e+03	-2.77792e-03	5.35333e+02
1937	5.35349e+02	1.93700e+03	-2.77463e-03	5.35667e+02
1938	5.35666e+02	1.93800e+03	-2.77236e-03	5.36000e+02
1939	5.35987e+02	1.93900e+03	-2.77082e-03	5.36333e+02
1940	5.36293e+02	1.94000e+03	-2.76950e-03	5.36667e+02
1941	5.36600e+02	1.94100e+03	-2.76986e-03	5.37000e+02
1942	5.36917e+02	1.94200e+03	-2.77107e-03	5.37333e+02
1943	5.37237e+02	1.94300e+03	-2.77302e-03	5.37667e+02
1944	5.37552e+02	1.94400e+03	-2.78657e-03	5.38000e+02
1945	5.37882e+02	1.94500e+03	-2.80142e-03	5.38333e+02
1946	5.38202e+02	1.94600e+03	-2.81834e-03	5.38667e+02
1947	5.38520e+02	1.94700e+03	-2.83672e-03	5.39000e+02
1948	5.38841e+02	1.94800e+03	-2.86304e-03	5.39333e+02
1949	5.39171e+02	1.94900e+03	-2.88193e-03	5.39667e+02
1950	5.39508e+02	1.95000e+03	-2.89770e-03	5.40000e+02
1951	5.39839e+02	1.95100e+03	-2.91175e-03	5.40333e+02
1952	5.40167e+02	1.95200e+03	-2.91777e-03	5.40667e+02
1953	5.40495e+02	1.95300e+03	-2.92527e-03	5.41000e+02
1954	5.40836e+02	1.95400e+03	-2.93147e-03	5.41333e+02
1955	5.41164e+02	1.95500e+03	-2.93648e-03	5.41667e+02
1956	5.41488e+02	1.95600e+03	-2.93344e-03	5.42000e+02
1957	5.41812e+02	1.95700e+03	-2.93306e-03	5.42333e+02
1958	5.42134e+02	1.95800e+03	-2.93322e-03	5.42667e+02
1959	5.42469e+02	1.95900e+03	-2.93315e-03	5.43000e+02
1960	5.42802e+02	1.96000e+03	-2.93120e-03	5.43333e+02
1961	5.43125e+02	1.96100e+03	-2.93122e-03	5.43667e+02
1962	5.43461e+02	1.96200e+03	-2.93159e-03	5.44000e+02
1963	5.43784e+02	1.96300e+03	-2.93196e-03	5.44333e+02
1964	5.44119e+02	1.96400e+03	-2.93227e-03	5.44667e+02
1965	5.44449e+02	1.96500e+03	-2.93026e-03	5.45000e+02
1966	5.44775e+02	1.96600e+03	-2.92778e-03	5.45333e+02
1967	5.45109e+02	1.96700e+03	-2.92562e-03	5.45667e+02
1968	5.45446e+02	1.96800e+03	-2.92252e-03	5.46000e+02
1969	5.45778e+02	1.96900e+03	-2.92245e-03	5.46333e+02
1970	5.46126e+02	1.97000e+03	-2.92492e-03	5.46667e+02
1971	5.46464e+02	1.97100e+03	-2.92918e-03	5.47000e+02
1972	5.46799e+02	1.97200e+03	-2.94099e-03	5.47333e+02
1973	5.47136e+02	1.97300e+03	-2.95156e-03	5.47667e+02
1974	5.47458e+02	1.97400e+03	-2.96278e-03	5.48000e+02
1975	5.47789e+02	1.97500e+03	-2.97409e-03	5.48333e+02
1976	5.48124e+02	1.97600e+03	-2.98550e-03	5.48667e+02
1977	5.48460e+02	1.97700e+03	-2.99159e-03	5.49000e+02
1978	5.48794e+02	1.97800e+03	-2.99555e-03	5.49333e+02
1979	5.49124e+02	1.97900e+03	-2.99919e-03	5.49667e+02
1980	5.49459e+02	1.98000e+03	-2.99621e-03	5.50000e+02
1981	5.49806e+02	1.98100e+03	-2.99802e-03	5.50333e+02
1982	5.50137e+02	1.98200e+03	-3.00125e-03	5.50667e+02
1983	5.50469e+02	1.98300e+03	-3.00508e-03	5.51000e+02
1984	5.50802e+02	1.98400e+03	-3.01436e-03	5.51333e+02
1985	5.51135e+02	1.98500e+03	-3.02287e-03	5.51667e+02
1986	5.51473e+02	1.98600e+03	-3.03191e-03	5.52000e+02
1987	5.51806e+02	1.98700e+03	-3.04164e-03	5.52333e+02
1988	5.52129e+02	1.98800e+03	-3.05697e-03	5.52667e+02
1989	5.52467e+02	1.98900e+03	-3.07050e-03	5.53000e+02
1990	5.52805e+02	1.99000e+03	-3.08307e-03	5.53333e+02
1991	5.53145e+02	1.99100e+03	-3.09504e-03	5.53667e+02
1992	5.53491e+02	1.99200e+03	-3.10567e-03	5.54000e+02
1993	5.53827e+02	1.99300e+03	-3.11363e-03	5.54333e+02
1994	5.54159e+02	1.99400e+03	-3.11995e-03	5.54667e+02
1995	5.54495e+02	1.99500e+03	-3.12592e-03	5.55000e+02
1996	5.54839e+02	1.99600e+03	-3.12605e-03	5.55333e+02
1997	5.55180e+02	1.99700e+03	-3.12796e-03	5.55667e+02
1998	5.55521e+02	1.99800e+03	-3.12854e-03	5.56000e+02
1999	5.55846e+02	1.99900e+03	-3.12829e-03	5.56333e+02
2000	5.56164e+02	2.00000e+03	-3.12871e-03	5.56667e+02
2001	5.56488e+02	2.00100e+03	-3.13176e-03	5.57000e+02
2002	5.56809e+02	2.00200e+03	-3.13626e-03	5.57333e+02
2003	5.57143e+02	2.00300e+03	-3.14086e-03	5.57667e+02
2004	5.57481e+02	2.00400e+03	-3.14704e-03	5.58000e+02
2005	5.57822e+02	2.00500e+03	-3.15011e-03	5.58333e+02
2006	5.58128e+02	2.00600e+03	-3.14911e-03	5.58667e+02
2007	5.58458e+02	2.00700e+03	-3.14511e-03	5.59000e+02
2008	5.58787e+02	2.00800e+03	-3.13700e-03	5.59333e+02
2009	5.59085e+02	2.00900e+03	-3.13238e-03	5.59667e+02
2010	5.59408e+02	2.01000e+03	-3.13241e-03	5.60000e+02
2011	5.59723e+02	2.01100e+03	-3.13621e-03	5.60333e+02
2012	5.60044e+02	2.01200e+03	-3.14336e-03	5.60667e+02
2013	5.60368e+02	2.01300e+03	-3.14994e-03	5.61000e+02
2014	5.60690e+02	2.01400e+03	-3.15538e-03	5.61333e+02
2015	5.61014e+02	2.01500e+03	-3.16015e-03	5.61667e+02
2016	5.61344e+02	2.01600e+03	-3.16732e-03	5.62000e+02
2017	5.61672e+02	2.01700e+03	-3.16937e-03	5.62333e+02
2018	5.62001e+02	2.01800e+03	-3.17073e-03	5.62667e+02
2019	5.62336e+02	2.01900e+03	-3.17241e-03	5.63000e+02
2020	5.62658e+02	2.02000e+03	-3.16482e-03	5.63333e+02
2021	5.62988e+02	2.02100e+03	-3.16067e-03	5.63667e+02
2022	5.63314e+02	2.02200e+03	-3.15568e-03	5.64000e+02
2023	5.63652e+02	2.02300e+03	-3.14917e-03	5.64333e+02
2024	5.63976e+02	2.02400e+03	-3.13816e-03	5.64667e+02
2025	5.64301e+02	2.02500e+03	-3.12632e-03	5.65000e+02
2026	5.64622e+02	2.02600e+03	-3.11412e-03	5.65333e+02
2027	5.64966e+02	2.02700e+03	-3.10197e-03	5.65667e+02
2028	5.65296e+02	2.02800e+03	-3.08676e-03	5.66000e+02
2029	5.65617e+02	2.02900e+03	-3.07628e-03	5.66333e+02
2030	5.65939e+02	2.03000e+03	-3.06804e-03	5.66667e+02
2031	5.66276e+02	2.03100e+03	-3.06109e-03	5.67000e+02
2032	5.66613e+02	2.03200e+03	-3.06343e-03	5.67333e+02
2033	5.66943e+02	2.03300e+03	-3.06451e-03	5.67667e+02
2034	5.67265e+02	2.03400e+03	-3.06999e-03	5.68000e+02
2035	5.67603e+02	2.03500e+03	-3.07967e-03	5.68333e+02
2036	5.67943e+02	2.03600e+03	-3.10226e-03	5.68667e+02
2037	5.68264e+02	2.03700e+03	-3.12308e-03	5.69000e+02
2038	5.68585e+02	2.03800e+03	-3.14540e-03	5.69333e+02
2039	5.68920e+02	2.03900e+03	-3.16937e-03	5.69667e+02
2040	5.69250e+02	2.04000e+03	-3.20081e-03	5.70000e+02
2041	5.69582e+02	2.04100e+03	-3.22143e-03	5.70333e+02
2042	5.69897e+02	2.04200e+03	-3.23672e-03	5.70667e+02
2043	5.70222e+02	2.04300e+03	-3.25037e-03	5.71000e+02
2044	5.70539e+02	2.04400e+03	-3.25356e-03	5.71333e+02
2045	5.70864e+02	2.04500e+03	-3.26067e-03	5.71667e+02
2046	5.71189e+02	2.04600e+03	-3.26724e-03	5.72000e+02
2047	5.71505e+02	2.04700e+03	-3.27314e-03	5.72333e+02
2048	5.71837e+02	2.04800e+03	-3.27658e-03	5.72667e+02
2049	5.72162e+02	2.04900e+03	-3.28111e-03	5.73000e+02
2050	5.72495e+02	2.05000e+03	-3.28463e-03	5.73333e+02
2051	5.72819e+02	2.05100e+03	-3.28717e-03	5.73667e+02
2052	5.73151e+02	2.05200e+03	-3.28910e-03	5.74000e+02
2053	5.73472e+02	2.05300e+03	-3.29164e-03	5.74333e+02
2054	5.73795e+02	2.05400e+03	-3.29468e-03	5.74667e+02
2055	5.74132e+02	2.05500e+03	-3.29807e-03	5.75000e+02
2056	5.74445e+02	2.05600e+03	-3.30356e-03	5.75333e+02
2057	5.74770e+02	2.05700e+03	-3.30983e-03	5.75667e+02
2058	5.75100e+02	2.05800e+03	-3.31466e-03	5.76000e+02
2059	5.75415e+02	2.05900e+03	-3.31774e-03	5.76333e+02
2060	5.75737e+02	2.06000e+03	-3.31750e-03	5.76667e+02
2061	5.76055e+02	2.06100e+03	-3.31363e-03	5.77000e+02
2062	5.76378e+02	2.06200e+03	-3.30867e-03	5.77333e+02
2063	5.76699e+02	2.06300e+03	-3.30380e-03	5.77667e+02
2064	5.77022e+02	2.06400e+03	-3.29061e-03	5.78000e+02
2065	5.77348e+02	2.06500e+03	-3.28628e-03	5.78333e+02
2066	5.77674e+02	2.06600e+03	-3.28609e-03	5.78667e+02
2067	5.78003e+02	2.06700e+03	-3.28704e-03	5.79000e+02
2068	5.78327e+02	2.06800e+03	-3.30126e-03	5.79333e+02
2069	5.78652e+02	2.06900e+03	-3.31440e-03	5.79667e+02
2070	5.78974e+02	2.07000e+03	-3.33090e-03	5.80000e+02
2071	5.79312e+02	2.07100e+03	-3.35037e-03	5.80333e+02
2072	5.79638e+02	2.07200e+03	-3.38144e-03	5.80667e+02
2073	5.79966e+02	2.07300e+03	-3.40870e-03	5.81000e+02
2074	5.80299e+02	2.07400e+03	-3.43521e-03	5.81333e+02
2075	5.80629e+02	2.07500e+03	-3.46127e-03	5.81667e+02
2076	5.80956e+02	2.07600e+03	-3.48777e-03	5.82000e+02
2077	5.81281e+02	2.07700e+03	-3.50799e-03	5.82333e+02
2078	5.81605e+02	2.07800e+03	-3.52300e-03	5.82667e+02
2079	5.81936e+02	2.07900e+03	-3.53567e-03	5.83000e+02
2080	5.82256e+02	2.08000e+03	-3.54136e-03	5.83333e+02
2081	5.82585e+02	2.08100e+03	-3.55680e-03	5.83667e+02
2082	5.82908e+02	2.08200e+03	-3.57821e-03	5.84000e+02
2083	5.83232e+02	2.08300e+03	-3.60137e-03	5.84333e+02
2084	5.83565e+02	2.08400e+03	-3.62291e-03	5.84667e+02
2085	5.83893e+02	2.08500e+03	-3.63386e-03	5.85000e+02
2086	5.84209e+02	2.08600e+03	-3.63590e-03	5.85333e+02
2087	5.84540e+02	2.08700e+03	-3.63284e-03	5.85667e+02
2088	5.84878e+02	2.08800e+03	-3.60947e-03	5.86000e+02
2089	5.85204e+02	2.08900e+03	-3.59254e-03	5.86333e+02
2090	5.85531e+02	2.09000e+03	-3.57808e-03	5.86667e+02
2091	5.85860e+02	2.09100e+03	-3.56593e-03	5.87000e+02
2092	5.86197e+02	2.09200e+03	-3.55112e-03	5.87333e+02
2093	5.86528e+02	2.09300e+03	-3.54212e-03	5.87667e+02
2094	5.86862e+02	2.09400e+03	-3.53257e-03	5.88000e+02
2095	5.87185e+02	2.09500e+03	-3.52120e-03	5.88333e+02
2096	5.87524e+02	2.09600e+03	-3.51589e-03	5.88667e+02
2097	5.87854e+02	2.09700e+03	-3.50170e-03	5.89000e+02
2098	5.88185e+02	2.09800e+03	-3.48388e-03	5.89333e+02
2099	5.88519e+02	2.09900e+03	-3.46468e-03	5.89667e+02
2100	5.88843e+02	2.10000e+03	-3.43853e-03	5.90000e+02
2101	5.89169e+02	2.10100e+03	-3.42510e-03	5.90333e+02
2102	5.89506e+02	2.10200e+03	-3.42032e-03	5.90667e+02
2103	5.89829e+02	2.10300e+03	-3.42049e-03	5.91000e+02
2104	5.90167e+02	2.10400e+03	-3.44172e-03	5.91333e+02
2105	5.90494e+02	2.10500e+03	-3.45939e-03	5.91667e+02
2106	5.90827e+02	2.10600e+03	-3.47842e-03	5.92000e+02
2107	5.91160e+02	2.10700e+03	-3.49814e-03	5.92333e+02
2108	5.91490e+02	2.10800e+03	-3.53239e-03	5.92667e+02
2109	5.91816e+02	2.10900e+03	-3.55952e-03	5.93000e+02
2110	5.92157e+02	2.11000e+03	-3.58400e-03	5.93333e+02
2111	5.92491e+02	2.11100e+03	-3.60713e-03	5.93667e+02
2112	5.92823e+02	2.11200e+03	-3.61925e-03	5.94000e+02
2113	5.93154e+02	2.11300e+03	-3.62673e-03	5.94333e+02
2114	5.93486e+02	2.11400e+03	-3.62958e-03	5.94667e+02
2115	5.93829e+02	2.11500e+03	-3.62953e-03	5.95000e+02
2116	5.94166e+02	2.11600e+03	-3.61051e-03	5.95333e+02
2117	5.94500e+02	2.11700e+03	-3.59978e-03	5.95667e+02
2118	5.94841e+02	2.11800e+03	-3.59035e-03	5.96000e+02
2119	5.95158e+02	2.11900e+03	-3.58103e-03	5.96333e+02
2120	5.95489e+02	2.12000e+03	-3.56878e-03	5.96667e+02
2121	5.95830e+02	2.12100e+03	-3.55785e-03	5.97000e+02
2122	5.96154e+02	2.12200e+03	-3.54798e-03	5.97333e+02
2123	5.96489e+02	2.12300e+03	-3.53974e-03	5.97667e+02
2124	5.96820e+02	2.12400e+03	-3.53771e-03	5.98000e+02
2125	5.97147e+02	2.12500e+03	-3.53908e-03	5.98333e+02
2126	5.97475e+02	2.12600e+03	-3.54309e-03	5.98667e+02
2127	5.97810e+02	2.12700e+03	-3.54547e-03	5.99000e+02
2128	5.98146e+02	2.12800e+03	-3.53649e-03	5.99333e+02
2129	5.98483e+02	2.12900e+03	-3.51413e-03	5.99667e+02
2130	5.98825e+02	2.13000e+03	-3.49107e-03	6.00000e+02
2131	5.99161e+02	2.13100e+03	-3.47321e-03	6.00333e+02
2132	5.99513e+02	2.13200e+03	-3.45136e-03	6.00667e+02
2133	5.99860e+02	2.13300e+03	-3.45514e-03	6.01000e+02
2134	6.00216e+02	2.13400e+03	-3.46789e-03	6.01333e+02
2135	6.00553e+02	2.13500e+03	-3.47992e-03	6.01667e+02
2136	6.00949e+02	2.13600e+03	-3.49836e-03	6.02000e+02
2137	6.01314e+02	2.13700e+03	-3.46392e-03	6.02333e+02
2138	6.01676e+02	2.13800e+03	-3.39760e-03	6.02667e+02
2139	6.02002e+02	2.13900e+03	-3.31912e-03	6.03000e+02
2140	6.02332e+02	2.14000e+03	-3.19646e-03	6.03333e+02
2141	6.02728e+02	2.14100e+03	-3.15151e-03	6.03667e+02
2142	6.03156e+02	2.14200e+03	-3.15856e-03	6.04000e+02
2143	6.03555e+02	2.14300e+03	-3.19489e-03	6.04333e+02
2144	6.04016e+02	2.14400e+03	-3.33908e-03	6.04667e+02
2145	6.04349e+02	2.14500e+03	-3.45058e-03	6.05000e+02
2146	6.04645e+02	2.14600e+03	-3.55590e-03	6.05333e+02
2147	6.04919e+02	2.14700e+03	-3.65718e-03	6.05667e+02
2148	6.05242e+02	2.14800e+03	-3.78110e-03	6.06000e+02
2149	6.05543e+02	2.14900e+03	-3.85311e-03	6.06333e+02
2150	6.05824e+02	2.15000e+03	-3.89847e-03	6.06667e+02
2151	6.06156e+02	2.15100e+03	-3.93078e-03	6.07000e+02
2152	6.06468e+02	2.15200e+03	-3.87325e-03	6.07333e+02
2153	6.06795e+02	2.15300e+03	-3.85563e-03	6.07667e+02
2154	6.07114e+02	2.15400e+03	-3.84535e-03	6.08000e+02
2155	6.07431e+02	2.15500e+03	-3.83664e-03	6.08333e+02
2156	6.07751e+02	2.15600e+03	-3.82109e-03	6.08667e+02
2157	6.08096e+02	2.15700e+03	-3.80887e-03	6.09000e+02
2158	6.08429e+02	2.15800e+03	-3.79348e-03	6.09333e+02
2159	6.08753e+02	2.15900e+03	-3.77497e-03	6.09667e+02
2160	6.09079e+02	2.16000e+03	-3.75994e-03	6.10000e+02
2161	6.09414e+02	2.16100e+03	-3.74340e-03	6.10333e+02
2162	6.09750e+02	2.16200e+03	-3.72924e-03	6.10667e+02
2163	6.10087e+02	2.16300e+03	-3.71763e-03	6.11000e+02
2164	6.10423e+02	2.16400e+03	-3.70812e-03	6.11333e+02
2165	6.10750e+02	2.16500e+03	-3.70351e-03	6.11667e+02
2166	6.11082e+02	2.16600e+03	-3.70101e-03	6.12000e+02
2167	6.11416e+02	2.16700e+03	-3.69880e-03	6.12333e+02
2168	6.11740e+02	2.16800e+03	-3.70484e-03	6.12667e+02
2169	6.12049e+02	2.16900e+03	-3.70159e-03	6.13000e+02
2170	6.12391e+02	2.17000e+03	-3.69494e-03	6.13333e+02
2171	6.12733e+02	2.17100e+03	-3.68644e-03	6.13667e+02
2172	6.13054e+02	2.17200e+03	-3.66434e-03	6.14000e+02
2173	6.13371e+02	2.17300e+03	-3.64732e-03	6.14333e+02
2174	6.13703e+02	2.17400e+03	-3.63097e-03	6.14667e+02
2175	6.14054e+02	2.17500e+03	-3.61426e-03	6.15000e+02
2176	6.14397e+02	2.17600e+03	-3.59520e-03	6.15333e+02
2177	6.14743e+02	2.17700e+03	-3.58061e-03	6.15667e+02
2178	6.15080e+02	2.17800e+03	-3.57309e-03	6.16000e+02
2179	6.15461e+02	2.17900e+03	-3.57202e-03	6.16333e+02
2180	6.15789e+02	2.18000e+03	-3.59426e-03	6.16667e+02
2181	6.16114e+02	2.18100e+03	-3.62185e-03	6.17000e+02
2182	6.16414e+02	2.18200e+03	-3.65619e-03	6.17333e+02
2183	6.16781e+02	2.18300e+03	-3.69347e-03	6.17667e+02
2184	6.17129e+02	2.18400e+03	-3.75114e-03	6.18000e+02
2185	6.17484e+02	2.18500e+03	-3.78325e-03	6.18333e+02
2186	6.17889e+02	2.18600e+03	-3.80223e-03	6.18667e+02
2187	6.18273e+02	2.18700e+03	-3.81437e-03	6.19000e+02
2188	6.18632e+02	2.18800e+03	-3.79493e-03	6.19333e+02
2189	6.19042e+02	2.18900e+03	-3.78681e-03	6.19667e+02
2190	6.19411e+02	2.19000e+03	-3.78110e-03	6.20000e+02
2191	6.19750e+02	2.19100e+03	-3.77718e-03	6.20333e+02
2192	6.20051e+02	2.19200e+03	-3.76896e-03	6.20667e+02
2193	6.20377e+02	2.19300e+03	-3.77024e-03	6.21000e+02
2194	6.20701e+02	2.19400e+03	-3.77639e-03	6.21333e+02
2195	6.21008e+02	2.19500e+03	-3.78486e-03	6.21667e+02
2196	6.21318e+02	2.19600e+03	-3.80866e-03	6.22000e+02
2197	6.21639e+02	2.19700e+03	-3.82140e-03	6.22333e+02
2198	6.21951e+02	2.19800e+03	-3.82876e-03	6.22667e+02
2199	6.22264e+02	2.19900e+03	-3.83274e-03	6.23000e+02
2200	6.22564e+02	2.20000e+03	-3.82505e-03	6.23333e+02
2201	6.22886e+02	2.20100e+03	-3.81883e-03	6.23667e+02
2202	6.23196e+02	2.20200e+03	-3.81289e-03	6.24000e+02
2203	6.23531e+02	2.20300e+03	-3.80690e-03	6.24333e+02
2204	6.23851e+02	2.20400e+03	-3.79923e-03	6.24667e+02
2205	6.24181e+02	2.20500e+03	-3.80229e-03	6.25000e+02
2206	6.24505e+02	2.20600e+03	-3.81050e-03	6.25333e+02
2207	6.24841e+02	2.20700e+03	-3.82142e-03	6.25667e+02
2208	6.25153e+02	2.20800e+03	-3.84722e-03	6.26000e+02
2209	6.25491e+02	2.20900e+03	-3.86074e-03	6.26333e+02
2210	6.25814e+02	2.21000e+03	-3.86941e-03	6.26667e+02
2211	6.26143e+02	2.21100e+03	-3.87611e-03	6.27000e+02
2212	6.26467e+02	2.21200e+03	-3.87810e-03	6.27333e+02
2213	6.26797e+02	2.21300e+03	-3.88479e-03	6.27667e+02
2214	6.27117e+02	2.21400e+03	-3.89272e-03	6.28000e+02
2215	6.27440e+02	2.21500e+03	-3.90127e-03	6.28333e+02
2216	6.27763e+02	2.21600e+03	-3.91052e-03	6.28667e+02
2217	6.28095e+02	2.21700e+03	-3.91824e-03	6.29000e+02
2218	6.28420e+02	2.21800e+03	-3.92565e-03	6.29333e+02
2219	6.28742e+02	2.21900e+03	-3.93330e-03	6.29667e+02
2220	6.29070e+02	2.22000e+03	-3.94161e-03	6.30000e+02
2221	6.29409e+02	2.22100e+03	-3.95068e-03	6.30333e+02
2222	6.29738e+02	2.22200e+03	-3.96008e-03	6.30667e+02
2223	6.30065e+02	2.22300e+03	-3.97015e-03	6.31000e+02
2224	6.30396e+02	2.22400e+03	-3.98107e-03	6.31333e+02
2225	6.30728e+02	2.22500e+03	-3.99004e-03	6.31667e+02
2226	6.31063e+02	2.22600e+03	-3.99709e-03	6.32000e+02
2227	6.31386e+02	2.22700e+03	-4.00178e-03	6.32333e+02
2228	6.31711e+02	2.22800e+03	-3.99890e-03	6.32667e+02
2229	6.32042e+02	2.22900e+03	-3.99643e-03	6.33000e+02
2230	6.32374e+02	2.23000e+03	-3.99428e-03	6.33333e+02
2231	6.32699e+02	2.23100e+03	-3.99207e-03	6.33667e+02
2232	6.33021e+02	2.23200e+03	-3.98783e-03	6.34000e+02
2233	6.33350e+02	2.23300e+03	-3.98846e-03	6.34333e+02
2234	6.33679e+02	2.23400e+03	-3.98803e-03	6.34667e+02
2235	6.34009e+02	2.23500e+03	-3.98647e-03	6.35000e+02
2236	6.34334e+02	2.23600e+03	-3.99211e-03	6.35333e+02
2237	6.34664e+02	2.23700e+03	-3.99493e-03	6.35667e+02
2238	6.34995e+02	2.23800e+03	-3.99978e-03	6.36000e+02
2239	6.35329e+02	2.23900e+03	-4.00689e-03	6.36333e+02
2240	6.35664e+02	2.24000e+03	-4.01542e-03	6.36667e+02
2241	6.35992e+02	2.24100e+03	-4.02541e-03	6.37000e+02
2242	6.36329e+02	2.24200e+03	-4.03481e-03	6.37333e+02
2243	6.36655e+02	2.24300e+03	-4.04320e-03	6.37667e+02
2244	6.36987e+02	2.24400e+03	-4.04970e-03	6.38000e+02
2245	6.37318e+02	2.24500e+03	-4.04895e-03	6.38333e+02
2246	6.37648e+02	2.24600e+03	-4.04454e-03	6.38667e+02
2247	6.37981e+02	2.24700e+03	-4.03865e-03	6.39000e+02
2248	6.38323e+02	2.24800e+03	-4.02107e-03	6.39333e+02
2249	6.38658e+02	2.24900e+03	-4.01313e-03	6.39667e+02
2250	6.38981e+02	2.25000e+03	-4.01078e-03	6.40000e+02
2251	6.39323e+02	2.25100e+03	-4.01168e-03	6.40333e+02
2252	6.39651e+02	2.25200e+03	-4.02337e-03	6.40667e+02
2253	6.39972e+02	2.25300e+03	-4.03424e-03	6.41000e+02
2254	6.40298e+02	2.25400e+03	-4.04746e-03	6.41333e+02
2255	6.40623e+02	2.25500e+03	-4.06269e-03	6.41667e+02
2256	6.40960e+02	2.25600e+03	-4.08657e-03	6.42000e+02
2257	6.41286e+02	2.25700e+03	-4.10332e-03	6.42333e+02
2258	6.41623e+02	2.25800e+03	-4.11808e-03	6.42667e+02
2259	6.41955e+02	2.25900e+03	-4.13267e-03	6.43000e+02
2260	6.42291e+02	2.26000e+03	-4.14195e-03	6.43333e+02
2261	6.42625e+02	2.26100e+03	-4.15176e-03	6.43667e+02
2262	6.42954e+02	2.26200e+03	-4.16186e-03	6.44000e+02
2263	6.43290e+02	2.26300e+03	-4.17173e-03	6.44333e+02
2264	6.43619e+02	2.26400e+03	-4.17773e-03	6.44667e+02
2265	6.43954e+02	2.26500e+03	-4.18453e-03	6.45000e+02
2266	6.44284e+02	2.26600e+03	-4.18850e-03	6.45333e+02
2267	6.44611e+02	2.26700e+03	-4.19015e-03	6.45667e+02
2268	6.44949e+02	2.26800e+03	-4.18607e-03	6.46000e+02
2269	6.45286e+02	2.26900e+03	-4.18041e-03	6.46333e+02
2270	6.45613e+02	2.27000e+03	-4.17279e-03	6.46667e+02
2271	6.45951e+02	2.27100e+03	-4.16391e-03	6.47000e+02
2272	6.46275e+02	2.27200e+03	-4.14711e-03	6.47333e+02
2273	6.46615e+02	2.27300e+03	-4.13804e-03	6.47667e+02
2274	6.46951e+02	2.27400e+03	-4.13234e-03	6.48000e+02
2275	6.47264e+02	2.27500e+03	-4.12804e-03	6.48333e+02
2276	6.47596e+02	2.27600e+03	-4.13325e-03	6.48667e+02
2277	6.47920e+02	2.27700e+03	-4.13645e-03	6.49000e+02
2278	6.48256e+02	2.27800e+03	-4.13750e-03	6.49333e+02
2279	6.48576e+02	2.27900e+03	-4.13689e-03	6.49667e+02
2280	6.48899e+02	2.28000e+03	-4.13811e-03	6.50000e+02
2281	6.49226e+02	2.28100e+03	-4.13513e-03	6.50333e+02
2282	6.49570e+02	2.28200e+03	-4.13242e-03	6.50667e+02
2283	6.49894e+02	2.28300e+03	-4.13063e-03	6.51000e+02
2284	6.50221e+02	2.28400e+03	-4.12291e-03	6.51333e+02
2285	6.50551e+02	2.28500e+03	-4.11858e-03	6.51667e+02
2286	6.50885e+02	2.28600e+03	-4.11183e-03	6.52000e+02
2287	6.51214e+02	2.28700e+03	-4.10274e-03	6.52333e+02
2288	6.51538e+02	2.28800e+03	-4.09430e-03	6.52667e+02
2289	6.51873e+02	2.28900e+03	-4.08383e-03	6.53000e+02
2290	6.52205e+02	2.29000e+03	-4.07283e-03	6.53333e+02
2291	6.52524e+02	2.29100e+03	-4.06290e-03	6.53667e+02
2292	6.52856e+02	2.29200e+03	-4.05161e-03	6.54000e+02
2293	6.53201e+02	2.29300e+03	-4.04352e-03	6.54333e+02
2294	6.53536e+02	2.29400e+03	-4.03686e-03	6.54667e+02
2295	6.53862e+02	2.29500e+03	-4.03091e-03	6.55000e+02
2296	6.54191e+02	2.29600e+03	-4.03271e-03	6.55333e+02
2297	6.54538e+02	2.29700e+03	-4.03221e-03	6.55667e+02
2298	6.54862e+02	2.29800e+03	-4.03238e-03	6.56000e+02
2299	6.55184e+02	2.29900e+03	-4.03372e-03	6.56333e+02
2300	6.55511e+02	2.30000e+03	-4.04021e-03	6.56667e+02
2301	6.55851e+02	2.30100e+03	-4.04829e-03	6.57000e+02
2302	6.56184e+02	2.30200e+03	-4.05851e-03	6.57333e+02
2303	6.56499e+02	2.30300e+03	-4.07004e-03	6.57667e+02
2304	6.56834e+02	2.30400e+03	-4.08976e-03	6.58000e+02
2305	6.57160e+02	2.30500e+03	-4.10390e-03	6.58333e+02
2306	6.57489e+02	2.30600e+03	-4.11298e-03	6.58667e+02
2307	6.57813e+02	2.30700e+03	-4.11753e-03	6.59000e+02
2308	6.58147e+02	2.30800e+03	-4.11005e-03	6.59333e+02
2309	6.58477e+02	2.30900e+03	-4.09961e-03	6.59667e+02
2310	6.58810e+02	2.31000e+03	-4.08553e-03	6.60000e+02
2311	6.59140e+02	2.31100e+03	-4.06954e-03	6.60333e+02
2312	6.59469e+02	2.31200e+03	-4.03663e-03	6.60667e+02
2313	6.59808e+02	2.31300e+03	-4.01707e-03	6.61000e+02
2314	6.60140e+02	2.31400e+03	-4.00216e-03	6.61333e+02
2315	6.60464e+02	2.31500e+03	-3.98872e-03	6.61667e+02
2316	6.60791e+02	2.31600e+03	-3.98759e-03	6.62000e+02
2317	6.61137e+02	2.31700e+03	-3.98636e-03	6.62333e+02
2318	6.61466e+02	2.31800e+03	-3.98776e-03	6.62667e+02
2319	6.61805e+02	2.31900e+03	-3.99014e-03	6.63000e+02
2320	6.62122e+02	2.32000e+03	-4.00268e-03	6.63333e+02
2321	6.62463e+02	2.32100e+03	-4.00794e-03	6.63667e+02
2322	6.62805e+02	2.32200e+03	-4.00897e-03	6.64000e+02
2323	6.63135e+02	2.32300e+03	-4.00806e-03	6.64333e+02
2324	6.63467e+02	2.32400e+03	-4.00382e-03	6.64667e+02
2325	6.63806e+02	2.32500e+03	-4.00234e-03	6.65000e+02
2326	6.64141e+02	2.32600e+03	-4.00499e-03	6.65333e+02
2327	6.64476e+02	2.32700e+03	-4.01185e-03	6.65667e+02
2328	6.64802e+02	2.32800e+03	-4.02444e-03	6.66000e+02
2329	6.65143e+02	2.32900e+03	-4.03923e-03	6.66333e+02
2330	6.65469e+02	2.33000e+03	-4.05619e-03	6.66667e+02
2331	6.65800e+02	2.33100e+03	-4.07360e-03	6.67000e+02
2332	6.66130e+02	2.33200e+03	-4.09807e-03	6.67333e+02
2333	6.66473e+02	2.33300e+03	-4.11211e-03	6.67667e+02
2334	6.66807e+02	2.33400e+03	-4.12197e-03	6.68000e+02
2335	6.67146e+02	2.33500e+03	-4.13113e-03	6.68333e+02
2336	6.67477e+02	2.33600e+03	-4.12932e-03	6.68667e+02
2337	6.67808e+02	2.33700e+03	-4.13394e-03	6.69000e+02
2338	6.68145e+02	2.33800e+03	-4.13982e-03	6.69333e+02
2339	6.68484e+02	2.33900e+03	-4.14518e-03	6.69667e+02
2340	6.68818e+02	2.34000e+03	-4.15150e-03	6.70000e+02
2341	6.69160e+02	2.34100e+03	-4.15800e-03	6.70333e+02
2342	6.69493e+02	2.34200e+03	-4.16537e-03	6.70667e+02
2343	6.69823e+02	2.34300e+03	-4.17370e-03	6.71000e+02
2344	6.70160e+02	2.34400e+03	-4.18609e-03	6.71333e+02
2345	6.70491e+02	2.34500e+03	-4.19847e-03	6.71667e+02
2346	6.70836e+02	2.34600e+03	-4.21149e-03	6.72000e+02
2347	6.71165e+02	2.34700e+03	-4.22477e-03	6.72333e+02
2348	6.71491e+02	2.34800e+03	-4.23842e-03	6.72667e+02
2349	6.71828e+02	2.34900e+03	-4.24819e-03	6.73000e+02
2350	6.72159e+02	2.35000e+03	-4.25688e-03	6.73333e+02
2351	6.72495e+02	2.35100e+03	-4.26506e-03	6.73667e+02
2352	6.72832e+02	2.35200e+03	-4.26724e-03	6.74000e+02
2353	6.73157e+02	2.35300e+03	-4.27287e-03	6.74333e+02
2354	6.73492e+02	2.35400e+03	-4.27914e-03	6.74667e+02
2355	6.73821e+02	2.35500e+03	-4.28564e-03	6.75000e+02
2356	6.74162e+02	2.35600e+03	-4.29129e-03	6.75333e+02
2357	6.74508e+02	2.35700e+03	-4.29494e-03	6.75667e+02
2358	6.74840e+02	2.35800e+03	-4.29872e-03	6.76000e+02
2359	6.75179e+02	2.35900e+03	-4.30269e-03	6.76333e+02
2360	6.75520e+02	2.36000e+03	-4.30371e-03	6.76667e+02
2361	6.75856e+02	2.36100e+03	-4.30758e-03	6.77000e+02
2362	6.76199e+02	2.36200e+03	-4.31143e-03	6.77333e+02
2363	6.76533e+02	2.36300e+03	-4.31467e-03	6.77667e+02
2364	6.76877e+02	2.36400e+03	-4.32110e-03	6.78000e+02
2365	6.77209e+02	2.36500e+03	-4.32684e-03	6.78333e+02
2366	6.77543e+02	2.36600e+03	-4.33367e-03	6.78667e+02
2367	6.77880e+02	2.36700e+03	-4.34189e-03	6.79000e+02
2368	6.78220e+02	2.36800e+03	-4.35587e-03	6.79333e+02
2369	6.78545e+02	2.36900e+03	-4.37154e-03	6.79667e+02
2370	6.78883e+02	2.37000e+03	-4.38997e-03	6.80000e+02
2371	6.79218e+02	2.37100e+03	-4.41013e-03	6.80333e+02
2372	6.79559e+02	2.37200e+03	-4.43509e-03	6.80667e+02
2373	6.79895e+02	2.37300e+03	-4.45187e-03	6.81000e+02
2374	6.80219e+02	2.37400e+03	-4.46261e-03	6.81333e+02
2375	6.80551e+02	2.37500e+03	-4.46951e-03	6.81667e+02
2376	6.80868e+02	2.37600e+03	-4.46330e-03	6.82000e+02
2377	6.81187e+02	2.37700e+03	-4.46201e-03	6.82333e+02
2378	6.81518e+02	2.37800e+03	-4.46218e-03	6.82667e+02
2379	6.81847e+02	2.37900e+03	-4.46216e-03	6.83000e+02
2380	6.82177e+02	2.38000e+03	-4.45455e-03	6.83333e+02
2381	6.82487e+02	2.38100e+03	-4.44973e-03	6.83667e+02
2382	6.82813e+02	2.38200e+03	-4.44521e-03	6.84000e+02
2383	6.83141e+02	2.38300e+03	-4.44163e-03	6.84333e+02
2384	6.83477e+02	2.38400e+03	-4.44302e-03	6.84667e+02
2385	6.83801e+02	2.38500e+03	-4.44432e-03	6.85000e+02
2386	6.84133e+02	2.38600e+03	-4.44676e-03	6.85333e+02
2387	6.84460e+02	2.38700e+03	-4.45031e-03	6.85667e+02
2388	6.84783e+02	2.38800e+03	-4.45880e-03	6.86000e+02
2389	6.85101e+02	2.38900e+03	-4.46426e-03	6.86333e+02
2390	6.85437e+02	2.39000e+03	-4.46885e-03	6.86667e+02
2391	6.85749e+02	2.39100e+03	-4.47298e-03	6.87000e+02
2392	6.86080e+02	2.39200e+03	-4.48055e-03	6.87333e+02
2393	6.86407e+02	2.39300e+03	-4.49419e-03	6.87667e+02
2394	6.86734e+02	2.39400e+03	-4.51474e-03	6.88000e+02
2395	6.87060e+02	2.39500e+03	-4.54005e-03	6.88333e+02
2396	6.87386e+02	2.39600e+03	-4.58295e-03	6.88667e+02
2397	6.87729e+02	2.39700e+03	-4.61868e-03	6.89000e+02
2398	6.88067e+02	2.39800e+03	-4.64445e-03	6.89333e+02
2399	6.88394e+02	2.39900e+03	-4.66111e-03	6.89667e+02
2400	6.88725e+02	2.40000e+03	-4.65756e-03	6.90000e+02
2401	6.89047e+02	2.40100e+03	-4.64007e-03	6.90333e+02
2402	6.89386e+02	2.40200e+03	-4.61296e-03	6.90667e+02
2403	6.89710e+02	2.40300e+03	-4.58140e-03	6.91000e+02
2404	6.90032e+02	2.40400e+03	-4.50884e-03	6.91333e+02
2405	6.90178e+02	2.40500e+03	-4.46960e-03	6.91667e+02
2406	6.90310e+02	2.40600e+03	-4.44436e-03	6.92000e+02
2407	6.90508e+02	2.40700e+03	-4.42565e-03	6.92333e+02
2408	6.90748e+02	2.40800e+03	-4.43565e-03	6.92667e+02
2409	6.90986e+02	2.40900e+03	-4.43592e-03	6.93000e+02
2410	6.91226e+02	2.41000e+03	-4.43617e-03	6.93333e+02
2411	6.91458e+02	2.41100e+03	-4.43848e-03	6.93667e+02
2412	6.91672e+02	2.41200e+03	-4.45377e-03	6.94000e+02
2413	6.91892e+02	2.41300e+03	-4.46491e-03	6.94333e+02
2414	6.92098e+02	2.41400e+03	-4.47776e-03	6.94667e+02
2415	6.92295e+02	2.41500e+03	-4.49199e-03	6.95000e+02
2416	6.92487e+02	2.41600e+03	-4.50547e-03	6.95333e+02
2417	6.92677e+02	2.41700e+03	-4.51796e-03	6.95667e+02
2418	6.92859e+02	2.41800e+03	-4.52943e-03	6.96000e+02
2419	6.93024e+02	2.41900e+03	-4.53968e-03	6.96333e+02
2420	6.93192e+02	2.42000e+03	-4.54572e-03	6.96667e+02
2421	6.93363e+02	2.42100e+03	-4.55157e-03	6.97000e+02
2422	6.93523e+02	2.42200e+03	-4.55621e-03	6.97333e+02
2423	6.93668e+02	2.42300e+03	-4.55986e-03	6.97667e+02
2424	6.93815e+02	2.42400e+03	-4.55879e-03	6.98000e+02
2425	6.93964e+02	2.42500e+03	-4.56034e-03	6.98333e+02
2426	6.94111e+02	2.42600e+03	-4.56063e-03	6.98667e+02
2427	6.94256e+02	2.42700e+03	-4.55960e-03	6.99000e+02
2428	6.94391e+02	2.42800e+03	-4.55557e-03	6.99333e+02
2429	6.94511e+02	2.42900e+03	-4.54958e-03	6.99667e+02
2430	6.94643e+02	2.43000e+03	-4.54118e-03	7.00000e+02
