index	ts	t	weight	tr
[#]	[°C]	[s]	[mg]	[°C]
683	1.31121e+02	6.83000e+02	5.92375e+00	1.31500e+02
684	1.31619e+02	6.84000e+02	5.92371e+00	1.32000e+02
685	1.32120e+02	6.85000e+02	5.92367e+00	1.32500e+02
686	1.32635e+02	6.86000e+02	5.92362e+00	1.33000e+02
687	1.33127e+02	6.87000e+02	5.92358e+00	1.33500e+02
688	1.33632e+02	6.88000e+02	5.92353e+00	1.34000e+02
689	1.34130e+02	6.89000e+02	5.92348e+00	1.34500e+02
690	1.34621e+02	6.90000e+02	5.92342e+00	1.35000e+02
691	1.35132e+02	6.91000e+02	5.92335e+00	1.35500e+02
692	1.35639e+02	6.92000e+02	5.92325e+00	1.36000e+02
693	1.36144e+02	6.93000e+02	5.92314e+00	1.36500e+02
694	1.36646e+02	6.94000e+02	5.92302e+00	1.37000e+02
695	1.37163e+02	6.95000e+02	5.92288e+00	1.37500e+02
696	1.37649e+02	6.96000e+02	5.92267e+00	1.38000e+02
697	1.38153e+02	6.97000e+02	5.92248e+00	1.38500e+02
698	1.38646e+02	6.98000e+02	5.92228e+00	1.39000e+02
699	1.39159e+02	6.99000e+02	5.92209e+00	1.39500e+02
700	1.39649e+02	7.00000e+02	5.92188e+00	1.40000e+02
701	1.40155e+02	7.01000e+02	5.92169e+00	1.40500e+02
702	1.40665e+02	7.02000e+02	5.92152e+00	1.41000e+02
703	1.41183e+02	7.03000e+02	5.92135e+00	1.41500e+02
704	1.41669e+02	7.04000e+02	5.92122e+00	1.42000e+02
705	1.42176e+02	7.05000e+02	5.92107e+00	1.42500e+02
706	1.42681e+02	7.06000e+02	5.92091e+00	1.43000e+02
707	1.43178e+02	7.07000e+02	5.92075e+00	1.43500e+02
708	1.43686e+02	7.08000e+02	5.92058e+00	1.44000e+02
709	1.44193e+02	7.09000e+02	5.92039e+00	1.44500e+02
710	1.44701e+02	7.10000e+02	5.92019e+00	1.45000e+02
711	1.45197e+02	7.11000e+02	5.91998e+00	1.45500e+02
712	1.45707e+02	7.12000e+02	5.91973e+00	1.46000e+02
713	1.46203e+02	7.13000e+02	5.91948e+00	1.46500e+02
714	1.46726e+02	7.14000e+02	5.91923e+00	1.47000e+02
715	1.47212e+02	7.15000e+02	5.91897e+00	1.47500e+02
716	1.47714e+02	7.16000e+02	5.91869e+00	1.48000e+02
717	1.48235e+02	7.17000e+02	5.91843e+00	1.48500e+02
718	1.48734e+02	7.18000e+02	5.91816e+00	1.49000e+02
719	1.49229e+02	7.19000e+02	5.91790e+00	1.49500e+02
720	1.49733e+02	7.20000e+02	5.91763e+00	1.50000e+02
721	1.50255e+02	7.21000e+02	5.91735e+00	1.50500e+02
722	1.50748e+02	7.22000e+02	5.91706e+00	1.51000e+02
723	1.51258e+02	7.23000e+02	5.91676e+00	1.51500e+02
724	1.51762e+02	7.24000e+02	5.91641e+00	1.52000e+02
725	1.52264e+02	7.25000e+02	5.91606e+00	1.52500e+02
726	1.52780e+02	7.26000e+02	5.91570e+00	1.53000e+02
727	1.53263e+02	7.27000e+02	5.91533e+00	1.53500e+02
728	1.53775e+02	7.28000e+02	5.91489e+00	1.54000e+02
729	1.54282e+02	7.29000e+02	5.91448e+00	1.54500e+02
730	1.54803e+02	7.30000e+02	5.91406e+00	1.55000e+02
731	1.55302e+02	7.31000e+02	5.91364e+00	1.55500e+02
732	1.55804e+02	7.32000e+02	5.91319e+00	1.56000e+02
733	1.56315e+02	7.33000e+02	5.91275e+00	1.56500e+02
734	1.56814e+02	7.34000e+02	5.91231e+00	1.57000e+02
735	1.57312e+02	7.35000e+02	5.91186e+00	1.57500e+02
736	1.57827e+02	7.36000e+02	5.91141e+00	1.58000e+02
737	1.58335e+02	7.37000e+02	5.91095e+00	1.58500e+02
738	1.58845e+02	7.38000e+02	5.91048e+00	1.59000e+02
739	1.59344e+02	7.39000e+02	5.91002e+00	1.59500e+02
740	1.59853e+02	7.40000e+02	5.90953e+00	1.60000e+02
741	1.60349e+02	7.41000e+02	5.90905e+00	1.60500e+02
742	1.60861e+02	7.42000e+02	5.90857e+00	1.61000e+02
743	1.61382e+02	7.43000e+02	5.90808e+00	1.61500e+02
744	1.61882e+02	7.44000e+02	5.90758e+00	1.62000e+02
745	1.62382e+02	7.45000e+02	5.90708e+00	1.62500e+02
746	1.62895e+02	7.46000e+02	5.90657e+00	1.63000e+02
747	1.63395e+02	7.47000e+02	5.90606e+00	1.63500e+02
748	1.63904e+02	7.48000e+02	5.90553e+00	1.64000e+02
749	1.64410e+02	7.49000e+02	5.90499e+00	1.64500e+02
750	1.64910e+02	7.50000e+02	5.90444e+00	1.65000e+02
751	1.65433e+02	7.51000e+02	5.90387e+00	1.65500e+02
752	1.65932e+02	7.52000e+02	5.90325e+00	1.66000e+02
753	1.66436e+02	7.53000e+02	5.90263e+00	1.66500e+02
754	1.66939e+02	7.54000e+02	5.90200e+00	1.67000e+02
755	1.67453e+02	7.55000e+02	5.90136e+00	1.67500e+02
756	1.67947e+02	7.56000e+02	5.90066e+00	1.68000e+02
757	1.68462e+02	7.57000e+02	5.89997e+00	1.68500e+02
758	1.68964e+02	7.58000e+02	5.89928e+00	1.69000e+02
759	1.69464e+02	7.59000e+02	5.89857e+00	1.69500e+02
760	1.69978e+02	7.60000e+02	5.89781e+00	1.70000e+02
761	1.70501e+02	7.61000e+02	5.89704e+00	1.70500e+02
762	1.71003e+02	7.62000e+02	5.89626e+00	1.71000e+02
763	1.71507e+02	7.63000e+02	5.89546e+00	1.71500e+02
764	1.72007e+02	7.64000e+02	5.89458e+00	1.72000e+02
765	1.72513e+02	7.65000e+02	5.89372e+00	1.72500e+02
766	1.73026e+02	7.66000e+02	5.89283e+00	1.73000e+02
767	1.73534e+02	7.67000e+02	5.89192e+00	1.73500e+02
768	1.74036e+02	7.68000e+02	5.89092e+00	1.74000e+02
769	1.74543e+02	7.69000e+02	5.88991e+00	1.74500e+02
770	1.75055e+02	7.70000e+02	5.88888e+00	1.75000e+02
771	1.75572e+02	7.71000e+02	5.88782e+00	1.75500e+02
772	1.76076e+02	7.72000e+02	5.88661e+00	1.76000e+02
773	1.76576e+02	7.73000e+02	5.88541e+00	1.76500e+02
774	1.77080e+02	7.74000e+02	5.88416e+00	1.77000e+02
775	1.77595e+02	7.75000e+02	5.88288e+00	1.77500e+02
776	1.78099e+02	7.76000e+02	5.88142e+00	1.78000e+02
777	1.78602e+02	7.77000e+02	5.87998e+00	1.78500e+02
778	1.79104e+02	7.78000e+02	5.87849e+00	1.79000e+02
779	1.79618e+02	7.79000e+02	5.87697e+00	1.79500e+02
780	1.80123e+02	7.80000e+02	5.87526e+00	1.80000e+02
781	1.80631e+02	7.81000e+02	5.87358e+00	1.80500e+02
782	1.81131e+02	7.82000e+02	5.87185e+00	1.81000e+02
783	1.81642e+02	7.83000e+02	5.87008e+00	1.81500e+02
784	1.82151e+02	7.84000e+02	5.86811e+00	1.82000e+02
785	1.82662e+02	7.85000e+02	5.86615e+00	1.82500e+02
786	1.83162e+02	7.86000e+02	5.86414e+00	1.83000e+02
787	1.83670e+02	7.87000e+02	5.86208e+00	1.83500e+02
788	1.84180e+02	7.88000e+02	5.85979e+00	1.84000e+02
789	1.84693e+02	7.89000e+02	5.85753e+00	1.84500e+02
790	1.85190e+02	7.90000e+02	5.85522e+00	1.85000e+02
791	1.85701e+02	7.91000e+02	5.85287e+00	1.85500e+02
792	1.86225e+02	7.92000e+02	5.85028e+00	1.86000e+02
793	1.86718e+02	7.93000e+02	5.84773e+00	1.86500e+02
794	1.87237e+02	7.94000e+02	5.84514e+00	1.87000e+02
795	1.87737e+02	7.95000e+02	5.84250e+00	1.87500e+02
796	1.88248e+02	7.96000e+02	5.83966e+00	1.88000e+02
797	1.88756e+02	7.97000e+02	5.83685e+00	1.88500e+02
798	1.89251e+02	7.98000e+02	5.83401e+00	1.89000e+02
799	1.89778e+02	7.99000e+02	5.83112e+00	1.89500e+02
800	1.90285e+02	8.00000e+02	5.82805e+00	1.90000e+02
801	1.90793e+02	8.01000e+02	5.82500e+00	1.90500e+02
802	1.91298e+02	8.02000e+02	5.82192e+00	1.91000e+02
803	1.91806e+02	8.03000e+02	5.81881e+00	1.91500e+02
804	1.92318e+02	8.04000e+02	5.81553e+00	1.92000e+02
805	1.92827e+02	8.05000e+02	5.81228e+00	1.92500e+02
806	1.93341e+02	8.06000e+02	5.80902e+00	1.93000e+02
807	1.93842e+02	8.07000e+02	5.80574e+00	1.93500e+02
808	1.94361e+02	8.08000e+02	5.80236e+00	1.94000e+02
809	1.94874e+02	8.09000e+02	5.79900e+00	1.94500e+02
810	1.95380e+02	8.10000e+02	5.79564e+00	1.95000e+02
811	1.95889e+02	8.11000e+02	5.79227e+00	1.95500e+02
812	1.96403e+02	8.12000e+02	5.78886e+00	1.96000e+02
813	1.96911e+02	8.13000e+02	5.78547e+00	1.96500e+02
814	1.97430e+02	8.14000e+02	5.78209e+00	1.97000e+02
815	1.97939e+02	8.15000e+02	5.77871e+00	1.97500e+02
816	1.98453e+02	8.16000e+02	5.77536e+00	1.98000e+02
817	1.98964e+02	8.17000e+02	5.77202e+00	1.98500e+02
818	1.99487e+02	8.18000e+02	5.76870e+00	1.99000e+02
819	1.99992e+02	8.19000e+02	5.76540e+00	1.99500e+02
820	2.00496e+02	8.20000e+02	5.76217e+00	2.00000e+02
821	2.01014e+02	8.21000e+02	5.75895e+00	2.00500e+02
822	2.01515e+02	8.22000e+02	5.75576e+00	2.01000e+02
823	2.02036e+02	8.23000e+02	5.75260e+00	2.01500e+02
824	2.02543e+02	8.24000e+02	5.74960e+00	2.02000e+02
825	2.03057e+02	8.25000e+02	5.74660e+00	2.02500e+02
826	2.03570e+02	8.26000e+02	5.74366e+00	2.03000e+02
827	2.04101e+02	8.27000e+02	5.74076e+00	2.03500e+02
828	2.04599e+02	8.28000e+02	5.73809e+00	2.04000e+02
829	2.05110e+02	8.29000e+02	5.73541e+00	2.04500e+02
830	2.05632e+02	8.30000e+02	5.73279e+00	2.05000e+02
831	2.06138e+02	8.31000e+02	5.73022e+00	2.05500e+02
832	2.06661e+02	8.32000e+02	5.72791e+00	2.06000e+02
833	2.07169e+02	8.33000e+02	5.72557e+00	2.06500e+02
834	2.07690e+02	8.34000e+02	5.72328e+00	2.07000e+02
835	2.08193e+02	8.35000e+02	5.72104e+00	2.07500e+02
836	2.08714e+02	8.36000e+02	5.71906e+00	2.08000e+02
837	2.09222e+02	8.37000e+02	5.71704e+00	2.08500e+02
838	2.09748e+02	8.38000e+02	5.71507e+00	2.09000e+02
839	2.10259e+02	8.39000e+02	5.71314e+00	2.09500e+02
840	2.10780e+02	8.40000e+02	5.71144e+00	2.10000e+02
841	2.11288e+02	8.41000e+02	5.70972e+00	2.10500e+02
842	2.11812e+02	8.42000e+02	5.70805e+00	2.11000e+02
843	2.12326e+02	8.43000e+02	5.70642e+00	2.11500e+02
844	2.12838e+02	8.44000e+02	5.70504e+00	2.12000e+02
845	2.13358e+02	8.45000e+02	5.70362e+00	2.12500e+02
846	2.13867e+02	8.46000e+02	5.70226e+00	2.13000e+02
847	2.14381e+02	8.47000e+02	5.70095e+00	2.13500e+02
848	2.14897e+02	8.48000e+02	5.69988e+00	2.14000e+02
849	2.15405e+02	8.49000e+02	5.69877e+00	2.14500e+02
850	2.15915e+02	8.50000e+02	5.69769e+00	2.15000e+02
851	2.16440e+02	8.51000e+02	5.69664e+00	2.15500e+02
852	2.16965e+02	8.52000e+02	5.69577e+00	2.16000e+02
853	2.17475e+02	8.53000e+02	5.69485e+00	2.16500e+02
854	2.17989e+02	8.54000e+02	5.69394e+00	2.17000e+02
855	2.18492e+02	8.55000e+02	5.69304e+00	2.17500e+02
856	2.19015e+02	8.56000e+02	5.69222e+00	2.18000e+02
857	2.19522e+02	8.57000e+02	5.69138e+00	2.18500e+02
858	2.20033e+02	8.58000e+02	5.69054e+00	2.19000e+02
859	2.20547e+02	8.59000e+02	5.68970e+00	2.19500e+02
860	2.21068e+02	8.60000e+02	5.68891e+00	2.20000e+02
861	2.21571e+02	8.61000e+02	5.68811e+00	2.20500e+02
862	2.22084e+02	8.62000e+02	5.68733e+00	2.21000e+02
863	2.22600e+02	8.63000e+02	5.68655e+00	2.21500e+02
864	2.23091e+02	8.64000e+02	5.68582e+00	2.22000e+02
865	2.23609e+02	8.65000e+02	5.68509e+00	2.22500e+02
866	2.24122e+02	8.66000e+02	5.68435e+00	2.23000e+02
867	2.24632e+02	8.67000e+02	5.68362e+00	2.23500e+02
868	2.25143e+02	8.68000e+02	5.68293e+00	2.24000e+02
869	2.25649e+02	8.69000e+02	5.68222e+00	2.24500e+02
870	2.26156e+02	8.70000e+02	5.68152e+00	2.25000e+02
871	2.26667e+02	8.71000e+02	5.68082e+00	2.25500e+02
872	2.27182e+02	8.72000e+02	5.68013e+00	2.26000e+02
873	2.27688e+02	8.73000e+02	5.67943e+00	2.26500e+02
874	2.28182e+02	8.74000e+02	5.67873e+00	2.27000e+02
875	2.28693e+02	8.75000e+02	5.67802e+00	2.27500e+02
876	2.29216e+02	8.76000e+02	5.67730e+00	2.28000e+02
877	2.29726e+02	8.77000e+02	5.67658e+00	2.28500e+02
878	2.30238e+02	8.78000e+02	5.67585e+00	2.29000e+02
879	2.30753e+02	8.79000e+02	5.67511e+00	2.29500e+02
880	2.31260e+02	8.80000e+02	5.67435e+00	2.30000e+02
881	2.31765e+02	8.81000e+02	5.67359e+00	2.30500e+02
882	2.32276e+02	8.82000e+02	5.67283e+00	2.31000e+02
883	2.32782e+02	8.83000e+02	5.67207e+00	2.31500e+02
884	2.33295e+02	8.84000e+02	5.67130e+00	2.32000e+02
885	2.33828e+02	8.85000e+02	5.67056e+00	2.32500e+02
886	2.34329e+02	8.86000e+02	5.66983e+00	2.33000e+02
887	2.34837e+02	8.87000e+02	5.66910e+00	2.33500e+02
888	2.35353e+02	8.88000e+02	5.66842e+00	2.34000e+02
889	2.35868e+02	8.89000e+02	5.66773e+00	2.34500e+02
890	2.36378e+02	8.90000e+02	5.66704e+00	2.35000e+02
891	2.36888e+02	8.91000e+02	5.66635e+00	2.35500e+02
892	2.37416e+02	8.92000e+02	5.66568e+00	2.36000e+02
893	2.37919e+02	8.93000e+02	5.66499e+00	2.36500e+02
894	2.38432e+02	8.94000e+02	5.66430e+00	2.37000e+02
895	2.38958e+02	8.95000e+02	5.66360e+00	2.37500e+02
896	2.39464e+02	8.96000e+02	5.66289e+00	2.38000e+02
897	2.39972e+02	8.97000e+02	5.66220e+00	2.38500e+02
898	2.40478e+02	8.98000e+02	5.66151e+00	2.39000e+02
899	2.41012e+02	8.99000e+02	5.66082e+00	2.39500e+02
900	2.41535e+02	9.00000e+02	5.66014e+00	2.40000e+02
901	2.42046e+02	9.01000e+02	5.65946e+00	2.40500e+02
902	2.42547e+02	9.02000e+02	5.65879e+00	2.41000e+02
903	2.43051e+02	9.03000e+02	5.65812e+00	2.41500e+02
904	2.43561e+02	9.04000e+02	5.65747e+00	2.42000e+02
905	2.44083e+02	9.05000e+02	5.65683e+00	2.42500e+02
906	2.44595e+02	9.06000e+02	5.65619e+00	2.43000e+02
907	2.45108e+02	9.07000e+02	5.65556e+00	2.43500e+02
908	2.45594e+02	9.08000e+02	5.65497e+00	2.44000e+02
909	2.46100e+02	9.09000e+02	5.65436e+00	2.44500e+02
910	2.46606e+02	9.10000e+02	5.65376e+00	2.45000e+02
911	2.47114e+02	9.11000e+02	5.65316e+00	2.45500e+02
912	2.47624e+02	9.12000e+02	5.65258e+00	2.46000e+02
913	2.48127e+02	9.13000e+02	5.65200e+00	2.46500e+02
914	2.48645e+02	9.14000e+02	5.65142e+00	2.47000e+02
915	2.49137e+02	9.15000e+02	5.65085e+00	2.47500e+02
916	2.49636e+02	9.16000e+02	5.65028e+00	2.48000e+02
917	2.50137e+02	9.17000e+02	5.64970e+00	2.48500e+02
918	2.50648e+02	9.18000e+02	5.64911e+00	2.49000e+02
919	2.51157e+02	9.19000e+02	5.64852e+00	2.49500e+02
920	2.51657e+02	9.20000e+02	5.64793e+00	2.50000e+02
921	2.52154e+02	9.21000e+02	5.64735e+00	2.50500e+02
922	2.52669e+02	9.22000e+02	5.64679e+00	2.51000e+02
923	2.53169e+02	9.23000e+02	5.64623e+00	2.51500e+02
924	2.53693e+02	9.24000e+02	5.64571e+00	2.52000e+02
925	2.54191e+02	9.25000e+02	5.64520e+00	2.52500e+02
926	2.54708e+02	9.26000e+02	5.64470e+00	2.53000e+02
927	2.55214e+02	9.27000e+02	5.64421e+00	2.53500e+02
928	2.55730e+02	9.28000e+02	5.64378e+00	2.54000e+02
929	2.56240e+02	9.29000e+02	5.64333e+00	2.54500e+02
930	2.56754e+02	9.30000e+02	5.64287e+00	2.55000e+02
931	2.57250e+02	9.31000e+02	5.64240e+00	2.55500e+02
932	2.57773e+02	9.32000e+02	5.64193e+00	2.56000e+02
933	2.58273e+02	9.33000e+02	5.64145e+00	2.56500e+02
934	2.58782e+02	9.34000e+02	5.64097e+00	2.57000e+02
935	2.59288e+02	9.35000e+02	5.64048e+00	2.57500e+02
936	2.59812e+02	9.36000e+02	5.63997e+00	2.58000e+02
937	2.60328e+02	9.37000e+02	5.63947e+00	2.58500e+02
938	2.60840e+02	9.38000e+02	5.63897e+00	2.59000e+02
939	2.61341e+02	9.39000e+02	5.63847e+00	2.59500e+02
940	2.61855e+02	9.40000e+02	5.63796e+00	2.60000e+02
941	2.62359e+02	9.41000e+02	5.63746e+00	2.60500e+02
942	2.62887e+02	9.42000e+02	5.63696e+00	2.61000e+02
943	2.63388e+02	9.43000e+02	5.63646e+00	2.61500e+02
944	2.63892e+02	9.44000e+02	5.63596e+00	2.62000e+02
945	2.64407e+02	9.45000e+02	5.63547e+00	2.62500e+02
946	2.64915e+02	9.46000e+02	5.63500e+00	2.63000e+02
947	2.65429e+02	9.47000e+02	5.63452e+00	2.63500e+02
948	2.65918e+02	9.48000e+02	5.63407e+00	2.64000e+02
949	2.66429e+02	9.49000e+02	5.63362e+00	2.64500e+02
950	2.66943e+02	9.50000e+02	5.63315e+00	2.65000e+02
951	2.67437e+02	9.51000e+02	5.63269e+00	2.65500e+02
952	2.67940e+02	9.52000e+02	5.63222e+00	2.66000e+02
953	2.68440e+02	9.53000e+02	5.63174e+00	2.66500e+02
954	2.68949e+02	9.54000e+02	5.63124e+00	2.67000e+02
955	2.69450e+02	9.55000e+02	5.63074e+00	2.67500e+02
956	2.69953e+02	9.56000e+02	5.63018e+00	2.68000e+02
957	2.70471e+02	9.57000e+02	5.62964e+00	2.68500e+02
958	2.70983e+02	9.58000e+02	5.62908e+00	2.69000e+02
959	2.71480e+02	9.59000e+02	5.62852e+00	2.69500e+02
960	2.71999e+02	9.60000e+02	5.62791e+00	2.70000e+02
961	2.72495e+02	9.61000e+02	5.62730e+00	2.70500e+02
962	2.73017e+02	9.62000e+02	5.62669e+00	2.71000e+02
963	2.73534e+02	9.63000e+02	5.62607e+00	2.71500e+02
964	2.74029e+02	9.64000e+02	5.62540e+00	2.72000e+02
965	2.74532e+02	9.65000e+02	5.62475e+00	2.72500e+02
966	2.75042e+02	9.66000e+02	5.62408e+00	2.73000e+02
967	2.75565e+02	9.67000e+02	5.62341e+00	2.73500e+02
968	2.76058e+02	9.68000e+02	5.62269e+00	2.74000e+02
969	2.76583e+02	9.69000e+02	5.62197e+00	2.74500e+02
970	2.77069e+02	9.70000e+02	5.62125e+00	2.75000e+02
971	2.77595e+02	9.71000e+02	5.62051e+00	2.75500e+02
972	2.78093e+02	9.72000e+02	5.61971e+00	2.76000e+02
973	2.78602e+02	9.73000e+02	5.61892e+00	2.76500e+02
974	2.79080e+02	9.74000e+02	5.61811e+00	2.77000e+02
975	2.79578e+02	9.75000e+02	5.61729e+00	2.77500e+02
976	2.80068e+02	9.76000e+02	5.61640e+00	2.78000e+02
977	2.80580e+02	9.77000e+02	5.61552e+00	2.78500e+02
978	2.81079e+02	9.78000e+02	5.61462e+00	2.79000e+02
979	2.81578e+02	9.79000e+02	5.61370e+00	2.79500e+02
980	2.82070e+02	9.80000e+02	5.61271e+00	2.80000e+02
981	2.82571e+02	9.81000e+02	5.61173e+00	2.80500e+02
982	2.83080e+02	9.82000e+02	5.61073e+00	2.81000e+02
983	2.83586e+02	9.83000e+02	5.60972e+00	2.81500e+02
984	2.84087e+02	9.84000e+02	5.60863e+00	2.82000e+02
985	2.84583e+02	9.85000e+02	5.60754e+00	2.82500e+02
986	2.85079e+02	9.86000e+02	5.60643e+00	2.83000e+02
987	2.85575e+02	9.87000e+02	5.60529e+00	2.83500e+02
988	2.86084e+02	9.88000e+02	5.60406e+00	2.84000e+02
989	2.86587e+02	9.89000e+02	5.60283e+00	2.84500e+02
990	2.87081e+02	9.90000e+02	5.60158e+00	2.85000e+02
991	2.87587e+02	9.91000e+02	5.60030e+00	2.85500e+02
992	2.88099e+02	9.92000e+02	5.59891e+00	2.86000e+02
993	2.88604e+02	9.93000e+02	5.59753e+00	2.86500e+02
994	2.89105e+02	9.94000e+02	5.59612e+00	2.87000e+02
995	2.89613e+02	9.95000e+02	5.59468e+00	2.87500e+02
996	2.90112e+02	9.96000e+02	5.59310e+00	2.88000e+02
997	2.90603e+02	9.97000e+02	5.59154e+00	2.88500e+02
998	2.91100e+02	9.98000e+02	5.58993e+00	2.89000e+02
999	2.91614e+02	9.99000e+02	5.58830e+00	2.89500e+02
1000	2.92111e+02	1.00000e+03	5.58649e+00	2.90000e+02
1001	2.92608e+02	1.00100e+03	5.58470e+00	2.90500e+02
1002	2.93108e+02	1.00200e+03	5.58287e+00	2.91000e+02
1003	2.93621e+02	1.00300e+03	5.58100e+00	2.91500e+02
1004	2.94118e+02	1.00400e+03	5.57893e+00	2.92000e+02
1005	2.94627e+02	1.00500e+03	5.57690e+00	2.92500e+02
1006	2.95126e+02	1.00600e+03	5.57482e+00	2.93000e+02
1007	2.95638e+02	1.00700e+03	5.57270e+00	2.93500e+02
1008	2.96150e+02	1.00800e+03	5.57039e+00	2.94000e+02
1009	2.96653e+02	1.00900e+03	5.56811e+00	2.94500e+02
1010	2.97166e+02	1.01000e+03	5.56577e+00	2.95000e+02
1011	2.97664e+02	1.01100e+03	5.56340e+00	2.95500e+02
1012	2.98168e+02	1.01200e+03	5.56084e+00	2.96000e+02
1013	2.98679e+02	1.01300e+03	5.55829e+00	2.96500e+02
1014	2.99182e+02	1.01400e+03	5.55571e+00	2.97000e+02
1015	2.99685e+02	1.01500e+03	5.55308e+00	2.97500e+02
1016	3.00184e+02	1.01600e+03	5.55026e+00	2.98000e+02
1017	3.00701e+02	1.01700e+03	5.54746e+00	2.98500e+02
1018	3.01208e+02	1.01800e+03	5.54462e+00	2.99000e+02
1019	3.01710e+02	1.01900e+03	5.54175e+00	2.99500e+02
1020	3.02219e+02	1.02000e+03	5.53869e+00	3.00000e+02
1021	3.02721e+02	1.02100e+03	5.53566e+00	3.00500e+02
1022	3.03238e+02	1.02200e+03	5.53259e+00	3.01000e+02
1023	3.03747e+02	1.02300e+03	5.52949e+00	3.01500e+02
1024	3.04253e+02	1.02400e+03	5.52622e+00	3.02000e+02
1025	3.04755e+02	1.02500e+03	5.52297e+00	3.02500e+02
1026	3.05268e+02	1.02600e+03	5.51967e+00	3.03000e+02
1027	3.05776e+02	1.02700e+03	5.51634e+00	3.03500e+02
1028	3.06281e+02	1.02800e+03	5.51282e+00	3.04000e+02
1029	3.06791e+02	1.02900e+03	5.50933e+00	3.04500e+02
1030	3.07300e+02	1.03000e+03	5.50580e+00	3.05000e+02
1031	3.07796e+02	1.03100e+03	5.50224e+00	3.05500e+02
1032	3.08293e+02	1.03200e+03	5.49851e+00	3.06000e+02
1033	3.08817e+02	1.03300e+03	5.49481e+00	3.06500e+02
1034	3.09305e+02	1.03400e+03	5.49110e+00	3.07000e+02
1035	3.09806e+02	1.03500e+03	5.48736e+00	3.07500e+02
1036	3.10311e+02	1.03600e+03	5.48349e+00	3.08000e+02
1037	3.10818e+02	1.03700e+03	5.47964e+00	3.08500e+02
1038	3.11320e+02	1.03800e+03	5.47576e+00	3.09000e+02
1039	3.11837e+02	1.03900e+03	5.47186e+00	3.09500e+02
1040	3.12341e+02	1.04000e+03	5.46784e+00	3.10000e+02
1041	3.12836e+02	1.04100e+03	5.46383e+00	3.10500e+02
1042	3.13349e+02	1.04200e+03	5.45981e+00	3.11000e+02
1043	3.13859e+02	1.04300e+03	5.45576e+00	3.11500e+02
1044	3.14354e+02	1.04400e+03	5.45162e+00	3.12000e+02
1045	3.14867e+02	1.04500e+03	5.44750e+00	3.12500e+02
1046	3.15386e+02	1.04600e+03	5.44337e+00	3.13000e+02
1047	3.15896e+02	1.04700e+03	5.43923e+00	3.13500e+02
1048	3.16405e+02	1.04800e+03	5.43503e+00	3.14000e+02
1049	3.16918e+02	1.04900e+03	5.43085e+00	3.14500e+02
1050	3.17421e+02	1.05000e+03	5.42667e+00	3.15000e+02
1051	3.17917e+02	1.05100e+03	5.42248e+00	3.15500e+02
1052	3.18435e+02	1.05200e+03	5.41827e+00	3.16000e+02
1053	3.18933e+02	1.05300e+03	5.41406e+00	3.16500e+02
1054	3.19441e+02	1.05400e+03	5.40984e+00	3.17000e+02
1055	3.19956e+02	1.05500e+03	5.40562e+00	3.17500e+02
1056	3.20466e+02	1.05600e+03	5.40136e+00	3.18000e+02
1057	3.20972e+02	1.05700e+03	5.39709e+00	3.18500e+02
1058	3.21482e+02	1.05800e+03	5.39281e+00	3.19000e+02
1059	3.21990e+02	1.05900e+03	5.38851e+00	3.19500e+02
1060	3.22475e+02	1.06000e+03	5.38416e+00	3.20000e+02
1061	3.22981e+02	1.06100e+03	5.37982e+00	3.20500e+02
1062	3.23489e+02	1.06200e+03	5.37546e+00	3.21000e+02
1063	3.23996e+02	1.06300e+03	5.37108e+00	3.21500e+02
1064	3.24500e+02	1.06400e+03	5.36664e+00	3.22000e+02
1065	3.25005e+02	1.06500e+03	5.36220e+00	3.22500e+02
1066	3.25510e+02	1.06600e+03	5.35773e+00	3.23000e+02
1067	3.26017e+02	1.06700e+03	5.35323e+00	3.23500e+02
1068	3.26530e+02	1.06800e+03	5.34861e+00	3.24000e+02
1069	3.27042e+02	1.06900e+03	5.34397e+00	3.24500e+02
1070	3.27548e+02	1.07000e+03	5.33928e+00	3.25000e+02
1071	3.28053e+02	1.07100e+03	5.33455e+00	3.25500e+02
1072	3.28559e+02	1.07200e+03	5.32959e+00	3.26000e+02
1073	3.29051e+02	1.07300e+03	5.32464e+00	3.26500e+02
1074	3.29548e+02	1.07400e+03	5.31962e+00	3.27000e+02
1075	3.30062e+02	1.07500e+03	5.31454e+00	3.27500e+02
1076	3.30565e+02	1.07600e+03	5.30915e+00	3.28000e+02
1077	3.31063e+02	1.07700e+03	5.30379e+00	3.28500e+02
1078	3.31583e+02	1.07800e+03	5.29833e+00	3.29000e+02
1079	3.32092e+02	1.07900e+03	5.29278e+00	3.29500e+02
1080	3.32582e+02	1.08000e+03	5.28683e+00	3.30000e+02
1081	3.33110e+02	1.08100e+03	5.28089e+00	3.30500e+02
1082	3.33607e+02	1.08200e+03	5.27484e+00	3.31000e+02
1083	3.34115e+02	1.08300e+03	5.26868e+00	3.31500e+02
1084	3.34614e+02	1.08400e+03	5.26198e+00	3.32000e+02
1085	3.35137e+02	1.08500e+03	5.25534e+00	3.32500e+02
1086	3.35651e+02	1.08600e+03	5.24855e+00	3.33000e+02
1087	3.36155e+02	1.08700e+03	5.24164e+00	3.33500e+02
1088	3.36684e+02	1.08800e+03	5.23410e+00	3.34000e+02
1089	3.37187e+02	1.08900e+03	5.22663e+00	3.34500e+02
1090	3.37647e+02	1.09000e+03	5.21900e+00	3.35000e+02
1091	3.38160e+02	1.09100e+03	5.21123e+00	3.35500e+02
1092	3.38684e+02	1.09200e+03	5.20277e+00	3.36000e+02
1093	3.39182e+02	1.09300e+03	5.19438e+00	3.36500e+02
1094	3.39690e+02	1.09400e+03	5.18581e+00	3.37000e+02
1095	3.40198e+02	1.09500e+03	5.17708e+00	3.37500e+02
1096	3.40856e+02	1.09600e+03	5.16755e+00	3.38000e+02
1097	3.41689e+02	1.09700e+03	5.15808e+00	3.38500e+02
1098	3.42165e+02	1.09800e+03	5.14839e+00	3.39000e+02
1099	3.42771e+02	1.09900e+03	5.13852e+00	3.39500e+02
1100	3.43351e+02	1.10000e+03	5.12768e+00	3.40000e+02
1101	3.43849e+02	1.10100e+03	5.11695e+00	3.40500e+02
1102	3.44352e+02	1.10200e+03	5.10598e+00	3.41000e+02
1103	3.44871e+02	1.10300e+03	5.09481e+00	3.41500e+02
1104	3.45387e+02	1.10400e+03	5.08259e+00	3.42000e+02
1105	3.45875e+02	1.10500e+03	5.07048e+00	3.42500e+02
1106	3.46357e+02	1.10600e+03	5.05814e+00	3.43000e+02
1107	3.46858e+02	1.10700e+03	5.04559e+00	3.43500e+02
1108	3.47330e+02	1.10800e+03	5.03192e+00	3.44000e+02
1109	3.47840e+02	1.10900e+03	5.01839e+00	3.44500e+02
1110	3.48362e+02	1.11000e+03	5.00460e+00	3.45000e+02
1111	3.48852e+02	1.11100e+03	4.99057e+00	3.45500e+02
1112	3.49399e+02	1.11200e+03	4.97536e+00	3.46000e+02
1113	3.49891e+02	1.11300e+03	4.96027e+00	3.46500e+02
1114	3.50443e+02	1.11400e+03	4.94489e+00	3.47000e+02
1115	3.50942e+02	1.11500e+03	4.92924e+00	3.47500e+02
1116	3.51461e+02	1.11600e+03	4.91228e+00	3.48000e+02
1117	3.51965e+02	1.11700e+03	4.89547e+00	3.48500e+02
1118	3.52473e+02	1.11800e+03	4.87835e+00	3.49000e+02
1119	3.52961e+02	1.11900e+03	4.86096e+00	3.49500e+02
1120	3.53445e+02	1.12000e+03	4.84216e+00	3.50000e+02
1121	3.53931e+02	1.12100e+03	4.82352e+00	3.50500e+02
1122	3.54431e+02	1.12200e+03	4.80457e+00	3.51000e+02
1123	3.54935e+02	1.12300e+03	4.78532e+00	3.51500e+02
1124	3.55435e+02	1.12400e+03	4.76459e+00	3.52000e+02
1125	3.55950e+02	1.12500e+03	4.74406e+00	3.52500e+02
1126	3.56427e+02	1.12600e+03	4.72321e+00	3.53000e+02
1127	3.56905e+02	1.12700e+03	4.70208e+00	3.53500e+02
1128	3.57381e+02	1.12800e+03	4.67945e+00	3.54000e+02
1129	3.57858e+02	1.12900e+03	4.65703e+00	3.54500e+02
1130	3.58346e+02	1.13000e+03	4.63427e+00	3.55000e+02
1131	3.58852e+02	1.13100e+03	4.61123e+00	3.55500e+02
1132	3.59374e+02	1.13200e+03	4.58665e+00	3.56000e+02
1133	3.59887e+02	1.13300e+03	4.56226e+00	3.56500e+02
1134	3.60363e+02	1.13400e+03	4.53752e+00	3.57000e+02
1135	3.60876e+02	1.13500e+03	4.51249e+00	3.57500e+02
1136	3.61407e+02	1.13600e+03	4.48587e+00	3.58000e+02
1137	3.61952e+02	1.13700e+03	4.45949e+00	3.58500e+02
1138	3.62473e+02	1.13800e+03	4.43279e+00	3.59000e+02
1139	3.62944e+02	1.13900e+03	4.40579e+00	3.59500e+02
1140	3.63537e+02	1.14000e+03	4.37727e+00	3.60000e+02
1141	3.64144e+02	1.14100e+03	4.34896e+00	3.60500e+02
1142	3.64513e+02	1.14200e+03	4.32035e+00	3.61000e+02
1143	3.64936e+02	1.14300e+03	4.29147e+00	3.61500e+02
1144	3.65381e+02	1.14400e+03	4.26114e+00	3.62000e+02
1145	3.65876e+02	1.14500e+03	4.23105e+00	3.62500e+02
1146	3.66355e+02	1.14600e+03	4.20070e+00	3.63000e+02
1147	3.66860e+02	1.14700e+03	4.17009e+00	3.63500e+02
1148	3.67358e+02	1.14800e+03	4.13817e+00	3.64000e+02
1149	3.67828e+02	1.14900e+03	4.10642e+00	3.64500e+02
1150	3.68320e+02	1.15000e+03	4.07440e+00	3.65000e+02
1151	3.68810e+02	1.15100e+03	4.04215e+00	3.65500e+02
1152	3.69311e+02	1.15200e+03	4.00865e+00	3.66000e+02
1153	3.69788e+02	1.15300e+03	3.97534e+00	3.66500e+02
1154	3.70288e+02	1.15400e+03	3.94181e+00	3.67000e+02
1155	3.70748e+02	1.15500e+03	3.90806e+00	3.67500e+02
1156	3.71206e+02	1.15600e+03	3.87317e+00	3.68000e+02
1157	3.71719e+02	1.15700e+03	3.83843e+00	3.68500e+02
1158	3.72227e+02	1.15800e+03	3.80345e+00	3.69000e+02
1159	3.72817e+02	1.15900e+03	3.76823e+00	3.69500e+02
1160	3.73228e+02	1.16000e+03	3.73192e+00	3.70000e+02
1161	3.73638e+02	1.16100e+03	3.69576e+00	3.70500e+02
1162	3.74136e+02	1.16200e+03	3.65938e+00	3.71000e+02
1163	3.74590e+02	1.16300e+03	3.62280e+00	3.71500e+02
1164	3.75072e+02	1.16400e+03	3.58515e+00	3.72000e+02
1165	3.75524e+02	1.16500e+03	3.54764e+00	3.72500e+02
1166	3.76079e+02	1.16600e+03	3.50989e+00	3.73000e+02
1167	3.76558e+02	1.16700e+03	3.47192e+00	3.73500e+02
1168	3.77129e+02	1.16800e+03	3.43285e+00	3.74000e+02
1169	3.77660e+02	1.16900e+03	3.39391e+00	3.74500e+02
1170	3.78135e+02	1.17000e+03	3.35472e+00	3.75000e+02
1171	3.78764e+02	1.17100e+03	3.31529e+00	3.75500e+02
1172	3.79365e+02	1.17200e+03	3.27467e+00	3.76000e+02
1173	3.79893e+02	1.17300e+03	3.23420e+00	3.76500e+02
1174	3.80386e+02	1.17400e+03	3.19347e+00	3.77000e+02
1175	3.80952e+02	1.17500e+03	3.15249e+00	3.77500e+02
1176	3.81413e+02	1.17600e+03	3.11031e+00	3.78000e+02
1177	3.81889e+02	1.17700e+03	3.06835e+00	3.78500e+02
1178	3.82362e+02	1.17800e+03	3.02624e+00	3.79000e+02
1179	3.82842e+02	1.17900e+03	2.98396e+00	3.79500e+02
1180	3.83327e+02	1.18000e+03	2.94078e+00	3.80000e+02
1181	3.83800e+02	1.18100e+03	2.89786e+00	3.80500e+02
1182	3.84293e+02	1.18200e+03	2.85486e+00	3.81000e+02
1183	3.84790e+02	1.18300e+03	2.81175e+00	3.81500e+02
1184	3.85307e+02	1.18400e+03	2.76808e+00	3.82000e+02
1185	3.85798e+02	1.18500e+03	2.72446e+00	3.82500e+02
1186	3.86311e+02	1.18600e+03	2.68070e+00	3.83000e+02
1187	3.86791e+02	1.18700e+03	2.63682e+00	3.83500e+02
1188	3.87264e+02	1.18800e+03	2.59230e+00	3.84000e+02
1189	3.87770e+02	1.18900e+03	2.54787e+00	3.84500e+02
1190	3.88243e+02	1.19000e+03	2.50333e+00	3.85000e+02
1191	3.88719e+02	1.19100e+03	2.45869e+00	3.85500e+02
1192	3.89211e+02	1.19200e+03	2.41351e+00	3.86000e+02
1193	3.89727e+02	1.19300e+03	2.36848e+00	3.86500e+02
1194	3.90234e+02	1.19400e+03	2.32344e+00	3.87000e+02
1195	3.90724e+02	1.19500e+03	2.27838e+00	3.87500e+02
1196	3.91264e+02	1.19600e+03	2.23318e+00	3.88000e+02
1197	3.91742e+02	1.19700e+03	2.18815e+00	3.88500e+02
1198	3.92249e+02	1.19800e+03	2.14322e+00	3.89000e+02
1199	3.92767e+02	1.19900e+03	2.09833e+00	3.89500e+02
1200	3.93294e+02	1.20000e+03	2.05375e+00	3.90000e+02
1201	3.93802e+02	1.20100e+03	2.00913e+00	3.90500e+02
1202	3.94301e+02	1.20200e+03	1.96456e+00	3.91000e+02
1203	3.94762e+02	1.20300e+03	1.92005e+00	3.91500e+02
1204	3.95250e+02	1.20400e+03	1.87582e+00	3.92000e+02
1205	3.95735e+02	1.20500e+03	1.83153e+00	3.92500e+02
1206	3.96223e+02	1.20600e+03	1.78728e+00	3.93000e+02
1207	3.96711e+02	1.20700e+03	1.74309e+00	3.93500e+02
1208	3.97192e+02	1.20800e+03	1.69913e+00	3.94000e+02
1209	3.97678e+02	1.20900e+03	1.65520e+00	3.94500e+02
1210	3.98192e+02	1.21000e+03	1.61136e+00	3.95000e+02
1211	3.98704e+02	1.21100e+03	1.56763e+00	3.95500e+02
1212	3.99189e+02	1.21200e+03	1.52438e+00	3.96000e+02
1213	3.99723e+02	1.21300e+03	1.48119e+00	3.96500e+02
1214	4.00239e+02	1.21400e+03	1.43821e+00	3.97000e+02
1215	4.00742e+02	1.21500e+03	1.39541e+00	3.97500e+02
1216	4.01227e+02	1.21600e+03	1.35353e+00	3.98000e+02
1217	4.01702e+02	1.21700e+03	1.31163e+00	3.98500e+02
1218	4.02179e+02	1.21800e+03	1.27005e+00	3.99000e+02
1219	4.02668e+02	1.21900e+03	1.22872e+00	3.99500e+02
1220	4.03178e+02	1.22000e+03	1.18876e+00	4.00000e+02
1221	4.03664e+02	1.22100e+03	1.14877e+00	4.00500e+02
1222	4.04116e+02	1.22200e+03	1.10924e+00	4.01000e+02
1223	4.04632e+02	1.22300e+03	1.07012e+00	4.01500e+02
1224	4.05105e+02	1.22400e+03	1.03265e+00	4.02000e+02
1225	4.05678e+02	1.22500e+03	9.94671e-01	4.02500e+02
1226	4.06137e+02	1.22600e+03	9.57727e-01	4.03000e+02
1227	4.06690e+02	1.22700e+03	9.21405e-01	4.03500e+02
1228	4.07214e+02	1.22800e+03	8.87550e-01	4.04000e+02
1229	4.07739e+02	1.22900e+03	8.53656e-01	4.04500e+02
1230	4.08227e+02	1.23000e+03	8.20516e-01	4.05000e+02
1231	4.08743e+02	1.23100e+03	7.88005e-01	4.05500e+02
1232	4.09248e+02	1.23200e+03	7.57924e-01	4.06000e+02
1233	4.09737e+02	1.23300e+03	7.27855e-01	4.06500e+02
1234	4.10220e+02	1.23400e+03	6.98542e-01	4.07000e+02
1235	4.10736e+02	1.23500e+03	6.69860e-01	4.07500e+02
1236	4.11253e+02	1.23600e+03	6.43603e-01	4.08000e+02
1237	4.11748e+02	1.23700e+03	6.17281e-01	4.08500e+02
1238	4.12320e+02	1.23800e+03	5.92003e-01	4.09000e+02
1239	4.12803e+02	1.23900e+03	5.68000e-01	4.09500e+02
1240	4.13327e+02	1.24000e+03	5.44971e-01	4.10000e+02
1241	4.13794e+02	1.24100e+03	5.21492e-01	4.10500e+02
1242	4.14296e+02	1.24200e+03	4.99453e-01	4.11000e+02
1243	4.14822e+02	1.24300e+03	4.78700e-01	4.11500e+02
1244	4.15262e+02	1.24400e+03	4.59240e-01	4.12000e+02
1245	4.15779e+02	1.24500e+03	4.39321e-01	4.12500e+02
1246	4.16266e+02	1.24600e+03	4.19898e-01	4.13000e+02
1247	4.16759e+02	1.24700e+03	4.01965e-01	4.13500e+02
1248	4.17271e+02	1.24800e+03	3.85466e-01	4.14000e+02
1249	4.17769e+02	1.24900e+03	3.68713e-01	4.14500e+02
1250	4.18265e+02	1.25000e+03	3.52440e-01	4.15000e+02
1251	4.18798e+02	1.25100e+03	3.36598e-01	4.15500e+02
1252	4.19324e+02	1.25200e+03	3.22756e-01	4.16000e+02
1253	4.19861e+02	1.25300e+03	3.08590e-01	4.16500e+02
1254	4.20380e+02	1.25400e+03	2.94802e-01	4.17000e+02
1255	4.20887e+02	1.25500e+03	2.81372e-01	4.17500e+02
1256	4.21399e+02	1.25600e+03	2.69786e-01	4.18000e+02
1257	4.21929e+02	1.25700e+03	2.57903e-01	4.18500e+02
1258	4.22461e+02	1.25800e+03	2.46356e-01	4.19000e+02
1259	4.22980e+02	1.25900e+03	2.35133e-01	4.19500e+02
1260	4.23488e+02	1.26000e+03	2.25561e-01	4.20000e+02
1261	4.24004e+02	1.26100e+03	2.15722e-01	4.20500e+02
1262	4.24530e+02	1.26200e+03	2.06178e-01	4.21000e+02
1263	4.25068e+02	1.26300e+03	1.96918e-01	4.21500e+02
1264	4.25592e+02	1.26400e+03	1.89125e-01	4.22000e+02
1265	4.26124e+02	1.26500e+03	1.81088e-01	4.22500e+02
1266	4.26638e+02	1.26600e+03	1.73311e-01	4.23000e+02
1267	4.27165e+02	1.26700e+03	1.65782e-01	4.23500e+02
1268	4.27718e+02	1.26800e+03	1.59534e-01	4.24000e+02
1269	4.28229e+02	1.26900e+03	1.53067e-01	4.24500e+02
1270	4.28653e+02	1.27000e+03	1.46819e-01	4.25000e+02
1271	4.29226e+02	1.27100e+03	1.40782e-01	4.25500e+02
1272	4.29659e+02	1.27200e+03	1.35837e-01	4.26000e+02
1273	4.30255e+02	1.27300e+03	1.30695e-01	4.26500e+02
1274	4.30750e+02	1.27400e+03	1.25733e-01	4.27000e+02
1275	4.31266e+02	1.27500e+03	1.20948e-01	4.27500e+02
1276	4.31737e+02	1.27600e+03	1.17068e-01	4.28000e+02
1277	4.32300e+02	1.27700e+03	1.13025e-01	4.28500e+02
1278	4.33055e+02	1.27800e+03	1.09127e-01	4.29000e+02
1279	4.33763e+02	1.27900e+03	1.05372e-01	4.29500e+02
1280	4.34214e+02	1.28000e+03	1.02353e-01	4.30000e+02
1281	4.34688e+02	1.28100e+03	9.91929e-02	4.30500e+02
1282	4.35161e+02	1.28200e+03	9.61490e-02	4.31000e+02
1283	4.35670e+02	1.28300e+03	9.32211e-02	4.31500e+02
1284	4.36096e+02	1.28400e+03	9.08840e-02	4.32000e+02
1285	4.36563e+02	1.28500e+03	8.84406e-02	4.32500e+02
1286	4.36954e+02	1.28600e+03	8.60919e-02	4.33000e+02
1287	4.37401e+02	1.28700e+03	8.38353e-02	4.33500e+02
1288	4.37866e+02	1.28800e+03	8.20553e-02	4.34000e+02
1289	4.38330e+02	1.28900e+03	8.01758e-02	4.34500e+02
1290	4.38768e+02	1.29000e+03	7.83629e-02	4.35000e+02
1291	4.39236e+02	1.29100e+03	7.66176e-02	4.35500e+02
1292	4.39719e+02	1.29200e+03	7.52207e-02	4.36000e+02
1293	4.40208e+02	1.29300e+03	7.37519e-02	4.36500e+02
1294	4.40620e+02	1.29400e+03	7.23345e-02	4.37000e+02
1295	4.41048e+02	1.29500e+03	7.09694e-02	4.37500e+02
1296	4.41514e+02	1.29600e+03	6.98687e-02	4.38000e+02
1297	4.41941e+02	1.29700e+03	6.87200e-02	4.38500e+02
1298	4.42356e+02	1.29800e+03	6.76148e-02	4.39000e+02
1299	4.42794e+02	1.29900e+03	6.65525e-02	4.39500e+02
1300	4.43285e+02	1.30000e+03	6.57095e-02	4.40000e+02
1301	4.43752e+02	1.30100e+03	6.48270e-02	4.40500e+02
1302	4.44219e+02	1.30200e+03	6.39803e-02	4.41000e+02
1303	4.44699e+02	1.30300e+03	6.31685e-02	4.41500e+02
1304	4.45174e+02	1.30400e+03	6.25385e-02	4.42000e+02
1305	4.45650e+02	1.30500e+03	6.18751e-02	4.42500e+02
1306	4.46118e+02	1.30600e+03	6.12401e-02	4.43000e+02
1307	4.46574e+02	1.30700e+03	6.06331e-02	4.43500e+02
1308	4.47064e+02	1.30800e+03	6.01726e-02	4.44000e+02
1309	4.47550e+02	1.30900e+03	5.96835e-02	4.44500e+02
1310	4.48031e+02	1.31000e+03	5.92145e-02	4.45000e+02
1311	4.48517e+02	1.31100e+03	5.87654e-02	4.45500e+02
1312	4.49011e+02	1.31200e+03	5.84205e-02	4.46000e+02
1313	4.49500e+02	1.31300e+03	5.80466e-02	4.46500e+02
1314	4.49978e+02	1.31400e+03	5.76801e-02	4.47000e+02
1315	4.50464e+02	1.31500e+03	5.73239e-02	4.47500e+02
1316	4.50957e+02	1.31600e+03	5.70247e-02	4.48000e+02
1317	4.51441e+02	1.31700e+03	5.67126e-02	4.48500e+02
1318	4.51931e+02	1.31800e+03	5.64085e-02	4.49000e+02
1319	4.52420e+02	1.31900e+03	5.61130e-02	4.49500e+02
1320	4.52893e+02	1.32000e+03	5.58550e-02	4.50000e+02
1321	4.53386e+02	1.32100e+03	5.55908e-02	4.50500e+02
1322	4.53881e+02	1.32200e+03	5.53345e-02	4.51000e+02
1323	4.54368e+02	1.32300e+03	5.50858e-02	4.51500e+02
1324	4.54844e+02	1.32400e+03	5.48696e-02	4.52000e+02
1325	4.55307e+02	1.32500e+03	5.46466e-02	4.52500e+02
1326	4.55801e+02	1.32600e+03	5.44304e-02	4.53000e+02
1327	4.56307e+02	1.32700e+03	5.42206e-02	4.53500e+02
1328	4.56796e+02	1.32800e+03	5.40428e-02	4.54000e+02
1329	4.57276e+02	1.32900e+03	5.38699e-02	4.54500e+02
1330	4.57761e+02	1.33000e+03	5.37165e-02	4.55000e+02
1331	4.58234e+02	1.33100e+03	5.35784e-02	4.55500e+02
1332	4.58727e+02	1.33200e+03	5.35010e-02	4.56000e+02
1333	4.59231e+02	1.33300e+03	5.34167e-02	4.56500e+02
1334	4.59740e+02	1.33400e+03	5.33424e-02	4.57000e+02
1335	4.60217e+02	1.33500e+03	5.32773e-02	4.57500e+02
1336	4.60697e+02	1.33600e+03	5.32718e-02	4.58000e+02
1337	4.61181e+02	1.33700e+03	5.32479e-02	4.58500e+02
1338	4.61688e+02	1.33800e+03	5.32294e-02	4.59000e+02
1339	4.62198e+02	1.33900e+03	5.32181e-02	4.59500e+02
1340	4.62675e+02	1.34000e+03	5.32362e-02	4.60000e+02
1341	4.63188e+02	1.34100e+03	5.32479e-02	4.60500e+02
1342	4.63710e+02	1.34200e+03	5.32605e-02	4.61000e+02
1343	4.64211e+02	1.34300e+03	5.32741e-02	4.61500e+02
1344	4.64700e+02	1.34400e+03	5.32974e-02	4.62000e+02
1345	4.65181e+02	1.34500e+03	5.33064e-02	4.62500e+02
1346	4.65681e+02	1.34600e+03	5.33080e-02	4.63000e+02
1347	4.66207e+02	1.34700e+03	5.33056e-02	4.63500e+02
1348	4.66749e+02	1.34800e+03	5.32798e-02	4.64000e+02
1349	4.67286e+02	1.34900e+03	5.32611e-02	4.64500e+02
1350	4.67769e+02	1.35000e+03	5.32421e-02	4.65000e+02
1351	4.68383e+02	1.35100e+03	5.32218e-02	4.65500e+02
1352	4.68900e+02	1.35200e+03	5.31906e-02	4.66000e+02
1353	4.69330e+02	1.35300e+03	5.31624e-02	4.66500e+02
1354	4.69798e+02	1.35400e+03	5.31335e-02	4.67000e+02
1355	4.70271e+02	1.35500e+03	5.31041e-02	4.67500e+02
1356	4.70744e+02	1.35600e+03	5.30738e-02	4.68000e+02
1357	4.71228e+02	1.35700e+03	5.30451e-02	4.68500e+02
1358	4.71652e+02	1.35800e+03	5.30172e-02	4.69000e+02
1359	4.72076e+02	1.35900e+03	5.29894e-02	4.69500e+02
1360	4.72528e+02	1.36000e+03	5.29560e-02	4.70000e+02
1361	4.72997e+02	1.36100e+03	5.29141e-02	4.70500e+02
1362	4.73483e+02	1.36200e+03	5.28622e-02	4.71000e+02
1363	4.73876e+02	1.36300e+03	5.28033e-02	4.71500e+02
1364	4.74615e+02	1.36400e+03	5.27179e-02	4.72000e+02
1365	4.75178e+02	1.36500e+03	5.26439e-02	4.72500e+02
1366	4.75801e+02	1.36600e+03	5.25824e-02	4.73000e+02
1367	4.76311e+02	1.36700e+03	5.25310e-02	4.73500e+02
1368	4.76708e+02	1.36800e+03	5.24995e-02	4.74000e+02
1369	4.77139e+02	1.36900e+03	5.24869e-02	4.74500e+02
1370	4.77668e+02	1.37000e+03	5.24875e-02	4.75000e+02
1371	4.78128e+02	1.37100e+03	5.24944e-02	4.75500e+02
1372	4.78604e+02	1.37200e+03	5.25507e-02	4.76000e+02
1373	4.79110e+02	1.37300e+03	5.25665e-02	4.76500e+02
1374	4.79625e+02	1.37400e+03	5.25622e-02	4.77000e+02
1375	4.80170e+02	1.37500e+03	5.25472e-02	4.77500e+02
1376	4.80725e+02	1.37600e+03	5.24883e-02	4.78000e+02
1377	4.81273e+02	1.37700e+03	5.24391e-02	4.78500e+02
1378	4.81801e+02	1.37800e+03	5.23946e-02	4.79000e+02
1379	4.82368e+02	1.37900e+03	5.23549e-02	4.79500e+02
1380	4.82809e+02	1.38000e+03	5.23129e-02	4.80000e+02
1381	4.83297e+02	1.38100e+03	5.23009e-02	4.80500e+02
1382	4.83788e+02	1.38200e+03	5.23082e-02	4.81000e+02
1383	4.84285e+02	1.38300e+03	5.23269e-02	4.81500e+02
1384	4.84807e+02	1.38400e+03	5.24102e-02	4.82000e+02
1385	4.85296e+02	1.38500e+03	5.24634e-02	4.82500e+02
1386	4.85767e+02	1.38600e+03	5.25060e-02	4.83000e+02
1387	4.86263e+02	1.38700e+03	5.25426e-02	4.83500e+02
1388	4.86769e+02	1.38800e+03	5.25607e-02	4.84000e+02
1389	4.87251e+02	1.38900e+03	5.25587e-02	4.84500e+02
1390	4.87783e+02	1.39000e+03	5.25414e-02	4.85000e+02
1391	4.88271e+02	1.39100e+03	5.25167e-02	4.85500e+02
1392	4.88755e+02	1.39200e+03	5.24442e-02	4.86000e+02
1393	4.89245e+02	1.39300e+03	5.24038e-02	4.86500e+02
1394	4.89790e+02	1.39400e+03	5.23720e-02	4.87000e+02
1395	4.90286e+02	1.39500e+03	5.23424e-02	4.87500e+02
1396	4.90756e+02	1.39600e+03	5.23240e-02	4.88000e+02
1397	4.91239e+02	1.39700e+03	5.22975e-02	4.88500e+02
1398	4.91714e+02	1.39800e+03	5.22685e-02	4.89000e+02
1399	4.92189e+02	1.39900e+03	5.22394e-02	4.89500e+02
1400	4.92711e+02	1.40000e+03	5.22100e-02	4.90000e+02
1401	4.93213e+02	1.40100e+03	5.21823e-02	4.90500e+02
1402	4.93680e+02	1.40200e+03	5.21561e-02	4.91000e+02
1403	4.94153e+02	1.40300e+03	5.21309e-02	4.91500e+02
1404	4.94622e+02	1.40400e+03	5.21049e-02	4.92000e+02
1405	4.95108e+02	1.40500e+03	5.20782e-02	4.92500e+02
1406	4.95611e+02	1.40600e+03	5.20520e-02	4.93000e+02
1407	4.96102e+02	1.40700e+03	5.20265e-02	4.93500e+02
1408	4.96609e+02	1.40800e+03	5.20081e-02	4.94000e+02
1409	4.97120e+02	1.40900e+03	5.19941e-02	4.94500e+02
1410	4.97626e+02	1.41000e+03	5.19844e-02	4.95000e+02
1411	4.98128e+02	1.41100e+03	5.19770e-02	4.95500e+02
1412	4.98845e+02	1.41200e+03	5.19837e-02	4.96000e+02
1413	4.99754e+02	1.41300e+03	5.19826e-02	4.96500e+02
1414	5.00412e+02	1.41400e+03	5.19791e-02	4.97000e+02
1415	5.00942e+02	1.41500e+03	5.19745e-02	4.97500e+02
1416	5.01392e+02	1.41600e+03	5.19659e-02	4.98000e+02
1417	5.01815e+02	1.41700e+03	5.19571e-02	4.98500e+02
1418	5.02219e+02	1.41800e+03	5.19490e-02	4.99000e+02
1419	5.02695e+02	1.41900e+03	5.19421e-02	4.99500e+02
1420	5.03189e+02	1.42000e+03	5.19331e-02	5.00000e+02
1421	5.03619e+02	1.42100e+03	5.19254e-02	5.00500e+02
1422	5.04096e+02	1.42200e+03	5.19155e-02	5.01000e+02
1423	5.04500e+02	1.42300e+03	5.19036e-02	5.01500e+02
1424	5.04940e+02	1.42400e+03	5.18881e-02	5.02000e+02
1425	5.05391e+02	1.42500e+03	5.18691e-02	5.02500e+02
1426	5.05891e+02	1.42600e+03	5.18517e-02	5.03000e+02
1427	5.06357e+02	1.42700e+03	5.18370e-02	5.03500e+02
1428	5.06803e+02	1.42800e+03	5.18268e-02	5.04000e+02
1429	5.07276e+02	1.42900e+03	5.18299e-02	5.04500e+02
1430	5.07761e+02	1.43000e+03	5.18403e-02	5.05000e+02
1431	5.08254e+02	1.43100e+03	5.18535e-02	5.05500e+02
1432	5.08724e+02	1.43200e+03	5.18858e-02	5.06000e+02
1433	5.09191e+02	1.43300e+03	5.18922e-02	5.06500e+02
1434	5.09686e+02	1.43400e+03	5.18827e-02	5.07000e+02
1435	5.10174e+02	1.43500e+03	5.18635e-02	5.07500e+02
1436	5.10659e+02	1.43600e+03	5.17970e-02	5.08000e+02
1437	5.11140e+02	1.43700e+03	5.17337e-02	5.08500e+02
1438	5.11619e+02	1.43800e+03	5.16690e-02	5.09000e+02
1439	5.12095e+02	1.43900e+03	5.16065e-02	5.09500e+02
1440	5.12589e+02	1.44000e+03	5.15279e-02	5.10000e+02
1441	5.13068e+02	1.44100e+03	5.14836e-02	5.10500e+02
1442	5.13549e+02	1.44200e+03	5.14589e-02	5.11000e+02
1443	5.14037e+02	1.44300e+03	5.14440e-02	5.11500e+02
1444	5.14485e+02	1.44400e+03	5.14831e-02	5.12000e+02
1445	5.14964e+02	1.44500e+03	5.14918e-02	5.12500e+02
1446	5.15426e+02	1.44600e+03	5.14863e-02	5.13000e+02
1447	5.15922e+02	1.44700e+03	5.14730e-02	5.13500e+02
1448	5.16413e+02	1.44800e+03	5.14376e-02	5.14000e+02
1449	5.16900e+02	1.44900e+03	5.13973e-02	5.14500e+02
1450	5.17391e+02	1.45000e+03	5.13585e-02	5.15000e+02
1451	5.17889e+02	1.45100e+03	5.13240e-02	5.15500e+02
1452	5.18362e+02	1.45200e+03	5.12967e-02	5.16000e+02
1453	5.18824e+02	1.45300e+03	5.13121e-02	5.16500e+02
1454	5.19314e+02	1.45400e+03	5.13551e-02	5.17000e+02
1455	5.19805e+02	1.45500e+03	5.14132e-02	5.17500e+02
1456	5.20293e+02	1.45600e+03	5.15708e-02	5.18000e+02
1457	5.20770e+02	1.45700e+03	5.16838e-02	5.18500e+02
1458	5.21248e+02	1.45800e+03	5.17820e-02	5.19000e+02
1459	5.21722e+02	1.45900e+03	5.18723e-02	5.19500e+02
1460	5.22210e+02	1.46000e+03	5.19289e-02	5.20000e+02
1461	5.22693e+02	1.46100e+03	5.19524e-02	5.20500e+02
1462	5.23152e+02	1.46200e+03	5.19469e-02	5.21000e+02
1463	5.23631e+02	1.46300e+03	5.19249e-02	5.21500e+02
1464	5.24127e+02	1.46400e+03	5.18070e-02	5.22000e+02
1465	5.24599e+02	1.46500e+03	5.17408e-02	5.22500e+02
1466	5.25076e+02	1.46600e+03	5.16897e-02	5.23000e+02
1467	5.25568e+02	1.46700e+03	5.16444e-02	5.23500e+02
1468	5.26033e+02	1.46800e+03	5.16193e-02	5.24000e+02
1469	5.26520e+02	1.46900e+03	5.16038e-02	5.24500e+02
1470	5.27015e+02	1.47000e+03	5.15963e-02	5.25000e+02
1471	5.27497e+02	1.47100e+03	5.15925e-02	5.25500e+02
1472	5.28012e+02	1.47200e+03	5.16260e-02	5.26000e+02
1473	5.28512e+02	1.47300e+03	5.16371e-02	5.26500e+02
1474	5.28961e+02	1.47400e+03	5.16440e-02	5.27000e+02
1475	5.29482e+02	1.47500e+03	5.16509e-02	5.27500e+02
1476	5.29896e+02	1.47600e+03	5.16574e-02	5.28000e+02
1477	5.30329e+02	1.47700e+03	5.16713e-02	5.28500e+02
1478	5.30779e+02	1.47800e+03	5.16871e-02	5.29000e+02
1479	5.31263e+02	1.47900e+03	5.17024e-02	5.29500e+02
1480	5.31734e+02	1.48000e+03	5.17190e-02	5.30000e+02
1481	5.32181e+02	1.48100e+03	5.17231e-02	5.30500e+02
1482	5.32662e+02	1.48200e+03	5.17150e-02	5.31000e+02
1483	5.33167e+02	1.48300e+03	5.16977e-02	5.31500e+02
1484	5.33665e+02	1.48400e+03	5.16459e-02	5.32000e+02
1485	5.34152e+02	1.48500e+03	5.16037e-02	5.32500e+02
1486	5.34640e+02	1.48600e+03	5.15649e-02	5.33000e+02
1487	5.35128e+02	1.48700e+03	5.15288e-02	5.33500e+02
1488	5.35600e+02	1.48800e+03	5.14897e-02	5.34000e+02
1489	5.36076e+02	1.48900e+03	5.14712e-02	5.34500e+02
1490	5.36549e+02	1.49000e+03	5.14653e-02	5.35000e+02
1491	5.37021e+02	1.49100e+03	5.14657e-02	5.35500e+02
1492	5.37498e+02	1.49200e+03	5.15034e-02	5.36000e+02
1493	5.37993e+02	1.49300e+03	5.15212e-02	5.36500e+02
1494	5.38487e+02	1.49400e+03	5.15338e-02	5.37000e+02
1495	5.38951e+02	1.49500e+03	5.15446e-02	5.37500e+02
1496	5.39406e+02	1.49600e+03	5.15448e-02	5.38000e+02
1497	5.39873e+02	1.49700e+03	5.15398e-02	5.38500e+02
1498	5.40353e+02	1.49800e+03	5.15296e-02	5.39000e+02
1499	5.40817e+02	1.49900e+03	5.15161e-02	5.39500e+02
1500	5.41279e+02	1.50000e+03	5.14824e-02	5.40000e+02
1501	5.41762e+02	1.50100e+03	5.14594e-02	5.40500e+02
1502	5.42235e+02	1.50200e+03	5.14401e-02	5.41000e+02
1503	5.42725e+02	1.50300e+03	5.14225e-02	5.41500e+02
1504	5.43192e+02	1.50400e+03	5.14099e-02	5.42000e+02
1505	5.43691e+02	1.50500e+03	5.13992e-02	5.42500e+02
1506	5.44156e+02	1.50600e+03	5.13915e-02	5.43000e+02
1507	5.44616e+02	1.50700e+03	5.13857e-02	5.43500e+02
1508	5.45074e+02	1.50800e+03	5.13893e-02	5.44000e+02
1509	5.45568e+02	1.50900e+03	5.13859e-02	5.44500e+02
1510	5.46045e+02	1.51000e+03	5.13793e-02	5.45000e+02
1511	5.46519e+02	1.51100e+03	5.13715e-02	5.45500e+02
1512	5.47002e+02	1.51200e+03	5.13589e-02	5.46000e+02
1513	5.47465e+02	1.51300e+03	5.13465e-02	5.46500e+02
1514	5.47945e+02	1.51400e+03	5.13335e-02	5.47000e+02
1515	5.48420e+02	1.51500e+03	5.13202e-02	5.47500e+02
1516	5.48908e+02	1.51600e+03	5.13042e-02	5.48000e+02
1517	5.49383e+02	1.51700e+03	5.12927e-02	5.48500e+02
1518	5.49870e+02	1.51800e+03	5.12830e-02	5.49000e+02
1519	5.50355e+02	1.51900e+03	5.12740e-02	5.49500e+02
1520	5.50837e+02	1.52000e+03	5.12703e-02	5.50000e+02
1521	5.51328e+02	1.52100e+03	5.12624e-02	5.50500e+02
1522	5.51804e+02	1.52200e+03	5.12511e-02	5.51000e+02
1523	5.52274e+02	1.52300e+03	5.12374e-02	5.51500e+02
1524	5.52759e+02	1.52400e+03	5.12197e-02	5.52000e+02
1525	5.53255e+02	1.52500e+03	5.12031e-02	5.52500e+02
1526	5.53743e+02	1.52600e+03	5.11856e-02	5.53000e+02
1527	5.54235e+02	1.52700e+03	5.11668e-02	5.53500e+02
1528	5.54720e+02	1.52800e+03	5.11332e-02	5.54000e+02
1529	5.55206e+02	1.52900e+03	5.10958e-02	5.54500e+02
1530	5.55691e+02	1.53000e+03	5.10519e-02	5.55000e+02
1531	5.56197e+02	1.53100e+03	5.10038e-02	5.55500e+02
1532	5.56688e+02	1.53200e+03	5.09411e-02	5.56000e+02
1533	5.57174e+02	1.53300e+03	5.08969e-02	5.56500e+02
1534	5.57656e+02	1.53400e+03	5.08695e-02	5.57000e+02
1535	5.58152e+02	1.53500e+03	5.08537e-02	5.57500e+02
1536	5.58645e+02	1.53600e+03	5.08922e-02	5.58000e+02
1537	5.59137e+02	1.53700e+03	5.09380e-02	5.58500e+02
1538	5.59613e+02	1.53800e+03	5.09951e-02	5.59000e+02
1539	5.60089e+02	1.53900e+03	5.10587e-02	5.59500e+02
1540	5.60575e+02	1.54000e+03	5.11746e-02	5.60000e+02
1541	5.61048e+02	1.54100e+03	5.12462e-02	5.60500e+02
1542	5.61551e+02	1.54200e+03	5.13001e-02	5.61000e+02
1543	5.62046e+02	1.54300e+03	5.13454e-02	5.61500e+02
1544	5.62523e+02	1.54400e+03	5.13331e-02	5.62000e+02
1545	5.63015e+02	1.54500e+03	5.13272e-02	5.62500e+02
1546	5.63487e+02	1.54600e+03	5.13133e-02	5.63000e+02
1547	5.63969e+02	1.54700e+03	5.12928e-02	5.63500e+02
1548	5.64455e+02	1.54800e+03	5.12315e-02	5.64000e+02
1549	5.64969e+02	1.54900e+03	5.11942e-02	5.64500e+02
1550	5.65474e+02	1.55000e+03	5.11647e-02	5.65000e+02
1551	5.65947e+02	1.55100e+03	5.11381e-02	5.65500e+02
1552	5.66450e+02	1.55200e+03	5.11255e-02	5.66000e+02
1553	5.66931e+02	1.55300e+03	5.11153e-02	5.66500e+02
1554	5.67437e+02	1.55400e+03	5.11120e-02	5.67000e+02
1555	5.67933e+02	1.55500e+03	5.11139e-02	5.67500e+02
1556	5.68418e+02	1.55600e+03	5.11385e-02	5.68000e+02
1557	5.68869e+02	1.55700e+03	5.11537e-02	5.68500e+02
1558	5.69336e+02	1.55800e+03	5.11671e-02	5.69000e+02
1559	5.69806e+02	1.55900e+03	5.11800e-02	5.69500e+02
1560	5.70270e+02	1.56000e+03	5.11945e-02	5.70000e+02
1561	5.70754e+02	1.56100e+03	5.12039e-02	5.70500e+02
1562	5.71273e+02	1.56200e+03	5.12108e-02	5.71000e+02
1563	5.71780e+02	1.56300e+03	5.12173e-02	5.71500e+02
1564	5.72253e+02	1.56400e+03	5.12177e-02	5.72000e+02
1565	5.72715e+02	1.56500e+03	5.12228e-02	5.72500e+02
1566	5.73223e+02	1.56600e+03	5.12274e-02	5.73000e+02
1567	5.73709e+02	1.56700e+03	5.12305e-02	5.73500e+02
1568	5.74202e+02	1.56800e+03	5.12338e-02	5.74000e+02
1569	5.74706e+02	1.56900e+03	5.12331e-02	5.74500e+02
1570	5.75204e+02	1.57000e+03	5.12306e-02	5.75000e+02
1571	5.75683e+02	1.57100e+03	5.12274e-02	5.75500e+02
1572	5.76170e+02	1.57200e+03	5.12189e-02	5.76000e+02
1573	5.76634e+02	1.57300e+03	5.12151e-02	5.76500e+02
1574	5.77114e+02	1.57400e+03	5.12120e-02	5.77000e+02
1575	5.77600e+02	1.57500e+03	5.12083e-02	5.77500e+02
1576	5.78094e+02	1.57600e+03	5.12040e-02	5.78000e+02
1577	5.78584e+02	1.57700e+03	5.11960e-02	5.78500e+02
1578	5.79060e+02	1.57800e+03	5.11854e-02	5.79000e+02
1579	5.79544e+02	1.57900e+03	5.11737e-02	5.79500e+02
1580	5.80027e+02	1.58000e+03	5.11570e-02	5.80000e+02
1581	5.80518e+02	1.58100e+03	5.11486e-02	5.80500e+02
1582	5.81014e+02	1.58200e+03	5.11468e-02	5.81000e+02
1583	5.81493e+02	1.58300e+03	5.11488e-02	5.81500e+02
1584	5.81994e+02	1.58400e+03	5.11636e-02	5.82000e+02
1585	5.82488e+02	1.58500e+03	5.11765e-02	5.82500e+02
1586	5.82973e+02	1.58600e+03	5.11906e-02	5.83000e+02
1587	5.83466e+02	1.58700e+03	5.12053e-02	5.83500e+02
1588	5.83964e+02	1.58800e+03	5.12271e-02	5.84000e+02
1589	5.84460e+02	1.58900e+03	5.12408e-02	5.84500e+02
1590	5.84952e+02	1.59000e+03	5.12509e-02	5.85000e+02
1591	5.85448e+02	1.59100e+03	5.12593e-02	5.85500e+02
1592	5.85923e+02	1.59200e+03	5.12563e-02	5.86000e+02
1593	5.86418e+02	1.59300e+03	5.12540e-02	5.86500e+02
1594	5.86906e+02	1.59400e+03	5.12480e-02	5.87000e+02
1595	5.87404e+02	1.59500e+03	5.12395e-02	5.87500e+02
1596	5.87900e+02	1.59600e+03	5.12193e-02	5.88000e+02
1597	5.88390e+02	1.59700e+03	5.12012e-02	5.88500e+02
1598	5.88875e+02	1.59800e+03	5.11824e-02	5.89000e+02
1599	5.89364e+02	1.59900e+03	5.11629e-02	5.89500e+02
1600	5.89865e+02	1.60000e+03	5.11420e-02	5.90000e+02
1601	5.90338e+02	1.60100e+03	5.11303e-02	5.90500e+02
1602	5.90838e+02	1.60200e+03	5.11253e-02	5.91000e+02
1603	5.91323e+02	1.60300e+03	5.11247e-02	5.91500e+02
1604	5.91816e+02	1.60400e+03	5.11478e-02	5.92000e+02
1605	5.92308e+02	1.60500e+03	5.11708e-02	5.92500e+02
1606	5.92793e+02	1.60600e+03	5.11992e-02	5.93000e+02
1607	5.93290e+02	1.60700e+03	5.12309e-02	5.93500e+02
1608	5.93784e+02	1.60800e+03	5.12820e-02	5.94000e+02
1609	5.94277e+02	1.60900e+03	5.13209e-02	5.94500e+02
1610	5.94758e+02	1.61000e+03	5.13549e-02	5.95000e+02
1611	5.95262e+02	1.61100e+03	5.13854e-02	5.95500e+02
1612	5.95762e+02	1.61200e+03	5.13998e-02	5.96000e+02
1613	5.96268e+02	1.61300e+03	5.14087e-02	5.96500e+02
1614	5.96766e+02	1.61400e+03	5.14078e-02	5.97000e+02
1615	5.97265e+02	1.61500e+03	5.14000e-02	5.97500e+02
1616	5.97765e+02	1.61600e+03	5.13598e-02	5.98000e+02
1617	5.98281e+02	1.61700e+03	5.13301e-02	5.98500e+02
1618	5.98786e+02	1.61800e+03	5.13019e-02	5.99000e+02
1619	5.99303e+02	1.61900e+03	5.12742e-02	5.99500e+02
1620	5.99838e+02	1.62000e+03	5.12398e-02	6.00000e+02
1621	6.00357e+02	1.62100e+03	5.12142e-02	6.00500e+02
1622	6.00872e+02	1.62200e+03	5.11937e-02	6.01000e+02
1623	6.01399e+02	1.62300e+03	5.11769e-02	6.01500e+02
1624	6.01917e+02	1.62400e+03	5.11837e-02	6.02000e+02
1625	6.02413e+02	1.62500e+03	5.11907e-02	6.02500e+02
1626	6.02922e+02	1.62600e+03	5.12042e-02	6.03000e+02
1627	6.03416e+02	1.62700e+03	5.12229e-02	6.03500e+02
1628	6.03923e+02	1.62800e+03	5.12667e-02	6.04000e+02
1629	6.04421e+02	1.62900e+03	5.12972e-02	6.04500e+02
1630	6.04935e+02	1.63000e+03	5.13197e-02	6.05000e+02
1631	6.05443e+02	1.63100e+03	5.13374e-02	6.05500e+02
1632	6.05930e+02	1.63200e+03	5.13407e-02	6.06000e+02
1633	6.06430e+02	1.63300e+03	5.13327e-02	6.06500e+02
1634	6.06935e+02	1.63400e+03	5.13142e-02	6.07000e+02
1635	6.07434e+02	1.63500e+03	5.12888e-02	6.07500e+02
1636	6.07923e+02	1.63600e+03	5.12241e-02	6.08000e+02
1637	6.08408e+02	1.63700e+03	5.11779e-02	6.08500e+02
1638	6.08890e+02	1.63800e+03	5.11372e-02	6.09000e+02
1639	6.09390e+02	1.63900e+03	5.10990e-02	6.09500e+02
1640	6.09893e+02	1.64000e+03	5.10672e-02	6.10000e+02
1641	6.10393e+02	1.64100e+03	5.10458e-02	6.10500e+02
1642	6.10866e+02	1.64200e+03	5.10347e-02	6.11000e+02
1643	6.11346e+02	1.64300e+03	5.10305e-02	6.11500e+02
1644	6.11833e+02	1.64400e+03	5.10612e-02	6.12000e+02
1645	6.12320e+02	1.64500e+03	5.10840e-02	6.12500e+02
1646	6.12799e+02	1.64600e+03	5.11097e-02	6.13000e+02
1647	6.13280e+02	1.64700e+03	5.11377e-02	6.13500e+02
1648	6.13769e+02	1.64800e+03	5.11802e-02	6.14000e+02
1649	6.14257e+02	1.64900e+03	5.12092e-02	6.14500e+02
1650	6.14730e+02	1.65000e+03	5.12303e-02	6.15000e+02
1651	6.15210e+02	1.65100e+03	5.12467e-02	6.15500e+02
1652	6.15705e+02	1.65200e+03	5.12407e-02	6.16000e+02
1653	6.16194e+02	1.65300e+03	5.12322e-02	6.16500e+02
1654	6.16692e+02	1.65400e+03	5.12175e-02	6.17000e+02
1655	6.17189e+02	1.65500e+03	5.11993e-02	6.17500e+02
1656	6.17680e+02	1.65600e+03	5.11593e-02	6.18000e+02
1657	6.18173e+02	1.65700e+03	5.11339e-02	6.18500e+02
1658	6.18673e+02	1.65800e+03	5.11127e-02	6.19000e+02
1659	6.19167e+02	1.65900e+03	5.10927e-02	6.19500e+02
1660	6.19670e+02	1.66000e+03	5.10772e-02	6.20000e+02
1661	6.20173e+02	1.66100e+03	5.10588e-02	6.20500e+02
1662	6.20681e+02	1.66200e+03	5.10397e-02	6.21000e+02
1663	6.21175e+02	1.66300e+03	5.10203e-02	6.21500e+02
1664	6.21668e+02	1.66400e+03	5.10016e-02	6.22000e+02
1665	6.22156e+02	1.66500e+03	5.09833e-02	6.22500e+02
1666	6.22663e+02	1.66600e+03	5.09656e-02	6.23000e+02
1667	6.23152e+02	1.66700e+03	5.09481e-02	6.23500e+02
1668	6.23634e+02	1.66800e+03	5.09328e-02	6.24000e+02
1669	6.24128e+02	1.66900e+03	5.09197e-02	6.24500e+02
1670	6.24627e+02	1.67000e+03	5.09104e-02	6.25000e+02
1671	6.25108e+02	1.67100e+03	5.09042e-02	6.25500e+02
1672	6.25614e+02	1.67200e+03	5.09119e-02	6.26000e+02
1673	6.26115e+02	1.67300e+03	5.09218e-02	6.26500e+02
1674	6.26611e+02	1.67400e+03	5.09362e-02	6.27000e+02
1675	6.27115e+02	1.67500e+03	5.09530e-02	6.27500e+02
1676	6.27618e+02	1.67600e+03	5.09829e-02	6.28000e+02
1677	6.28115e+02	1.67700e+03	5.10019e-02	6.28500e+02
1678	6.28624e+02	1.67800e+03	5.10167e-02	6.29000e+02
1679	6.29127e+02	1.67900e+03	5.10296e-02	6.29500e+02
1680	6.29619e+02	1.68000e+03	5.10347e-02	6.30000e+02
1681	6.30109e+02	1.68100e+03	5.10437e-02	6.30500e+02
1682	6.30594e+02	1.68200e+03	5.10551e-02	6.31000e+02
1683	6.31094e+02	1.68300e+03	5.10680e-02	6.31500e+02
1684	6.31593e+02	1.68400e+03	5.10826e-02	6.32000e+02
1685	6.32069e+02	1.68500e+03	5.10981e-02	6.32500e+02
1686	6.32555e+02	1.68600e+03	5.11128e-02	6.33000e+02
1687	6.33048e+02	1.68700e+03	5.11265e-02	6.33500e+02
1688	6.33530e+02	1.68800e+03	5.11390e-02	6.34000e+02
1689	6.34015e+02	1.68900e+03	5.11465e-02	6.34500e+02
1690	6.34498e+02	1.69000e+03	5.11517e-02	6.35000e+02
1691	6.34987e+02	1.69100e+03	5.11560e-02	6.35500e+02
1692	6.35470e+02	1.69200e+03	5.11530e-02	6.36000e+02
1693	6.35955e+02	1.69300e+03	5.11581e-02	6.36500e+02
1694	6.36455e+02	1.69400e+03	5.11664e-02	6.37000e+02
1695	6.36946e+02	1.69500e+03	5.11755e-02	6.37500e+02
1696	6.37431e+02	1.69600e+03	5.11890e-02	6.38000e+02
1697	6.37925e+02	1.69700e+03	5.11960e-02	6.38500e+02
1698	6.38429e+02	1.69800e+03	5.11993e-02	6.39000e+02
1699	6.38912e+02	1.69900e+03	5.12007e-02	6.39500e+02
1700	6.39402e+02	1.70000e+03	5.11905e-02	6.40000e+02
1701	6.39898e+02	1.70100e+03	5.11816e-02	6.40500e+02
1702	6.40381e+02	1.70200e+03	5.11721e-02	6.41000e+02
1703	6.40865e+02	1.70300e+03	5.11620e-02	6.41500e+02
1704	6.41371e+02	1.70400e+03	5.11429e-02	6.42000e+02
1705	6.41866e+02	1.70500e+03	5.11291e-02	6.42500e+02
1706	6.42366e+02	1.70600e+03	5.11170e-02	6.43000e+02
1707	6.42861e+02	1.70700e+03	5.11057e-02	6.43500e+02
1708	6.43341e+02	1.70800e+03	5.10983e-02	6.44000e+02
1709	6.43834e+02	1.70900e+03	5.10912e-02	6.44500e+02
1710	6.44333e+02	1.71000e+03	5.10848e-02	6.45000e+02
1711	6.44830e+02	1.71100e+03	5.10786e-02	6.45500e+02
1712	6.45337e+02	1.71200e+03	5.10720e-02	6.46000e+02
1713	6.45837e+02	1.71300e+03	5.10594e-02	6.46500e+02
1714	6.46343e+02	1.71400e+03	5.10419e-02	6.47000e+02
1715	6.46857e+02	1.71500e+03	5.10212e-02	6.47500e+02
1716	6.47353e+02	1.71600e+03	5.09836e-02	6.48000e+02
1717	6.47863e+02	1.71700e+03	5.09453e-02	6.48500e+02
1718	6.48374e+02	1.71800e+03	5.09012e-02	6.49000e+02
1719	6.48864e+02	1.71900e+03	5.08531e-02	6.49500e+02
1720	6.49351e+02	1.72000e+03	5.07856e-02	6.50000e+02
1721	6.49859e+02	1.72100e+03	5.07322e-02	6.50500e+02
1722	6.50348e+02	1.72200e+03	5.06903e-02	6.51000e+02
1723	6.50853e+02	1.72300e+03	5.06563e-02	6.51500e+02
1724	6.51345e+02	1.72400e+03	5.06604e-02	6.52000e+02
1725	6.51842e+02	1.72500e+03	5.06791e-02	6.52500e+02
1726	6.52349e+02	1.72600e+03	5.07147e-02	6.53000e+02
1727	6.52855e+02	1.72700e+03	5.07615e-02	6.53500e+02
1728	6.53365e+02	1.72800e+03	5.08847e-02	6.54000e+02
1729	6.53875e+02	1.72900e+03	5.09786e-02	6.54500e+02
1730	6.54393e+02	1.73000e+03	5.10694e-02	6.55000e+02
1731	6.54902e+02	1.73100e+03	5.11610e-02	6.55500e+02
1732	6.55418e+02	1.73200e+03	5.12517e-02	6.56000e+02
1733	6.55920e+02	1.73300e+03	5.13228e-02	6.56500e+02
1734	6.56431e+02	1.73400e+03	5.13778e-02	6.57000e+02
1735	6.56935e+02	1.73500e+03	5.14223e-02	6.57500e+02
1736	6.57429e+02	1.73600e+03	5.14084e-02	6.58000e+02
1737	6.57931e+02	1.73700e+03	5.14018e-02	6.58500e+02
1738	6.58420e+02	1.73800e+03	5.13857e-02	6.59000e+02
1739	6.58914e+02	1.73900e+03	5.13614e-02	6.59500e+02
1740	6.59420e+02	1.74000e+03	5.12874e-02	6.60000e+02
1741	6.59911e+02	1.74100e+03	5.12324e-02	6.60500e+02
1742	6.60409e+02	1.74200e+03	5.11792e-02	6.61000e+02
1743	6.60907e+02	1.74300e+03	5.11253e-02	6.61500e+02
1744	6.61395e+02	1.74400e+03	5.10679e-02	6.62000e+02
1745	6.61895e+02	1.74500e+03	5.10213e-02	6.62500e+02
1746	6.62389e+02	1.74600e+03	5.09820e-02	6.63000e+02
1747	6.62874e+02	1.74700e+03	5.09465e-02	6.63500e+02
1748	6.63366e+02	1.74800e+03	5.09345e-02	6.64000e+02
1749	6.63868e+02	1.74900e+03	5.09185e-02	6.64500e+02
1750	6.64361e+02	1.75000e+03	5.09064e-02	6.65000e+02
1751	6.64865e+02	1.75100e+03	5.08983e-02	6.65500e+02
1752	6.65356e+02	1.75200e+03	5.09130e-02	6.66000e+02
1753	6.65849e+02	1.75300e+03	5.09239e-02	6.66500e+02
1754	6.66341e+02	1.75400e+03	5.09371e-02	6.67000e+02
1755	6.66824e+02	1.75500e+03	5.09525e-02	6.67500e+02
1756	6.67319e+02	1.75600e+03	5.09812e-02	6.68000e+02
1757	6.67813e+02	1.75700e+03	5.10008e-02	6.68500e+02
1758	6.68298e+02	1.75800e+03	5.10156e-02	6.69000e+02
1759	6.68779e+02	1.75900e+03	5.10279e-02	6.69500e+02
1760	6.69264e+02	1.76000e+03	5.10256e-02	6.70000e+02
1761	6.69753e+02	1.76100e+03	5.10193e-02	6.70500e+02
1762	6.70245e+02	1.76200e+03	5.10065e-02	6.71000e+02
1763	6.70728e+02	1.76300e+03	5.09893e-02	6.71500e+02
1764	6.71230e+02	1.76400e+03	5.09491e-02	6.72000e+02
1765	6.71726e+02	1.76500e+03	5.09207e-02	6.72500e+02
1766	6.72221e+02	1.76600e+03	5.08971e-02	6.73000e+02
1767	6.72714e+02	1.76700e+03	5.08763e-02	6.73500e+02
1768	6.73200e+02	1.76800e+03	5.08660e-02	6.74000e+02
1769	6.73700e+02	1.76900e+03	5.08625e-02	6.74500e+02
1770	6.74192e+02	1.77000e+03	5.08643e-02	6.75000e+02
1771	6.74675e+02	1.77100e+03	5.08687e-02	6.75500e+02
1772	6.75180e+02	1.77200e+03	5.08934e-02	6.76000e+02
1773	6.75669e+02	1.77300e+03	5.09044e-02	6.76500e+02
1774	6.76157e+02	1.77400e+03	5.09105e-02	6.77000e+02
1775	6.76657e+02	1.77500e+03	5.09143e-02	6.77500e+02
1776	6.77160e+02	1.77600e+03	5.09066e-02	6.78000e+02
1777	6.77654e+02	1.77700e+03	5.08997e-02	6.78500e+02
1778	6.78134e+02	1.77800e+03	5.08917e-02	6.79000e+02
1779	6.78634e+02	1.77900e+03	5.08830e-02	6.79500e+02
1780	6.79145e+02	1.78000e+03	5.08674e-02	6.80000e+02
1781	6.79641e+02	1.78100e+03	5.08557e-02	6.80500e+02
1782	6.80132e+02	1.78200e+03	5.08414e-02	6.81000e+02
1783	6.80630e+02	1.78300e+03	5.08239e-02	6.81500e+02
1784	6.81126e+02	1.78400e+03	5.07919e-02	6.82000e+02
1785	6.81635e+02	1.78500e+03	5.07516e-02	6.82500e+02
1786	6.82122e+02	1.78600e+03	5.07065e-02	6.83000e+02
1787	6.82627e+02	1.78700e+03	5.06603e-02	6.83500e+02
1788	6.83127e+02	1.78800e+03	5.06023e-02	6.84000e+02
1789	6.83631e+02	1.78900e+03	5.05723e-02	6.84500e+02
1790	6.84129e+02	1.79000e+03	5.05622e-02	6.85000e+02
1791	6.84632e+02	1.79100e+03	5.05641e-02	6.85500e+02
1792	6.85113e+02	1.79200e+03	5.06341e-02	6.86000e+02
1793	6.85613e+02	1.79300e+03	5.06938e-02	6.86500e+02
1794	6.86127e+02	1.79400e+03	5.07572e-02	6.87000e+02
1795	6.86325e+02	1.79500e+03	5.08237e-02	6.87500e+02
1796	6.86508e+02	1.79600e+03	5.09242e-02	6.88000e+02
1797	6.86801e+02	1.79700e+03	5.09937e-02	6.88500e+02
1798	6.87154e+02	1.79800e+03	5.10512e-02	6.89000e+02
1799	6.87520e+02	1.79900e+03	5.11029e-02	6.89500e+02
1800	6.87874e+02	1.80000e+03	5.11125e-02	6.90000e+02
1801	6.88234e+02	1.80100e+03	5.11269e-02	6.90500e+02
1802	6.88557e+02	1.80200e+03	5.11305e-02	6.91000e+02
1803	6.88881e+02	1.80300e+03	5.11252e-02	6.91500e+02
1804	6.89190e+02	1.80400e+03	5.10892e-02	6.92000e+02
1805	6.89493e+02	1.80500e+03	5.10640e-02	6.92500e+02
1806	6.89788e+02	1.80600e+03	5.10382e-02	6.93000e+02
1807	6.90064e+02	1.80700e+03	5.10109e-02	6.93500e+02
1808	6.90339e+02	1.80800e+03	5.09772e-02	6.94000e+02
1809	6.90606e+02	1.80900e+03	5.09531e-02	6.94500e+02
1810	6.90857e+02	1.81000e+03	5.09343e-02	6.95000e+02
1811	6.91114e+02	1.81100e+03	5.09187e-02	6.95500e+02
1812	6.91364e+02	1.81200e+03	5.09198e-02	6.96000e+02
1813	6.91603e+02	1.81300e+03	5.09176e-02	6.96500e+02
1814	6.91826e+02	1.81400e+03	5.09173e-02	6.97000e+02
1815	6.92059e+02	1.81500e+03	5.09190e-02	6.97500e+02
1816	6.92289e+02	1.81600e+03	5.09362e-02	6.98000e+02
1817	6.92500e+02	1.81700e+03	5.09523e-02	6.98500e+02
1818	6.92714e+02	1.81800e+03	5.09725e-02	6.99000e+02
1819	6.92922e+02	1.81900e+03	5.09966e-02	6.99500e+02
1820	6.93125e+02	1.82000e+03	5.10333e-02	7.00000e+02
