index	ts	t	weight	tr
[#]	[°C]	[s]	[mg]	[°C]
723	1.29762e+02	7.23000e+02	2.97334e+00	1.31000e+02
724	1.30084e+02	7.24000e+02	2.97331e+00	1.31333e+02
725	1.30416e+02	7.25000e+02	2.97329e+00	1.31667e+02
726	1.30756e+02	7.26000e+02	2.97327e+00	1.32000e+02
727	1.31087e+02	7.27000e+02	2.97325e+00	1.32333e+02
728	1.31411e+02	7.28000e+02	2.97323e+00	1.32667e+02
729	1.31742e+02	7.29000e+02	2.97321e+00	1.33000e+02
730	1.32091e+02	7.30000e+02	2.97320e+00	1.33333e+02
731	1.32407e+02	7.31000e+02	2.97319e+00	1.33667e+02
732	1.32737e+02	7.32000e+02	2.97320e+00	1.34000e+02
733	1.33083e+02	7.33000e+02	2.97320e+00	1.34333e+02
734	1.33408e+02	7.34000e+02	2.97320e+00	1.34667e+02
735	1.33738e+02	7.35000e+02	2.97321e+00	1.35000e+02
736	1.34072e+02	7.36000e+02	2.97322e+00	1.35333e+02
737	1.34402e+02	7.37000e+02	2.97322e+00	1.35667e+02
738	1.34726e+02	7.38000e+02	2.97321e+00	1.36000e+02
739	1.35053e+02	7.39000e+02	2.97321e+00	1.36333e+02
740	1.35399e+02	7.40000e+02	2.97319e+00	1.36667e+02
741	1.35729e+02	7.41000e+02	2.97317e+00	1.37000e+02
742	1.36055e+02	7.42000e+02	2.97315e+00	1.37333e+02
743	1.36397e+02	7.43000e+02	2.97313e+00	1.37667e+02
744	1.36731e+02	7.44000e+02	2.97309e+00	1.38000e+02
745	1.37065e+02	7.45000e+02	2.97306e+00	1.38333e+02
746	1.37401e+02	7.46000e+02	2.97303e+00	1.38667e+02
747	1.37724e+02	7.47000e+02	2.97301e+00	1.39000e+02
748	1.38049e+02	7.48000e+02	2.97298e+00	1.39333e+02
749	1.38386e+02	7.49000e+02	2.97296e+00	1.39667e+02
750	1.38726e+02	7.50000e+02	2.97294e+00	1.40000e+02
751	1.39073e+02	7.51000e+02	2.97292e+00	1.40333e+02
752	1.39397e+02	7.52000e+02	2.97291e+00	1.40667e+02
753	1.39734e+02	7.53000e+02	2.97290e+00	1.41000e+02
754	1.40069e+02	7.54000e+02	2.97289e+00	1.41333e+02
755	1.40400e+02	7.55000e+02	2.97289e+00	1.41667e+02
756	1.40727e+02	7.56000e+02	2.97290e+00	1.42000e+02
757	1.41071e+02	7.57000e+02	2.97290e+00	1.42333e+02
758	1.41399e+02	7.58000e+02	2.97290e+00	1.42667e+02
759	1.41729e+02	7.59000e+02	2.97290e+00	1.43000e+02
760	1.42079e+02	7.60000e+02	2.97290e+00	1.43333e+02
761	1.42401e+02	7.61000e+02	2.97290e+00	1.43667e+02
762	1.42731e+02	7.62000e+02	2.97290e+00	1.44000e+02
763	1.43085e+02	7.63000e+02	2.97289e+00	1.44333e+02
764	1.43407e+02	7.64000e+02	2.97287e+00	1.44667e+02
765	1.43743e+02	7.65000e+02	2.97286e+00	1.45000e+02
766	1.44065e+02	7.66000e+02	2.97285e+00	1.45333e+02
767	1.44406e+02	7.67000e+02	2.97284e+00	1.45667e+02
768	1.44739e+02	7.68000e+02	2.97282e+00	1.46000e+02
769	1.45077e+02	7.69000e+02	2.97282e+00	1.46333e+02
770	1.45398e+02	7.70000e+02	2.97281e+00	1.46667e+02
771	1.45752e+02	7.71000e+02	2.97280e+00	1.47000e+02
772	1.46076e+02	7.72000e+02	2.97279e+00	1.47333e+02
773	1.46416e+02	7.73000e+02	2.97278e+00	1.47667e+02
774	1.46748e+02	7.74000e+02	2.97276e+00	1.48000e+02
775	1.47072e+02	7.75000e+02	2.97275e+00	1.48333e+02
776	1.47409e+02	7.76000e+02	2.97272e+00	1.48667e+02
777	1.47752e+02	7.77000e+02	2.97270e+00	1.49000e+02
778	1.48095e+02	7.78000e+02	2.97268e+00	1.49333e+02
779	1.48423e+02	7.79000e+02	2.97266e+00	1.49667e+02
780	1.48749e+02	7.80000e+02	2.97264e+00	1.50000e+02
781	1.49087e+02	7.81000e+02	2.97261e+00	1.50333e+02
782	1.49420e+02	7.82000e+02	2.97259e+00	1.50667e+02
783	1.49761e+02	7.83000e+02	2.97257e+00	1.51000e+02
784	1.50103e+02	7.84000e+02	2.97254e+00	1.51333e+02
785	1.50444e+02	7.85000e+02	2.97252e+00	1.51667e+02
786	1.50768e+02	7.86000e+02	2.97251e+00	1.52000e+02
787	1.51111e+02	7.87000e+02	2.97249e+00	1.52333e+02
788	1.51442e+02	7.88000e+02	2.97248e+00	1.52667e+02
789	1.51787e+02	7.89000e+02	2.97246e+00	1.53000e+02
790	1.52118e+02	7.90000e+02	2.97244e+00	1.53333e+02
791	1.52437e+02	7.91000e+02	2.97243e+00	1.53667e+02
792	1.52780e+02	7.92000e+02	2.97241e+00	1.54000e+02
793	1.53118e+02	7.93000e+02	2.97239e+00	1.54333e+02
794	1.53458e+02	7.94000e+02	2.97237e+00	1.54667e+02
795	1.53795e+02	7.95000e+02	2.97234e+00	1.55000e+02
796	1.54127e+02	7.96000e+02	2.97231e+00	1.55333e+02
797	1.54460e+02	7.97000e+02	2.97228e+00	1.55667e+02
798	1.54803e+02	7.98000e+02	2.97225e+00	1.56000e+02
799	1.55141e+02	7.99000e+02	2.97223e+00	1.56333e+02
800	1.55477e+02	8.00000e+02	2.97219e+00	1.56667e+02
801	1.55808e+02	8.01000e+02	2.97216e+00	1.57000e+02
802	1.56143e+02	8.02000e+02	2.97213e+00	1.57333e+02
803	1.56472e+02	8.03000e+02	2.97210e+00	1.57667e+02
804	1.56821e+02	8.04000e+02	2.97208e+00	1.58000e+02
805	1.57146e+02	8.05000e+02	2.97206e+00	1.58333e+02
806	1.57480e+02	8.06000e+02	2.97203e+00	1.58667e+02
807	1.57810e+02	8.07000e+02	2.97201e+00	1.59000e+02
808	1.58160e+02	8.08000e+02	2.97199e+00	1.59333e+02
809	1.58494e+02	8.09000e+02	2.97197e+00	1.59667e+02
810	1.58832e+02	8.10000e+02	2.97194e+00	1.60000e+02
811	1.59170e+02	8.11000e+02	2.97192e+00	1.60333e+02
812	1.59507e+02	8.12000e+02	2.97189e+00	1.60667e+02
813	1.59841e+02	8.13000e+02	2.97187e+00	1.61000e+02
814	1.60188e+02	8.14000e+02	2.97185e+00	1.61333e+02
815	1.60521e+02	8.15000e+02	2.97183e+00	1.61667e+02
816	1.60851e+02	8.16000e+02	2.97182e+00	1.62000e+02
817	1.61183e+02	8.17000e+02	2.97180e+00	1.62333e+02
818	1.61523e+02	8.18000e+02	2.97178e+00	1.62667e+02
819	1.61850e+02	8.19000e+02	2.97176e+00	1.63000e+02
820	1.62196e+02	8.20000e+02	2.97173e+00	1.63333e+02
821	1.62531e+02	8.21000e+02	2.97170e+00	1.63667e+02
822	1.62885e+02	8.22000e+02	2.97166e+00	1.64000e+02
823	1.63223e+02	8.23000e+02	2.97162e+00	1.64333e+02
824	1.63551e+02	8.24000e+02	2.97158e+00	1.64667e+02
825	1.63889e+02	8.25000e+02	2.97154e+00	1.65000e+02
826	1.64209e+02	8.26000e+02	2.97150e+00	1.65333e+02
827	1.64569e+02	8.27000e+02	2.97147e+00	1.65667e+02
828	1.64892e+02	8.28000e+02	2.97145e+00	1.66000e+02
829	1.65225e+02	8.29000e+02	2.97142e+00	1.66333e+02
830	1.65567e+02	8.30000e+02	2.97140e+00	1.66667e+02
831	1.65901e+02	8.31000e+02	2.97138e+00	1.67000e+02
832	1.66248e+02	8.32000e+02	2.97138e+00	1.67333e+02
833	1.66580e+02	8.33000e+02	2.97137e+00	1.67667e+02
834	1.66908e+02	8.34000e+02	2.97135e+00	1.68000e+02
835	1.67247e+02	8.35000e+02	2.97134e+00	1.68333e+02
836	1.67598e+02	8.36000e+02	2.97133e+00	1.68667e+02
837	1.67927e+02	8.37000e+02	2.97132e+00	1.69000e+02
838	1.68268e+02	8.38000e+02	2.97131e+00	1.69333e+02
839	1.68610e+02	8.39000e+02	2.97129e+00	1.69667e+02
840	1.68942e+02	8.40000e+02	2.97127e+00	1.70000e+02
841	1.69293e+02	8.41000e+02	2.97125e+00	1.70333e+02
842	1.69619e+02	8.42000e+02	2.97123e+00	1.70667e+02
843	1.69959e+02	8.43000e+02	2.97121e+00	1.71000e+02
844	1.70296e+02	8.44000e+02	2.97118e+00	1.71333e+02
845	1.70641e+02	8.45000e+02	2.97115e+00	1.71667e+02
846	1.70967e+02	8.46000e+02	2.97112e+00	1.72000e+02
847	1.71315e+02	8.47000e+02	2.97108e+00	1.72333e+02
848	1.71653e+02	8.48000e+02	2.97103e+00	1.72667e+02
849	1.71987e+02	8.49000e+02	2.97098e+00	1.73000e+02
850	1.72326e+02	8.50000e+02	2.97094e+00	1.73333e+02
851	1.72675e+02	8.51000e+02	2.97089e+00	1.73667e+02
852	1.73008e+02	8.52000e+02	2.97085e+00	1.74000e+02
853	1.73344e+02	8.53000e+02	2.97081e+00	1.74333e+02
854	1.73675e+02	8.54000e+02	2.97077e+00	1.74667e+02
855	1.74015e+02	8.55000e+02	2.97072e+00	1.75000e+02
856	1.74352e+02	8.56000e+02	2.97068e+00	1.75333e+02
857	1.74696e+02	8.57000e+02	2.97062e+00	1.75667e+02
858	1.75028e+02	8.58000e+02	2.97056e+00	1.76000e+02
859	1.75369e+02	8.59000e+02	2.97049e+00	1.76333e+02
860	1.75705e+02	8.60000e+02	2.97041e+00	1.76667e+02
861	1.76047e+02	8.61000e+02	2.97033e+00	1.77000e+02
862	1.76385e+02	8.62000e+02	2.97025e+00	1.77333e+02
863	1.76721e+02	8.63000e+02	2.97017e+00	1.77667e+02
864	1.77060e+02	8.64000e+02	2.97008e+00	1.78000e+02
865	1.77401e+02	8.65000e+02	2.97000e+00	1.78333e+02
866	1.77736e+02	8.66000e+02	2.96993e+00	1.78667e+02
867	1.78078e+02	8.67000e+02	2.96985e+00	1.79000e+02
868	1.78420e+02	8.68000e+02	2.96979e+00	1.79333e+02
869	1.78759e+02	8.69000e+02	2.96972e+00	1.79667e+02
870	1.79103e+02	8.70000e+02	2.96966e+00	1.80000e+02
871	1.79425e+02	8.71000e+02	2.96959e+00	1.80333e+02
872	1.79772e+02	8.72000e+02	2.96953e+00	1.80667e+02
873	1.80105e+02	8.73000e+02	2.96946e+00	1.81000e+02
874	1.80452e+02	8.74000e+02	2.96938e+00	1.81333e+02
875	1.80792e+02	8.75000e+02	2.96930e+00	1.81667e+02
876	1.81130e+02	8.76000e+02	2.96920e+00	1.82000e+02
877	1.81466e+02	8.77000e+02	2.96911e+00	1.82333e+02
878	1.81799e+02	8.78000e+02	2.96902e+00	1.82667e+02
879	1.82135e+02	8.79000e+02	2.96892e+00	1.83000e+02
880	1.82476e+02	8.80000e+02	2.96882e+00	1.83333e+02
881	1.82818e+02	8.81000e+02	2.96871e+00	1.83667e+02
882	1.83162e+02	8.82000e+02	2.96860e+00	1.84000e+02
883	1.83505e+02	8.83000e+02	2.96849e+00	1.84333e+02
884	1.83837e+02	8.84000e+02	2.96838e+00	1.84667e+02
885	1.84176e+02	8.85000e+02	2.96828e+00	1.85000e+02
886	1.84514e+02	8.86000e+02	2.96817e+00	1.85333e+02
887	1.84860e+02	8.87000e+02	2.96807e+00	1.85667e+02
888	1.85188e+02	8.88000e+02	2.96796e+00	1.86000e+02
889	1.85537e+02	8.89000e+02	2.96784e+00	1.86333e+02
890	1.85863e+02	8.90000e+02	2.96770e+00	1.86667e+02
891	1.86210e+02	8.91000e+02	2.96756e+00	1.87000e+02
892	1.86547e+02	8.92000e+02	2.96739e+00	1.87333e+02
893	1.86888e+02	8.93000e+02	2.96723e+00	1.87667e+02
894	1.87216e+02	8.94000e+02	2.96706e+00	1.88000e+02
895	1.87558e+02	8.95000e+02	2.96689e+00	1.88333e+02
896	1.87897e+02	8.96000e+02	2.96671e+00	1.88667e+02
897	1.88229e+02	8.97000e+02	2.96654e+00	1.89000e+02
898	1.88571e+02	8.98000e+02	2.96637e+00	1.89333e+02
899	1.88908e+02	8.99000e+02	2.96621e+00	1.89667e+02
900	1.89244e+02	9.00000e+02	2.96605e+00	1.90000e+02
901	1.89594e+02	9.01000e+02	2.96589e+00	1.90333e+02
902	1.89936e+02	9.02000e+02	2.96573e+00	1.90667e+02
903	1.90276e+02	9.03000e+02	2.96556e+00	1.91000e+02
904	1.90610e+02	9.04000e+02	2.96540e+00	1.91333e+02
905	1.90951e+02	9.05000e+02	2.96523e+00	1.91667e+02
906	1.91288e+02	9.06000e+02	2.96505e+00	1.92000e+02
907	1.91619e+02	9.07000e+02	2.96487e+00	1.92333e+02
908	1.91956e+02	9.08000e+02	2.96466e+00	1.92667e+02
909	1.92295e+02	9.09000e+02	2.96447e+00	1.93000e+02
910	1.92641e+02	9.10000e+02	2.96427e+00	1.93333e+02
911	1.92987e+02	9.11000e+02	2.96406e+00	1.93667e+02
912	1.93329e+02	9.12000e+02	2.96385e+00	1.94000e+02
913	1.93658e+02	9.13000e+02	2.96364e+00	1.94333e+02
914	1.93998e+02	9.14000e+02	2.96343e+00	1.94667e+02
915	1.94330e+02	9.15000e+02	2.96322e+00	1.95000e+02
916	1.94682e+02	9.16000e+02	2.96299e+00	1.95333e+02
917	1.95016e+02	9.17000e+02	2.96277e+00	1.95667e+02
918	1.95353e+02	9.18000e+02	2.96254e+00	1.96000e+02
919	1.95691e+02	9.19000e+02	2.96230e+00	1.96333e+02
920	1.96041e+02	9.20000e+02	2.96205e+00	1.96667e+02
921	1.96377e+02	9.21000e+02	2.96181e+00	1.97000e+02
922	1.96711e+02	9.22000e+02	2.96157e+00	1.97333e+02
923	1.97051e+02	9.23000e+02	2.96133e+00	1.97667e+02
924	1.97387e+02	9.24000e+02	2.96109e+00	1.98000e+02
925	1.97730e+02	9.25000e+02	2.96085e+00	1.98333e+02
926	1.98060e+02	9.26000e+02	2.96060e+00	1.98667e+02
927	1.98394e+02	9.27000e+02	2.96035e+00	1.99000e+02
928	1.98745e+02	9.28000e+02	2.96009e+00	1.99333e+02
929	1.99081e+02	9.29000e+02	2.95982e+00	1.99667e+02
930	1.99413e+02	9.30000e+02	2.95956e+00	2.00000e+02
931	1.99750e+02	9.31000e+02	2.95929e+00	2.00333e+02
932	2.00089e+02	9.32000e+02	2.95901e+00	2.00667e+02
933	2.00433e+02	9.33000e+02	2.95874e+00	2.01000e+02
934	2.00770e+02	9.34000e+02	2.95847e+00	2.01333e+02
935	2.01106e+02	9.35000e+02	2.95819e+00	2.01667e+02
936	2.01444e+02	9.36000e+02	2.95792e+00	2.02000e+02
937	2.01789e+02	9.37000e+02	2.95764e+00	2.02333e+02
938	2.02117e+02	9.38000e+02	2.95736e+00	2.02667e+02
939	2.02459e+02	9.39000e+02	2.95708e+00	2.03000e+02
940	2.02798e+02	9.40000e+02	2.95679e+00	2.03333e+02
941	2.03145e+02	9.41000e+02	2.95650e+00	2.03667e+02
942	2.03478e+02	9.42000e+02	2.95620e+00	2.04000e+02
943	2.03821e+02	9.43000e+02	2.95591e+00	2.04333e+02
944	2.04162e+02	9.44000e+02	2.95560e+00	2.04667e+02
945	2.04504e+02	9.45000e+02	2.95530e+00	2.05000e+02
946	2.04839e+02	9.46000e+02	2.95500e+00	2.05333e+02
947	2.05170e+02	9.47000e+02	2.95470e+00	2.05667e+02
948	2.05517e+02	9.48000e+02	2.95441e+00	2.06000e+02
949	2.05859e+02	9.49000e+02	2.95411e+00	2.06333e+02
950	2.06202e+02	9.50000e+02	2.95381e+00	2.06667e+02
951	2.06532e+02	9.51000e+02	2.95351e+00	2.07000e+02
952	2.06871e+02	9.52000e+02	2.95320e+00	2.07333e+02
953	2.07217e+02	9.53000e+02	2.95290e+00	2.07667e+02
954	2.07553e+02	9.54000e+02	2.95260e+00	2.08000e+02
955	2.07892e+02	9.55000e+02	2.95230e+00	2.08333e+02
956	2.08226e+02	9.56000e+02	2.95200e+00	2.08667e+02
957	2.08575e+02	9.57000e+02	2.95170e+00	2.09000e+02
958	2.08892e+02	9.58000e+02	2.95140e+00	2.09333e+02
959	2.09252e+02	9.59000e+02	2.95110e+00	2.09667e+02
960	2.09582e+02	9.60000e+02	2.95081e+00	2.10000e+02
961	2.09926e+02	9.61000e+02	2.95052e+00	2.10333e+02
962	2.10259e+02	9.62000e+02	2.95024e+00	2.10667e+02
963	2.10598e+02	9.63000e+02	2.94996e+00	2.11000e+02
964	2.10945e+02	9.64000e+02	2.94971e+00	2.11333e+02
965	2.11281e+02	9.65000e+02	2.94944e+00	2.11667e+02
966	2.11626e+02	9.66000e+02	2.94917e+00	2.12000e+02
967	2.11971e+02	9.67000e+02	2.94890e+00	2.12333e+02
968	2.12305e+02	9.68000e+02	2.94863e+00	2.12667e+02
969	2.12640e+02	9.69000e+02	2.94835e+00	2.13000e+02
970	2.12982e+02	9.70000e+02	2.94806e+00	2.13333e+02
971	2.13321e+02	9.71000e+02	2.94778e+00	2.13667e+02
972	2.13660e+02	9.72000e+02	2.94747e+00	2.14000e+02
973	2.14001e+02	9.73000e+02	2.94718e+00	2.14333e+02
974	2.14345e+02	9.74000e+02	2.94689e+00	2.14667e+02
975	2.14686e+02	9.75000e+02	2.94660e+00	2.15000e+02
976	2.15029e+02	9.76000e+02	2.94631e+00	2.15333e+02
977	2.15362e+02	9.77000e+02	2.94603e+00	2.15667e+02
978	2.15703e+02	9.78000e+02	2.94575e+00	2.16000e+02
979	2.16039e+02	9.79000e+02	2.94548e+00	2.16333e+02
980	2.16385e+02	9.80000e+02	2.94521e+00	2.16667e+02
981	2.16723e+02	9.81000e+02	2.94494e+00	2.17000e+02
982	2.17065e+02	9.82000e+02	2.94466e+00	2.17333e+02
983	2.17399e+02	9.83000e+02	2.94439e+00	2.17667e+02
984	2.17731e+02	9.84000e+02	2.94411e+00	2.18000e+02
985	2.18071e+02	9.85000e+02	2.94384e+00	2.18333e+02
986	2.18427e+02	9.86000e+02	2.94356e+00	2.18667e+02
987	2.18752e+02	9.87000e+02	2.94329e+00	2.19000e+02
988	2.19100e+02	9.88000e+02	2.94302e+00	2.19333e+02
989	2.19429e+02	9.89000e+02	2.94274e+00	2.19667e+02
990	2.19773e+02	9.90000e+02	2.94247e+00	2.20000e+02
991	2.20121e+02	9.91000e+02	2.94219e+00	2.20333e+02
992	2.20459e+02	9.92000e+02	2.94192e+00	2.20667e+02
993	2.20803e+02	9.93000e+02	2.94166e+00	2.21000e+02
994	2.21136e+02	9.94000e+02	2.94139e+00	2.21333e+02
995	2.21468e+02	9.95000e+02	2.94113e+00	2.21667e+02
996	2.21807e+02	9.96000e+02	2.94087e+00	2.22000e+02
997	2.22129e+02	9.97000e+02	2.94060e+00	2.22333e+02
998	2.22476e+02	9.98000e+02	2.94033e+00	2.22667e+02
999	2.22801e+02	9.99000e+02	2.94005e+00	2.23000e+02
1000	2.23154e+02	1.00000e+03	2.93976e+00	2.23333e+02
1001	2.23489e+02	1.00100e+03	2.93946e+00	2.23667e+02
1002	2.23821e+02	1.00200e+03	2.93917e+00	2.24000e+02
1003	2.24168e+02	1.00300e+03	2.93888e+00	2.24333e+02
1004	2.24516e+02	1.00400e+03	2.93857e+00	2.24667e+02
1005	2.24850e+02	1.00500e+03	2.93827e+00	2.25000e+02
1006	2.25180e+02	1.00600e+03	2.93797e+00	2.25333e+02
1007	2.25519e+02	1.00700e+03	2.93767e+00	2.25667e+02
1008	2.25859e+02	1.00800e+03	2.93737e+00	2.26000e+02
1009	2.26205e+02	1.00900e+03	2.93707e+00	2.26333e+02
1010	2.26543e+02	1.01000e+03	2.93677e+00	2.26667e+02
1011	2.26878e+02	1.01100e+03	2.93648e+00	2.27000e+02
1012	2.27214e+02	1.01200e+03	2.93619e+00	2.27333e+02
1013	2.27568e+02	1.01300e+03	2.93590e+00	2.27667e+02
1014	2.27892e+02	1.01400e+03	2.93561e+00	2.28000e+02
1015	2.28229e+02	1.01500e+03	2.93532e+00	2.28333e+02
1016	2.28571e+02	1.01600e+03	2.93503e+00	2.28667e+02
1017	2.28909e+02	1.01700e+03	2.93474e+00	2.29000e+02
1018	2.29242e+02	1.01800e+03	2.93445e+00	2.29333e+02
1019	2.29588e+02	1.01900e+03	2.93415e+00	2.29667e+02
1020	2.29923e+02	1.02000e+03	2.93386e+00	2.30000e+02
1021	2.30266e+02	1.02100e+03	2.93356e+00	2.30333e+02
1022	2.30588e+02	1.02200e+03	2.93327e+00	2.30667e+02
1023	2.30926e+02	1.02300e+03	2.93298e+00	2.31000e+02
1024	2.31277e+02	1.02400e+03	2.93268e+00	2.31333e+02
1025	2.31626e+02	1.02500e+03	2.93239e+00	2.31667e+02
1026	2.31965e+02	1.02600e+03	2.93209e+00	2.32000e+02
1027	2.32295e+02	1.02700e+03	2.93180e+00	2.32333e+02
1028	2.32649e+02	1.02800e+03	2.93151e+00	2.32667e+02
1029	2.32981e+02	1.02900e+03	2.93121e+00	2.33000e+02
1030	2.33331e+02	1.03000e+03	2.93092e+00	2.33333e+02
1031	2.33666e+02	1.03100e+03	2.93063e+00	2.33667e+02
1032	2.33999e+02	1.03200e+03	2.93034e+00	2.34000e+02
1033	2.34334e+02	1.03300e+03	2.93005e+00	2.34333e+02
1034	2.34671e+02	1.03400e+03	2.92975e+00	2.34667e+02
1035	2.35010e+02	1.03500e+03	2.92946e+00	2.35000e+02
1036	2.35334e+02	1.03600e+03	2.92916e+00	2.35333e+02
1037	2.35678e+02	1.03700e+03	2.92887e+00	2.35667e+02
1038	2.36028e+02	1.03800e+03	2.92857e+00	2.36000e+02
1039	2.36351e+02	1.03900e+03	2.92828e+00	2.36333e+02
1040	2.36693e+02	1.04000e+03	2.92799e+00	2.36667e+02
1041	2.37022e+02	1.04100e+03	2.92770e+00	2.37000e+02
1042	2.37363e+02	1.04200e+03	2.92741e+00	2.37333e+02
1043	2.37701e+02	1.04300e+03	2.92711e+00	2.37667e+02
1044	2.38036e+02	1.04400e+03	2.92682e+00	2.38000e+02
1045	2.38363e+02	1.04500e+03	2.92653e+00	2.38333e+02
1046	2.38707e+02	1.04600e+03	2.92623e+00	2.38667e+02
1047	2.39038e+02	1.04700e+03	2.92594e+00	2.39000e+02
1048	2.39369e+02	1.04800e+03	2.92564e+00	2.39333e+02
1049	2.39709e+02	1.04900e+03	2.92534e+00	2.39667e+02
1050	2.40051e+02	1.05000e+03	2.92504e+00	2.40000e+02
1051	2.40379e+02	1.05100e+03	2.92474e+00	2.40333e+02
1052	2.40723e+02	1.05200e+03	2.92443e+00	2.40667e+02
1053	2.41070e+02	1.05300e+03	2.92413e+00	2.41000e+02
1054	2.41412e+02	1.05400e+03	2.92383e+00	2.41333e+02
1055	2.41745e+02	1.05500e+03	2.92352e+00	2.41667e+02
1056	2.42102e+02	1.05600e+03	2.92321e+00	2.42000e+02
1057	2.42437e+02	1.05700e+03	2.92291e+00	2.42333e+02
1058	2.42779e+02	1.05800e+03	2.92261e+00	2.42667e+02
1059	2.43122e+02	1.05900e+03	2.92231e+00	2.43000e+02
1060	2.43467e+02	1.06000e+03	2.92202e+00	2.43333e+02
1061	2.43804e+02	1.06100e+03	2.92173e+00	2.43667e+02
1062	2.44137e+02	1.06200e+03	2.92144e+00	2.44000e+02
1063	2.44484e+02	1.06300e+03	2.92115e+00	2.44333e+02
1064	2.44828e+02	1.06400e+03	2.92086e+00	2.44667e+02
1065	2.45172e+02	1.06500e+03	2.92057e+00	2.45000e+02
1066	2.45519e+02	1.06600e+03	2.92027e+00	2.45333e+02
1067	2.45852e+02	1.06700e+03	2.91997e+00	2.45667e+02
1068	2.46196e+02	1.06800e+03	2.91967e+00	2.46000e+02
1069	2.46538e+02	1.06900e+03	2.91937e+00	2.46333e+02
1070	2.46866e+02	1.07000e+03	2.91907e+00	2.46667e+02
1071	2.47216e+02	1.07100e+03	2.91877e+00	2.47000e+02
1072	2.47548e+02	1.07200e+03	2.91847e+00	2.47333e+02
1073	2.47893e+02	1.07300e+03	2.91817e+00	2.47667e+02
1074	2.48234e+02	1.07400e+03	2.91787e+00	2.48000e+02
1075	2.48554e+02	1.07500e+03	2.91756e+00	2.48333e+02
1076	2.48889e+02	1.07600e+03	2.91726e+00	2.48667e+02
1077	2.49223e+02	1.07700e+03	2.91695e+00	2.49000e+02
1078	2.49569e+02	1.07800e+03	2.91664e+00	2.49333e+02
1079	2.49906e+02	1.07900e+03	2.91634e+00	2.49667e+02
1080	2.50251e+02	1.08000e+03	2.91603e+00	2.50000e+02
1081	2.50592e+02	1.08100e+03	2.91573e+00	2.50333e+02
1082	2.50930e+02	1.08200e+03	2.91542e+00	2.50667e+02
1083	2.51261e+02	1.08300e+03	2.91512e+00	2.51000e+02
1084	2.51613e+02	1.08400e+03	2.91481e+00	2.51333e+02
1085	2.51948e+02	1.08500e+03	2.91451e+00	2.51667e+02
1086	2.52294e+02	1.08600e+03	2.91420e+00	2.52000e+02
1087	2.52620e+02	1.08700e+03	2.91389e+00	2.52333e+02
1088	2.52957e+02	1.08800e+03	2.91357e+00	2.52667e+02
1089	2.53296e+02	1.08900e+03	2.91325e+00	2.53000e+02
1090	2.53638e+02	1.09000e+03	2.91294e+00	2.53333e+02
1091	2.53970e+02	1.09100e+03	2.91262e+00	2.53667e+02
1092	2.54308e+02	1.09200e+03	2.91231e+00	2.54000e+02
1093	2.54651e+02	1.09300e+03	2.91199e+00	2.54333e+02
1094	2.54995e+02	1.09400e+03	2.91168e+00	2.54667e+02
1095	2.55330e+02	1.09500e+03	2.91137e+00	2.55000e+02
1096	2.55663e+02	1.09600e+03	2.91107e+00	2.55333e+02
1097	2.56006e+02	1.09700e+03	2.91076e+00	2.55667e+02
1098	2.56339e+02	1.09800e+03	2.91045e+00	2.56000e+02
1099	2.56673e+02	1.09900e+03	2.91015e+00	2.56333e+02
1100	2.57017e+02	1.10000e+03	2.90984e+00	2.56667e+02
1101	2.57361e+02	1.10100e+03	2.90954e+00	2.57000e+02
1102	2.57692e+02	1.10200e+03	2.90924e+00	2.57333e+02
1103	2.58038e+02	1.10300e+03	2.90894e+00	2.57667e+02
1104	2.58370e+02	1.10400e+03	2.90864e+00	2.58000e+02
1105	2.58711e+02	1.10500e+03	2.90833e+00	2.58333e+02
1106	2.59049e+02	1.10600e+03	2.90803e+00	2.58667e+02
1107	2.59380e+02	1.10700e+03	2.90773e+00	2.59000e+02
1108	2.59729e+02	1.10800e+03	2.90742e+00	2.59333e+02
1109	2.60050e+02	1.10900e+03	2.90712e+00	2.59667e+02
1110	2.60398e+02	1.11000e+03	2.90682e+00	2.60000e+02
1111	2.60731e+02	1.11100e+03	2.90652e+00	2.60333e+02
1112	2.61070e+02	1.11200e+03	2.90622e+00	2.60667e+02
1113	2.61410e+02	1.11300e+03	2.90591e+00	2.61000e+02
1114	2.61754e+02	1.11400e+03	2.90561e+00	2.61333e+02
1115	2.62080e+02	1.11500e+03	2.90530e+00	2.61667e+02
1116	2.62415e+02	1.11600e+03	2.90498e+00	2.62000e+02
1117	2.62757e+02	1.11700e+03	2.90467e+00	2.62333e+02
1118	2.63088e+02	1.11800e+03	2.90436e+00	2.62667e+02
1119	2.63423e+02	1.11900e+03	2.90404e+00	2.63000e+02
1120	2.63764e+02	1.12000e+03	2.90372e+00	2.63333e+02
1121	2.64108e+02	1.12100e+03	2.90339e+00	2.63667e+02
1122	2.64439e+02	1.12200e+03	2.90307e+00	2.64000e+02
1123	2.64783e+02	1.12300e+03	2.90274e+00	2.64333e+02
1124	2.65111e+02	1.12400e+03	2.90240e+00	2.64667e+02
1125	2.65443e+02	1.12500e+03	2.90207e+00	2.65000e+02
1126	2.65785e+02	1.12600e+03	2.90174e+00	2.65333e+02
1127	2.66133e+02	1.12700e+03	2.90141e+00	2.65667e+02
1128	2.66478e+02	1.12800e+03	2.90109e+00	2.66000e+02
1129	2.66803e+02	1.12900e+03	2.90075e+00	2.66333e+02
1130	2.67140e+02	1.13000e+03	2.90042e+00	2.66667e+02
1131	2.67475e+02	1.13100e+03	2.90009e+00	2.67000e+02
1132	2.67816e+02	1.13200e+03	2.89976e+00	2.67333e+02
1133	2.68140e+02	1.13300e+03	2.89942e+00	2.67667e+02
1134	2.68491e+02	1.13400e+03	2.89908e+00	2.68000e+02
1135	2.68829e+02	1.13500e+03	2.89874e+00	2.68333e+02
1136	2.69169e+02	1.13600e+03	2.89840e+00	2.68667e+02
1137	2.69506e+02	1.13700e+03	2.89806e+00	2.69000e+02
1138	2.69842e+02	1.13800e+03	2.89772e+00	2.69333e+02
1139	2.70190e+02	1.13900e+03	2.89738e+00	2.69667e+02
1140	2.70528e+02	1.14000e+03	2.89703e+00	2.70000e+02
1141	2.70858e+02	1.14100e+03	2.89669e+00	2.70333e+02
1142	2.71195e+02	1.14200e+03	2.89635e+00	2.70667e+02
1143	2.71540e+02	1.14300e+03	2.89601e+00	2.71000e+02
1144	2.71876e+02	1.14400e+03	2.89567e+00	2.71333e+02
1145	2.72215e+02	1.14500e+03	2.89533e+00	2.71667e+02
1146	2.72550e+02	1.14600e+03	2.89498e+00	2.72000e+02
1147	2.72882e+02	1.14700e+03	2.89463e+00	2.72333e+02
1148	2.73221e+02	1.14800e+03	2.89426e+00	2.72667e+02
1149	2.73562e+02	1.14900e+03	2.89389e+00	2.73000e+02
1150	2.73903e+02	1.15000e+03	2.89351e+00	2.73333e+02
1151	2.74231e+02	1.15100e+03	2.89312e+00	2.73667e+02
1152	2.74566e+02	1.15200e+03	2.89268e+00	2.74000e+02
1153	2.74909e+02	1.15300e+03	2.89224e+00	2.74333e+02
1154	2.75261e+02	1.15400e+03	2.89178e+00	2.74667e+02
1155	2.75594e+02	1.15500e+03	2.89131e+00	2.75000e+02
1156	2.75927e+02	1.15600e+03	2.89078e+00	2.75333e+02
1157	2.76261e+02	1.15700e+03	2.89026e+00	2.75667e+02
1158	2.76616e+02	1.15800e+03	2.88975e+00	2.76000e+02
1159	2.76947e+02	1.15900e+03	2.88923e+00	2.76333e+02
1160	2.77298e+02	1.16000e+03	2.88870e+00	2.76667e+02
1161	2.77631e+02	1.16100e+03	2.88818e+00	2.77000e+02
1162	2.77956e+02	1.16200e+03	2.88767e+00	2.77333e+02
1163	2.78299e+02	1.16300e+03	2.88717e+00	2.77667e+02
1164	2.78641e+02	1.16400e+03	2.88670e+00	2.78000e+02
1165	2.78986e+02	1.16500e+03	2.88622e+00	2.78333e+02
1166	2.79325e+02	1.16600e+03	2.88575e+00	2.78667e+02
1167	2.79672e+02	1.16700e+03	2.88528e+00	2.79000e+02
1168	2.79995e+02	1.16800e+03	2.88482e+00	2.79333e+02
1169	2.80321e+02	1.16900e+03	2.88436e+00	2.79667e+02
1170	2.80666e+02	1.17000e+03	2.88390e+00	2.80000e+02
1171	2.81005e+02	1.17100e+03	2.88345e+00	2.80333e+02
1172	2.81338e+02	1.17200e+03	2.88299e+00	2.80667e+02
1173	2.81670e+02	1.17300e+03	2.88254e+00	2.81000e+02
1174	2.82004e+02	1.17400e+03	2.88208e+00	2.81333e+02
1175	2.82365e+02	1.17500e+03	2.88163e+00	2.81667e+02
1176	2.82722e+02	1.17600e+03	2.88117e+00	2.82000e+02
1177	2.83070e+02	1.17700e+03	2.88071e+00	2.82333e+02
1178	2.83403e+02	1.17800e+03	2.88024e+00	2.82667e+02
1179	2.83753e+02	1.17900e+03	2.87976e+00	2.83000e+02
1180	2.84100e+02	1.18000e+03	2.87926e+00	2.83333e+02
1181	2.84469e+02	1.18100e+03	2.87875e+00	2.83667e+02
1182	2.84813e+02	1.18200e+03	2.87823e+00	2.84000e+02
1183	2.85167e+02	1.18300e+03	2.87770e+00	2.84333e+02
1184	2.85501e+02	1.18400e+03	2.87713e+00	2.84667e+02
1185	2.85841e+02	1.18500e+03	2.87657e+00	2.85000e+02
1186	2.86188e+02	1.18600e+03	2.87600e+00	2.85333e+02
1187	2.86540e+02	1.18700e+03	2.87544e+00	2.85667e+02
1188	2.86876e+02	1.18800e+03	2.87486e+00	2.86000e+02
1189	2.87212e+02	1.18900e+03	2.87430e+00	2.86333e+02
1190	2.87555e+02	1.19000e+03	2.87374e+00	2.86667e+02
1191	2.87891e+02	1.19100e+03	2.87318e+00	2.87000e+02
1192	2.88240e+02	1.19200e+03	2.87263e+00	2.87333e+02
1193	2.88618e+02	1.19300e+03	2.87208e+00	2.87667e+02
1194	2.88954e+02	1.19400e+03	2.87153e+00	2.88000e+02
1195	2.89291e+02	1.19500e+03	2.87097e+00	2.88333e+02
1196	2.89634e+02	1.19600e+03	2.87042e+00	2.88667e+02
1197	2.89982e+02	1.19700e+03	2.86987e+00	2.89000e+02
1198	2.90343e+02	1.19800e+03	2.86932e+00	2.89333e+02
1199	2.90699e+02	1.19900e+03	2.86876e+00	2.89667e+02
1200	2.91053e+02	1.20000e+03	2.86820e+00	2.90000e+02
1201	2.91402e+02	1.20100e+03	2.86764e+00	2.90333e+02
1202	2.91734e+02	1.20200e+03	2.86707e+00	2.90667e+02
1203	2.92071e+02	1.20300e+03	2.86649e+00	2.91000e+02
1204	2.92408e+02	1.20400e+03	2.86590e+00	2.91333e+02
1205	2.92755e+02	1.20500e+03	2.86530e+00	2.91667e+02
1206	2.93082e+02	1.20600e+03	2.86471e+00	2.92000e+02
1207	2.93434e+02	1.20700e+03	2.86411e+00	2.92333e+02
1208	2.93794e+02	1.20800e+03	2.86350e+00	2.92667e+02
1209	2.94134e+02	1.20900e+03	2.86290e+00	2.93000e+02
1210	2.94486e+02	1.21000e+03	2.86229e+00	2.93333e+02
1211	2.94837e+02	1.21100e+03	2.86168e+00	2.93667e+02
1212	2.95171e+02	1.21200e+03	2.86105e+00	2.94000e+02
1213	2.95517e+02	1.21300e+03	2.86042e+00	2.94333e+02
1214	2.95848e+02	1.21400e+03	2.85978e+00	2.94667e+02
1215	2.96181e+02	1.21500e+03	2.85913e+00	2.95000e+02
1216	2.96504e+02	1.21600e+03	2.85845e+00	2.95333e+02
1217	2.96851e+02	1.21700e+03	2.85778e+00	2.95667e+02
1218	2.97184e+02	1.21800e+03	2.85711e+00	2.96000e+02
1219	2.97533e+02	1.21900e+03	2.85642e+00	2.96333e+02
1220	2.97887e+02	1.22000e+03	2.85571e+00	2.96667e+02
1221	2.98214e+02	1.22100e+03	2.85500e+00	2.97000e+02
1222	2.98557e+02	1.22200e+03	2.85428e+00	2.97333e+02
1223	2.98874e+02	1.22300e+03	2.85355e+00	2.97667e+02
1224	2.99217e+02	1.22400e+03	2.85279e+00	2.98000e+02
1225	2.99565e+02	1.22500e+03	2.85204e+00	2.98333e+02
1226	2.99914e+02	1.22600e+03	2.85129e+00	2.98667e+02
1227	3.00265e+02	1.22700e+03	2.85053e+00	2.99000e+02
1228	3.00613e+02	1.22800e+03	2.84975e+00	2.99333e+02
1229	3.00966e+02	1.22900e+03	2.84898e+00	2.99667e+02
1230	3.01298e+02	1.23000e+03	2.84820e+00	3.00000e+02
1231	3.01629e+02	1.23100e+03	2.84742e+00	3.00333e+02
1232	3.01960e+02	1.23200e+03	2.84662e+00	3.00667e+02
1233	3.02295e+02	1.23300e+03	2.84582e+00	3.01000e+02
1234	3.02637e+02	1.23400e+03	2.84501e+00	3.01333e+02
1235	3.02978e+02	1.23500e+03	2.84419e+00	3.01667e+02
1236	3.03316e+02	1.23600e+03	2.84334e+00	3.02000e+02
1237	3.03646e+02	1.23700e+03	2.84249e+00	3.02333e+02
1238	3.03989e+02	1.23800e+03	2.84164e+00	3.02667e+02
1239	3.04323e+02	1.23900e+03	2.84078e+00	3.03000e+02
1240	3.04660e+02	1.24000e+03	2.83988e+00	3.03333e+02
1241	3.05003e+02	1.24100e+03	2.83900e+00	3.03667e+02
1242	3.05354e+02	1.24200e+03	2.83811e+00	3.04000e+02
1243	3.05702e+02	1.24300e+03	2.83722e+00	3.04333e+02
1244	3.06047e+02	1.24400e+03	2.83630e+00	3.04667e+02
1245	3.06393e+02	1.24500e+03	2.83539e+00	3.05000e+02
1246	3.06750e+02	1.24600e+03	2.83447e+00	3.05333e+02
1247	3.07089e+02	1.24700e+03	2.83354e+00	3.05667e+02
1248	3.07419e+02	1.24800e+03	2.83259e+00	3.06000e+02
1249	3.07757e+02	1.24900e+03	2.83164e+00	3.06333e+02
1250	3.08085e+02	1.25000e+03	2.83069e+00	3.06667e+02
1251	3.08418e+02	1.25100e+03	2.82973e+00	3.07000e+02
1252	3.08755e+02	1.25200e+03	2.82874e+00	3.07333e+02
1253	3.09080e+02	1.25300e+03	2.82776e+00	3.07667e+02
1254	3.09418e+02	1.25400e+03	2.82678e+00	3.08000e+02
1255	3.09756e+02	1.25500e+03	2.82579e+00	3.08333e+02
1256	3.10094e+02	1.25600e+03	2.82478e+00	3.08667e+02
1257	3.10445e+02	1.25700e+03	2.82378e+00	3.09000e+02
1258	3.10783e+02	1.25800e+03	2.82276e+00	3.09333e+02
1259	3.11117e+02	1.25900e+03	2.82175e+00	3.09667e+02
1260	3.11448e+02	1.26000e+03	2.82071e+00	3.10000e+02
1261	3.11808e+02	1.26100e+03	2.81968e+00	3.10333e+02
1262	3.12155e+02	1.26200e+03	2.81864e+00	3.10667e+02
1263	3.12497e+02	1.26300e+03	2.81760e+00	3.11000e+02
1264	3.12823e+02	1.26400e+03	2.81654e+00	3.11333e+02
1265	3.13164e+02	1.26500e+03	2.81549e+00	3.11667e+02
1266	3.13500e+02	1.26600e+03	2.81443e+00	3.12000e+02
1267	3.13831e+02	1.26700e+03	2.81337e+00	3.12333e+02
1268	3.14164e+02	1.26800e+03	2.81228e+00	3.12667e+02
1269	3.14505e+02	1.26900e+03	2.81119e+00	3.13000e+02
1270	3.14842e+02	1.27000e+03	2.81009e+00	3.13333e+02
1271	3.15193e+02	1.27100e+03	2.80899e+00	3.13667e+02
1272	3.15549e+02	1.27200e+03	2.80784e+00	3.14000e+02
1273	3.15964e+02	1.27300e+03	2.80670e+00	3.14333e+02
1274	3.16320e+02	1.27400e+03	2.80556e+00	3.14667e+02
1275	3.16676e+02	1.27500e+03	2.80441e+00	3.15000e+02
1276	3.17009e+02	1.27600e+03	2.80323e+00	3.15333e+02
1277	3.17341e+02	1.27700e+03	2.80205e+00	3.15667e+02
1278	3.17701e+02	1.27800e+03	2.80087e+00	3.16000e+02
1279	3.18108e+02	1.27900e+03	2.79969e+00	3.16333e+02
1280	3.18461e+02	1.28000e+03	2.79848e+00	3.16667e+02
1281	3.18791e+02	1.28100e+03	2.79729e+00	3.17000e+02
1282	3.19116e+02	1.28200e+03	2.79609e+00	3.17333e+02
1283	3.19444e+02	1.28300e+03	2.79490e+00	3.17667e+02
1284	3.19772e+02	1.28400e+03	2.79370e+00	3.18000e+02
1285	3.20111e+02	1.28500e+03	2.79250e+00	3.18333e+02
1286	3.20456e+02	1.28600e+03	2.79130e+00	3.18667e+02
1287	3.20777e+02	1.28700e+03	2.79011e+00	3.19000e+02
1288	3.21110e+02	1.28800e+03	2.78891e+00	3.19333e+02
1289	3.21434e+02	1.28900e+03	2.78771e+00	3.19667e+02
1290	3.21759e+02	1.29000e+03	2.78652e+00	3.20000e+02
1291	3.22101e+02	1.29100e+03	2.78532e+00	3.20333e+02
1292	3.22411e+02	1.29200e+03	2.78413e+00	3.20667e+02
1293	3.22736e+02	1.29300e+03	2.78293e+00	3.21000e+02
1294	3.23069e+02	1.29400e+03	2.78174e+00	3.21333e+02
1295	3.23407e+02	1.29500e+03	2.78054e+00	3.21667e+02
1296	3.23734e+02	1.29600e+03	2.77933e+00	3.22000e+02
1297	3.24069e+02	1.29700e+03	2.77811e+00	3.22333e+02
1298	3.24378e+02	1.29800e+03	2.77689e+00	3.22667e+02
1299	3.24709e+02	1.29900e+03	2.77565e+00	3.23000e+02
1300	3.25013e+02	1.30000e+03	2.77438e+00	3.23333e+02
1301	3.25348e+02	1.30100e+03	2.77312e+00	3.23667e+02
1302	3.25681e+02	1.30200e+03	2.77185e+00	3.24000e+02
1303	3.25999e+02	1.30300e+03	2.77058e+00	3.24333e+02
1304	3.26340e+02	1.30400e+03	2.76926e+00	3.24667e+02
1305	3.26668e+02	1.30500e+03	2.76795e+00	3.25000e+02
1306	3.27004e+02	1.30600e+03	2.76663e+00	3.25333e+02
1307	3.27333e+02	1.30700e+03	2.76530e+00	3.25667e+02
1308	3.27652e+02	1.30800e+03	2.76393e+00	3.26000e+02
1309	3.27995e+02	1.30900e+03	2.76257e+00	3.26333e+02
1310	3.28344e+02	1.31000e+03	2.76119e+00	3.26667e+02
1311	3.28653e+02	1.31100e+03	2.75980e+00	3.27000e+02
1312	3.28972e+02	1.31200e+03	2.75837e+00	3.27333e+02
1313	3.29296e+02	1.31300e+03	2.75694e+00	3.27667e+02
1314	3.29628e+02	1.31400e+03	2.75549e+00	3.28000e+02
1315	3.29959e+02	1.31500e+03	2.75403e+00	3.28333e+02
1316	3.30294e+02	1.31600e+03	2.75251e+00	3.28667e+02
1317	3.30614e+02	1.31700e+03	2.75100e+00	3.29000e+02
1318	3.30959e+02	1.31800e+03	2.74946e+00	3.29333e+02
1319	3.31288e+02	1.31900e+03	2.74792e+00	3.29667e+02
1320	3.31637e+02	1.32000e+03	2.74629e+00	3.30000e+02
1321	3.31954e+02	1.32100e+03	2.74468e+00	3.30333e+02
1322	3.32268e+02	1.32200e+03	2.74305e+00	3.30667e+02
1323	3.32592e+02	1.32300e+03	2.74141e+00	3.31000e+02
1324	3.32909e+02	1.32400e+03	2.73969e+00	3.31333e+02
1325	3.33244e+02	1.32500e+03	2.73797e+00	3.31667e+02
1326	3.33568e+02	1.32600e+03	2.73624e+00	3.32000e+02
1327	3.33900e+02	1.32700e+03	2.73449e+00	3.32333e+02
1328	3.34216e+02	1.32800e+03	2.73265e+00	3.32667e+02
1329	3.34542e+02	1.32900e+03	2.73082e+00	3.33000e+02
1330	3.34859e+02	1.33000e+03	2.72894e+00	3.33333e+02
1331	3.35195e+02	1.33100e+03	2.72703e+00	3.33667e+02
1332	3.35542e+02	1.33200e+03	2.72495e+00	3.34000e+02
1333	3.35879e+02	1.33300e+03	2.72285e+00	3.34333e+02
1334	3.36219e+02	1.33400e+03	2.72069e+00	3.34667e+02
1335	3.36549e+02	1.33500e+03	2.71848e+00	3.35000e+02
1336	3.36864e+02	1.33600e+03	2.71602e+00	3.35333e+02
1337	3.37191e+02	1.33700e+03	2.71363e+00	3.35667e+02
1338	3.37510e+02	1.33800e+03	2.71120e+00	3.36000e+02
1339	3.37839e+02	1.33900e+03	2.70875e+00	3.36333e+02
1340	3.38158e+02	1.34000e+03	2.70615e+00	3.36667e+02
1341	3.38487e+02	1.34100e+03	2.70358e+00	3.37000e+02
1342	3.38815e+02	1.34200e+03	2.70100e+00	3.37333e+02
1343	3.39146e+02	1.34300e+03	2.69839e+00	3.37667e+02
1344	3.39470e+02	1.34400e+03	2.69568e+00	3.38000e+02
1345	3.39806e+02	1.34500e+03	2.69297e+00	3.38333e+02
1346	3.40138e+02	1.34600e+03	2.69025e+00	3.38667e+02
1347	3.40460e+02	1.34700e+03	2.68749e+00	3.39000e+02
1348	3.40783e+02	1.34800e+03	2.68461e+00	3.39333e+02
1349	3.41125e+02	1.34900e+03	2.68174e+00	3.39667e+02
1350	3.41453e+02	1.35000e+03	2.67883e+00	3.40000e+02
1351	3.41780e+02	1.35100e+03	2.67589e+00	3.40333e+02
1352	3.42104e+02	1.35200e+03	2.67279e+00	3.40667e+02
1353	3.42423e+02	1.35300e+03	2.66970e+00	3.41000e+02
1354	3.42764e+02	1.35400e+03	2.66658e+00	3.41333e+02
1355	3.43103e+02	1.35500e+03	2.66342e+00	3.41667e+02
1356	3.43446e+02	1.35600e+03	2.66007e+00	3.42000e+02
1357	3.43776e+02	1.35700e+03	2.65674e+00	3.42333e+02
1358	3.44096e+02	1.35800e+03	2.65335e+00	3.42667e+02
1359	3.44410e+02	1.35900e+03	2.64992e+00	3.43000e+02
1360	3.44740e+02	1.36000e+03	2.64626e+00	3.43333e+02
1361	3.45060e+02	1.36100e+03	2.64261e+00	3.43667e+02
1362	3.45380e+02	1.36200e+03	2.63889e+00	3.44000e+02
1363	3.45700e+02	1.36300e+03	2.63510e+00	3.44333e+02
1364	3.46025e+02	1.36400e+03	2.63099e+00	3.44667e+02
1365	3.46350e+02	1.36500e+03	2.62691e+00	3.45000e+02
1366	3.46671e+02	1.36600e+03	2.62276e+00	3.45333e+02
1367	3.46993e+02	1.36700e+03	2.61855e+00	3.45667e+02
1368	3.47339e+02	1.36800e+03	2.61399e+00	3.46000e+02
1369	3.47673e+02	1.36900e+03	2.60950e+00	3.46333e+02
1370	3.47994e+02	1.37000e+03	2.60495e+00	3.46667e+02
1371	3.48316e+02	1.37100e+03	2.60035e+00	3.47000e+02
1372	3.48638e+02	1.37200e+03	2.59547e+00	3.47333e+02
1373	3.48959e+02	1.37300e+03	2.59063e+00	3.47667e+02
1374	3.49273e+02	1.37400e+03	2.58573e+00	3.48000e+02
1375	3.49603e+02	1.37500e+03	2.58077e+00	3.48333e+02
1376	3.49950e+02	1.37600e+03	2.57553e+00	3.48667e+02
1377	3.50262e+02	1.37700e+03	2.57031e+00	3.49000e+02
1378	3.50582e+02	1.37800e+03	2.56502e+00	3.49333e+02
1379	3.50901e+02	1.37900e+03	2.55967e+00	3.49667e+02
1380	3.51205e+02	1.38000e+03	2.55401e+00	3.50000e+02
1381	3.51521e+02	1.38100e+03	2.54837e+00	3.50333e+02
1382	3.51845e+02	1.38200e+03	2.54266e+00	3.50667e+02
1383	3.52164e+02	1.38300e+03	2.53687e+00	3.51000e+02
1384	3.52486e+02	1.38400e+03	2.53072e+00	3.51333e+02
1385	3.52826e+02	1.38500e+03	2.52461e+00	3.51667e+02
1386	3.53134e+02	1.38600e+03	2.51841e+00	3.52000e+02
1387	3.53451e+02	1.38700e+03	2.51213e+00	3.52333e+02
1388	3.53769e+02	1.38800e+03	2.50543e+00	3.52667e+02
1389	3.54107e+02	1.38900e+03	2.49878e+00	3.53000e+02
1390	3.54420e+02	1.39000e+03	2.49202e+00	3.53333e+02
1391	3.54764e+02	1.39100e+03	2.48517e+00	3.53667e+02
1392	3.55071e+02	1.39200e+03	2.47787e+00	3.54000e+02
1393	3.55401e+02	1.39300e+03	2.47062e+00	3.54333e+02
1394	3.55726e+02	1.39400e+03	2.46328e+00	3.54667e+02
1395	3.56044e+02	1.39500e+03	2.45585e+00	3.55000e+02
1396	3.56371e+02	1.39600e+03	2.44795e+00	3.55333e+02
1397	3.56694e+02	1.39700e+03	2.44011e+00	3.55667e+02
1398	3.57007e+02	1.39800e+03	2.43217e+00	3.56000e+02
1399	3.57340e+02	1.39900e+03	2.42413e+00	3.56333e+02
1400	3.57651e+02	1.40000e+03	2.41560e+00	3.56667e+02
1401	3.57970e+02	1.40100e+03	2.40710e+00	3.57000e+02
1402	3.58291e+02	1.40200e+03	2.39847e+00	3.57333e+02
1403	3.58616e+02	1.40300e+03	2.38973e+00	3.57667e+02
1404	3.58962e+02	1.40400e+03	2.38039e+00	3.58000e+02
1405	3.59300e+02	1.40500e+03	2.37110e+00	3.58333e+02
1406	3.59630e+02	1.40600e+03	2.36164e+00	3.58667e+02
1407	3.59976e+02	1.40700e+03	2.35205e+00	3.59000e+02
1408	3.60325e+02	1.40800e+03	2.34173e+00	3.59333e+02
1409	3.60645e+02	1.40900e+03	2.33149e+00	3.59667e+02
1410	3.60971e+02	1.41000e+03	2.32110e+00	3.60000e+02
1411	3.61293e+02	1.41100e+03	2.31057e+00	3.60333e+02
1412	3.61612e+02	1.41200e+03	2.29932e+00	3.60667e+02
1413	3.61935e+02	1.41300e+03	2.28821e+00	3.61000e+02
1414	3.62269e+02	1.41400e+03	2.27698e+00	3.61333e+02
1415	3.62626e+02	1.41500e+03	2.26562e+00	3.61667e+02
1416	3.62969e+02	1.41600e+03	2.25365e+00	3.62000e+02
1417	3.63315e+02	1.41700e+03	2.24174e+00	3.62333e+02
1418	3.63641e+02	1.41800e+03	2.22969e+00	3.62667e+02
1419	3.63977e+02	1.41900e+03	2.21753e+00	3.63000e+02
1420	3.64323e+02	1.42000e+03	2.20474e+00	3.63333e+02
1421	3.64655e+02	1.42100e+03	2.19205e+00	3.63667e+02
1422	3.64992e+02	1.42200e+03	2.17926e+00	3.64000e+02
1423	3.65333e+02	1.42300e+03	2.16635e+00	3.64333e+02
1424	3.65673e+02	1.42400e+03	2.15289e+00	3.64667e+02
1425	3.65994e+02	1.42500e+03	2.13950e+00	3.65000e+02
1426	3.66329e+02	1.42600e+03	2.12599e+00	3.65333e+02
1427	3.66655e+02	1.42700e+03	2.11237e+00	3.65667e+02
1428	3.66979e+02	1.42800e+03	2.09821e+00	3.66000e+02
1429	3.67308e+02	1.42900e+03	2.08413e+00	3.66333e+02
1430	3.67644e+02	1.43000e+03	2.06997e+00	3.66667e+02
1431	3.67981e+02	1.43100e+03	2.05571e+00	3.67000e+02
1432	3.68308e+02	1.43200e+03	2.04098e+00	3.67333e+02
1433	3.68654e+02	1.43300e+03	2.02633e+00	3.67667e+02
1434	3.68985e+02	1.43400e+03	2.01157e+00	3.68000e+02
1435	3.69333e+02	1.43500e+03	1.99673e+00	3.68333e+02
1436	3.69670e+02	1.43600e+03	1.98143e+00	3.68667e+02
1437	3.70018e+02	1.43700e+03	1.96618e+00	3.69000e+02
1438	3.70366e+02	1.43800e+03	1.95083e+00	3.69333e+02
1439	3.70711e+02	1.43900e+03	1.93539e+00	3.69667e+02
1440	3.71049e+02	1.44000e+03	1.91947e+00	3.70000e+02
1441	3.71376e+02	1.44100e+03	1.90364e+00	3.70333e+02
1442	3.71702e+02	1.44200e+03	1.88775e+00	3.70667e+02
1443	3.72031e+02	1.44300e+03	1.87178e+00	3.71000e+02
1444	3.72365e+02	1.44400e+03	1.85546e+00	3.71333e+02
1445	3.72695e+02	1.44500e+03	1.83922e+00	3.71667e+02
1446	3.73035e+02	1.44600e+03	1.82294e+00	3.72000e+02
1447	3.73353e+02	1.44700e+03	1.80661e+00	3.72333e+02
1448	3.73689e+02	1.44800e+03	1.79003e+00	3.72667e+02
1449	3.74029e+02	1.44900e+03	1.77348e+00	3.73000e+02
1450	3.74345e+02	1.45000e+03	1.75689e+00	3.73333e+02
1451	3.74666e+02	1.45100e+03	1.74024e+00	3.73667e+02
1452	3.74971e+02	1.45200e+03	1.72336e+00	3.74000e+02
1453	3.75276e+02	1.45300e+03	1.70653e+00	3.74333e+02
1454	3.75623e+02	1.45400e+03	1.68967e+00	3.74667e+02
1455	3.75931e+02	1.45500e+03	1.67279e+00	3.75000e+02
1456	3.76238e+02	1.45600e+03	1.65576e+00	3.75333e+02
1457	3.76561e+02	1.45700e+03	1.63878e+00	3.75667e+02
1458	3.76872e+02	1.45800e+03	1.62178e+00	3.76000e+02
1459	3.77173e+02	1.45900e+03	1.60476e+00	3.76333e+02
1460	3.77480e+02	1.46000e+03	1.58763e+00	3.76667e+02
1461	3.77800e+02	1.46100e+03	1.57047e+00	3.77000e+02
1462	3.78125e+02	1.46200e+03	1.55326e+00	3.77333e+02
1463	3.78446e+02	1.46300e+03	1.53600e+00	3.77667e+02
1464	3.78773e+02	1.46400e+03	1.51850e+00	3.78000e+02
1465	3.79108e+02	1.46500e+03	1.50102e+00	3.78333e+02
1466	3.79425e+02	1.46600e+03	1.48347e+00	3.78667e+02
1467	3.79762e+02	1.46700e+03	1.46586e+00	3.79000e+02
1468	3.80091e+02	1.46800e+03	1.44794e+00	3.79333e+02
1469	3.80420e+02	1.46900e+03	1.43006e+00	3.79667e+02
1470	3.80744e+02	1.47000e+03	1.41213e+00	3.80000e+02
1471	3.81071e+02	1.47100e+03	1.39416e+00	3.80333e+02
1472	3.81398e+02	1.47200e+03	1.37595e+00	3.80667e+02
1473	3.81717e+02	1.47300e+03	1.35784e+00	3.81000e+02
1474	3.82038e+02	1.47400e+03	1.33975e+00	3.81333e+02
1475	3.82376e+02	1.47500e+03	1.32166e+00	3.81667e+02
1476	3.82700e+02	1.47600e+03	1.30355e+00	3.82000e+02
1477	3.83012e+02	1.47700e+03	1.28545e+00	3.82333e+02
1478	3.83343e+02	1.47800e+03	1.26736e+00	3.82667e+02
1479	3.83674e+02	1.47900e+03	1.24927e+00	3.83000e+02
1480	3.83988e+02	1.48000e+03	1.23120e+00	3.83333e+02
1481	3.84316e+02	1.48100e+03	1.21310e+00	3.83667e+02
1482	3.84645e+02	1.48200e+03	1.19497e+00	3.84000e+02
1483	3.84984e+02	1.48300e+03	1.17681e+00	3.84333e+02
1484	3.85329e+02	1.48400e+03	1.15855e+00	3.84667e+02
1485	3.85678e+02	1.48500e+03	1.14024e+00	3.85000e+02
1486	3.86014e+02	1.48600e+03	1.12186e+00	3.85333e+02
1487	3.86350e+02	1.48700e+03	1.10343e+00	3.85667e+02
1488	3.86693e+02	1.48800e+03	1.08479e+00	3.86000e+02
1489	3.87003e+02	1.48900e+03	1.06623e+00	3.86333e+02
1490	3.87320e+02	1.49000e+03	1.04770e+00	3.86667e+02
1491	3.87655e+02	1.49100e+03	1.02919e+00	3.87000e+02
1492	3.87978e+02	1.49200e+03	1.01072e+00	3.87333e+02
1493	3.88316e+02	1.49300e+03	9.92371e-01	3.87667e+02
1494	3.88634e+02	1.49400e+03	9.74122e-01	3.88000e+02
1495	3.88977e+02	1.49500e+03	9.55937e-01	3.88333e+02
1496	3.89318e+02	1.49600e+03	9.38102e-01	3.88667e+02
1497	3.89660e+02	1.49700e+03	9.20203e-01	3.89000e+02
1498	3.89998e+02	1.49800e+03	9.02347e-01	3.89333e+02
1499	3.90325e+02	1.49900e+03	8.84532e-01	3.89667e+02
1500	3.90656e+02	1.50000e+03	8.66941e-01	3.90000e+02
1501	3.91001e+02	1.50100e+03	8.49256e-01	3.90333e+02
1502	3.91343e+02	1.50200e+03	8.31569e-01	3.90667e+02
1503	3.91664e+02	1.50300e+03	8.13896e-01	3.91000e+02
1504	3.92020e+02	1.50400e+03	7.96284e-01	3.91333e+02
1505	3.92336e+02	1.50500e+03	7.78689e-01	3.91667e+02
1506	3.92659e+02	1.50600e+03	7.61154e-01	3.92000e+02
1507	3.92980e+02	1.50700e+03	7.43666e-01	3.92333e+02
1508	3.93294e+02	1.50800e+03	7.26394e-01	3.92667e+02
1509	3.93632e+02	1.50900e+03	7.09174e-01	3.93000e+02
1510	3.93975e+02	1.51000e+03	6.92070e-01	3.93333e+02
1511	3.94312e+02	1.51100e+03	6.75055e-01	3.93667e+02
1512	3.94647e+02	1.51200e+03	6.58491e-01	3.94000e+02
1513	3.95001e+02	1.51300e+03	6.41885e-01	3.94333e+02
1514	3.95340e+02	1.51400e+03	6.25403e-01	3.94667e+02
1515	3.95675e+02	1.51500e+03	6.09034e-01	3.95000e+02
1516	3.96014e+02	1.51600e+03	5.93220e-01	3.95333e+02
1517	3.96358e+02	1.51700e+03	5.77379e-01	3.95667e+02
1518	3.96691e+02	1.51800e+03	5.61698e-01	3.96000e+02
1519	3.97027e+02	1.51900e+03	5.46157e-01	3.96333e+02
1520	3.97379e+02	1.52000e+03	5.31320e-01	3.96667e+02
1521	3.97736e+02	1.52100e+03	5.16408e-01	3.97000e+02
1522	3.98084e+02	1.52200e+03	5.01662e-01	3.97333e+02
1523	3.98431e+02	1.52300e+03	4.87070e-01	3.97667e+02
1524	3.98763e+02	1.52400e+03	4.73273e-01	3.98000e+02
1525	3.99097e+02	1.52500e+03	4.59394e-01	3.98333e+02
1526	3.99439e+02	1.52600e+03	4.45704e-01	3.98667e+02
1527	3.99793e+02	1.52700e+03	4.32183e-01	3.99000e+02
1528	4.00152e+02	1.52800e+03	4.19526e-01	3.99333e+02
1529	4.00491e+02	1.52900e+03	4.06755e-01	3.99667e+02
1530	4.00837e+02	1.53000e+03	3.94164e-01	4.00000e+02
1531	4.01178e+02	1.53100e+03	3.81741e-01	4.00333e+02
1532	4.01519e+02	1.53200e+03	3.70189e-01	4.00667e+02
1533	4.01857e+02	1.53300e+03	3.58518e-01	4.01000e+02
1534	4.02205e+02	1.53400e+03	3.47028e-01	4.01333e+02
1535	4.02559e+02	1.53500e+03	3.35708e-01	4.01667e+02
1536	4.02897e+02	1.53600e+03	3.25249e-01	4.02000e+02
1537	4.03244e+02	1.53700e+03	3.14676e-01	4.02333e+02
1538	4.03592e+02	1.53800e+03	3.04280e-01	4.02667e+02
1539	4.03960e+02	1.53900e+03	2.94047e-01	4.03000e+02
1540	4.04322e+02	1.54000e+03	2.84664e-01	4.03333e+02
1541	4.04671e+02	1.54100e+03	2.75159e-01	4.03667e+02
1542	4.05004e+02	1.54200e+03	2.65823e-01	4.04000e+02
1543	4.05354e+02	1.54300e+03	2.56645e-01	4.04333e+02
1544	4.05703e+02	1.54400e+03	2.48278e-01	4.04667e+02
1545	4.06046e+02	1.54500e+03	2.39791e-01	4.05000e+02
1546	4.06398e+02	1.54600e+03	2.31458e-01	4.05333e+02
1547	4.06740e+02	1.54700e+03	2.23271e-01	4.05667e+02
1548	4.07089e+02	1.54800e+03	2.15837e-01	4.06000e+02
1549	4.07451e+02	1.54900e+03	2.08280e-01	4.06333e+02
1550	4.07780e+02	1.55000e+03	2.00863e-01	4.06667e+02
1551	4.08130e+02	1.55100e+03	1.93581e-01	4.07000e+02
1552	4.08488e+02	1.55200e+03	1.86985e-01	4.07333e+02
1553	4.08833e+02	1.55300e+03	1.80289e-01	4.07667e+02
1554	4.09191e+02	1.55400e+03	1.73725e-01	4.08000e+02
1555	4.09532e+02	1.55500e+03	1.67284e-01	4.08333e+02
1556	4.09862e+02	1.55600e+03	1.61484e-01	4.08667e+02
1557	4.10191e+02	1.55700e+03	1.55581e-01	4.09000e+02
1558	4.10522e+02	1.55800e+03	1.49799e-01	4.09333e+02
1559	4.10846e+02	1.55900e+03	1.44130e-01	4.09667e+02
1560	4.11191e+02	1.56000e+03	1.39048e-01	4.10000e+02
1561	4.11520e+02	1.56100e+03	1.33881e-01	4.10333e+02
1562	4.11841e+02	1.56200e+03	1.28828e-01	4.10667e+02
1563	4.12151e+02	1.56300e+03	1.23882e-01	4.11000e+02
1564	4.12495e+02	1.56400e+03	1.19488e-01	4.11333e+02
1565	4.12837e+02	1.56500e+03	1.15004e-01	4.11667e+02
1566	4.13166e+02	1.56600e+03	1.10621e-01	4.12000e+02
1567	4.13487e+02	1.56700e+03	1.06335e-01	4.12333e+02
1568	4.13813e+02	1.56800e+03	1.02547e-01	4.12667e+02
1569	4.14159e+02	1.56900e+03	9.86856e-02	4.13000e+02
1570	4.14484e+02	1.57000e+03	9.49198e-02	4.13333e+02
1571	4.14802e+02	1.57100e+03	9.12436e-02	4.13667e+02
1572	4.15142e+02	1.57200e+03	8.80214e-02	4.14000e+02
1573	4.15455e+02	1.57300e+03	8.47213e-02	4.14333e+02
1574	4.15796e+02	1.57400e+03	8.15006e-02	4.14667e+02
1575	4.16124e+02	1.57500e+03	7.83570e-02	4.15000e+02
1576	4.16444e+02	1.57600e+03	7.56099e-02	4.15333e+02
1577	4.16775e+02	1.57700e+03	7.27979e-02	4.15667e+02
1578	4.17111e+02	1.57800e+03	7.00577e-02	4.16000e+02
1579	4.17442e+02	1.57900e+03	6.73853e-02	4.16333e+02
1580	4.17780e+02	1.58000e+03	6.50615e-02	4.16667e+02
1581	4.18112e+02	1.58100e+03	6.26770e-02	4.17000e+02
1582	4.18455e+02	1.58200e+03	6.03502e-02	4.17333e+02
1583	4.18784e+02	1.58300e+03	5.80799e-02	4.17667e+02
1584	4.19102e+02	1.58400e+03	5.61033e-02	4.18000e+02
1585	4.19424e+02	1.58500e+03	5.40713e-02	4.18333e+02
1586	4.19759e+02	1.58600e+03	5.20868e-02	4.18667e+02
1587	4.20074e+02	1.58700e+03	5.01497e-02	4.19000e+02
1588	4.20419e+02	1.58800e+03	4.84531e-02	4.19333e+02
1589	4.20739e+02	1.58900e+03	4.67170e-02	4.19667e+02
1590	4.21101e+02	1.59000e+03	4.50236e-02	4.20000e+02
1591	4.21427e+02	1.59100e+03	4.33714e-02	4.20333e+02
1592	4.21768e+02	1.59200e+03	4.19280e-02	4.20667e+02
1593	4.22107e+02	1.59300e+03	4.04491e-02	4.21000e+02
1594	4.22454e+02	1.59400e+03	3.90076e-02	4.21333e+02
1595	4.22797e+02	1.59500e+03	3.76016e-02	4.21667e+02
1596	4.23144e+02	1.59600e+03	3.63787e-02	4.22000e+02
1597	4.23487e+02	1.59700e+03	3.51265e-02	4.22333e+02
1598	4.23824e+02	1.59800e+03	3.39070e-02	4.22667e+02
1599	4.24154e+02	1.59900e+03	3.27184e-02	4.23000e+02
1600	4.24496e+02	1.60000e+03	3.16892e-02	4.23333e+02
1601	4.24835e+02	1.60100e+03	3.06296e-02	4.23667e+02
1602	4.25180e+02	1.60200e+03	2.95956e-02	4.24000e+02
1603	4.25507e+02	1.60300e+03	2.85865e-02	4.24333e+02
1604	4.25854e+02	1.60400e+03	2.77059e-02	4.24667e+02
1605	4.26183e+02	1.60500e+03	2.68018e-02	4.25000e+02
1606	4.26523e+02	1.60600e+03	2.59177e-02	4.25333e+02
1607	4.26863e+02	1.60700e+03	2.50526e-02	4.25667e+02
1608	4.27203e+02	1.60800e+03	2.42873e-02	4.26000e+02
1609	4.27556e+02	1.60900e+03	2.35002e-02	4.26333e+02
1610	4.27927e+02	1.61000e+03	2.27278e-02	4.26667e+02
1611	4.28278e+02	1.61100e+03	2.19711e-02	4.27000e+02
1612	4.28621e+02	1.61200e+03	2.12921e-02	4.27333e+02
1613	4.28984e+02	1.61300e+03	2.06037e-02	4.27667e+02
1614	4.29320e+02	1.61400e+03	1.99335e-02	4.28000e+02
1615	4.29654e+02	1.61500e+03	1.92796e-02	4.28333e+02
1616	4.30008e+02	1.61600e+03	1.87065e-02	4.28667e+02
1617	4.30405e+02	1.61700e+03	1.81215e-02	4.29000e+02
1618	4.30805e+02	1.61800e+03	1.75513e-02	4.29333e+02
1619	4.31130e+02	1.61900e+03	1.69950e-02	4.29667e+02
1620	4.31426e+02	1.62000e+03	1.65141e-02	4.30000e+02
1621	4.31748e+02	1.62100e+03	1.60200e-02	4.30333e+02
1622	4.32077e+02	1.62200e+03	1.55389e-02	4.30667e+02
1623	4.32403e+02	1.62300e+03	1.50704e-02	4.31000e+02
1624	4.32726e+02	1.62400e+03	1.46608e-02	4.31333e+02
1625	4.33048e+02	1.62500e+03	1.42361e-02	4.31667e+02
1626	4.33366e+02	1.62600e+03	1.38167e-02	4.32000e+02
1627	4.33697e+02	1.62700e+03	1.34044e-02	4.32333e+02
1628	4.34031e+02	1.62800e+03	1.30354e-02	4.32667e+02
1629	4.34370e+02	1.62900e+03	1.26604e-02	4.33000e+02
1630	4.34706e+02	1.63000e+03	1.22935e-02	4.33333e+02
1631	4.35051e+02	1.63100e+03	1.19341e-02	4.33667e+02
1632	4.35391e+02	1.63200e+03	1.16102e-02	4.34000e+02
1633	4.35714e+02	1.63300e+03	1.12771e-02	4.34333e+02
1634	4.36050e+02	1.63400e+03	1.09479e-02	4.34667e+02
1635	4.36403e+02	1.63500e+03	1.06241e-02	4.35000e+02
1636	4.36756e+02	1.63600e+03	1.03295e-02	4.35333e+02
1637	4.37082e+02	1.63700e+03	1.00335e-02	4.35667e+02
1638	4.37397e+02	1.63800e+03	9.74567e-03	4.36000e+02
1639	4.37727e+02	1.63900e+03	9.46451e-03	4.36333e+02
1640	4.38070e+02	1.64000e+03	9.21452e-03	4.36667e+02
1641	4.38403e+02	1.64100e+03	8.95778e-03	4.37000e+02
1642	4.38736e+02	1.64200e+03	8.70448e-03	4.37333e+02
1643	4.39087e+02	1.64300e+03	8.45503e-03	4.37667e+02
1644	4.39405e+02	1.64400e+03	8.23100e-03	4.38000e+02
1645	4.39722e+02	1.64500e+03	8.00239e-03	4.38333e+02
1646	4.40073e+02	1.64600e+03	7.77748e-03	4.38667e+02
1647	4.40394e+02	1.64700e+03	7.55599e-03	4.39000e+02
1648	4.40731e+02	1.64800e+03	7.35177e-03	4.39333e+02
1649	4.41082e+02	1.64900e+03	7.14319e-03	4.39667e+02
1650	4.41441e+02	1.65000e+03	6.93648e-03	4.40000e+02
1651	4.41784e+02	1.65100e+03	6.73207e-03	4.40333e+02
1652	4.42124e+02	1.65200e+03	6.54664e-03	4.40667e+02
1653	4.42473e+02	1.65300e+03	6.36514e-03	4.41000e+02
1654	4.42817e+02	1.65400e+03	6.18930e-03	4.41333e+02
1655	4.43167e+02	1.65500e+03	6.01735e-03	4.41667e+02
1656	4.43497e+02	1.65600e+03	5.87359e-03	4.42000e+02
1657	4.43817e+02	1.65700e+03	5.72067e-03	4.42333e+02
1658	4.44132e+02	1.65800e+03	5.56660e-03	4.42667e+02
1659	4.44446e+02	1.65900e+03	5.41329e-03	4.43000e+02
1660	4.44780e+02	1.66000e+03	5.27224e-03	4.43333e+02
1661	4.45133e+02	1.66100e+03	5.12923e-03	4.43667e+02
1662	4.45486e+02	1.66200e+03	4.98944e-03	4.44000e+02
1663	4.45832e+02	1.66300e+03	4.85255e-03	4.44333e+02
1664	4.46206e+02	1.66400e+03	4.72482e-03	4.44667e+02
1665	4.46558e+02	1.66500e+03	4.59797e-03	4.45000e+02
1666	4.46930e+02	1.66600e+03	4.47454e-03	4.45333e+02
1667	4.47288e+02	1.66700e+03	4.35466e-03	4.45667e+02
1668	4.47681e+02	1.66800e+03	4.25408e-03	4.46000e+02
1669	4.47953e+02	1.66900e+03	4.15069e-03	4.46333e+02
1670	4.48261e+02	1.67000e+03	4.05185e-03	4.46667e+02
1671	4.48578e+02	1.67100e+03	3.95735e-03	4.47000e+02
1672	4.48896e+02	1.67200e+03	3.88291e-03	4.47333e+02
1673	4.49227e+02	1.67300e+03	3.80645e-03	4.47667e+02
1674	4.49554e+02	1.67400e+03	3.73438e-03	4.48000e+02
1675	4.49857e+02	1.67500e+03	3.66609e-03	4.48333e+02
1676	4.50166e+02	1.67600e+03	3.61924e-03	4.48667e+02
1677	4.50475e+02	1.67700e+03	3.56784e-03	4.49000e+02
1678	4.50793e+02	1.67800e+03	3.51804e-03	4.49333e+02
1679	4.51119e+02	1.67900e+03	3.47086e-03	4.49667e+02
1680	4.51426e+02	1.68000e+03	3.43893e-03	4.50000e+02
1681	4.51732e+02	1.68100e+03	3.40064e-03	4.50333e+02
1682	4.52039e+02	1.68200e+03	3.36188e-03	4.50667e+02
1683	4.52366e+02	1.68300e+03	3.32427e-03	4.51000e+02
1684	4.52694e+02	1.68400e+03	3.28916e-03	4.51333e+02
1685	4.53013e+02	1.68500e+03	3.25103e-03	4.51667e+02
1686	4.53340e+02	1.68600e+03	3.21328e-03	4.52000e+02
1687	4.53670e+02	1.68700e+03	3.17730e-03	4.52333e+02
1688	4.53982e+02	1.68800e+03	3.14679e-03	4.52667e+02
1689	4.54293e+02	1.68900e+03	3.12013e-03	4.53000e+02
1690	4.54612e+02	1.69000e+03	3.09733e-03	4.53333e+02
1691	4.54910e+02	1.69100e+03	3.07749e-03	4.53667e+02
1692	4.55210e+02	1.69200e+03	3.07613e-03	4.54000e+02
1693	4.55521e+02	1.69300e+03	3.07135e-03	4.54333e+02
1694	4.55835e+02	1.69400e+03	3.06936e-03	4.54667e+02
1695	4.56159e+02	1.69500e+03	3.07027e-03	4.55000e+02
1696	4.56503e+02	1.69600e+03	3.08306e-03	4.55333e+02
1697	4.56834e+02	1.69700e+03	3.08929e-03	4.55667e+02
1698	4.57155e+02	1.69800e+03	3.09327e-03	4.56000e+02
1699	4.57492e+02	1.69900e+03	3.09656e-03	4.56333e+02
1700	4.57826e+02	1.70000e+03	3.09685e-03	4.56667e+02
1701	4.58152e+02	1.70100e+03	3.09443e-03	4.57000e+02
1702	4.58511e+02	1.70200e+03	3.08985e-03	4.57333e+02
1703	4.58852e+02	1.70300e+03	3.08390e-03	4.57667e+02
1704	4.59175e+02	1.70400e+03	3.07000e-03	4.58000e+02
1705	4.59492e+02	1.70500e+03	3.06103e-03	4.58333e+02
1706	4.59816e+02	1.70600e+03	3.05338e-03	4.58667e+02
1707	4.60139e+02	1.70700e+03	3.04597e-03	4.59000e+02
1708	4.60463e+02	1.70800e+03	3.03815e-03	4.59333e+02
1709	4.60791e+02	1.70900e+03	3.02841e-03	4.59667e+02
1710	4.61106e+02	1.71000e+03	3.01551e-03	4.60000e+02
1711	4.61424e+02	1.71100e+03	2.99927e-03	4.60333e+02
1712	4.61738e+02	1.71200e+03	2.97352e-03	4.60667e+02
1713	4.62048e+02	1.71300e+03	2.94931e-03	4.61000e+02
1714	4.62363e+02	1.71400e+03	2.92559e-03	4.61333e+02
1715	4.62679e+02	1.71500e+03	2.90198e-03	4.61667e+02
1716	4.63001e+02	1.71600e+03	2.87152e-03	4.62000e+02
1717	4.63327e+02	1.71700e+03	2.84717e-03	4.62333e+02
1718	4.63657e+02	1.71800e+03	2.82565e-03	4.62667e+02
1719	4.63977e+02	1.71900e+03	2.80554e-03	4.63000e+02
1720	4.64303e+02	1.72000e+03	2.79325e-03	4.63333e+02
1721	4.64630e+02	1.72100e+03	2.77844e-03	4.63667e+02
1722	4.64955e+02	1.72200e+03	2.76444e-03	4.64000e+02
1723	4.65295e+02	1.72300e+03	2.75155e-03	4.64333e+02
1724	4.65632e+02	1.72400e+03	2.74468e-03	4.64667e+02
1725	4.65998e+02	1.72500e+03	2.73830e-03	4.65000e+02
1726	4.66368e+02	1.72600e+03	2.73295e-03	4.65333e+02
1727	4.66747e+02	1.72700e+03	2.72788e-03	4.65667e+02
1728	4.67088e+02	1.72800e+03	2.72600e-03	4.66000e+02
1729	4.67449e+02	1.72900e+03	2.71917e-03	4.66333e+02
1730	4.67792e+02	1.73000e+03	2.70833e-03	4.66667e+02
1731	4.68129e+02	1.73100e+03	2.69442e-03	4.67000e+02
1732	4.68465e+02	1.73200e+03	2.66941e-03	4.67333e+02
1733	4.68803e+02	1.73300e+03	2.64876e-03	4.67667e+02
1734	4.69146e+02	1.73400e+03	2.63100e-03	4.68000e+02
1735	4.69498e+02	1.73500e+03	2.61446e-03	4.68333e+02
1736	4.69859e+02	1.73600e+03	2.59696e-03	4.68667e+02
1737	4.70208e+02	1.73700e+03	2.58475e-03	4.69000e+02
1738	4.70564e+02	1.73800e+03	2.57503e-03	4.69333e+02
1739	4.70901e+02	1.73900e+03	2.56653e-03	4.69667e+02
1740	4.71211e+02	1.74000e+03	2.56845e-03	4.70000e+02
1741	4.71534e+02	1.74100e+03	2.56477e-03	4.70333e+02
1742	4.71857e+02	1.74200e+03	2.56110e-03	4.70667e+02
1743	4.72225e+02	1.74300e+03	2.55815e-03	4.71000e+02
1744	4.72613e+02	1.74400e+03	2.55523e-03	4.71333e+02
1745	4.72893e+02	1.74500e+03	2.55281e-03	4.71667e+02
1746	4.73174e+02	1.74600e+03	2.55009e-03	4.72000e+02
1747	4.73458e+02	1.74700e+03	2.54702e-03	4.72333e+02
1748	4.73755e+02	1.74800e+03	2.54172e-03	4.72667e+02
1749	4.74056e+02	1.74900e+03	2.53423e-03	4.73000e+02
1750	4.74353e+02	1.75000e+03	2.52528e-03	4.73333e+02
1751	4.74673e+02	1.75100e+03	2.51548e-03	4.73667e+02
1752	4.74992e+02	1.75200e+03	2.49887e-03	4.74000e+02
1753	4.75311e+02	1.75300e+03	2.48584e-03	4.74333e+02
1754	4.75636e+02	1.75400e+03	2.47436e-03	4.74667e+02
1755	4.75949e+02	1.75500e+03	2.46350e-03	4.75000e+02
1756	4.76267e+02	1.75600e+03	2.45397e-03	4.75333e+02
1757	4.76588e+02	1.75700e+03	2.44393e-03	4.75667e+02
1758	4.76914e+02	1.75800e+03	2.43293e-03	4.76000e+02
1759	4.77241e+02	1.75900e+03	2.42117e-03	4.76333e+02
1760	4.77554e+02	1.76000e+03	2.40599e-03	4.76667e+02
1761	4.77872e+02	1.76100e+03	2.38686e-03	4.77000e+02
1762	4.78187e+02	1.76200e+03	2.36467e-03	4.77333e+02
1763	4.78527e+02	1.76300e+03	2.34163e-03	4.77667e+02
1764	4.78880e+02	1.76400e+03	2.31269e-03	4.78000e+02
1765	4.79206e+02	1.76500e+03	2.28963e-03	4.78333e+02
1766	4.79526e+02	1.76600e+03	2.26904e-03	4.78667e+02
1767	4.79831e+02	1.76700e+03	2.24986e-03	4.79000e+02
1768	4.80166e+02	1.76800e+03	2.23895e-03	4.79333e+02
1769	4.80492e+02	1.76900e+03	2.22661e-03	4.79667e+02
1770	4.80824e+02	1.77000e+03	2.21647e-03	4.80000e+02
1771	4.81154e+02	1.77100e+03	2.20862e-03	4.80333e+02
1772	4.81480e+02	1.77200e+03	2.21182e-03	4.80667e+02
1773	4.81813e+02	1.77300e+03	2.21384e-03	4.81000e+02
1774	4.82142e+02	1.77400e+03	2.21619e-03	4.81333e+02
1775	4.82478e+02	1.77500e+03	2.21907e-03	4.81667e+02
1776	4.82803e+02	1.77600e+03	2.22973e-03	4.82000e+02
1777	4.83121e+02	1.77700e+03	2.23449e-03	4.82333e+02
1778	4.83455e+02	1.77800e+03	2.23716e-03	4.82667e+02
1779	4.83795e+02	1.77900e+03	2.23943e-03	4.83000e+02
1780	4.84162e+02	1.78000e+03	2.23778e-03	4.83333e+02
1781	4.84574e+02	1.78100e+03	2.23784e-03	4.83667e+02
1782	4.84936e+02	1.78200e+03	2.23772e-03	4.84000e+02
1783	4.85249e+02	1.78300e+03	2.23711e-03	4.84333e+02
1784	4.85563e+02	1.78400e+03	2.23377e-03	4.84667e+02
1785	4.85892e+02	1.78500e+03	2.22881e-03	4.85000e+02
1786	4.86239e+02	1.78600e+03	2.22208e-03	4.85333e+02
1787	4.86581e+02	1.78700e+03	2.21449e-03	4.85667e+02
1788	4.86907e+02	1.78800e+03	2.20153e-03	4.86000e+02
1789	4.87235e+02	1.78900e+03	2.18910e-03	4.86333e+02
1790	4.87557e+02	1.79000e+03	2.17312e-03	4.86667e+02
1791	4.87868e+02	1.79100e+03	2.15424e-03	4.87000e+02
1792	4.88188e+02	1.79200e+03	2.13277e-03	4.87333e+02
1793	4.88497e+02	1.79300e+03	2.11626e-03	4.87667e+02
1794	4.88813e+02	1.79400e+03	2.10326e-03	4.88000e+02
1795	4.89136e+02	1.79500e+03	2.09231e-03	4.88333e+02
1796	4.89448e+02	1.79600e+03	2.08741e-03	4.88667e+02
1797	4.89764e+02	1.79700e+03	2.08186e-03	4.89000e+02
1798	4.90089e+02	1.79800e+03	2.07685e-03	4.89333e+02
1799	4.90420e+02	1.79900e+03	2.07287e-03	4.89667e+02
1800	4.90749e+02	1.80000e+03	2.07914e-03	4.90000e+02
1801	4.91079e+02	1.80100e+03	2.08296e-03	4.90333e+02
1802	4.91405e+02	1.80200e+03	2.08665e-03	4.90667e+02
1803	4.91741e+02	1.80300e+03	2.09024e-03	4.91000e+02
1804	4.92053e+02	1.80400e+03	2.09370e-03	4.91333e+02
1805	4.92384e+02	1.80500e+03	2.08967e-03	4.91667e+02
1806	4.92711e+02	1.80600e+03	2.08019e-03	4.92000e+02
1807	4.93041e+02	1.80700e+03	2.06866e-03	4.92333e+02
1808	4.93357e+02	1.80800e+03	2.04575e-03	4.92667e+02
1809	4.93680e+02	1.80900e+03	2.03080e-03	4.93000e+02
1810	4.94000e+02	1.81000e+03	2.01949e-03	4.93333e+02
1811	4.94321e+02	1.81100e+03	2.00948e-03	4.93667e+02
1812	4.94654e+02	1.81200e+03	2.00414e-03	4.94000e+02
1813	4.94985e+02	1.81300e+03	2.00010e-03	4.94333e+02
1814	4.95319e+02	1.81400e+03	1.99747e-03	4.94667e+02
1815	4.95647e+02	1.81500e+03	1.99569e-03	4.95000e+02
1816	4.95978e+02	1.81600e+03	2.00171e-03	4.95333e+02
1817	4.96299e+02	1.81700e+03	2.00159e-03	4.95667e+02
1818	4.96620e+02	1.81800e+03	1.99630e-03	4.96000e+02
1819	4.96949e+02	1.81900e+03	1.98763e-03	4.96333e+02
1820	4.97268e+02	1.82000e+03	1.96892e-03	4.96667e+02
1821	4.97588e+02	1.82100e+03	1.95090e-03	4.97000e+02
1822	4.97913e+02	1.82200e+03	1.93412e-03	4.97333e+02
1823	4.98229e+02	1.82300e+03	1.91868e-03	4.97667e+02
1824	4.98550e+02	1.82400e+03	1.89647e-03	4.98000e+02
1825	4.98869e+02	1.82500e+03	1.88075e-03	4.98333e+02
1826	4.99187e+02	1.82600e+03	1.86729e-03	4.98667e+02
1827	4.99508e+02	1.82700e+03	1.85467e-03	4.99000e+02
1828	4.99820e+02	1.82800e+03	1.84898e-03	4.99333e+02
1829	5.00151e+02	1.82900e+03	1.83757e-03	4.99667e+02
1830	5.00480e+02	1.83000e+03	1.82389e-03	5.00000e+02
1831	5.00815e+02	1.83100e+03	1.80953e-03	5.00333e+02
1832	5.01152e+02	1.83200e+03	1.79306e-03	5.00667e+02
1833	5.01478e+02	1.83300e+03	1.77923e-03	5.01000e+02
1834	5.01818e+02	1.83400e+03	1.76712e-03	5.01333e+02
1835	5.02162e+02	1.83500e+03	1.75634e-03	5.01667e+02
1836	5.02502e+02	1.83600e+03	1.75082e-03	5.02000e+02
1837	5.02833e+02	1.83700e+03	1.74396e-03	5.02333e+02
1838	5.03162e+02	1.83800e+03	1.73583e-03	5.02667e+02
1839	5.03499e+02	1.83900e+03	1.72731e-03	5.03000e+02
1840	5.03842e+02	1.84000e+03	1.71973e-03	5.03333e+02
1841	5.04166e+02	1.84100e+03	1.70906e-03	5.03667e+02
1842	5.04494e+02	1.84200e+03	1.69749e-03	5.04000e+02
1843	5.04821e+02	1.84300e+03	1.68550e-03	5.04333e+02
1844	5.05164e+02	1.84400e+03	1.66951e-03	5.04667e+02
1845	5.05478e+02	1.84500e+03	1.65766e-03	5.05000e+02
1846	5.05800e+02	1.84600e+03	1.64830e-03	5.05333e+02
1847	5.06128e+02	1.84700e+03	1.64052e-03	5.05667e+02
1848	5.06461e+02	1.84800e+03	1.63924e-03	5.06000e+02
1849	5.06797e+02	1.84900e+03	1.63730e-03	5.06333e+02
1850	5.07135e+02	1.85000e+03	1.63654e-03	5.06667e+02
1851	5.07487e+02	1.85100e+03	1.63694e-03	5.07000e+02
1852	5.07831e+02	1.85200e+03	1.64428e-03	5.07333e+02
1853	5.08141e+02	1.85300e+03	1.64940e-03	5.07667e+02
1854	5.08460e+02	1.85400e+03	1.65427e-03	5.08000e+02
1855	5.08761e+02	1.85500e+03	1.65942e-03	5.08333e+02
1856	5.09051e+02	1.85600e+03	1.66703e-03	5.08667e+02
1857	5.09357e+02	1.85700e+03	1.67230e-03	5.09000e+02
1858	5.09681e+02	1.85800e+03	1.67552e-03	5.09333e+02
1859	5.09989e+02	1.85900e+03	1.67726e-03	5.09667e+02
1860	5.10304e+02	1.86000e+03	1.67398e-03	5.10000e+02
1861	5.10618e+02	1.86100e+03	1.66845e-03	5.10333e+02
1862	5.10927e+02	1.86200e+03	1.65843e-03	5.10667e+02
1863	5.11252e+02	1.86300e+03	1.64516e-03	5.11000e+02
1864	5.11580e+02	1.86400e+03	1.61944e-03	5.11333e+02
1865	5.11886e+02	1.86500e+03	1.59747e-03	5.11667e+02
1866	5.12199e+02	1.86600e+03	1.57767e-03	5.12000e+02
1867	5.12517e+02	1.86700e+03	1.55989e-03	5.12333e+02
1868	5.12842e+02	1.86800e+03	1.54201e-03	5.12667e+02
1869	5.13142e+02	1.86900e+03	1.52961e-03	5.13000e+02
1870	5.13446e+02	1.87000e+03	1.52063e-03	5.13333e+02
1871	5.13749e+02	1.87100e+03	1.51375e-03	5.13667e+02
1872	5.14068e+02	1.87200e+03	1.52096e-03	5.14000e+02
1873	5.14388e+02	1.87300e+03	1.52184e-03	5.14333e+02
1874	5.14696e+02	1.87400e+03	1.52168e-03	5.14667e+02
1875	5.15013e+02	1.87500e+03	1.52179e-03	5.15000e+02
1876	5.15334e+02	1.87600e+03	1.52176e-03	5.15333e+02
1877	5.15647e+02	1.87700e+03	1.51790e-03	5.15667e+02
1878	5.15968e+02	1.87800e+03	1.51180e-03	5.16000e+02
1879	5.16276e+02	1.87900e+03	1.50515e-03	5.16333e+02
1880	5.16592e+02	1.88000e+03	1.49228e-03	5.16667e+02
1881	5.16910e+02	1.88100e+03	1.48172e-03	5.17000e+02
1882	5.17226e+02	1.88200e+03	1.47134e-03	5.17333e+02
1883	5.17531e+02	1.88300e+03	1.46082e-03	5.17667e+02
1884	5.17838e+02	1.88400e+03	1.45070e-03	5.18000e+02
1885	5.18146e+02	1.88500e+03	1.44211e-03	5.18333e+02
1886	5.18461e+02	1.88600e+03	1.43504e-03	5.18667e+02
1887	5.18768e+02	1.88700e+03	1.42918e-03	5.19000e+02
1888	5.19069e+02	1.88800e+03	1.42817e-03	5.19333e+02
1889	5.19375e+02	1.88900e+03	1.42663e-03	5.19667e+02
1890	5.19676e+02	1.89000e+03	1.42598e-03	5.20000e+02
1891	5.19993e+02	1.89100e+03	1.42604e-03	5.20333e+02
1892	5.20295e+02	1.89200e+03	1.43074e-03	5.20667e+02
1893	5.20606e+02	1.89300e+03	1.43340e-03	5.21000e+02
1894	5.20917e+02	1.89400e+03	1.43526e-03	5.21333e+02
1895	5.21231e+02	1.89500e+03	1.43654e-03	5.21667e+02
1896	5.21552e+02	1.89600e+03	1.43512e-03	5.22000e+02
1897	5.21858e+02	1.89700e+03	1.43202e-03	5.22333e+02
1898	5.22166e+02	1.89800e+03	1.42782e-03	5.22667e+02
1899	5.22487e+02	1.89900e+03	1.42314e-03	5.23000e+02
1900	5.22817e+02	1.90000e+03	1.41241e-03	5.23333e+02
1901	5.23137e+02	1.90100e+03	1.40352e-03	5.23667e+02
1902	5.23460e+02	1.90200e+03	1.39322e-03	5.24000e+02
1903	5.23769e+02	1.90300e+03	1.38139e-03	5.24333e+02
1904	5.24090e+02	1.90400e+03	1.36373e-03	5.24667e+02
1905	5.24403e+02	1.90500e+03	1.34642e-03	5.25000e+02
1906	5.24712e+02	1.90600e+03	1.33200e-03	5.25333e+02
1907	5.25029e+02	1.90700e+03	1.32012e-03	5.25667e+02
1908	5.25343e+02	1.90800e+03	1.30960e-03	5.26000e+02
1909	5.25655e+02	1.90900e+03	1.30460e-03	5.26333e+02
1910	5.25976e+02	1.91000e+03	1.30308e-03	5.26667e+02
1911	5.26284e+02	1.91100e+03	1.30376e-03	5.27000e+02
1912	5.26583e+02	1.91200e+03	1.31860e-03	5.27333e+02
1913	5.26905e+02	1.91300e+03	1.32623e-03	5.27667e+02
1914	5.27232e+02	1.91400e+03	1.33267e-03	5.28000e+02
1915	5.27543e+02	1.91500e+03	1.33894e-03	5.28333e+02
1916	5.27875e+02	1.91600e+03	1.34281e-03	5.28667e+02
1917	5.28198e+02	1.91700e+03	1.34491e-03	5.29000e+02
1918	5.28505e+02	1.91800e+03	1.34467e-03	5.29333e+02
1919	5.28812e+02	1.91900e+03	1.34270e-03	5.29667e+02
1920	5.29127e+02	1.92000e+03	1.33308e-03	5.30000e+02
1921	5.29453e+02	1.92100e+03	1.32508e-03	5.30333e+02
1922	5.29761e+02	1.92200e+03	1.31661e-03	5.30667e+02
1923	5.30076e+02	1.92300e+03	1.30745e-03	5.31000e+02
1924	5.30388e+02	1.92400e+03	1.29456e-03	5.31333e+02
1925	5.30719e+02	1.92500e+03	1.28620e-03	5.31667e+02
1926	5.31037e+02	1.92600e+03	1.28119e-03	5.32000e+02
1927	5.31360e+02	1.92700e+03	1.27807e-03	5.32333e+02
1928	5.31680e+02	1.92800e+03	1.28198e-03	5.32667e+02
1929	5.31999e+02	1.92900e+03	1.28627e-03	5.33000e+02
1930	5.32327e+02	1.93000e+03	1.29248e-03	5.33333e+02
1931	5.32649e+02	1.93100e+03	1.29958e-03	5.33667e+02
1932	5.32968e+02	1.93200e+03	1.31326e-03	5.34000e+02
1933	5.33297e+02	1.93300e+03	1.32353e-03	5.34333e+02
1934	5.33620e+02	1.93400e+03	1.33389e-03	5.34667e+02
1935	5.33940e+02	1.93500e+03	1.34477e-03	5.35000e+02
1936	5.34275e+02	1.93600e+03	1.35672e-03	5.35333e+02
1937	5.34592e+02	1.93700e+03	1.36884e-03	5.35667e+02
1938	5.34922e+02	1.93800e+03	1.37915e-03	5.36000e+02
1939	5.35246e+02	1.93900e+03	1.38726e-03	5.36333e+02
1940	5.35561e+02	1.94000e+03	1.38804e-03	5.36667e+02
1941	5.35892e+02	1.94100e+03	1.38344e-03	5.37000e+02
1942	5.36203e+02	1.94200e+03	1.37455e-03	5.37333e+02
1943	5.36540e+02	1.94300e+03	1.36401e-03	5.37667e+02
1944	5.36857e+02	1.94400e+03	1.33903e-03	5.38000e+02
1945	5.37187e+02	1.94500e+03	1.32206e-03	5.38333e+02
1946	5.37509e+02	1.94600e+03	1.30609e-03	5.38667e+02
1947	5.37831e+02	1.94700e+03	1.29019e-03	5.39000e+02
1948	5.38163e+02	1.94800e+03	1.27733e-03	5.39333e+02
1949	5.38491e+02	1.94900e+03	1.26376e-03	5.39667e+02
1950	5.38817e+02	1.95000e+03	1.25054e-03	5.40000e+02
1951	5.39143e+02	1.95100e+03	1.23738e-03	5.40333e+02
1952	5.39473e+02	1.95200e+03	1.22813e-03	5.40667e+02
1953	5.39804e+02	1.95300e+03	1.22132e-03	5.41000e+02
1954	5.40137e+02	1.95400e+03	1.21752e-03	5.41333e+02
1955	5.40451e+02	1.95500e+03	1.21567e-03	5.41667e+02
1956	5.40784e+02	1.95600e+03	1.22196e-03	5.42000e+02
1957	5.41116e+02	1.95700e+03	1.22446e-03	5.42333e+02
1958	5.41425e+02	1.95800e+03	1.22532e-03	5.42667e+02
1959	5.41759e+02	1.95900e+03	1.22434e-03	5.43000e+02
1960	5.42089e+02	1.96000e+03	1.22101e-03	5.43333e+02
1961	5.42409e+02	1.96100e+03	1.21916e-03	5.43667e+02
1962	5.42729e+02	1.96200e+03	1.21962e-03	5.44000e+02
1963	5.43053e+02	1.96300e+03	1.22112e-03	5.44333e+02
1964	5.43392e+02	1.96400e+03	1.22221e-03	5.44667e+02
1965	5.43719e+02	1.96500e+03	1.22806e-03	5.45000e+02
1966	5.44046e+02	1.96600e+03	1.23575e-03	5.45333e+02
1967	5.44373e+02	1.96700e+03	1.24363e-03	5.45667e+02
1968	5.44702e+02	1.96800e+03	1.25557e-03	5.46000e+02
1969	5.45026e+02	1.96900e+03	1.25931e-03	5.46333e+02
1970	5.45353e+02	1.97000e+03	1.25720e-03	5.46667e+02
1971	5.45683e+02	1.97100e+03	1.25132e-03	5.47000e+02
1972	5.46016e+02	1.97200e+03	1.23371e-03	5.47333e+02
1973	5.46355e+02	1.97300e+03	1.22245e-03	5.47667e+02
1974	5.46676e+02	1.97400e+03	1.21215e-03	5.48000e+02
1975	5.47006e+02	1.97500e+03	1.20210e-03	5.48333e+02
1976	5.47339e+02	1.97600e+03	1.19355e-03	5.48667e+02
1977	5.47671e+02	1.97700e+03	1.18808e-03	5.49000e+02
1978	5.47996e+02	1.97800e+03	1.18434e-03	5.49333e+02
1979	5.48322e+02	1.97900e+03	1.18152e-03	5.49667e+02
1980	5.48653e+02	1.98000e+03	1.18561e-03	5.50000e+02
1981	5.48979e+02	1.98100e+03	1.18512e-03	5.50333e+02
1982	5.49319e+02	1.98200e+03	1.18210e-03	5.50667e+02
1983	5.49643e+02	1.98300e+03	1.17724e-03	5.51000e+02
1984	5.49973e+02	1.98400e+03	1.16568e-03	5.51333e+02
1985	5.50304e+02	1.98500e+03	1.15308e-03	5.51667e+02
1986	5.50634e+02	1.98600e+03	1.13886e-03	5.52000e+02
1987	5.50971e+02	1.98700e+03	1.12419e-03	5.52333e+02
1988	5.51307e+02	1.98800e+03	1.10472e-03	5.52667e+02
1989	5.51642e+02	1.98900e+03	1.09123e-03	5.53000e+02
1990	5.51972e+02	1.99000e+03	1.07930e-03	5.53333e+02
1991	5.52305e+02	1.99100e+03	1.06786e-03	5.53667e+02
1992	5.52645e+02	1.99200e+03	1.06408e-03	5.54000e+02
1993	5.52967e+02	1.99300e+03	1.05755e-03	5.54333e+02
1994	5.53283e+02	1.99400e+03	1.05156e-03	5.54667e+02
1995	5.53618e+02	1.99500e+03	1.04665e-03	5.55000e+02
1996	5.53946e+02	1.99600e+03	1.04767e-03	5.55333e+02
1997	5.54269e+02	1.99700e+03	1.05020e-03	5.55667e+02
1998	5.54602e+02	1.99800e+03	1.05507e-03	5.56000e+02
1999	5.54931e+02	1.99900e+03	1.06147e-03	5.56333e+02
2000	5.55257e+02	2.00000e+03	1.07755e-03	5.56667e+02
2001	5.55591e+02	2.00100e+03	1.08903e-03	5.57000e+02
2002	5.55918e+02	2.00200e+03	1.09816e-03	5.57333e+02
2003	5.56254e+02	2.00300e+03	1.10525e-03	5.57667e+02
2004	5.56579e+02	2.00400e+03	1.10704e-03	5.58000e+02
2005	5.56916e+02	2.00500e+03	1.10615e-03	5.58333e+02
2006	5.57240e+02	2.00600e+03	1.10239e-03	5.58667e+02
2007	5.57568e+02	2.00700e+03	1.09670e-03	5.59000e+02
2008	5.57903e+02	2.00800e+03	1.08143e-03	5.59333e+02
2009	5.58227e+02	2.00900e+03	1.07440e-03	5.59667e+02
2010	5.58564e+02	2.01000e+03	1.06967e-03	5.60000e+02
2011	5.58883e+02	2.01100e+03	1.06568e-03	5.60333e+02
2012	5.59201e+02	2.01200e+03	1.06654e-03	5.60667e+02
2013	5.59530e+02	2.01300e+03	1.06548e-03	5.61000e+02
2014	5.59859e+02	2.01400e+03	1.06543e-03	5.61333e+02
2015	5.60188e+02	2.01500e+03	1.06675e-03	5.61667e+02
2016	5.60509e+02	2.01600e+03	1.07148e-03	5.62000e+02
2017	5.60845e+02	2.01700e+03	1.07559e-03	5.62333e+02
2018	5.61176e+02	2.01800e+03	1.07990e-03	5.62667e+02
2019	5.61492e+02	2.01900e+03	1.08449e-03	5.63000e+02
2020	5.61820e+02	2.02000e+03	1.09220e-03	5.63333e+02
2021	5.62148e+02	2.02100e+03	1.09770e-03	5.63667e+02
2022	5.62481e+02	2.02200e+03	1.10301e-03	5.64000e+02
2023	5.62814e+02	2.02300e+03	1.10885e-03	5.64333e+02
2024	5.63146e+02	2.02400e+03	1.11620e-03	5.64667e+02
2025	5.63477e+02	2.02500e+03	1.12512e-03	5.65000e+02
2026	5.63814e+02	2.02600e+03	1.13533e-03	5.65333e+02
2027	5.64131e+02	2.02700e+03	1.14617e-03	5.65667e+02
2028	5.64469e+02	2.02800e+03	1.15767e-03	5.66000e+02
2029	5.64798e+02	2.02900e+03	1.16264e-03	5.66333e+02
2030	5.65128e+02	2.03000e+03	1.16319e-03	5.66667e+02
2031	5.65450e+02	2.03100e+03	1.16206e-03	5.67000e+02
2032	5.65785e+02	2.03200e+03	1.15498e-03	5.67333e+02
2033	5.66108e+02	2.03300e+03	1.15389e-03	5.67667e+02
2034	5.66445e+02	2.03400e+03	1.15455e-03	5.68000e+02
2035	5.66768e+02	2.03500e+03	1.15571e-03	5.68333e+02
2036	5.67099e+02	2.03600e+03	1.15957e-03	5.68667e+02
2037	5.67426e+02	2.03700e+03	1.16188e-03	5.69000e+02
2038	5.67756e+02	2.03800e+03	1.16337e-03	5.69333e+02
2039	5.68088e+02	2.03900e+03	1.16403e-03	5.69667e+02
2040	5.68424e+02	2.04000e+03	1.16047e-03	5.70000e+02
2041	5.68745e+02	2.04100e+03	1.15506e-03	5.70333e+02
2042	5.69072e+02	2.04200e+03	1.14639e-03	5.70667e+02
2043	5.69402e+02	2.04300e+03	1.13503e-03	5.71000e+02
2044	5.69734e+02	2.04400e+03	1.11690e-03	5.71333e+02
2045	5.70051e+02	2.04500e+03	1.10275e-03	5.71667e+02
2046	5.70384e+02	2.04600e+03	1.08717e-03	5.72000e+02
2047	5.70723e+02	2.04700e+03	1.07026e-03	5.72333e+02
2048	5.71054e+02	2.04800e+03	1.05663e-03	5.72667e+02
2049	5.71383e+02	2.04900e+03	1.04597e-03	5.73000e+02
2050	5.71710e+02	2.05000e+03	1.03644e-03	5.73333e+02
2051	5.72042e+02	2.05100e+03	1.02712e-03	5.73667e+02
2052	5.72377e+02	2.05200e+03	1.02251e-03	5.74000e+02
2053	5.72700e+02	2.05300e+03	1.01240e-03	5.74333e+02
2054	5.73020e+02	2.05400e+03	9.99126e-04	5.74667e+02
2055	5.73370e+02	2.05500e+03	9.85210e-04	5.75000e+02
2056	5.73680e+02	2.05600e+03	9.68292e-04	5.75333e+02
2057	5.74016e+02	2.05700e+03	9.55768e-04	5.75667e+02
2058	5.74343e+02	2.05800e+03	9.46832e-04	5.76000e+02
2059	5.74673e+02	2.05900e+03	9.39873e-04	5.76333e+02
2060	5.74993e+02	2.06000e+03	9.38240e-04	5.76667e+02
2061	5.75320e+02	2.06100e+03	9.35282e-04	5.77000e+02
2062	5.75648e+02	2.06200e+03	9.32341e-04	5.77333e+02
2063	5.75981e+02	2.06300e+03	9.29296e-04	5.77667e+02
2064	5.76303e+02	2.06400e+03	9.33663e-04	5.78000e+02
2065	5.76632e+02	2.06500e+03	9.38140e-04	5.78333e+02
2066	5.76969e+02	2.06600e+03	9.44652e-04	5.78667e+02
2067	5.77290e+02	2.06700e+03	9.52774e-04	5.79000e+02
2068	5.77617e+02	2.06800e+03	9.64493e-04	5.79333e+02
2069	5.77948e+02	2.06900e+03	9.71933e-04	5.79667e+02
2070	5.78284e+02	2.07000e+03	9.75307e-04	5.80000e+02
2071	5.78610e+02	2.07100e+03	9.75741e-04	5.80333e+02
2072	5.78946e+02	2.07200e+03	9.69746e-04	5.80667e+02
2073	5.79279e+02	2.07300e+03	9.65770e-04	5.81000e+02
2074	5.79611e+02	2.07400e+03	9.62324e-04	5.81333e+02
2075	5.79934e+02	2.07500e+03	9.58315e-04	5.81667e+02
2076	5.80268e+02	2.07600e+03	9.47611e-04	5.82000e+02
2077	5.80603e+02	2.07700e+03	9.40459e-04	5.82333e+02
2078	5.80941e+02	2.07800e+03	9.33953e-04	5.82667e+02
2079	5.81274e+02	2.07900e+03	9.27636e-04	5.83000e+02
2080	5.81603e+02	2.08000e+03	9.22177e-04	5.83333e+02
2081	5.81923e+02	2.08100e+03	9.13338e-04	5.83667e+02
2082	5.82247e+02	2.08200e+03	9.01393e-04	5.84000e+02
2083	5.82590e+02	2.08300e+03	8.87912e-04	5.84333e+02
2084	5.82924e+02	2.08400e+03	8.70795e-04	5.84667e+02
2085	5.83256e+02	2.08500e+03	8.57971e-04	5.85000e+02
2086	5.83584e+02	2.08600e+03	8.48384e-04	5.85333e+02
2087	5.83905e+02	2.08700e+03	8.40443e-04	5.85667e+02
2088	5.84239e+02	2.08800e+03	8.38604e-04	5.86000e+02
2089	5.84560e+02	2.08900e+03	8.38000e-04	5.86333e+02
2090	5.84901e+02	2.09000e+03	8.38969e-04	5.86667e+02
2091	5.85215e+02	2.09100e+03	8.41120e-04	5.87000e+02
2092	5.85532e+02	2.09200e+03	8.54825e-04	5.87333e+02
2093	5.85858e+02	2.09300e+03	8.65863e-04	5.87667e+02
2094	5.86194e+02	2.09400e+03	8.79305e-04	5.88000e+02
2095	5.86520e+02	2.09500e+03	8.95163e-04	5.88333e+02
2096	5.86859e+02	2.09600e+03	9.18921e-04	5.88667e+02
2097	5.87182e+02	2.09700e+03	9.40929e-04	5.89000e+02
2098	5.87500e+02	2.09800e+03	9.60481e-04	5.89333e+02
2099	5.87841e+02	2.09900e+03	9.77154e-04	5.89667e+02
2100	5.88173e+02	2.10000e+03	9.85306e-04	5.90000e+02
2101	5.88507e+02	2.10100e+03	9.85425e-04	5.90333e+02
2102	5.88840e+02	2.10200e+03	9.80223e-04	5.90667e+02
2103	5.89174e+02	2.10300e+03	9.71963e-04	5.91000e+02
2104	5.89519e+02	2.10400e+03	9.38582e-04	5.91333e+02
2105	5.89849e+02	2.10500e+03	9.17093e-04	5.91667e+02
2106	5.90189e+02	2.10600e+03	8.97761e-04	5.92000e+02
2107	5.90528e+02	2.10700e+03	8.78277e-04	5.92333e+02
2108	5.90876e+02	2.10800e+03	8.56527e-04	5.92667e+02
2109	5.91223e+02	2.10900e+03	8.36080e-04	5.93000e+02
2110	5.91569e+02	2.11000e+03	8.17053e-04	5.93333e+02
2111	5.91910e+02	2.11100e+03	7.98606e-04	5.93667e+02
2112	5.92247e+02	2.11200e+03	7.86093e-04	5.94000e+02
2113	5.92575e+02	2.11300e+03	7.76745e-04	5.94333e+02
2114	5.92922e+02	2.11400e+03	7.70183e-04	5.94667e+02
2115	5.93246e+02	2.11500e+03	7.65575e-04	5.95000e+02
2116	5.93576e+02	2.11600e+03	7.74272e-04	5.95333e+02
2117	5.93907e+02	2.11700e+03	7.79951e-04	5.95667e+02
2118	5.94233e+02	2.11800e+03	7.86543e-04	5.96000e+02
2119	5.94549e+02	2.11900e+03	7.93455e-04	5.96333e+02
2120	5.94887e+02	2.12000e+03	8.06045e-04	5.96667e+02
2121	5.95224e+02	2.12100e+03	8.13054e-04	5.97000e+02
2122	5.95563e+02	2.12200e+03	8.15803e-04	5.97333e+02
2123	5.95914e+02	2.12300e+03	8.16348e-04	5.97667e+02
2124	5.96242e+02	2.12400e+03	8.10545e-04	5.98000e+02
2125	5.96578e+02	2.12500e+03	8.05815e-04	5.98333e+02
2126	5.96905e+02	2.12600e+03	8.01096e-04	5.98667e+02
2127	5.97245e+02	2.12700e+03	7.97461e-04	5.99000e+02
2128	5.97566e+02	2.12800e+03	7.94466e-04	5.99333e+02
2129	5.97896e+02	2.12900e+03	7.97682e-04	5.99667e+02
2130	5.98222e+02	2.13000e+03	8.05710e-04	6.00000e+02
2131	5.98534e+02	2.13100e+03	8.17138e-04	6.00333e+02
2132	5.98879e+02	2.13200e+03	8.43842e-04	6.00667e+02
2133	5.99194e+02	2.13300e+03	8.63394e-04	6.01000e+02
2134	5.99526e+02	2.13400e+03	8.79949e-04	6.01333e+02
2135	5.99872e+02	2.13500e+03	8.94588e-04	6.01667e+02
2136	6.00200e+02	2.13600e+03	9.06336e-04	6.02000e+02
2137	6.00535e+02	2.13700e+03	9.14055e-04	6.02333e+02
2138	6.00855e+02	2.13800e+03	9.19115e-04	6.02667e+02
2139	6.01183e+02	2.13900e+03	9.22526e-04	6.03000e+02
2140	6.01508e+02	2.14000e+03	9.08092e-04	6.03333e+02
2141	6.01847e+02	2.14100e+03	8.96064e-04	6.03667e+02
2142	6.02188e+02	2.14200e+03	8.81501e-04	6.04000e+02
2143	6.02523e+02	2.14300e+03	8.64767e-04	6.04333e+02
2144	6.02865e+02	2.14400e+03	8.39629e-04	6.04667e+02
2145	6.03195e+02	2.14500e+03	8.21178e-04	6.05000e+02
2146	6.03541e+02	2.14600e+03	8.06892e-04	6.05333e+02
2147	6.03884e+02	2.14700e+03	7.95589e-04	6.05667e+02
2148	6.04215e+02	2.14800e+03	7.91810e-04	6.06000e+02
2149	6.04553e+02	2.14900e+03	7.86111e-04	6.06333e+02
2150	6.04907e+02	2.15000e+03	7.78821e-04	6.06667e+02
2151	6.05250e+02	2.15100e+03	7.70104e-04	6.07000e+02
2152	6.05580e+02	2.15200e+03	7.62905e-04	6.07333e+02
2153	6.05929e+02	2.15300e+03	7.52534e-04	6.07667e+02
2154	6.06262e+02	2.15400e+03	7.43711e-04	6.08000e+02
2155	6.06605e+02	2.15500e+03	7.37377e-04	6.08333e+02
2156	6.06939e+02	2.15600e+03	7.34678e-04	6.08667e+02
2157	6.07257e+02	2.15700e+03	7.39264e-04	6.09000e+02
2158	6.07582e+02	2.15800e+03	7.47878e-04	6.09333e+02
2159	6.07926e+02	2.15900e+03	7.58278e-04	6.09667e+02
2160	6.08258e+02	2.16000e+03	7.82260e-04	6.10000e+02
2161	6.08584e+02	2.16100e+03	7.94384e-04	6.10333e+02
2162	6.08915e+02	2.16200e+03	8.05431e-04	6.10667e+02
2163	6.09235e+02	2.16300e+03	8.17755e-04	6.11000e+02
2164	6.09573e+02	2.16400e+03	8.23600e-04	6.11333e+02
2165	6.09910e+02	2.16500e+03	8.33479e-04	6.11667e+02
2166	6.10243e+02	2.16600e+03	8.42989e-04	6.12000e+02
2167	6.10586e+02	2.16700e+03	8.51268e-04	6.12333e+02
2168	6.10913e+02	2.16800e+03	8.55096e-04	6.12667e+02
2169	6.11240e+02	2.16900e+03	8.54136e-04	6.13000e+02
2170	6.11582e+02	2.17000e+03	8.50211e-04	6.13333e+02
2171	6.11913e+02	2.17100e+03	8.44150e-04	6.13667e+02
2172	6.12242e+02	2.17200e+03	8.25939e-04	6.14000e+02
2173	6.12579e+02	2.17300e+03	8.17172e-04	6.14333e+02
2174	6.12922e+02	2.17400e+03	8.12722e-04	6.14667e+02
2175	6.13256e+02	2.17500e+03	8.10269e-04	6.15000e+02
2176	6.13591e+02	2.17600e+03	8.12712e-04	6.15333e+02
2177	6.13928e+02	2.17700e+03	8.11627e-04	6.15667e+02
2178	6.14262e+02	2.17800e+03	8.09176e-04	6.16000e+02
2179	6.14598e+02	2.17900e+03	8.06286e-04	6.16333e+02
2180	6.14947e+02	2.18000e+03	8.06281e-04	6.16667e+02
2181	6.15275e+02	2.18100e+03	8.06663e-04	6.17000e+02
2182	6.15600e+02	2.18200e+03	8.07048e-04	6.17333e+02
2183	6.15922e+02	2.18300e+03	8.07482e-04	6.17667e+02
2184	6.16258e+02	2.18400e+03	8.08813e-04	6.18000e+02
2185	6.16583e+02	2.18500e+03	8.10071e-04	6.18333e+02
2186	6.16909e+02	2.18600e+03	8.10819e-04	6.18667e+02
2187	6.17233e+02	2.18700e+03	8.10205e-04	6.19000e+02
2188	6.17565e+02	2.18800e+03	8.03808e-04	6.19333e+02
2189	6.17881e+02	2.18900e+03	7.93993e-04	6.19667e+02
2190	6.18207e+02	2.19000e+03	7.81473e-04	6.20000e+02
2191	6.18535e+02	2.19100e+03	7.68353e-04	6.20333e+02
2192	6.18881e+02	2.19200e+03	7.48254e-04	6.20667e+02
2193	6.19201e+02	2.19300e+03	7.34383e-04	6.21000e+02
2194	6.19531e+02	2.19400e+03	7.24136e-04	6.21333e+02
2195	6.19865e+02	2.19500e+03	7.16334e-04	6.21667e+02
2196	6.20197e+02	2.19600e+03	7.22298e-04	6.22000e+02
2197	6.20513e+02	2.19700e+03	7.29668e-04	6.22333e+02
2198	6.20842e+02	2.19800e+03	7.40255e-04	6.22667e+02
2199	6.21174e+02	2.19900e+03	7.52963e-04	6.23000e+02
2200	6.21505e+02	2.20000e+03	7.78307e-04	6.23333e+02
2201	6.21840e+02	2.20100e+03	7.93030e-04	6.23667e+02
2202	6.22179e+02	2.20200e+03	8.01344e-04	6.24000e+02
2203	6.22510e+02	2.20300e+03	8.05975e-04	6.24333e+02
2204	6.22850e+02	2.20400e+03	7.99381e-04	6.24667e+02
2205	6.23181e+02	2.20500e+03	7.95304e-04	6.25000e+02
2206	6.23504e+02	2.20600e+03	7.92032e-04	6.25333e+02
2207	6.23838e+02	2.20700e+03	7.89487e-04	6.25667e+02
2208	6.24183e+02	2.20800e+03	7.81508e-04	6.26000e+02
2209	6.24518e+02	2.20900e+03	7.78139e-04	6.26333e+02
2210	6.24862e+02	2.21000e+03	7.74162e-04	6.26667e+02
2211	6.25182e+02	2.21100e+03	7.68462e-04	6.27000e+02
2212	6.25522e+02	2.21200e+03	7.64399e-04	6.27333e+02
2213	6.25847e+02	2.21300e+03	7.57436e-04	6.27667e+02
2214	6.26183e+02	2.21400e+03	7.50657e-04	6.28000e+02
2215	6.26526e+02	2.21500e+03	7.44824e-04	6.28333e+02
2216	6.26857e+02	2.21600e+03	7.35745e-04	6.28667e+02
2217	6.27192e+02	2.21700e+03	7.29121e-04	6.29000e+02
2218	6.27519e+02	2.21800e+03	7.21077e-04	6.29333e+02
2219	6.27860e+02	2.21900e+03	7.11855e-04	6.29667e+02
2220	6.28194e+02	2.22000e+03	7.08175e-04	6.30000e+02
2221	6.28522e+02	2.22100e+03	7.03607e-04	6.30333e+02
2222	6.28857e+02	2.22200e+03	7.01538e-04	6.30667e+02
2223	6.29195e+02	2.22300e+03	7.02682e-04	6.31000e+02
2224	6.29525e+02	2.22400e+03	7.12174e-04	6.31333e+02
2225	6.29855e+02	2.22500e+03	7.22511e-04	6.31667e+02
2226	6.30192e+02	2.22600e+03	7.33338e-04	6.32000e+02
2227	6.30534e+02	2.22700e+03	7.44125e-04	6.32333e+02
2228	6.30874e+02	2.22800e+03	7.57815e-04	6.32667e+02
2229	6.31203e+02	2.22900e+03	7.61768e-04	6.33000e+02
2230	6.31537e+02	2.23000e+03	7.62331e-04	6.33333e+02
2231	6.31875e+02	2.23100e+03	7.61395e-04	6.33667e+02
2232	6.32203e+02	2.23200e+03	7.41748e-04	6.34000e+02
2233	6.32528e+02	2.23300e+03	7.28438e-04	6.34333e+02
2234	6.32849e+02	2.23400e+03	7.14513e-04	6.34667e+02
2235	6.33181e+02	2.23500e+03	6.98945e-04	6.35000e+02
2236	6.33512e+02	2.23600e+03	6.82697e-04	6.35333e+02
2237	6.33851e+02	2.23700e+03	6.73582e-04	6.35667e+02
2238	6.34182e+02	2.23800e+03	6.69215e-04	6.36000e+02
2239	6.34511e+02	2.23900e+03	6.66518e-04	6.36333e+02
2240	6.34854e+02	2.24000e+03	6.71761e-04	6.36667e+02
2241	6.35185e+02	2.24100e+03	6.70405e-04	6.37000e+02
2242	6.35519e+02	2.24200e+03	6.65222e-04	6.37333e+02
2243	6.35849e+02	2.24300e+03	6.58309e-04	6.37667e+02
2244	6.36198e+02	2.24400e+03	6.46837e-04	6.38000e+02
2245	6.36545e+02	2.24500e+03	6.35376e-04	6.38333e+02
2246	6.36864e+02	2.24600e+03	6.24047e-04	6.38667e+02
2247	6.37217e+02	2.24700e+03	6.13213e-04	6.39000e+02
2248	6.37559e+02	2.24800e+03	5.99611e-04	6.39333e+02
2249	6.37900e+02	2.24900e+03	5.92058e-04	6.39667e+02
2250	6.38239e+02	2.25000e+03	5.88532e-04	6.40000e+02
2251	6.38597e+02	2.25100e+03	5.86894e-04	6.40333e+02
2252	6.38946e+02	2.25200e+03	5.93939e-04	6.40667e+02
2253	6.39297e+02	2.25300e+03	5.97158e-04	6.41000e+02
2254	6.39638e+02	2.25400e+03	5.99137e-04	6.41333e+02
2255	6.39962e+02	2.25500e+03	5.99397e-04	6.41667e+02
2256	6.40313e+02	2.25600e+03	5.96879e-04	6.42000e+02
2257	6.40642e+02	2.25700e+03	5.93219e-04	6.42333e+02
2258	6.40975e+02	2.25800e+03	5.88837e-04	6.42667e+02
2259	6.41323e+02	2.25900e+03	5.84259e-04	6.43000e+02
2260	6.41658e+02	2.26000e+03	5.78493e-04	6.43333e+02
2261	6.41988e+02	2.26100e+03	5.78634e-04	6.43667e+02
2262	6.42317e+02	2.26200e+03	5.79916e-04	6.44000e+02
2263	6.42651e+02	2.26300e+03	5.80736e-04	6.44333e+02
2264	6.43000e+02	2.26400e+03	5.85808e-04	6.44667e+02
2265	6.43327e+02	2.26500e+03	5.86053e-04	6.45000e+02
2266	6.43663e+02	2.26600e+03	5.85853e-04	6.45333e+02
2267	6.44002e+02	2.26700e+03	5.85703e-04	6.45667e+02
2268	6.44347e+02	2.26800e+03	5.81218e-04	6.46000e+02
2269	6.44668e+02	2.26900e+03	5.80091e-04	6.46333e+02
2270	6.45001e+02	2.27000e+03	5.78776e-04	6.46667e+02
2271	6.45339e+02	2.27100e+03	5.77317e-04	6.47000e+02
2272	6.45675e+02	2.27200e+03	5.78472e-04	6.47333e+02
2273	6.46014e+02	2.27300e+03	5.77383e-04	6.47667e+02
2274	6.46347e+02	2.27400e+03	5.75743e-04	6.48000e+02
2275	6.46682e+02	2.27500e+03	5.73783e-04	6.48333e+02
2276	6.47007e+02	2.27600e+03	5.72275e-04	6.48667e+02
2277	6.47344e+02	2.27700e+03	5.75234e-04	6.49000e+02
2278	6.47669e+02	2.27800e+03	5.81873e-04	6.49333e+02
2279	6.47991e+02	2.27900e+03	5.91109e-04	6.49667e+02
2280	6.48310e+02	2.28000e+03	6.12604e-04	6.50000e+02
2281	6.48653e+02	2.28100e+03	6.31330e-04	6.50333e+02
2282	6.48987e+02	2.28200e+03	6.48316e-04	6.50667e+02
2283	6.49317e+02	2.28300e+03	6.64172e-04	6.51000e+02
2284	6.49653e+02	2.28400e+03	6.79754e-04	6.51333e+02
2285	6.49995e+02	2.28500e+03	6.88340e-04	6.51667e+02
2286	6.50335e+02	2.28600e+03	6.93831e-04	6.52000e+02
2287	6.50685e+02	2.28700e+03	6.97265e-04	6.52333e+02
2288	6.51039e+02	2.28800e+03	6.86627e-04	6.52667e+02
2289	6.51402e+02	2.28900e+03	6.86994e-04	6.53000e+02
2290	6.51725e+02	2.29000e+03	6.92569e-04	6.53333e+02
2291	6.52070e+02	2.29100e+03	6.99909e-04	6.53667e+02
2292	6.52409e+02	2.29200e+03	7.15195e-04	6.54000e+02
2293	6.52771e+02	2.29300e+03	7.28510e-04	6.54333e+02
2294	6.53103e+02	2.29400e+03	7.39621e-04	6.54667e+02
2295	6.53486e+02	2.29500e+03	7.48880e-04	6.55000e+02
2296	6.53834e+02	2.29600e+03	7.58883e-04	6.55333e+02
2297	6.54137e+02	2.29700e+03	7.65094e-04	6.55667e+02
2298	6.54442e+02	2.29800e+03	7.70085e-04	6.56000e+02
2299	6.54858e+02	2.29900e+03	7.74063e-04	6.56333e+02
2300	6.55190e+02	2.30000e+03	7.67328e-04	6.56667e+02
2301	6.55551e+02	2.30100e+03	7.65148e-04	6.57000e+02
2302	6.55908e+02	2.30200e+03	7.63153e-04	6.57333e+02
2303	6.56238e+02	2.30300e+03	7.60844e-04	6.57667e+02
2304	6.56554e+02	2.30400e+03	7.63749e-04	6.58000e+02
2305	6.56885e+02	2.30500e+03	7.71703e-04	6.58333e+02
2306	6.57205e+02	2.30600e+03	7.83049e-04	6.58667e+02
2307	6.57544e+02	2.30700e+03	7.95923e-04	6.59000e+02
2308	6.57902e+02	2.30800e+03	8.21580e-04	6.59333e+02
2309	6.58224e+02	2.30900e+03	8.41222e-04	6.59667e+02
2310	6.58562e+02	2.31000e+03	8.57258e-04	6.60000e+02
2311	6.58936e+02	2.31100e+03	8.70863e-04	6.60333e+02
2312	6.59279e+02	2.31200e+03	8.80577e-04	6.60667e+02
2313	6.59581e+02	2.31300e+03	8.89648e-04	6.61000e+02
2314	6.59911e+02	2.31400e+03	8.97785e-04	6.61333e+02
2315	6.60307e+02	2.31500e+03	9.04690e-04	6.61667e+02
2316	6.60640e+02	2.31600e+03	9.04100e-04	6.62000e+02
2317	6.60943e+02	2.31700e+03	9.07100e-04	6.62333e+02
2318	6.61263e+02	2.31800e+03	9.08262e-04	6.62667e+02
2319	6.61574e+02	2.31900e+03	9.07489e-04	6.63000e+02
2320	6.61884e+02	2.32000e+03	9.00204e-04	6.63333e+02
2321	6.62222e+02	2.32100e+03	8.90793e-04	6.63667e+02
2322	6.62572e+02	2.32200e+03	8.79899e-04	6.64000e+02
2323	6.62883e+02	2.32300e+03	8.67815e-04	6.64333e+02
2324	6.63212e+02	2.32400e+03	8.47277e-04	6.64667e+02
2325	6.63547e+02	2.32500e+03	8.34110e-04	6.65000e+02
2326	6.63862e+02	2.32600e+03	8.20953e-04	6.65333e+02
2327	6.64203e+02	2.32700e+03	8.05497e-04	6.65667e+02
2328	6.64546e+02	2.32800e+03	7.89943e-04	6.66000e+02
2329	6.64883e+02	2.32900e+03	7.71119e-04	6.66333e+02
2330	6.65206e+02	2.33000e+03	7.50828e-04	6.66667e+02
2331	6.65541e+02	2.33100e+03	7.30008e-04	6.67000e+02
2332	6.65874e+02	2.33200e+03	7.01365e-04	6.67333e+02
2333	6.66225e+02	2.33300e+03	6.78937e-04	6.67667e+02
2334	6.66529e+02	2.33400e+03	6.59134e-04	6.68000e+02
2335	6.66864e+02	2.33500e+03	6.39849e-04	6.68333e+02
2336	6.67189e+02	2.33600e+03	6.21435e-04	6.68667e+02
2337	6.67525e+02	2.33700e+03	6.02053e-04	6.69000e+02
2338	6.67854e+02	2.33800e+03	5.84055e-04	6.69333e+02
2339	6.68185e+02	2.33900e+03	5.67171e-04	6.69667e+02
2340	6.68502e+02	2.34000e+03	5.55987e-04	6.70000e+02
2341	6.68819e+02	2.34100e+03	5.49593e-04	6.70333e+02
2342	6.69152e+02	2.34200e+03	5.47511e-04	6.70667e+02
2343	6.69473e+02	2.34300e+03	5.47688e-04	6.71000e+02
2344	6.69798e+02	2.34400e+03	5.60118e-04	6.71333e+02
2345	6.70126e+02	2.34500e+03	5.66087e-04	6.71667e+02
2346	6.70437e+02	2.34600e+03	5.71885e-04	6.72000e+02
2347	6.70777e+02	2.34700e+03	5.78739e-04	6.72333e+02
2348	6.71108e+02	2.34800e+03	5.89323e-04	6.72667e+02
2349	6.71425e+02	2.34900e+03	5.98893e-04	6.73000e+02
2350	6.71752e+02	2.35000e+03	6.06505e-04	6.73333e+02
2351	6.72081e+02	2.35100e+03	6.12025e-04	6.73667e+02
2352	6.72411e+02	2.35200e+03	6.14903e-04	6.74000e+02
2353	6.72735e+02	2.35300e+03	6.14644e-04	6.74333e+02
2354	6.73067e+02	2.35400e+03	6.12559e-04	6.74667e+02
2355	6.73391e+02	2.35500e+03	6.10167e-04	6.75000e+02
2356	6.73723e+02	2.35600e+03	6.02101e-04	6.75333e+02
2357	6.74047e+02	2.35700e+03	6.02928e-04	6.75667e+02
2358	6.74380e+02	2.35800e+03	6.08281e-04	6.76000e+02
2359	6.74709e+02	2.35900e+03	6.15752e-04	6.76333e+02
2360	6.75043e+02	2.36000e+03	6.36512e-04	6.76667e+02
2361	6.75375e+02	2.36100e+03	6.52680e-04	6.77000e+02
2362	6.75686e+02	2.36200e+03	6.65298e-04	6.77333e+02
2363	6.76016e+02	2.36300e+03	6.74073e-04	6.77667e+02
2364	6.76352e+02	2.36400e+03	6.78251e-04	6.78000e+02
2365	6.76678e+02	2.36500e+03	6.76679e-04	6.78333e+02
2366	6.77004e+02	2.36600e+03	6.69992e-04	6.78667e+02
2367	6.77330e+02	2.36700e+03	6.60211e-04	6.79000e+02
2368	6.77664e+02	2.36800e+03	6.28880e-04	6.79333e+02
2369	6.77985e+02	2.36900e+03	6.06165e-04	6.79667e+02
2370	6.78322e+02	2.37000e+03	5.85409e-04	6.80000e+02
2371	6.78649e+02	2.37100e+03	5.65681e-04	6.80333e+02
2372	6.78975e+02	2.37200e+03	5.44606e-04	6.80667e+02
2373	6.79313e+02	2.37300e+03	5.26787e-04	6.81000e+02
2374	6.79646e+02	2.37400e+03	5.11882e-04	6.81333e+02
2375	6.79971e+02	2.37500e+03	4.99494e-04	6.81667e+02
2376	6.80298e+02	2.37600e+03	4.98434e-04	6.82000e+02
2377	6.80625e+02	2.37700e+03	4.94069e-04	6.82333e+02
2378	6.80956e+02	2.37800e+03	4.90638e-04	6.82667e+02
2379	6.81281e+02	2.37900e+03	4.88865e-04	6.83000e+02
2380	6.81618e+02	2.38000e+03	4.93020e-04	6.83333e+02
2381	6.81941e+02	2.38100e+03	4.93380e-04	6.83667e+02
2382	6.82271e+02	2.38200e+03	4.94427e-04	6.84000e+02
2383	6.82612e+02	2.38300e+03	4.97389e-04	6.84333e+02
2384	6.82947e+02	2.38400e+03	5.04117e-04	6.84667e+02
2385	6.83267e+02	2.38500e+03	5.10595e-04	6.85000e+02
2386	6.83596e+02	2.38600e+03	5.15070e-04	6.85333e+02
2387	6.83926e+02	2.38700e+03	5.17930e-04	6.85667e+02
2388	6.84254e+02	2.38800e+03	5.22968e-04	6.86000e+02
2389	6.84583e+02	2.38900e+03	5.24253e-04	6.86333e+02
2390	6.84910e+02	2.39000e+03	5.24086e-04	6.86667e+02
2391	6.85233e+02	2.39100e+03	5.23514e-04	6.87000e+02
2392	6.85568e+02	2.39200e+03	5.16988e-04	6.87333e+02
2393	6.85904e+02	2.39300e+03	5.14524e-04	6.87667e+02
2394	6.86239e+02	2.39400e+03	5.12875e-04	6.88000e+02
2395	6.86562e+02	2.39500e+03	5.10693e-04	6.88333e+02
2396	6.86889e+02	2.39600e+03	5.09923e-04	6.88667e+02
2397	6.87233e+02	2.39700e+03	5.09479e-04	6.89000e+02
2398	6.87547e+02	2.39800e+03	5.09061e-04	6.89333e+02
2399	6.87884e+02	2.39900e+03	5.08438e-04	6.89667e+02
2400	6.88221e+02	2.40000e+03	5.07596e-04	6.90000e+02
2401	6.88543e+02	2.40100e+03	5.06383e-04	6.90333e+02
2402	6.88867e+02	2.40200e+03	5.05631e-04	6.90667e+02
2403	6.89193e+02	2.40300e+03	5.05793e-04	6.91000e+02
2404	6.89532e+02	2.40400e+03	5.06495e-04	6.91333e+02
2405	6.89668e+02	2.40500e+03	5.07729e-04	6.91667e+02
2406	6.89802e+02	2.40600e+03	5.10514e-04	6.92000e+02
2407	6.89997e+02	2.40700e+03	5.14069e-04	6.92333e+02
2408	6.90242e+02	2.40800e+03	5.20582e-04	6.92667e+02
2409	6.90490e+02	2.40900e+03	5.26444e-04	6.93000e+02
2410	6.90728e+02	2.41000e+03	5.32739e-04	6.93333e+02
2411	6.90958e+02	2.41100e+03	5.38181e-04	6.93667e+02
2412	6.91187e+02	2.41200e+03	5.43360e-04	6.94000e+02
2413	6.91394e+02	2.41300e+03	5.43313e-04	6.94333e+02
2414	6.91600e+02	2.41400e+03	5.37444e-04	6.94667e+02
2415	6.91817e+02	2.41500e+03	5.28214e-04	6.95000e+02
2416	6.92001e+02	2.41600e+03	5.08073e-04	6.95333e+02
2417	6.92186e+02	2.41700e+03	4.90102e-04	6.95667e+02
2418	6.92377e+02	2.41800e+03	4.72631e-04	6.96000e+02
2419	6.92554e+02	2.41900e+03	4.55922e-04	6.96333e+02
2420	6.92739e+02	2.42000e+03	4.38308e-04	6.96667e+02
2421	6.92899e+02	2.42100e+03	4.27203e-04	6.97000e+02
2422	6.93055e+02	2.42200e+03	4.17550e-04	6.97333e+02
2423	6.93217e+02	2.42300e+03	4.08008e-04	6.97667e+02
2424	6.93371e+02	2.42400e+03	4.08160e-04	6.98000e+02
2425	6.93515e+02	2.42500e+03	4.02869e-04	6.98333e+02
2426	6.93649e+02	2.42600e+03	3.98547e-04	6.98667e+02
2427	6.93791e+02	2.42700e+03	3.95743e-04	6.99000e+02
2428	6.93930e+02	2.42800e+03	3.94450e-04	6.99333e+02
2429	6.94069e+02	2.42900e+03	3.97801e-04	6.99667e+02
2430	6.94188e+02	2.43000e+03	4.03302e-04	7.00000e+02
