Index	Ts	t	Weight	Tr
[#]	[°C]	[s]	[mg]	[°C]
681	1.30486e+02	6.81000e+02	3.03618	130.5
682	1.30978e+02	6.82000e+02	3.03615	131.0
683	1.31496e+02	6.83000e+02	3.03611	131.5
684	1.32008e+02	6.84000e+02	3.03608	132.0
685	1.32506e+02	6.85000e+02	3.03604	132.5
686	1.33007e+02	6.86000e+02	3.03601	133.0
687	1.33531e+02	6.87000e+02	3.03599	133.5
688	1.34038e+02	6.88000e+02	3.03597	134.0
689	1.34540e+02	6.89000e+02	3.03596	134.5
690	1.35041e+02	6.90000e+02	3.03595	135.0
691	1.35560e+02	6.91000e+02	3.03594	135.5
692	1.36064e+02	6.92000e+02	3.03595	136.0
693	1.36564e+02	6.93000e+02	3.03595	136.5
694	1.37081e+02	6.94000e+02	3.03595	137.0
695	1.37588e+02	6.95000e+02	3.03596	137.5
696	1.38103e+02	6.96000e+02	3.03596	138.0
697	1.38605e+02	6.97000e+02	3.03595	138.5
698	1.39119e+02	6.98000e+02	3.03594	139.0
699	1.39618e+02	6.99000e+02	3.03592	139.5
700	1.40132e+02	7.00000e+02	3.03588	140.0
701	1.40634e+02	7.01000e+02	3.03584	140.5
702	1.41143e+02	7.02000e+02	3.03579	141.0
703	1.41643e+02	7.03000e+02	3.03575	141.5
704	1.42145e+02	7.04000e+02	3.03567	142.0
705	1.42658e+02	7.05000e+02	3.0356	142.5
706	1.43163e+02	7.06000e+02	3.03552	143.0
707	1.43680e+02	7.07000e+02	3.03545	143.5
708	1.44182e+02	7.08000e+02	3.03536	144.0
709	1.44701e+02	7.09000e+02	3.03527	144.5
710	1.45198e+02	7.10000e+02	3.03521	145.0
711	1.45711e+02	7.11000e+02	3.03515	145.5
712	1.46230e+02	7.12000e+02	3.03512	146.0
713	1.46720e+02	7.13000e+02	3.03512	146.5
714	1.47227e+02	7.14000e+02	3.03512	147.0
715	1.47745e+02	7.15000e+02	3.03514	147.5
716	1.48245e+02	7.16000e+02	3.03523	148.0
717	1.48752e+02	7.17000e+02	3.03527	148.5
718	1.49265e+02	7.18000e+02	3.03532	149.0
719	1.49770e+02	7.19000e+02	3.03536	149.5
720	1.50286e+02	7.20000e+02	3.03538	150.0
721	1.50785e+02	7.21000e+02	3.03539	150.5
722	1.51293e+02	7.22000e+02	3.03539	151.0
723	1.51805e+02	7.23000e+02	3.03537	151.5
724	1.52306e+02	7.24000e+02	3.03529	152.0
725	1.52804e+02	7.25000e+02	3.03522	152.5
726	1.53313e+02	7.26000e+02	3.03514	153.0
727	1.53821e+02	7.27000e+02	3.03507	153.5
728	1.54339e+02	7.28000e+02	3.03496	154.0
729	1.54838e+02	7.29000e+02	3.03489	154.5
730	1.55358e+02	7.30000e+02	3.03483	155.0
731	1.55866e+02	7.31000e+02	3.03478	155.5
732	1.56379e+02	7.32000e+02	3.03476	156.0
733	1.56877e+02	7.33000e+02	3.03473	156.5
734	1.57386e+02	7.34000e+02	3.03469	157.0
735	1.57902e+02	7.35000e+02	3.03466	157.5
736	1.58420e+02	7.36000e+02	3.03464	158.0
737	1.58910e+02	7.37000e+02	3.03461	158.5
738	1.59414e+02	7.38000e+02	3.03459	159.0
739	1.59933e+02	7.39000e+02	3.03457	159.5
740	1.60429e+02	7.40000e+02	3.03455	160.0
741	1.60947e+02	7.41000e+02	3.03452	160.5
742	1.61453e+02	7.42000e+02	3.03449	161.0
743	1.61961e+02	7.43000e+02	3.03446	161.5
744	1.62459e+02	7.44000e+02	3.03443	162.0
745	1.62972e+02	7.45000e+02	3.0344	162.5
746	1.63484e+02	7.46000e+02	3.03438	163.0
747	1.64003e+02	7.47000e+02	3.03435	163.5
748	1.64510e+02	7.48000e+02	3.03433	164.0
749	1.65021e+02	7.49000e+02	3.0343	164.5
750	1.65525e+02	7.50000e+02	3.03427	165.0
751	1.66049e+02	7.51000e+02	3.03423	165.5
752	1.66551e+02	7.52000e+02	3.03418	166.0
753	1.67059e+02	7.53000e+02	3.03414	166.5
754	1.67568e+02	7.54000e+02	3.03411	167.0
755	1.68072e+02	7.55000e+02	3.03407	167.5
756	1.68576e+02	7.56000e+02	3.03403	168.0
757	1.69101e+02	7.57000e+02	3.03399	168.5
758	1.69599e+02	7.58000e+02	3.03394	169.0
759	1.70114e+02	7.59000e+02	3.03389	169.5
760	1.70622e+02	7.60000e+02	3.03383	170.0
761	1.71134e+02	7.61000e+02	3.03377	170.5
762	1.71635e+02	7.62000e+02	3.03371	171.0
763	1.72150e+02	7.63000e+02	3.03366	171.5
764	1.72650e+02	7.64000e+02	3.03358	172.0
765	1.73159e+02	7.65000e+02	3.03351	172.5
766	1.73669e+02	7.66000e+02	3.03344	173.0
767	1.74175e+02	7.67000e+02	3.03336	173.5
768	1.74694e+02	7.68000e+02	3.03327	174.0
769	1.75201e+02	7.69000e+02	3.03318	174.5
770	1.75707e+02	7.70000e+02	3.0331	175.0
771	1.76227e+02	7.71000e+02	3.03302	175.5
772	1.76724e+02	7.72000e+02	3.03294	176.0
773	1.77243e+02	7.73000e+02	3.03287	176.5
774	1.77746e+02	7.74000e+02	3.0328	177.0
775	1.78264e+02	7.75000e+02	3.03272	177.5
776	1.78763e+02	7.76000e+02	3.03265	178.0
777	1.79281e+02	7.77000e+02	3.03257	178.5
778	1.79803e+02	7.78000e+02	3.0325	179.0
779	1.80313e+02	7.79000e+02	3.03241	179.5
780	1.80820e+02	7.80000e+02	3.03233	180.0
781	1.81333e+02	7.81000e+02	3.03225	180.5
782	1.81833e+02	7.82000e+02	3.03218	181.0
783	1.82341e+02	7.83000e+02	3.03211	181.5
784	1.82855e+02	7.84000e+02	3.03206	182.0
785	1.83373e+02	7.85000e+02	3.032	182.5
786	1.83877e+02	7.86000e+02	3.03194	183.0
787	1.84392e+02	7.87000e+02	3.03189	183.5
788	1.84904e+02	7.88000e+02	3.03184	184.0
789	1.85416e+02	7.89000e+02	3.0318	184.5
790	1.85925e+02	7.90000e+02	3.03175	185.0
791	1.86440e+02	7.91000e+02	3.0317	185.5
792	1.86951e+02	7.92000e+02	3.03165	186.0
793	1.87469e+02	7.93000e+02	3.03158	186.5
794	1.87983e+02	7.94000e+02	3.03151	187.0
795	1.88484e+02	7.95000e+02	3.03143	187.5
796	1.89000e+02	7.96000e+02	3.03133	188.0
797	1.89511e+02	7.97000e+02	3.03124	188.5
798	1.90027e+02	7.98000e+02	3.03115	189.0
799	1.90548e+02	7.99000e+02	3.03105	189.5
800	1.91044e+02	8.00000e+02	3.03095	190.0
801	1.91560e+02	8.01000e+02	3.03084	190.5
802	1.92070e+02	8.02000e+02	3.03072	191.0
803	1.92583e+02	8.03000e+02	3.03059	191.5
804	1.93101e+02	8.04000e+02	3.03045	192.0
805	1.93605e+02	8.05000e+02	3.03032	192.5
806	1.94117e+02	8.06000e+02	3.03019	193.0
807	1.94628e+02	8.07000e+02	3.03005	193.5
808	1.95148e+02	8.08000e+02	3.02991	194.0
809	1.95662e+02	8.09000e+02	3.02977	194.5
810	1.96166e+02	8.10000e+02	3.02963	195.0
811	1.96671e+02	8.11000e+02	3.02948	195.5
812	1.97189e+02	8.12000e+02	3.02932	196.0
813	1.97711e+02	8.13000e+02	3.02916	196.5
814	1.98217e+02	8.14000e+02	3.02899	197.0
815	1.98732e+02	8.15000e+02	3.02881	197.5
816	1.99244e+02	8.16000e+02	3.0286	198.0
817	1.99752e+02	8.17000e+02	3.02838	198.5
818	2.00273e+02	8.18000e+02	3.02815	199.0
819	2.00779e+02	8.19000e+02	3.02792	199.5
820	2.01297e+02	8.20000e+02	3.02763	200.0
821	2.01805e+02	8.21000e+02	3.02737	200.5
822	2.02321e+02	8.22000e+02	3.02711	201.0
823	2.02831e+02	8.23000e+02	3.02685	201.5
824	2.03342e+02	8.24000e+02	3.02659	202.0
825	2.03849e+02	8.25000e+02	3.02632	202.5
826	2.04367e+02	8.26000e+02	3.02605	203.0
827	2.04883e+02	8.27000e+02	3.02578	203.5
828	2.05395e+02	8.28000e+02	3.02551	204.0
829	2.05906e+02	8.29000e+02	3.02524	204.5
830	2.06421e+02	8.30000e+02	3.02497	205.0
831	2.06935e+02	8.31000e+02	3.02471	205.5
832	2.07441e+02	8.32000e+02	3.02443	206.0
833	2.07956e+02	8.33000e+02	3.02414	206.5
834	2.08468e+02	8.34000e+02	3.02385	207.0
835	2.08973e+02	8.35000e+02	3.02355	207.5
836	2.09489e+02	8.36000e+02	3.02322	208.0
837	2.09997e+02	8.37000e+02	3.02291	208.5
838	2.10509e+02	8.38000e+02	3.0226	209.0
839	2.11019e+02	8.39000e+02	3.02228	209.5
840	2.11523e+02	8.40000e+02	3.02196	210.0
841	2.12039e+02	8.41000e+02	3.02163	210.5
842	2.12548e+02	8.42000e+02	3.0213	211.0
843	2.13064e+02	8.43000e+02	3.02096	211.5
844	2.13574e+02	8.44000e+02	3.02061	212.0
845	2.14078e+02	8.45000e+02	3.02027	212.5
846	2.14592e+02	8.46000e+02	3.01994	213.0
847	2.15109e+02	8.47000e+02	3.01961	213.5
848	2.15613e+02	8.48000e+02	3.01929	214.0
849	2.16134e+02	8.49000e+02	3.01896	214.5
850	2.16642e+02	8.50000e+02	3.01863	215.0
851	2.17146e+02	8.51000e+02	3.0183	215.5
852	2.17654e+02	8.52000e+02	3.01796	216.0
853	2.18170e+02	8.53000e+02	3.01762	216.5
854	2.18675e+02	8.54000e+02	3.01728	217.0
855	2.19196e+02	8.55000e+02	3.01694	217.5
856	2.19699e+02	8.56000e+02	3.01659	218.0
857	2.20203e+02	8.57000e+02	3.01625	218.5
858	2.20712e+02	8.58000e+02	3.01591	219.0
859	2.21230e+02	8.59000e+02	3.01557	219.5
860	2.21737e+02	8.60000e+02	3.01524	220.0
861	2.22244e+02	8.61000e+02	3.0149	220.5
862	2.22757e+02	8.62000e+02	3.01457	221.0
863	2.23260e+02	8.63000e+02	3.01424	221.5
864	2.23770e+02	8.64000e+02	3.01392	222.0
865	2.24273e+02	8.65000e+02	3.0136	222.5
866	2.24789e+02	8.66000e+02	3.01328	223.0
867	2.25301e+02	8.67000e+02	3.01296	223.5
868	2.25811e+02	8.68000e+02	3.01264	224.0
869	2.26318e+02	8.69000e+02	3.0123	224.5
870	2.26819e+02	8.70000e+02	3.01197	225.0
871	2.27319e+02	8.71000e+02	3.01163	225.5
872	2.27831e+02	8.72000e+02	3.01128	226.0
873	2.28351e+02	8.73000e+02	3.01094	226.5
874	2.28855e+02	8.74000e+02	3.0106	227.0
875	2.29362e+02	8.75000e+02	3.01026	227.5
876	2.29872e+02	8.76000e+02	3.00992	228.0
877	2.30382e+02	8.77000e+02	3.00958	228.5
878	2.30887e+02	8.78000e+02	3.00924	229.0
879	2.31395e+02	8.79000e+02	3.00891	229.5
880	2.31909e+02	8.80000e+02	3.00858	230.0
881	2.32410e+02	8.81000e+02	3.00825	230.5
882	2.32931e+02	8.82000e+02	3.00792	231.0
883	2.33431e+02	8.83000e+02	3.00758	231.5
884	2.33945e+02	8.84000e+02	3.00725	232.0
885	2.34459e+02	8.85000e+02	3.00689	232.5
886	2.34974e+02	8.86000e+02	3.00653	233.0
887	2.35475e+02	8.87000e+02	3.00617	233.5
888	2.35988e+02	8.88000e+02	3.00578	234.0
889	2.36486e+02	8.89000e+02	3.00542	234.5
890	2.37009e+02	8.90000e+02	3.00506	235.0
891	2.37509e+02	8.91000e+02	3.0047	235.5
892	2.38015e+02	8.92000e+02	3.00434	236.0
893	2.38520e+02	8.93000e+02	3.00398	236.5
894	2.39025e+02	8.94000e+02	3.00361	237.0
895	2.39517e+02	8.95000e+02	3.00323	237.5
896	2.40029e+02	8.96000e+02	3.00285	238.0
897	2.40541e+02	8.97000e+02	3.00247	238.5
898	2.41051e+02	8.98000e+02	3.0021	239.0
899	2.41559e+02	8.99000e+02	3.00173	239.5
900	2.42073e+02	9.00000e+02	3.00137	240.0
901	2.42577e+02	9.01000e+02	3.001	240.5
902	2.43092e+02	9.02000e+02	3.00063	241.0
903	2.43593e+02	9.03000e+02	3.00026	241.5
904	2.44111e+02	9.04000e+02	2.99988	242.0
905	2.44622e+02	9.05000e+02	2.99951	242.5
906	2.45121e+02	9.06000e+02	2.99913	243.0
907	2.45620e+02	9.07000e+02	2.99875	243.5
908	2.46130e+02	9.08000e+02	2.99835	244.0
909	2.46642e+02	9.09000e+02	2.99794	244.5
910	2.47151e+02	9.10000e+02	2.99753	245.0
911	2.47665e+02	9.11000e+02	2.99711	245.5
912	2.48162e+02	9.12000e+02	2.99667	246.0
913	2.48654e+02	9.13000e+02	2.99625	246.5
914	2.49165e+02	9.14000e+02	2.99583	247.0
915	2.49669e+02	9.15000e+02	2.99542	247.5
916	2.50181e+02	9.16000e+02	2.99501	248.0
917	2.50687e+02	9.17000e+02	2.99459	248.5
918	2.51190e+02	9.18000e+02	2.99417	249.0
919	2.51710e+02	9.19000e+02	2.99375	249.5
920	2.52209e+02	9.20000e+02	2.99332	250.0
921	2.52737e+02	9.21000e+02	2.99289	250.5
922	2.53251e+02	9.22000e+02	2.99245	251.0
923	2.53757e+02	9.23000e+02	2.99201	251.5
924	2.54264e+02	9.24000e+02	2.99156	252.0
925	2.54783e+02	9.25000e+02	2.99111	252.5
926	2.55281e+02	9.26000e+02	2.99066	253.0
927	2.55798e+02	9.27000e+02	2.99022	253.5
928	2.56307e+02	9.28000e+02	2.98978	254.0
929	2.56823e+02	9.29000e+02	2.98935	254.5
930	2.57326e+02	9.30000e+02	2.98892	255.0
931	2.57844e+02	9.31000e+02	2.9885	255.5
932	2.58353e+02	9.32000e+02	2.9881	256.0
933	2.58888e+02	9.33000e+02	2.98769	256.5
934	2.59481e+02	9.34000e+02	2.98727	257.0
935	2.60004e+02	9.35000e+02	2.98685	257.5
936	2.60518e+02	9.36000e+02	2.98642	258.0
937	2.61039e+02	9.37000e+02	2.98598	258.5
938	2.61562e+02	9.38000e+02	2.98553	259.0
939	2.62085e+02	9.39000e+02	2.98508	259.5
940	2.62604e+02	9.40000e+02	2.9846	260.0
941	2.63115e+02	9.41000e+02	2.98412	260.5
942	2.63616e+02	9.42000e+02	2.98364	261.0
943	2.64121e+02	9.43000e+02	2.98316	261.5
944	2.64640e+02	9.44000e+02	2.98266	262.0
945	2.65137e+02	9.45000e+02	2.98217	262.5
946	2.65654e+02	9.46000e+02	2.98168	263.0
947	2.66160e+02	9.47000e+02	2.98119	263.5
948	2.66668e+02	9.48000e+02	2.98071	264.0
949	2.67181e+02	9.49000e+02	2.98024	264.5
950	2.67694e+02	9.50000e+02	2.97976	265.0
951	2.68210e+02	9.51000e+02	2.97928	265.5
952	2.68722e+02	9.52000e+02	2.97881	266.0
953	2.69242e+02	9.53000e+02	2.97832	266.5
954	2.69761e+02	9.54000e+02	2.97783	267.0
955	2.70258e+02	9.55000e+02	2.97733	267.5
956	2.70762e+02	9.56000e+02	2.97679	268.0
957	2.71277e+02	9.57000e+02	2.97626	268.5
958	2.71791e+02	9.58000e+02	2.97573	269.0
959	2.72309e+02	9.59000e+02	2.97518	269.5
960	2.72823e+02	9.60000e+02	2.97458	270.0
961	2.73355e+02	9.61000e+02	2.97399	270.5
962	2.73879e+02	9.62000e+02	2.97338	271.0
963	2.74394e+02	9.63000e+02	2.97277	271.5
964	2.74904e+02	9.64000e+02	2.97214	272.0
965	2.75425e+02	9.65000e+02	2.97154	272.5
966	2.75939e+02	9.66000e+02	2.97096	273.0
967	2.76438e+02	9.67000e+02	2.97038	273.5
968	2.76953e+02	9.68000e+02	2.96977	274.0
969	2.77458e+02	9.69000e+02	2.96911	274.5
970	2.77977e+02	9.70000e+02	2.96839	275.0
971	2.78490e+02	9.71000e+02	2.96763	275.5
972	2.78999e+02	9.72000e+02	2.9667	276.0
973	2.79533e+02	9.73000e+02	2.9658	276.5
974	2.80038e+02	9.74000e+02	2.96489	277.0
975	2.80538e+02	9.75000e+02	2.96397	277.5
976	2.81057e+02	9.76000e+02	2.96295	278.0
977	2.81567e+02	9.77000e+02	2.96201	278.5
978	2.82072e+02	9.78000e+02	2.96109	279.0
979	2.82578e+02	9.79000e+02	2.96019	279.5
980	2.83074e+02	9.80000e+02	2.95936	280.0
981	2.83573e+02	9.81000e+02	2.95852	280.5
982	2.84074e+02	9.82000e+02	2.95769	281.0
983	2.84580e+02	9.83000e+02	2.95686	281.5
984	2.85086e+02	9.84000e+02	2.95607	282.0
985	2.85591e+02	9.85000e+02	2.95526	282.5
986	2.86099e+02	9.86000e+02	2.95443	283.0
987	2.86603e+02	9.87000e+02	2.95359	283.5
988	2.87110e+02	9.88000e+02	2.95274	284.0
989	2.87617e+02	9.89000e+02	2.95189	284.5
990	2.88135e+02	9.90000e+02	2.95105	285.0
991	2.88635e+02	9.91000e+02	2.95021	285.5
992	2.89151e+02	9.92000e+02	2.94936	286.0
993	2.89651e+02	9.93000e+02	2.9485	286.5
994	2.90168e+02	9.94000e+02	2.94765	287.0
995	2.90666e+02	9.95000e+02	2.94678	287.5
996	2.91180e+02	9.96000e+02	2.9459	288.0
997	2.91702e+02	9.97000e+02	2.94502	288.5
998	2.92207e+02	9.98000e+02	2.94413	289.0
999	2.92708e+02	9.99000e+02	2.94323	289.5
1000	2.93227e+02	1.00000e+03	2.94231	290.0
1001	2.93730e+02	1.00100e+03	2.94139	290.5
1002	2.94237e+02	1.00200e+03	2.94047	291.0
1003	2.94747e+02	1.00300e+03	2.93953	291.5
1004	2.95265e+02	1.00400e+03	2.93858	292.0
1005	2.95760e+02	1.00500e+03	2.93762	292.5
1006	2.96255e+02	1.00600e+03	2.93664	293.0
1007	2.96762e+02	1.00700e+03	2.93566	293.5
1008	2.97259e+02	1.00800e+03	2.93463	294.0
1009	2.97771e+02	1.00900e+03	2.9336	294.5
1010	2.98269e+02	1.01000e+03	2.93255	295.0
1011	2.98769e+02	1.01100e+03	2.93149	295.5
1012	2.99270e+02	1.01200e+03	2.93037	296.0
1013	2.99775e+02	1.01300e+03	2.92927	296.5
1014	3.00284e+02	1.01400e+03	2.92817	297.0
1015	3.00788e+02	1.01500e+03	2.92706	297.5
1016	3.01296e+02	1.01600e+03	2.92592	298.0
1017	3.01795e+02	1.01700e+03	2.92478	298.5
1018	3.02295e+02	1.01800e+03	2.92364	299.0
1019	3.02795e+02	1.01900e+03	2.92248	299.5
1020	3.03302e+02	1.02000e+03	2.92128	300.0
1021	3.03811e+02	1.02100e+03	2.92008	300.5
1022	3.04319e+02	1.02200e+03	2.91887	301.0
1023	3.04824e+02	1.02300e+03	2.91764	301.5
1024	3.05329e+02	1.02400e+03	2.91636	302.0
1025	3.05831e+02	1.02500e+03	2.91509	302.5
1026	3.06333e+02	1.02600e+03	2.91381	303.0
1027	3.06844e+02	1.02700e+03	2.91251	303.5
1028	3.07348e+02	1.02800e+03	2.91115	304.0
1029	3.07845e+02	1.02900e+03	2.90979	304.5
1030	3.08348e+02	1.03000e+03	2.9084	305.0
1031	3.08850e+02	1.03100e+03	2.907	305.5
1032	3.09345e+02	1.03200e+03	2.9055	306.0
1033	3.09847e+02	1.03300e+03	2.904	306.5
1034	3.10345e+02	1.03400e+03	2.90247	307.0
1035	3.10849e+02	1.03500e+03	2.90092	307.5
1036	3.11338e+02	1.03600e+03	2.89924	308.0
1037	3.11827e+02	1.03700e+03	2.8976	308.5
1038	3.12324e+02	1.03800e+03	2.89594	309.0
1039	3.12814e+02	1.03900e+03	2.89427	309.5
1040	3.13303e+02	1.04000e+03	2.89254	310.0
1041	3.13804e+02	1.04100e+03	2.89083	310.5
1042	3.14304e+02	1.04200e+03	2.88912	311.0
1043	3.14785e+02	1.04300e+03	2.88742	311.5
1044	3.15280e+02	1.04400e+03	2.88569	312.0
1045	3.15785e+02	1.04500e+03	2.88397	312.5
1046	3.16258e+02	1.04600e+03	2.88224	313.0
1047	3.16754e+02	1.04700e+03	2.88051	313.5
1048	3.17238e+02	1.04800e+03	2.87876	314.0
1049	3.17733e+02	1.04900e+03	2.87701	314.5
1050	3.18228e+02	1.05000e+03	2.87525	315.0
1051	3.18732e+02	1.05100e+03	2.87349	315.5
1052	3.19204e+02	1.05200e+03	2.87169	316.0
1053	3.19694e+02	1.05300e+03	2.8699	316.5
1054	3.20181e+02	1.05400e+03	2.86809	317.0
1055	3.20675e+02	1.05500e+03	2.86627	317.5
1056	3.21157e+02	1.05600e+03	2.8644	318.0
1057	3.21638e+02	1.05700e+03	2.86254	318.5
1058	3.22125e+02	1.05800e+03	2.86068	319.0
1059	3.22613e+02	1.05900e+03	2.8588	319.5
1060	3.23115e+02	1.06000e+03	2.85688	320.0
1061	3.23595e+02	1.06100e+03	2.85496	320.5
1062	3.24084e+02	1.06200e+03	2.85303	321.0
1063	3.24575e+02	1.06300e+03	2.8511	321.5
1064	3.25055e+02	1.06400e+03	2.84913	322.0
1065	3.25544e+02	1.06500e+03	2.84718	322.5
1066	3.26017e+02	1.06600e+03	2.84522	323.0
1067	3.26496e+02	1.06700e+03	2.84326	323.5
1068	3.26979e+02	1.06800e+03	2.84126	324.0
1069	3.27459e+02	1.06900e+03	2.83924	324.5
1070	3.27942e+02	1.07000e+03	2.8372	325.0
1071	3.28424e+02	1.07100e+03	2.83514	325.5
1072	3.28888e+02	1.07200e+03	2.833	326.0
1073	3.29329e+02	1.07300e+03	2.83088	326.5
1074	3.29768e+02	1.07400e+03	2.82873	327.0
1075	3.30228e+02	1.07500e+03	2.82657	327.5
1076	3.30702e+02	1.07600e+03	2.82431	328.0
1077	3.31191e+02	1.07700e+03	2.82207	328.5
1078	3.31674e+02	1.07800e+03	2.81981	329.0
1079	3.32161e+02	1.07900e+03	2.81754	329.5
1080	3.32657e+02	1.08000e+03	2.81518	330.0
1081	3.33161e+02	1.08100e+03	2.81283	330.5
1082	3.33658e+02	1.08200e+03	2.81047	331.0
1083	3.34155e+02	1.08300e+03	2.80809	331.5
1084	3.34662e+02	1.08400e+03	2.80562	332.0
1085	3.35152e+02	1.08500e+03	2.80315	332.5
1086	3.35651e+02	1.08600e+03	2.80066	333.0
1087	3.36153e+02	1.08700e+03	2.79814	333.5
1088	3.36659e+02	1.08800e+03	2.7955	334.0
1089	3.37143e+02	1.08900e+03	2.79287	334.5
1090	3.37636e+02	1.09000e+03	2.7902	335.0
1091	3.38138e+02	1.09100e+03	2.78751	335.5
1092	3.38637e+02	1.09200e+03	2.78468	336.0
1093	3.39134e+02	1.09300e+03	2.78185	336.5
1094	3.39636e+02	1.09400e+03	2.77898	337.0
1095	3.40137e+02	1.09500e+03	2.77608	337.5
1096	3.40644e+02	1.09600e+03	2.77299	338.0
1097	3.41126e+02	1.09700e+03	2.76991	338.5
1098	3.41630e+02	1.09800e+03	2.76679	339.0
1099	3.42134e+02	1.09900e+03	2.76362	339.5
1100	3.42628e+02	1.10000e+03	2.76022	340.0
1101	3.43131e+02	1.10100e+03	2.75684	340.5
1102	3.43633e+02	1.10200e+03	2.75338	341.0
1103	3.44129e+02	1.10300e+03	2.74987	341.5
1104	3.44627e+02	1.10400e+03	2.74605	342.0
1105	3.45118e+02	1.10500e+03	2.74226	342.5
1106	3.45620e+02	1.10600e+03	2.7384	343.0
1107	3.46113e+02	1.10700e+03	2.73446	343.5
1108	3.46606e+02	1.10800e+03	2.73018	344.0
1109	3.47105e+02	1.10900e+03	2.72594	344.5
1110	3.47600e+02	1.11000e+03	2.7216	345.0
1111	3.48099e+02	1.11100e+03	2.71719	345.5
1112	3.48607e+02	1.11200e+03	2.71238	346.0
1113	3.49093e+02	1.11300e+03	2.70761	346.5
1114	3.49589e+02	1.11400e+03	2.70275	347.0
1115	3.50076e+02	1.11500e+03	2.6978	347.5
1116	3.50570e+02	1.11600e+03	2.6924	348.0
1117	3.51071e+02	1.11700e+03	2.68706	348.5
1118	3.51562e+02	1.11800e+03	2.68161	349.0
1119	3.52057e+02	1.11900e+03	2.67607	349.5
1120	3.52560e+02	1.12000e+03	2.67004	350.0
1121	3.53057e+02	1.12100e+03	2.66404	350.5
1122	3.53550e+02	1.12200e+03	2.65792	351.0
1123	3.54050e+02	1.12300e+03	2.65169	351.5
1124	3.54554e+02	1.12400e+03	2.64488	352.0
1125	3.55043e+02	1.12500e+03	2.63812	352.5
1126	3.55544e+02	1.12600e+03	2.6312	353.0
1127	3.56036e+02	1.12700e+03	2.62414	353.5
1128	3.56526e+02	1.12800e+03	2.61638	354.0
1129	3.57029e+02	1.12900e+03	2.60865	354.5
1130	3.57524e+02	1.13000e+03	2.60072	355.0
1131	3.58023e+02	1.13100e+03	2.59261	355.5
1132	3.58520e+02	1.13200e+03	2.58359	356.0
1133	3.59002e+02	1.13300e+03	2.57464	356.5
1134	3.59492e+02	1.13400e+03	2.56546	357.0
1135	3.59985e+02	1.13500e+03	2.55605	357.5
1136	3.60490e+02	1.13600e+03	2.54558	358.0
1137	3.60969e+02	1.13700e+03	2.53522	358.5
1138	3.61475e+02	1.13800e+03	2.52463	359.0
1139	3.61960e+02	1.13900e+03	2.51383	359.5
1140	3.62466e+02	1.14000e+03	2.50193	360.0
1141	3.62954e+02	1.14100e+03	2.49022	360.5
1142	3.63458e+02	1.14200e+03	2.47831	361.0
1143	3.63956e+02	1.14300e+03	2.46622	361.5
1144	3.64461e+02	1.14400e+03	2.45314	362.0
1145	3.64966e+02	1.14500e+03	2.44017	362.5
1146	3.65457e+02	1.14600e+03	2.42698	363.0
1147	3.65942e+02	1.14700e+03	2.41358	363.5
1148	3.66443e+02	1.14800e+03	2.39914	364.0
1149	3.66930e+02	1.14900e+03	2.3848	364.5
1150	3.67425e+02	1.15000e+03	2.37021	365.0
1151	3.67914e+02	1.15100e+03	2.35541	365.5
1152	3.68417e+02	1.15200e+03	2.33946	366.0
1153	3.68912e+02	1.15300e+03	2.32367	366.5
1154	3.69407e+02	1.15400e+03	2.30765	367.0
1155	3.69891e+02	1.15500e+03	2.29141	367.5
1156	3.70389e+02	1.15600e+03	2.27406	368.0
1157	3.70892e+02	1.15700e+03	2.25688	368.5
1158	3.71381e+02	1.15800e+03	2.23949	369.0
1159	3.71876e+02	1.15900e+03	2.22189	369.5
1160	3.72375e+02	1.16000e+03	2.20325	370.0
1161	3.72862e+02	1.16100e+03	2.18477	370.5
1162	3.73363e+02	1.16200e+03	2.16608	371.0
1163	3.73853e+02	1.16300e+03	2.14721	371.5
1164	3.74358e+02	1.16400e+03	2.12738	372.0
1165	3.74859e+02	1.16500e+03	2.10772	372.5
1166	3.75363e+02	1.16600e+03	2.08789	373.0
1167	3.75871e+02	1.16700e+03	2.0679	373.5
1168	3.76361e+02	1.16800e+03	2.04708	374.0
1169	3.76859e+02	1.16900e+03	2.02639	374.5
1170	3.77354e+02	1.17000e+03	2.00554	375.0
1171	3.77854e+02	1.17100e+03	1.98455	375.5
1172	3.78335e+02	1.17200e+03	1.9628	376.0
1173	3.78849e+02	1.17300e+03	1.94117	376.5
1174	3.79342e+02	1.17400e+03	1.91939	377.0
1175	3.79859e+02	1.17500e+03	1.89747	377.5
1176	3.80372e+02	1.17600e+03	1.87482	378.0
1177	3.80872e+02	1.17700e+03	1.85223	378.5
1178	3.81368e+02	1.17800e+03	1.82946	379.0
1179	3.81890e+02	1.17900e+03	1.80652	379.5
1180	3.82385e+02	1.18000e+03	1.78277	380.0
1181	3.82884e+02	1.18100e+03	1.75913	380.5
1182	3.83395e+02	1.18200e+03	1.73533	381.0
1183	3.83891e+02	1.18300e+03	1.71139	381.5
1184	3.84397e+02	1.18400e+03	1.6867	382.0
1185	3.84883e+02	1.18500e+03	1.66221	382.5
1186	3.85397e+02	1.18600e+03	1.63763	383.0
1187	3.85896e+02	1.18700e+03	1.61297	383.5
1188	3.86393e+02	1.18800e+03	1.58784	384.0
1189	3.86894e+02	1.18900e+03	1.56283	384.5
1190	3.87405e+02	1.19000e+03	1.53777	385.0
1191	3.87921e+02	1.19100e+03	1.51266	385.5
1192	3.88442e+02	1.19200e+03	1.48726	386.0
1193	3.88923e+02	1.19300e+03	1.46194	386.5
1194	3.89426e+02	1.19400e+03	1.43659	387.0
1195	3.89914e+02	1.19500e+03	1.41121	387.5
1196	3.90412e+02	1.19600e+03	1.38564	388.0
1197	3.90916e+02	1.19700e+03	1.36012	388.5
1198	3.91426e+02	1.19800e+03	1.33458	389.0
1199	3.91906e+02	1.19900e+03	1.30901	389.5
1200	3.92422e+02	1.20000e+03	1.28332	390.0
1201	3.92918e+02	1.20100e+03	1.25765	390.5
1202	3.93422e+02	1.20200e+03	1.23197	391.0
1203	3.93916e+02	1.20300e+03	1.20629	391.5
1204	3.94414e+02	1.20400e+03	1.18053	392.0
1205	3.94916e+02	1.20500e+03	1.1548	392.5
1206	3.95427e+02	1.20600e+03	1.12908	393.0
1207	3.95927e+02	1.20700e+03	1.10336	393.5
1208	3.96430e+02	1.20800e+03	1.07762	394.0
1209	3.96925e+02	1.20900e+03	1.05187	394.5
1210	3.97426e+02	1.21000e+03	1.02607	395.0
1211	3.97923e+02	1.21100e+03	1.00022	395.5
1212	3.98431e+02	1.21200e+03	0.974188	396.0
1213	3.98936e+02	1.21300e+03	0.94806	396.5
1214	3.99448e+02	1.21400e+03	0.921798	397.0
1215	3.99945e+02	1.21500e+03	0.895437	397.5
1216	4.00450e+02	1.21600e+03	0.8686	398.0
1217	4.00965e+02	1.21700e+03	0.841851	398.5
1218	4.01467e+02	1.21800e+03	0.815049	399.0
1219	4.01981e+02	1.21900e+03	0.788195	399.5
1220	4.02492e+02	1.22000e+03	0.761053	400.0
1221	4.02998e+02	1.22100e+03	0.734087	400.5
1222	4.03504e+02	1.22200e+03	0.707206	401.0
1223	4.04012e+02	1.22300e+03	0.680387	401.5
1224	4.04526e+02	1.22400e+03	0.653885	402.0
1225	4.05032e+02	1.22500e+03	0.627584	402.5
1226	4.05553e+02	1.22600e+03	0.601598	403.0
1227	4.06075e+02	1.22700e+03	0.575865	403.5
1228	4.06588e+02	1.22800e+03	0.551347	404.0
1229	4.07101e+02	1.22900e+03	0.526914	404.5
1230	4.07604e+02	1.23000e+03	0.502951	405.0
1231	4.08118e+02	1.23100e+03	0.479371	405.5
1232	4.08623e+02	1.23200e+03	0.45778	406.0
1233	4.09147e+02	1.23300e+03	0.435706	406.5
1234	4.09673e+02	1.23400e+03	0.414061	407.0
1235	4.10182e+02	1.23500e+03	0.393958	407.5
1236	4.10701e+02	1.23600e+03	0.375349	408.0
1237	4.11213e+02	1.23700e+03	0.356231	408.5
1238	4.11727e+02	1.23800e+03	0.337577	409.0
1239	4.12242e+02	1.23900e+03	0.320457	409.5
1240	4.12751e+02	1.24000e+03	0.304809	410.0
1241	4.13270e+02	1.24100e+03	0.288908	410.5
1242	4.13776e+02	1.24200e+03	0.273503	411.0
1243	4.14290e+02	1.24300e+03	0.258547	411.5
1244	4.14809e+02	1.24400e+03	0.245654	412.0
1245	4.15323e+02	1.24500e+03	0.232442	412.5
1246	4.15840e+02	1.24600e+03	0.219628	413.0
1247	4.16360e+02	1.24700e+03	0.207184	413.5
1248	4.16874e+02	1.24800e+03	0.196641	414.0
1249	4.17382e+02	1.24900e+03	0.185771	414.5
1250	4.17886e+02	1.25000e+03	0.175237	415.0
1251	4.18401e+02	1.25100e+03	0.165027	415.5
1252	4.18919e+02	1.25200e+03	0.156475	416.0
1253	4.19439e+02	1.25300e+03	0.147657	416.5
1254	4.19943e+02	1.25400e+03	0.139141	417.0
1255	4.20451e+02	1.25500e+03	0.130911	417.5
1256	4.20970e+02	1.25600e+03	0.124145	418.0
1257	4.21498e+02	1.25700e+03	0.117116	418.5
1258	4.22006e+02	1.25800e+03	0.110327	419.0
1259	4.22509e+02	1.25900e+03	0.103775	419.5
1260	4.23033e+02	1.26000e+03	0.0984411	420.0
1261	4.23531e+02	1.26100e+03	0.0928859	420.5
1262	4.24044e+02	1.26200e+03	0.0875308	421.0
1263	4.24552e+02	1.26300e+03	0.0823718	421.5
1264	4.25053e+02	1.26400e+03	0.0782072	422.0
1265	4.25555e+02	1.26500e+03	0.0738541	422.5
1266	4.26071e+02	1.26600e+03	0.0696559	423.0
1267	4.26575e+02	1.26700e+03	0.0656124	423.5
1268	4.27092e+02	1.26800e+03	0.0623776	424.0
1269	4.27604e+02	1.26900e+03	0.0589963	424.5
1270	4.28109e+02	1.27000e+03	0.0557486	425.0
1271	4.28621e+02	1.27100e+03	0.052631	425.5
1272	4.29126e+02	1.27200e+03	0.0501777	426.0
1273	4.29631e+02	1.27300e+03	0.0475965	426.5
1274	4.30126e+02	1.27400e+03	0.0451106	427.0
1275	4.30623e+02	1.27500e+03	0.0427208	427.5
1276	4.31132e+02	1.27600e+03	0.0408454	428.0
1277	4.31638e+02	1.27700e+03	0.0388567	428.5
1278	4.32135e+02	1.27800e+03	0.0369339	429.0
1279	4.32637e+02	1.27900e+03	0.0350811	429.5
1280	4.33142e+02	1.28000e+03	0.033587	430.0
1281	4.33658e+02	1.28100e+03	0.0320199	430.5
1282	4.34163e+02	1.28200e+03	0.030503	431.0
1283	4.34666e+02	1.28300e+03	0.0290375	431.5
1284	4.35172e+02	1.28400e+03	0.0278423	432.0
1285	4.35671e+02	1.28500e+03	0.0265973	432.5
1286	4.36158e+02	1.28600e+03	0.0253969	433.0
1287	4.36652e+02	1.28700e+03	0.0242397	433.5
1288	4.37157e+02	1.28800e+03	0.0233032	434.0
1289	4.37645e+02	1.28900e+03	0.0223251	434.5
1290	4.38127e+02	1.29000e+03	0.0213771	435.0
1291	4.38633e+02	1.29100e+03	0.0204591	435.5
1292	4.39139e+02	1.29200e+03	0.0197103	436.0
1293	4.39629e+02	1.29300e+03	0.0189222	436.5
1294	4.40126e+02	1.29400e+03	0.0181572	437.0
1295	4.40617e+02	1.29500e+03	0.0174173	437.5
1296	4.41109e+02	1.29600e+03	0.0167952	438.0
1297	4.41620e+02	1.29700e+03	0.0161532	438.5
1298	4.42113e+02	1.29800e+03	0.0155284	439.0
1299	4.42599e+02	1.29900e+03	0.0149192	439.5
1300	4.43093e+02	1.30000e+03	0.0143965	440.0
1301	4.43585e+02	1.30100e+03	0.0138471	440.5
1302	4.44083e+02	1.30200e+03	0.0133068	441.0
1303	4.44568e+02	1.30300e+03	0.0127781	441.5
1304	4.45083e+02	1.30400e+03	0.0122971	442.0
1305	4.45565e+02	1.30500e+03	0.0118111	442.5
1306	4.46055e+02	1.30600e+03	0.011335	443.0
1307	4.46551e+02	1.30700e+03	0.0108674	443.5
1308	4.47048e+02	1.30800e+03	0.0104481	444.0
1309	4.47543e+02	1.30900e+03	0.010023	444.5
1310	4.48020e+02	1.31000e+03	0.00961408	445.0
1311	4.48506e+02	1.31100e+03	0.00922076	445.5
1312	4.49003e+02	1.31200e+03	0.00889988	446.0
1313	4.49495e+02	1.31300e+03	0.00858547	446.5
1314	4.50000e+02	1.31400e+03	0.00829548	447.0
1315	4.50485e+02	1.31500e+03	0.00802353	447.5
1316	4.50978e+02	1.31600e+03	0.00784767	448.0
1317	4.51495e+02	1.31700e+03	0.00763833	448.5
1318	4.51997e+02	1.31800e+03	0.0074305	449.0
1319	4.52493e+02	1.31900e+03	0.00722861	449.5
1320	4.52992e+02	1.32000e+03	0.0070607	450.0
1321	4.53490e+02	1.32100e+03	0.00688363	450.5
1322	4.53984e+02	1.32200e+03	0.00671241	451.0
1323	4.54487e+02	1.32300e+03	0.00654642	451.5
1324	4.54991e+02	1.32400e+03	0.00639369	452.0
1325	4.55480e+02	1.32500e+03	0.00623879	452.5
1326	4.55970e+02	1.32600e+03	0.00608928	453.0
1327	4.56446e+02	1.32700e+03	0.00594482	453.5
1328	4.56953e+02	1.32800e+03	0.00582362	454.0
1329	4.57445e+02	1.32900e+03	0.00570692	454.5
1330	4.57924e+02	1.33000e+03	0.00560208	455.0
1331	4.58430e+02	1.33100e+03	0.00550542	455.5
1332	4.58934e+02	1.33200e+03	0.00544565	456.0
1333	4.59430e+02	1.33300e+03	0.00537841	456.5
1334	4.59932e+02	1.33400e+03	0.00531803	457.0
1335	4.60450e+02	1.33500e+03	0.0052645	457.5
1336	4.60947e+02	1.33600e+03	0.00524742	458.0
1337	4.61462e+02	1.33700e+03	0.00522776	458.5
1338	4.61975e+02	1.33800e+03	0.0052172	459.0
1339	4.62471e+02	1.33900e+03	0.00521339	459.5
1340	4.62983e+02	1.34000e+03	0.00523689	460.0
1341	4.63471e+02	1.34100e+03	0.00524454	460.5
1342	4.63961e+02	1.34200e+03	0.00524731	461.0
1343	4.64449e+02	1.34300e+03	0.00524827	461.5
1344	4.64936e+02	1.34400e+03	0.00524194	462.0
1345	4.65427e+02	1.34500e+03	0.00523208	462.5
1346	4.65911e+02	1.34600e+03	0.00521819	463.0
1347	4.66406e+02	1.34700e+03	0.00520144	463.5
1348	4.66905e+02	1.34800e+03	0.00516291	464.0
1349	4.67425e+02	1.34900e+03	0.00512736	464.5
1350	4.67910e+02	1.35000e+03	0.00508802	465.0
1351	4.68403e+02	1.35100e+03	0.00504582	465.5
1352	4.68904e+02	1.35200e+03	0.00498931	466.0
1353	4.69388e+02	1.35300e+03	0.00493842	466.5
1354	4.69890e+02	1.35400e+03	0.00488851	467.0
1355	4.70383e+02	1.35500e+03	0.00483877	467.5
1356	4.70861e+02	1.35600e+03	0.00478415	468.0
1357	4.71359e+02	1.35700e+03	0.00472967	468.5
1358	4.71867e+02	1.35800e+03	0.00467393	469.0
1359	4.72355e+02	1.35900e+03	0.0046176	469.5
1360	4.72864e+02	1.36000e+03	0.00456352	470.0
1361	4.73359e+02	1.36100e+03	0.00451355	470.5
1362	4.73856e+02	1.36200e+03	0.00446826	471.0
1363	4.74341e+02	1.36300e+03	0.00442645	471.5
1364	4.74855e+02	1.36400e+03	0.00440022	472.0
1365	4.75345e+02	1.36500e+03	0.00437269	472.5
1366	4.75826e+02	1.36600e+03	0.00434673	473.0
1367	4.76323e+02	1.36700e+03	0.00432165	473.5
1368	4.76805e+02	1.36800e+03	0.00430765	474.0
1369	4.77300e+02	1.36900e+03	0.00428977	474.5
1370	4.77786e+02	1.37000e+03	0.0042757	475.0
1371	4.78263e+02	1.37100e+03	0.00426517	475.5
1372	4.78750e+02	1.37200e+03	0.00426186	476.0
1373	4.79228e+02	1.37300e+03	0.00426128	476.5
1374	4.79730e+02	1.37400e+03	0.00426229	477.0
1375	4.80216e+02	1.37500e+03	0.0042635	477.5
1376	4.80711e+02	1.37600e+03	0.00427489	478.0
1377	4.81205e+02	1.37700e+03	0.00427814	478.5
1378	4.81693e+02	1.37800e+03	0.00428025	479.0
1379	4.82187e+02	1.37900e+03	0.00428257	479.5
1380	4.82673e+02	1.38000e+03	0.00427561	480.0
1381	4.83169e+02	1.38100e+03	0.00426923	480.5
1382	4.83655e+02	1.38200e+03	0.0042598	481.0
1383	4.84165e+02	1.38300e+03	0.00424831	481.5
1384	4.84659e+02	1.38400e+03	0.00423555	482.0
1385	4.85144e+02	1.38500e+03	0.00422759	482.5
1386	4.85641e+02	1.38600e+03	0.00422277	483.0
1387	4.86116e+02	1.38700e+03	0.00422029	483.5
1388	4.86611e+02	1.38800e+03	0.00422836	484.0
1389	4.87098e+02	1.38900e+03	0.00423385	484.5
1390	4.87589e+02	1.39000e+03	0.00423605	485.0
1391	4.88080e+02	1.39100e+03	0.00423495	485.5
1392	4.88569e+02	1.39200e+03	0.00422244	486.0
1393	4.89061e+02	1.39300e+03	0.0041984	486.5
1394	4.89551e+02	1.39400e+03	0.00416535	487.0
1395	4.90044e+02	1.39500e+03	0.004127	487.5
1396	4.90537e+02	1.39600e+03	0.00405641	488.0
1397	4.91038e+02	1.39700e+03	0.00400413	488.5
1398	4.91530e+02	1.39800e+03	0.0039547	489.0
1399	4.92029e+02	1.39900e+03	0.00390459	489.5
1400	4.92523e+02	1.40000e+03	0.00385802	490.0
1401	4.93017e+02	1.40100e+03	0.00381236	490.5
1402	4.93506e+02	1.40200e+03	0.00376957	491.0
1403	4.93993e+02	1.40300e+03	0.00372949	491.5
1404	4.94497e+02	1.40400e+03	0.00370182	492.0
1405	4.94994e+02	1.40500e+03	0.0036772	492.5
1406	4.95488e+02	1.40600e+03	0.00365778	493.0
1407	4.95975e+02	1.40700e+03	0.00364127	493.5
1408	4.96465e+02	1.40800e+03	0.00363972	494.0
1409	4.96951e+02	1.40900e+03	0.00362908	494.5
1410	4.97453e+02	1.41000e+03	0.0036162	495.0
1411	4.97947e+02	1.41100e+03	0.0036028	495.5
1412	4.98436e+02	1.41200e+03	0.00358966	496.0
1413	4.98925e+02	1.41300e+03	0.00357851	496.5
1414	4.99433e+02	1.41400e+03	0.00356895	497.0
1415	4.99932e+02	1.41500e+03	0.00356007	497.5
1416	5.00429e+02	1.41600e+03	0.00355162	498.0
1417	5.00918e+02	1.41700e+03	0.00353953	498.5
1418	5.01416e+02	1.41800e+03	0.00352499	499.0
1419	5.01916e+02	1.41900e+03	0.00350951	499.5
1420	5.02415e+02	1.42000e+03	0.00349075	500.0
1421	5.02912e+02	1.42100e+03	0.00347516	500.5
1422	5.03387e+02	1.42200e+03	0.00346201	501.0
1423	5.03871e+02	1.42300e+03	0.00345047	501.5
1424	5.04357e+02	1.42400e+03	0.00344171	502.0
1425	5.04882e+02	1.42500e+03	0.00343214	502.5
1426	5.05371e+02	1.42600e+03	0.00342236	503.0
1427	5.05871e+02	1.42700e+03	0.00341273	503.5
1428	5.06360e+02	1.42800e+03	0.00340794	504.0
1429	5.06859e+02	1.42900e+03	0.00340361	504.5
1430	5.07349e+02	1.43000e+03	0.0034013	505.0
1431	5.07831e+02	1.43100e+03	0.00340052	505.5
1432	5.08321e+02	1.43200e+03	0.00340432	506.0
1433	5.08802e+02	1.43300e+03	0.00340555	506.5
1434	5.09289e+02	1.43400e+03	0.00340555	507.0
1435	5.09782e+02	1.43500e+03	0.00340501	507.5
1436	5.10277e+02	1.43600e+03	0.00340799	508.0
1437	5.10749e+02	1.43700e+03	0.00341237	508.5
1438	5.11209e+02	1.43800e+03	0.00341817	509.0
1439	5.11693e+02	1.43900e+03	0.00342417	509.5
1440	5.12190e+02	1.44000e+03	0.00342878	510.0
1441	5.12672e+02	1.44100e+03	0.00342849	510.5
1442	5.13167e+02	1.44200e+03	0.00342354	511.0
1443	5.13644e+02	1.44300e+03	0.00341565	511.5
1444	5.14122e+02	1.44400e+03	0.00339715	512.0
1445	5.14591e+02	1.44500e+03	0.00338382	512.5
1446	5.15084e+02	1.44600e+03	0.00337267	513.0
1447	5.15576e+02	1.44700e+03	0.00336279	513.5
1448	5.16084e+02	1.44800e+03	0.00334923	514.0
1449	5.16571e+02	1.44900e+03	0.00333499	514.5
1450	5.17063e+02	1.45000e+03	0.00331728	515.0
1451	5.17547e+02	1.45100e+03	0.00329653	515.5
1452	5.18050e+02	1.45200e+03	0.00327205	516.0
1453	5.18540e+02	1.45300e+03	0.00324987	516.5
1454	5.19032e+02	1.45400e+03	0.00323062	517.0
1455	5.19524e+02	1.45500e+03	0.00321364	517.5
1456	5.20024e+02	1.45600e+03	0.00320096	518.0
1457	5.20510e+02	1.45700e+03	0.00319279	518.5
1458	5.21001e+02	1.45800e+03	0.0031869	519.0
1459	5.21489e+02	1.45900e+03	0.00318168	519.5
1460	5.21968e+02	1.46000e+03	0.00318752	520.0
1461	5.22465e+02	1.46100e+03	0.00318534	520.5
1462	5.22955e+02	1.46200e+03	0.00318235	521.0
1463	5.23433e+02	1.46300e+03	0.00317982	521.5
1464	5.23932e+02	1.46400e+03	0.00317086	522.0
1465	5.24415e+02	1.46500e+03	0.00316422	522.5
1466	5.24913e+02	1.46600e+03	0.00315639	523.0
1467	5.25410e+02	1.46700e+03	0.00314683	523.5
1468	5.25901e+02	1.46800e+03	0.00313242	524.0
1469	5.26405e+02	1.46900e+03	0.00311712	524.5
1470	5.26912e+02	1.47000e+03	0.00310324	525.0
1471	5.27400e+02	1.47100e+03	0.00309146	525.5
1472	5.27903e+02	1.47200e+03	0.00308124	526.0
1473	5.28397e+02	1.47300e+03	0.00307722	526.5
1474	5.28879e+02	1.47400e+03	0.00307575	527.0
1475	5.29387e+02	1.47500e+03	0.00307477	527.5
1476	5.29901e+02	1.47600e+03	0.00308339	528.0
1477	5.30405e+02	1.47700e+03	0.00308139	528.5
1478	5.30891e+02	1.47800e+03	0.0030766	529.0
1479	5.31396e+02	1.47900e+03	0.00307228	529.5
1480	5.31915e+02	1.48000e+03	0.00306375	530.0
1481	5.32454e+02	1.48100e+03	0.00306095	530.5
1482	5.32959e+02	1.48200e+03	0.00305906	531.0
1483	5.33456e+02	1.48300e+03	0.00305653	531.5
1484	5.33993e+02	1.48400e+03	0.00304928	532.0
1485	5.34532e+02	1.48500e+03	0.00303308	532.5
1486	5.35024e+02	1.48600e+03	0.00301219	533.0
1487	5.35568e+02	1.48700e+03	0.00298978	533.5
1488	5.36094e+02	1.48800e+03	0.00295196	534.0
1489	5.36615e+02	1.48900e+03	0.0029248	534.5
1490	5.37121e+02	1.49000e+03	0.00289817	535.0
1491	5.37616e+02	1.49100e+03	0.00286954	535.5
1492	5.38106e+02	1.49200e+03	0.00284097	536.0
1493	5.38596e+02	1.49300e+03	0.00280813	536.5
1494	5.39103e+02	1.49400e+03	0.00277532	537.0
1495	5.39620e+02	1.49500e+03	0.00274428	537.5
1496	5.40131e+02	1.49600e+03	0.00271682	538.0
1497	5.40622e+02	1.49700e+03	0.00270076	538.5
1498	5.41121e+02	1.49800e+03	0.00269336	539.0
1499	5.41613e+02	1.49900e+03	0.00269108	539.5
1500	5.42104e+02	1.50000e+03	0.00271591	540.0
1501	5.42598e+02	1.50100e+03	0.0027273	540.5
1502	5.43097e+02	1.50200e+03	0.00273519	541.0
1503	5.43594e+02	1.50300e+03	0.00274261	541.5
1504	5.44106e+02	1.50400e+03	0.0027525	542.0
1505	5.44603e+02	1.50500e+03	0.00276049	542.5
1506	5.45112e+02	1.50600e+03	0.00276834	543.0
1507	5.45616e+02	1.50700e+03	0.00277657	543.5
1508	5.46116e+02	1.50800e+03	0.002781	544.0
1509	5.46603e+02	1.50900e+03	0.00278534	544.5
1510	5.47096e+02	1.51000e+03	0.00278672	545.0
1511	5.47601e+02	1.51100e+03	0.00278583	545.5
1512	5.48087e+02	1.51200e+03	0.00277941	546.0
1513	5.48577e+02	1.51300e+03	0.0027716	546.5
1514	5.49052e+02	1.51400e+03	0.00276188	547.0
1515	5.49515e+02	1.51500e+03	0.00275074	547.5
1516	5.50008e+02	1.51600e+03	0.00272713	548.0
1517	5.50504e+02	1.51700e+03	0.002706	548.5
1518	5.50977e+02	1.51800e+03	0.00268273	549.0
1519	5.51471e+02	1.51900e+03	0.00265727	549.5
1520	5.51963e+02	1.52000e+03	0.00262411	550.0
1521	5.52464e+02	1.52100e+03	0.00259507	550.5
1522	5.52943e+02	1.52200e+03	0.0025687	551.0
1523	5.53425e+02	1.52300e+03	0.00254409	551.5
1524	5.53910e+02	1.52400e+03	0.00252282	552.0
1525	5.54364e+02	1.52500e+03	0.00250488	552.5
1526	5.54867e+02	1.52600e+03	0.00249071	553.0
1527	5.55352e+02	1.52700e+03	0.00247924	553.5
1528	5.55843e+02	1.52800e+03	0.00248855	554.0
1529	5.56331e+02	1.52900e+03	0.00249906	554.5
1530	5.56818e+02	1.53000e+03	0.00251522	555.0
1531	5.57327e+02	1.53100e+03	0.00253526	555.5
1532	5.57815e+02	1.53200e+03	0.00257356	556.0
1533	5.58301e+02	1.53300e+03	0.00259832	556.5
1534	5.58807e+02	1.53400e+03	0.00261524	557.0
1535	5.59310e+02	1.53500e+03	0.00262776	557.5
1536	5.59758e+02	1.53600e+03	0.00262504	558.0
1537	5.60238e+02	1.53700e+03	0.00262117	558.5
1538	5.60726e+02	1.53800e+03	0.00261514	559.0
1539	5.61193e+02	1.53900e+03	0.00260791	559.5
1540	5.61680e+02	1.54000e+03	0.00258297	560.0
1541	5.62164e+02	1.54100e+03	0.00256741	560.5
1542	5.62650e+02	1.54200e+03	0.0025507	561.0
1543	5.63137e+02	1.54300e+03	0.00253113	561.5
1544	5.63644e+02	1.54400e+03	0.00251108	562.0
1545	5.64139e+02	1.54500e+03	0.00248991	562.5
1546	5.64622e+02	1.54600e+03	0.00246963	563.0
1547	5.65080e+02	1.54700e+03	0.0024504	563.5
1548	5.65557e+02	1.54800e+03	0.00242841	564.0
1549	5.66038e+02	1.54900e+03	0.00240988	564.5
1550	5.66515e+02	1.55000e+03	0.0023909	565.0
1551	5.66969e+02	1.55100e+03	0.00237066	565.5
1552	5.67464e+02	1.55200e+03	0.00235189	566.0
1553	5.67883e+02	1.55300e+03	0.00232925	566.5
1554	5.68310e+02	1.55400e+03	0.00230517	567.0
1555	5.68754e+02	1.55500e+03	0.00228038	567.5
1556	5.69224e+02	1.55600e+03	0.0022483	568.0
1557	5.69688e+02	1.55700e+03	0.00222007	568.5
1558	5.70122e+02	1.55800e+03	0.00219195	569.0
1559	5.70571e+02	1.55900e+03	0.00216338	569.5
1560	5.71050e+02	1.56000e+03	0.00213701	570.0
1561	5.71543e+02	1.56100e+03	0.00211192	570.5
1562	5.71989e+02	1.56200e+03	0.00208895	571.0
1563	5.72450e+02	1.56300e+03	0.00206737	571.5
1564	5.72898e+02	1.56400e+03	0.00204967	572.0
1565	5.73366e+02	1.56500e+03	0.00203058	572.5
1566	5.73826e+02	1.56600e+03	0.00201097	573.0
1567	5.74280e+02	1.56700e+03	0.00199079	573.5
1568	5.74715e+02	1.56800e+03	0.00197183	574.0
1569	5.75183e+02	1.56900e+03	0.00195388	574.5
1570	5.75645e+02	1.57000e+03	0.00193914	575.0
1571	5.76097e+02	1.57100e+03	0.0019267	575.5
1572	5.76556e+02	1.57200e+03	0.00192104	576.0
1573	5.77011e+02	1.57300e+03	0.00191679	576.5
1574	5.77469e+02	1.57400e+03	0.00191258	577.0
1575	5.77931e+02	1.57500e+03	0.00190782	577.5
1576	5.78398e+02	1.57600e+03	0.00190752	578.0
1577	5.78878e+02	1.57700e+03	0.00189734	578.5
1578	5.79355e+02	1.57800e+03	0.0018838	579.0
1579	5.79842e+02	1.57900e+03	0.00187023	579.5
1580	5.80331e+02	1.58000e+03	0.00184837	580.0
1581	5.80802e+02	1.58100e+03	0.00183534	580.5
1582	5.81270e+02	1.58200e+03	0.00182516	581.0
1583	5.81770e+02	1.58300e+03	0.00181544	581.5
1584	5.82253e+02	1.58400e+03	0.00180853	582.0
1585	5.82746e+02	1.58500e+03	0.00179472	582.5
1586	5.83235e+02	1.58600e+03	0.00177799	583.0
1587	5.83725e+02	1.58700e+03	0.00176045	583.5
1588	5.84213e+02	1.58800e+03	0.00173765	584.0
1589	5.84705e+02	1.58900e+03	0.00172246	584.5
1590	5.85189e+02	1.59000e+03	0.00171165	585.0
1591	5.85688e+02	1.59100e+03	0.00170279	585.5
1592	5.86169e+02	1.59200e+03	0.00170218	586.0
1593	5.86661e+02	1.59300e+03	0.00169727	586.5
1594	5.87146e+02	1.59400e+03	0.00169108	587.0
1595	5.87635e+02	1.59500e+03	0.00168483	587.5
1596	5.88128e+02	1.59600e+03	0.00168297	588.0
1597	5.88605e+02	1.59700e+03	0.00168121	588.5
1598	5.89103e+02	1.59800e+03	0.0016797	589.0
1599	5.89595e+02	1.59900e+03	0.00167813	589.5
1600	5.90099e+02	1.60000e+03	0.00167389	590.0
1601	5.90583e+02	1.60100e+03	0.0016645	590.5
1602	5.91065e+02	1.60200e+03	0.00164962	591.0
1603	5.91553e+02	1.60300e+03	0.00163136	591.5
1604	5.92040e+02	1.60400e+03	0.00160417	592.0
1605	5.92529e+02	1.60500e+03	0.00158554	592.5
1606	5.93023e+02	1.60600e+03	0.00157249	593.0
1607	5.93523e+02	1.60700e+03	0.00156278	593.5
1608	5.94015e+02	1.60800e+03	0.00156298	594.0
1609	5.94524e+02	1.60900e+03	0.00156211	594.5
1610	5.95013e+02	1.61000e+03	0.00156141	595.0
1611	5.95513e+02	1.61100e+03	0.00156114	595.5
1612	5.96007e+02	1.61200e+03	0.00157353	596.0
1613	5.96498e+02	1.61300e+03	0.00158279	596.5
1614	5.97004e+02	1.61400e+03	0.00159437	597.0
1615	5.97503e+02	1.61500e+03	0.00160805	597.5
1616	5.98001e+02	1.61600e+03	0.00162765	598.0
1617	5.98501e+02	1.61700e+03	0.00164711	598.5
1618	5.99006e+02	1.61800e+03	0.00166756	599.0
1619	5.99505e+02	1.61900e+03	0.00168918	599.5
1620	6.00017e+02	1.62000e+03	0.00172172	600.0
1621	6.00518e+02	1.62100e+03	0.00175287	600.5
1622	6.01012e+02	1.62200e+03	0.0017842	601.0
1623	6.01513e+02	1.62300e+03	0.00181477	601.5
1624	6.02003e+02	1.62400e+03	0.00183848	602.0
1625	6.02500e+02	1.62500e+03	0.00184996	602.5
1626	6.03003e+02	1.62600e+03	0.00184837	603.0
1627	6.03501e+02	1.62700e+03	0.00183728	603.5
1628	6.03999e+02	1.62800e+03	0.00178315	604.0
1629	6.04495e+02	1.62900e+03	0.0017393	604.5
1630	6.04999e+02	1.63000e+03	0.00169509	605.0
1631	6.05509e+02	1.63100e+03	0.00164925	605.5
1632	6.06013e+02	1.63200e+03	0.0015823	606.0
1633	6.06507e+02	1.63300e+03	0.0015308	606.5
1634	6.07004e+02	1.63400e+03	0.00148044	607.0
1635	6.07493e+02	1.63500e+03	0.00142763	607.5
1636	6.07978e+02	1.63600e+03	0.00137714	608.0
1637	6.08475e+02	1.63700e+03	0.00131972	608.5
1638	6.08983e+02	1.63800e+03	0.00126269	609.0
1639	6.09483e+02	1.63900e+03	0.001208	609.5
1640	6.09974e+02	1.64000e+03	0.00115477	610.0
1641	6.10473e+02	1.64100e+03	0.00111641	610.5
1642	6.10979e+02	1.64200e+03	0.00108806	611.0
1643	6.11493e+02	1.64300e+03	0.00106564	611.5
1644	6.12010e+02	1.64400e+03	0.00108818	612.0
1645	6.12537e+02	1.64500e+03	0.00110346	612.5
1646	6.13061e+02	1.64600e+03	0.00112599	613.0
1647	6.13590e+02	1.64700e+03	0.00115556	613.5
1648	6.14103e+02	1.64800e+03	0.00122134	614.0
1649	6.14618e+02	1.64900e+03	0.00127678	614.5
1650	6.15133e+02	1.65000e+03	0.00133195	615.0
1651	6.15662e+02	1.65100e+03	0.00138743	615.5
1652	6.16201e+02	1.65200e+03	0.00144736	616.0
1653	6.16755e+02	1.65300e+03	0.00149245	616.5
1654	6.17295e+02	1.65400e+03	0.00152697	617.0
1655	6.17850e+02	1.65500e+03	0.00155498	617.5
1656	6.18435e+02	1.65600e+03	0.00154227	618.0
1657	6.18956e+02	1.65700e+03	0.00153348	618.5
1658	6.19572e+02	1.65800e+03	0.00151877	619.0
1659	6.20090e+02	1.65900e+03	0.00149881	619.5
1660	6.20586e+02	1.66000e+03	0.00144143	620.0
1661	6.21178e+02	1.66100e+03	0.00139707	620.5
1662	6.21705e+02	1.66200e+03	0.00135284	621.0
1663	6.22180e+02	1.66300e+03	0.0013074	621.5
1664	6.22654e+02	1.66400e+03	0.00126525	622.0
1665	6.23130e+02	1.66500e+03	0.00123675	622.5
1666	6.23609e+02	1.66600e+03	0.00122045	623.0
1667	6.24143e+02	1.66700e+03	0.00121249	623.5
1668	6.24642e+02	1.66800e+03	0.00124563	624.0
1669	6.25143e+02	1.66900e+03	0.0012686	624.5
1670	6.25652e+02	1.67000e+03	0.00128847	625.0
1671	6.26166e+02	1.67100e+03	0.00130637	625.5
1672	6.26670e+02	1.67200e+03	0.00132572	626.0
1673	6.27179e+02	1.67300e+03	0.00132311	626.5
1674	6.27710e+02	1.67400e+03	0.00130929	627.0
1675	6.28214e+02	1.67500e+03	0.0012898	627.5
1676	6.28688e+02	1.67600e+03	0.00122425	628.0
1677	6.29166e+02	1.67700e+03	0.00117619	628.5
1678	6.29666e+02	1.67800e+03	0.00112944	629.0
1679	6.30173e+02	1.67900e+03	0.00108274	629.5
1680	6.30680e+02	1.68000e+03	0.00104099	630.0
1681	6.31168e+02	1.68100e+03	0.00101073	630.5
1682	6.31666e+02	1.68200e+03	0.000988951	631.0
1683	6.32161e+02	1.68300e+03	0.000971025	631.5
1684	6.32644e+02	1.68400e+03	0.000976114	632.0
1685	6.33148e+02	1.68500e+03	0.000967299	632.5
1686	6.33647e+02	1.68600e+03	0.000951654	633.0
1687	6.34178e+02	1.68700e+03	0.000933022	633.5
1688	6.34690e+02	1.68800e+03	0.000922026	634.0
1689	6.35170e+02	1.68900e+03	0.000923546	634.5
1690	6.35657e+02	1.69000e+03	0.000937846	635.0
1691	6.36156e+02	1.69100e+03	0.000959834	635.5
1692	6.36674e+02	1.69200e+03	0.00100053	636.0
1693	6.37195e+02	1.69300e+03	0.00102496	636.5
1694	6.37694e+02	1.69400e+03	0.00103654	637.0
1695	6.38215e+02	1.69500e+03	0.00103885	637.5
1696	6.38693e+02	1.69600e+03	0.00101406	638.0
1697	6.39177e+02	1.69700e+03	0.00098357	638.5
1698	6.39677e+02	1.69800e+03	0.000948894	639.0
1699	6.40167e+02	1.69900e+03	0.000912833	639.5
1700	6.40666e+02	1.70000e+03	0.000844019	640.0
1701	6.41144e+02	1.70100e+03	0.000800905	640.5
1702	6.41629e+02	1.70200e+03	0.000765156	641.0
1703	6.42095e+02	1.70300e+03	0.000731844	641.5
1704	6.42569e+02	1.70400e+03	0.000723177	642.0
1705	6.43049e+02	1.70500e+03	0.000704312	642.5
1706	6.43532e+02	1.70600e+03	0.000684728	643.0
1707	6.44040e+02	1.70700e+03	0.000666336	643.5
1708	6.44534e+02	1.70800e+03	0.000650943	644.0
1709	6.45009e+02	1.70900e+03	0.000632921	644.5
1710	6.45492e+02	1.71000e+03	0.00061427	645.0
1711	6.45994e+02	1.71100e+03	0.000595727	645.5
1712	6.46474e+02	1.71200e+03	0.000582843	646.0
1713	6.46968e+02	1.71300e+03	0.000576834	646.5
1714	6.47457e+02	1.71400e+03	0.000578135	647.0
1715	6.47944e+02	1.71500e+03	0.000583954	647.5
1716	6.48438e+02	1.71600e+03	0.000610902	648.0
1717	6.48922e+02	1.71700e+03	0.000630061	648.5
1718	6.49419e+02	1.71800e+03	0.000644121	649.0
1719	6.49901e+02	1.71900e+03	0.000653649	649.5
1720	6.50383e+02	1.72000e+03	0.000657544	650.0
1721	6.50864e+02	1.72100e+03	0.000653538	650.5
1722	6.51349e+02	1.72200e+03	0.000645899	651.0
1723	6.51825e+02	1.72300e+03	0.000637517	651.5
1724	6.52317e+02	1.72400e+03	0.000604875	652.0
1725	6.52797e+02	1.72500e+03	0.000583029	652.5
1726	6.53285e+02	1.72600e+03	0.000561397	653.0
1727	6.53769e+02	1.72700e+03	0.00053803	653.5
1728	6.54262e+02	1.72800e+03	0.000509598	654.0
1729	6.54752e+02	1.72900e+03	0.000481493	654.5
1730	6.55242e+02	1.73000e+03	0.000457376	655.0
1731	6.55716e+02	1.73100e+03	0.000436704	655.5
1732	6.56199e+02	1.73200e+03	0.000419979	656.0
1733	6.56691e+02	1.73300e+03	0.000407643	656.5
1734	6.57183e+02	1.73400e+03	0.000394041	657.0
1735	6.57666e+02	1.73500e+03	0.000376782	657.5
1736	6.58164e+02	1.73600e+03	0.000352403	658.0
1737	6.58653e+02	1.73700e+03	0.000312475	658.5
1738	6.59142e+02	1.73800e+03	0.000266668	659.0
1739	6.59614e+02	1.73900e+03	0.000218963	659.5
1740	6.60105e+02	1.74000e+03	0.000138482	660.0
1741	6.60592e+02	1.74100e+03	8.13077e-05	660.5
1742	6.61089e+02	1.74200e+03	2.97447e-05	661.0
1743	6.61571e+02	1.74300e+03	-2.19206e-05	661.5
1744	6.62059e+02	1.74400e+03	-5.69018e-05	662.0
1745	6.62553e+02	1.74500e+03	-9.44359e-05	662.5
1746	6.63048e+02	1.74600e+03	-0.000125874	663.0
1747	6.63537e+02	1.74700e+03	-0.00015102	663.5
1748	6.64019e+02	1.74800e+03	-0.000141646	664.0
1749	6.64517e+02	1.74900e+03	-0.000123371	664.5
1750	6.64989e+02	1.75000e+03	-9.32152e-05	665.0
1751	6.65488e+02	1.75100e+03	-5.65032e-05	665.5
1752	6.65976e+02	1.75200e+03	1.97406e-05	666.0
1753	6.66477e+02	1.75300e+03	6.5287e-05	666.5
1754	6.66965e+02	1.75400e+03	9.93002e-05	667.0
1755	6.67469e+02	1.75500e+03	0.000130534	667.5
1756	6.67959e+02	1.75600e+03	0.00014583	668.0
1757	6.68457e+02	1.75700e+03	0.000168912	668.5
1758	6.68949e+02	1.75800e+03	0.000193225	669.0
1759	6.69450e+02	1.75900e+03	0.000217226	669.5
1760	6.69941e+02	1.76000e+03	0.000233568	670.0
1761	6.70444e+02	1.76100e+03	0.00024716	670.5
1762	6.70938e+02	1.76200e+03	0.000254828	671.0
1763	6.71431e+02	1.76300e+03	0.00025874	671.5
1764	6.71934e+02	1.76400e+03	0.000250868	672.0
1765	6.72427e+02	1.76500e+03	0.000245883	672.5
1766	6.72924e+02	1.76600e+03	0.000239765	673.0
1767	6.73422e+02	1.76700e+03	0.000232315	673.5
1768	6.73916e+02	1.76800e+03	0.000211246	674.0
1769	6.74405e+02	1.76900e+03	0.000189824	674.5
1770	6.74901e+02	1.77000e+03	0.000166731	675.0
1771	6.75403e+02	1.77100e+03	0.000142807	675.5
1772	6.75899e+02	1.77200e+03	0.000115466	676.0
1773	6.76399e+02	1.77300e+03	0.000100176	676.5
1774	6.76900e+02	1.77400e+03	9.62935e-05	677.0
1775	6.77391e+02	1.77500e+03	9.99365e-05	677.5
1776	6.77889e+02	1.77600e+03	0.000124172	678.0
1777	6.78384e+02	1.77700e+03	0.000139205	678.5
1778	6.78884e+02	1.77800e+03	0.000148023	679.0
1779	6.79379e+02	1.77900e+03	0.000152125	679.5
1780	6.79865e+02	1.78000e+03	0.000148516	680.0
1781	6.80374e+02	1.78100e+03	0.000136437	680.5
1782	6.80872e+02	1.78200e+03	0.000124128	681.0
1783	6.81371e+02	1.78300e+03	0.000113807	681.5
1784	6.81865e+02	1.78400e+03	8.89481e-05	682.0
1785	6.82358e+02	1.78500e+03	8.09976e-05	682.5
1786	6.82859e+02	1.78600e+03	7.80115e-05	683.0
1787	6.83363e+02	1.78700e+03	7.68261e-05	683.5
1788	6.83866e+02	1.78800e+03	9.64021e-05	684.0
1789	6.84358e+02	1.78900e+03	0.000102861	684.5
1790	6.84849e+02	1.79000e+03	0.000106909	685.0
1791	6.85345e+02	1.79100e+03	0.000110884	685.5
1792	6.85844e+02	1.79200e+03	0.000107356	686.0
1793	6.86344e+02	1.79300e+03	0.00010395	686.5
1794	6.86834e+02	1.79400e+03	9.82866e-05	687.0
1795	6.87019e+02	1.79500e+03	9.18397e-05	687.5
1796	6.87204e+02	1.79600e+03	8.67047e-05	688.0
1797	6.87504e+02	1.79700e+03	8.74223e-05	688.5
1798	6.87874e+02	1.79800e+03	9.2126e-05	689.0
1799	6.88240e+02	1.79900e+03	9.88001e-05	689.5
1800	6.88586e+02	1.80000e+03	0.000118396	690.0
1801	6.88940e+02	1.80100e+03	0.000126697	690.5
1802	6.89273e+02	1.80200e+03	0.000122756	691.0
1803	6.89594e+02	1.80300e+03	0.000109984	691.5
1804	6.89907e+02	1.80400e+03	8.13659e-05	692.0
1805	6.90201e+02	1.80500e+03	4.84864e-05	692.5
1806	6.90494e+02	1.80600e+03	1.10656e-05	693.0
1807	6.90785e+02	1.80700e+03	-2.80557e-05	693.5
1808	6.91054e+02	1.80800e+03	-8.80565e-05	694.0
1809	6.91315e+02	1.80900e+03	-0.000129515	694.5
1810	6.91562e+02	1.81000e+03	-0.00016499	695.0
1811	6.91820e+02	1.81100e+03	-0.000198806	695.5
1812	6.92064e+02	1.81200e+03	-0.00021275	696.0
1813	6.92303e+02	1.81300e+03	-0.000228148	696.5
1814	6.92541e+02	1.81400e+03	-0.000234036	697.0
1815	6.92760e+02	1.81500e+03	-0.000230577	697.5
1816	6.92981e+02	1.81600e+03	-0.000198767	698.0
1817	6.93197e+02	1.81700e+03	-0.000171481	698.5
1818	6.93395e+02	1.81800e+03	-0.000146319	699.0
1819	6.93595e+02	1.81900e+03	-0.000123494	699.5
1820	6.93783e+02	1.82000e+03	-8.98755e-05	700.0
1821	6.93962e+02	1.82100e+03	-7.3142e-05	700.0
1822	6.94149e+02	1.82200e+03	-6.22171e-05	700.0
1823	6.94331e+02	1.82300e+03	-5.27924e-05	700.0
1824	6.94505e+02	1.82400e+03	-6.4595e-05	700.0
1825	6.94673e+02	1.82500e+03	-6.10325e-05	700.0
1826	6.94839e+02	1.82600e+03	-5.68221e-05	700.0
1827	6.94996e+02	1.82700e+03	-5.58211e-05	700.0
1828	6.95143e+02	1.82800e+03	-6.4561e-05	700.0
1829	6.95294e+02	1.82900e+03	-8.61218e-05	700.0
1830	6.95434e+02	1.83000e+03	-0.000116555	700.0
1831	6.95586e+02	1.83100e+03	-0.000151403	700.0
1832	6.95715e+02	1.83200e+03	-0.000213323	700.0
1833	6.95835e+02	1.83300e+03	-0.00025365	700.0
1834	6.95957e+02	1.83400e+03	-0.000283859	700.0
1835	6.96085e+02	1.83500e+03	-0.000308634	700.0
1836	6.96194e+02	1.83600e+03	-0.000310255	700.0
1837	6.96316e+02	1.83700e+03	-0.000314803	700.0
1838	6.96421e+02	1.83800e+03	-0.000318191	700.0
1839	6.96516e+02	1.83900e+03	-0.000320643	700.0
1840	6.96635e+02	1.84000e+03	-0.000306283	700.0
1841	6.96737e+02	1.84100e+03	-0.000304841	700.0
1842	6.96828e+02	1.84200e+03	-0.000308352	700.0
1843	6.96943e+02	1.84300e+03	-0.000313173	700.0
1844	6.97038e+02	1.84400e+03	-0.000329293	700.0
1845	6.97134e+02	1.84500e+03	-0.000341535	700.0
1846	6.97219e+02	1.84600e+03	-0.000352952	700.0
1847	6.97306e+02	1.84700e+03	-0.000363404	700.0
1848	6.97401e+02	1.84800e+03	-0.000370549	700.0
1849	6.97478e+02	1.84900e+03	-0.000373306	700.0
1850	6.97556e+02	1.85000e+03	-0.000372477	700.0
1851	6.97641e+02	1.85100e+03	-0.000369499	700.0
1852	6.97723e+02	1.85200e+03	-0.000359344	700.0
1853	6.97801e+02	1.85300e+03	-0.000358584	700.0
1854	6.97850e+02	1.85400e+03	-0.000361364	700.0
1855	6.97933e+02	1.85500e+03	-0.000364798	700.0
1856	6.98006e+02	1.85600e+03	-0.000374693	700.0
1857	6.98069e+02	1.85700e+03	-0.000380143	700.0
1858	6.98128e+02	1.85800e+03	-0.000383533	700.0
1859	6.98183e+02	1.85900e+03	-0.000385767	700.0
1860	6.98231e+02	1.86000e+03	-0.000384282	700.0
1861	6.98293e+02	1.86100e+03	-0.000385287	700.0
1862	6.98337e+02	1.86200e+03	-0.000389829	700.0
1863	6.98402e+02	1.86300e+03	-0.000396239	700.0
1864	6.98460e+02	1.86400e+03	-0.000403415	700.0
1865	6.98508e+02	1.86500e+03	-0.000411949	700.0
1866	6.98564e+02	1.86600e+03	-0.000421139	700.0
1867	6.98616e+02	1.86700e+03	-0.000430553	700.0
1868	6.98660e+02	1.86800e+03	-0.000445085	700.0
1869	6.98717e+02	1.86900e+03	-0.000456233	700.0
1870	6.98753e+02	1.87000e+03	-0.000466625	700.0
1871	6.98806e+02	1.87100e+03	-0.000476963	700.0
1872	6.98850e+02	1.87200e+03	-0.000485565	700.0
1873	6.98891e+02	1.87300e+03	-0.000494862	700.0
1874	6.98934e+02	1.87400e+03	-0.000503402	700.0
1875	6.98973e+02	1.87500e+03	-0.000511061	700.0
1876	6.99019e+02	1.87600e+03	-0.000514687	700.0
1877	6.99051e+02	1.87700e+03	-0.000517355	700.0
1878	6.99091e+02	1.87800e+03	-0.000521019	700.0
1879	6.99133e+02	1.87900e+03	-0.000525462	700.0
1880	6.99169e+02	1.88000e+03	-0.000519889	700.0
1881	6.99194e+02	1.88100e+03	-0.000514683	700.0
1882	6.99229e+02	1.88200e+03	-0.000507538	700.0
1883	6.99264e+02	1.88300e+03	-0.000498803	700.0
1884	6.99306e+02	1.88400e+03	-0.000483991	700.0
1885	6.99341e+02	1.88500e+03	-0.000472082	700.0
1886	6.99365e+02	1.88600e+03	-0.000461071	700.0
1887	6.99403e+02	1.88700e+03	-0.0004508	700.0
1888	6.99433e+02	1.88800e+03	-0.000448702	700.0
1889	6.99458e+02	1.88900e+03	-0.000450488	700.0
1890	6.99488e+02	1.89000e+03	-0.000454089	700.0
1891	6.99523e+02	1.89100e+03	-0.000458576	700.0
1892	6.99551e+02	1.89200e+03	-0.000475223	700.0
1893	6.99577e+02	1.89300e+03	-0.000484071	700.0
1894	6.99591e+02	1.89400e+03	-0.000490747	700.0
1895	6.99630e+02	1.89500e+03	-0.000496753	700.0
1896	6.99659e+02	1.89600e+03	-0.000497848	700.0
1897	6.99679e+02	1.89700e+03	-0.000500368	700.0
1898	6.99708e+02	1.89800e+03	-0.000501453	700.0
1899	6.99724e+02	1.89900e+03	-0.000499912	700.0
1900	6.99760e+02	1.90000e+03	-0.000488667	700.0
1901	6.99777e+02	1.90100e+03	-0.000478056	700.0
1902	6.99787e+02	1.90200e+03	-0.000467571	700.0
1903	6.99819e+02	1.90300e+03	-0.000457308	700.0
1904	6.99841e+02	1.90400e+03	-0.000447591	700.0
1905	6.99858e+02	1.90500e+03	-0.00044988	700.0
1906	6.99881e+02	1.90600e+03	-0.000460078	700.0
1907	6.99888e+02	1.90700e+03	-0.000474773	700.0
1908	6.99909e+02	1.90800e+03	-0.000516074	700.0
1909	6.99932e+02	1.90900e+03	-0.00054821	700.0
1910	6.99942e+02	1.91000e+03	-0.000579864	700.0
1911	6.99973e+02	1.91100e+03	-0.000613377	700.0
1912	6.99992e+02	1.91200e+03	-0.000655831	700.0
1913	7.00004e+02	1.91300e+03	-0.000690304	700.0
1914	7.00025e+02	1.91400e+03	-0.000718803	700.0
1915	7.00040e+02	1.91500e+03	-0.000742431	700.0
1916	7.00062e+02	1.91600e+03	-0.000745823	700.0
1917	7.00072e+02	1.91700e+03	-0.00074457	700.0
1918	7.00078e+02	1.91800e+03	-0.000738149	700.0
1919	7.00106e+02	1.91900e+03	-0.000729686	700.0
1920	7.00114e+02	1.92000e+03	-0.000700085	700.0
1921	7.00133e+02	1.92100e+03	-0.000687009	700.0
1922	7.00133e+02	1.92200e+03	-0.000679344	700.0
1923	7.00155e+02	1.92300e+03	-0.000673748	700.0
1924	7.00176e+02	1.92400e+03	-0.000680503	700.0
1925	7.00191e+02	1.92500e+03	-0.000681818	700.0
1926	7.00198e+02	1.92600e+03	-0.000682186	700.0
1927	7.00213e+02	1.92700e+03	-0.000682335	700.0
1928	7.00235e+02	1.92800e+03	-0.00068197	700.0
1929	7.00244e+02	1.92900e+03	-0.000679366	700.0
1930	7.00249e+02	1.93000e+03	-0.000675611	700.0
1931	7.00270e+02	1.93100e+03	-0.000671398	700.0
1932	7.00275e+02	1.93200e+03	-0.000663619	700.0
1933	7.00285e+02	1.93300e+03	-0.000659285	700.0
1934	7.00294e+02	1.93400e+03	-0.000656554	700.0
1935	7.00312e+02	1.93500e+03	-0.000654675	700.0
1936	7.00323e+02	1.93600e+03	-0.000658385	700.0
1937	7.00328e+02	1.93700e+03	-0.00066175	700.0
1938	7.00335e+02	1.93800e+03	-0.000666185	700.0
1939	7.00354e+02	1.93900e+03	-0.000671563	700.0
1940	7.00369e+02	1.94000e+03	-0.000682721	700.0
1941	7.00374e+02	1.94100e+03	-0.00069206	700.0
1942	7.00380e+02	1.94200e+03	-0.000701682	700.0
1943	7.00394e+02	1.94300e+03	-0.000711752	700.0
1944	7.00399e+02	1.94400e+03	-0.000724301	700.0
1945	7.00414e+02	1.94500e+03	-0.0007359	700.0
1946	7.00422e+02	1.94600e+03	-0.000747126	700.0
1947	7.00428e+02	1.94700e+03	-0.000758143	700.0
1948	7.00433e+02	1.94800e+03	-0.000767985	700.0
1949	7.00447e+02	1.94900e+03	-0.000776562	700.0
1950	7.00459e+02	1.95000e+03	-0.000784019	700.0
1951	7.00464e+02	1.95100e+03	-0.000790752	700.0
1952	7.00470e+02	1.95200e+03	-0.00079221	700.0
1953	7.00476e+02	1.95300e+03	-0.000794074	700.0
1954	7.00493e+02	1.95400e+03	-0.000794234	700.0
1955	7.00494e+02	1.95500e+03	-0.000792633	700.0
1956	7.00507e+02	1.95600e+03	-0.000777633	700.0
1957	7.00506e+02	1.95700e+03	-0.000761088	700.0
1958	7.00518e+02	1.95800e+03	-0.000741994	700.0
1959	7.00524e+02	1.95900e+03	-0.000719654	700.0
1960	7.00541e+02	1.96000e+03	-0.000680393	700.0
1961	7.00539e+02	1.96100e+03	-0.000654266	700.0
1962	7.00539e+02	1.96200e+03	-0.000637319	700.0
1963	7.00549e+02	1.96300e+03	-0.000625301	700.0
1964	7.00559e+02	1.96400e+03	-0.000628402	700.0
1965	7.00569e+02	1.96500e+03	-0.000634467	700.0
1966	7.00570e+02	1.96600e+03	-0.000645714	700.0
1967	7.00581e+02	1.96700e+03	-0.000660415	700.0
1968	7.00581e+02	1.96800e+03	-0.000695419	700.0
1969	7.00592e+02	1.96900e+03	-0.000714661	700.0
1970	7.00599e+02	1.97000e+03	-0.000728992	700.0
1971	7.00604e+02	1.97100e+03	-0.000742322	700.0
1972	7.00601e+02	1.97200e+03	-0.000747089	700.0
1973	7.00616e+02	1.97300e+03	-0.00075541	700.0
1974	7.00612e+02	1.97400e+03	-0.000764363	700.0
1975	7.00621e+02	1.97500e+03	-0.000773361	700.0
1976	7.00627e+02	1.97600e+03	-0.000781007	700.0
1977	7.00632e+02	1.97700e+03	-0.000790047	700.0
1978	7.00638e+02	1.97800e+03	-0.000799178	700.0
1979	7.00635e+02	1.97900e+03	-0.000808198	700.0
1980	7.00646e+02	1.98000e+03	-0.000817803	700.0
1981	7.00654e+02	1.98100e+03	-0.000826462	700.0
1982	7.00661e+02	1.98200e+03	-0.000835569	700.0
1983	7.00658e+02	1.98300e+03	-0.000845212	700.0
1984	7.00666e+02	1.98400e+03	-0.000856453	700.0
1985	7.00681e+02	1.98500e+03	-0.000870704	700.0
1986	7.00676e+02	1.98600e+03	-0.00088944	700.0
1987	7.00677e+02	1.98700e+03	-0.000911973	700.0
1988	7.00688e+02	1.98800e+03	-0.000944304	700.0
1989	7.00690e+02	1.98900e+03	-0.000971593	700.0
1990	7.00695e+02	1.99000e+03	-0.000995866	700.0
1991	7.00696e+02	1.99100e+03	-0.00101709	700.0
1992	7.00714e+02	1.99200e+03	-0.00102838	700.0
1993	7.00710e+02	1.99300e+03	-0.00103183	700.0
1994	7.00711e+02	1.99400e+03	-0.00102777	700.0
1995	7.00710e+02	1.99500e+03	-0.00101966	700.0
1996	7.00712e+02	1.99600e+03	-0.000987971	700.0
1997	7.00721e+02	1.99700e+03	-0.000969642	700.0
1998	7.00722e+02	1.99800e+03	-0.000954595	700.0
1999	7.00731e+02	1.99900e+03	-0.000940486	700.0
2000	7.00737e+02	2.00000e+03	-0.000925013	700.0
2001	7.00733e+02	2.00100e+03	-0.000906961	700.0
2002	7.00741e+02	2.00200e+03	-0.000889148	700.0
2003	7.00744e+02	2.00300e+03	-0.000872133	700.0
2004	7.00744e+02	2.00400e+03	-0.00085557	700.0
2005	7.00739e+02	2.00500e+03	-0.000842513	700.0
2006	7.00746e+02	2.00600e+03	-0.000832544	700.0
2007	7.00753e+02	2.00700e+03	-0.000824637	700.0
2008	7.00765e+02	2.00800e+03	-0.000827437	700.0
2009	7.00764e+02	2.00900e+03	-0.00082836	700.0
2010	7.00764e+02	2.01000e+03	-0.000830419	700.0
2011	7.00783e+02	2.01100e+03	-0.000833777	700.0
2012	7.00771e+02	2.01200e+03	-0.00084978	700.0
2013	7.00774e+02	2.01300e+03	-0.000865336	700.0
2014	7.00779e+02	2.01400e+03	-0.00088459	700.0
2015	7.00787e+02	2.01500e+03	-0.000907143	700.0
2016	7.00787e+02	2.01600e+03	-0.000938393	700.0
2017	7.00787e+02	2.01700e+03	-0.000963191	700.0
2018	7.00786e+02	2.01800e+03	-0.000985501	700.0
2019	7.00787e+02	2.01900e+03	-0.00100666	700.0
2020	7.00791e+02	2.02000e+03	-0.00102555	700.0
2021	7.00795e+02	2.02100e+03	-0.00104479	700.0
2022	7.00805e+02	2.02200e+03	-0.00106413	700.0
2023	7.00803e+02	2.02300e+03	-0.00108367	700.0
2024	7.00805e+02	2.02400e+03	-0.00110136	700.0
2025	7.00810e+02	2.02500e+03	-0.00111679	700.0
2026	7.00811e+02	2.02600e+03	-0.00112887	700.0
2027	7.00818e+02	2.02700e+03	-0.00113998	700.0
2028	7.00811e+02	2.02800e+03	-0.00114807	700.0
2029	7.00810e+02	2.02900e+03	-0.0011567	700.0
2030	7.00814e+02	2.03000e+03	-0.00116501	700.0
2031	7.00824e+02	2.03100e+03	-0.00117304	700.0
2032	7.00806e+02	2.03200e+03	-0.00117614	700.0
2033	7.00815e+02	2.03300e+03	-0.00117722	700.0
2034	7.00829e+02	2.03400e+03	-0.00117392	700.0
2035	7.00833e+02	2.03500e+03	-0.00116834	700.0
2036	7.00831e+02	2.03600e+03	-0.00115641	700.0
2037	7.00831e+02	2.03700e+03	-0.00114745	700.0
2038	7.00834e+02	2.03800e+03	-0.00113942	700.0
2039	7.00837e+02	2.03900e+03	-0.00113192	700.0
2040	7.00835e+02	2.04000e+03	-0.00112531	700.0
2041	7.00837e+02	2.04100e+03	-0.00112201	700.0
2042	7.00842e+02	2.04200e+03	-0.00112119	700.0
2043	7.00838e+02	2.04300e+03	-0.00112185	700.0
2044	7.00841e+02	2.04400e+03	-0.0011322	700.0
2045	7.00845e+02	2.04500e+03	-0.00113979	700.0
2046	7.00849e+02	2.04600e+03	-0.00114774	700.0
2047	7.00856e+02	2.04700e+03	-0.00115632	700.0
2048	7.00849e+02	2.04800e+03	-0.00116918	700.0
2049	7.00860e+02	2.04900e+03	-0.00118029	700.0
2050	7.00851e+02	2.05000e+03	-0.00119142	700.0
2051	7.00853e+02	2.05100e+03	-0.0012028	700.0
2052	7.00858e+02	2.05200e+03	-0.00121529	700.0
2053	7.00864e+02	2.05300e+03	-0.00122761	700.0
2054	7.00863e+02	2.05400e+03	-0.00123969	700.0
2055	7.00863e+02	2.05500e+03	-0.00125157	700.0
2056	7.00868e+02	2.05600e+03	-0.00126245	700.0
2057	7.00859e+02	2.05700e+03	-0.00127193	700.0
2058	7.00869e+02	2.05800e+03	-0.00127913	700.0
2059	7.00871e+02	2.05900e+03	-0.00128334	700.0
2060	7.00876e+02	2.06000e+03	-0.00127536	700.0
2061	7.00867e+02	2.06100e+03	-0.00126826	700.0
2062	7.00872e+02	2.06200e+03	-0.00126075	700.0
2063	7.00866e+02	2.06300e+03	-0.00125288	700.0
2064	7.00876e+02	2.06400e+03	-0.00123695	700.0
2065	7.00875e+02	2.06500e+03	-0.00122931	700.0
2066	7.00878e+02	2.06600e+03	-0.00122525	700.0
2067	7.00881e+02	2.06700e+03	-0.00122291	700.0
2068	7.00879e+02	2.06800e+03	-0.00123241	700.0
2069	7.00885e+02	2.06900e+03	-0.00123934	700.0
2070	7.00881e+02	2.07000e+03	-0.00124776	700.0
2071	7.00876e+02	2.07100e+03	-0.00125774	700.0
2072	7.00876e+02	2.07200e+03	-0.00127648	700.0
2073	7.00877e+02	2.07300e+03	-0.00129367	700.0
2074	7.00882e+02	2.07400e+03	-0.00131248	700.0
2075	7.00891e+02	2.07500e+03	-0.00133284	700.0
2076	7.00891e+02	2.07600e+03	-0.0013586	700.0
2077	7.00878e+02	2.07700e+03	-0.00137841	700.0
2078	7.00884e+02	2.07800e+03	-0.001395	700.0
2079	7.00884e+02	2.07900e+03	-0.00141094	700.0
2080	7.00894e+02	2.08000e+03	-0.00142521	700.0
2081	7.00886e+02	2.08100e+03	-0.00144218	700.0
2082	7.00896e+02	2.08200e+03	-0.00145904	700.0
2083	7.00901e+02	2.08300e+03	-0.00147445	700.0
2084	7.00899e+02	2.08400e+03	-0.00148362	700.0
2085	7.00897e+02	2.08500e+03	-0.00149056	700.0
2086	7.00897e+02	2.08600e+03	-0.00149508	700.0
2087	7.00899e+02	2.08700e+03	-0.00149799	700.0
2088	7.00906e+02	2.08800e+03	-0.00149176	700.0
2089	7.00900e+02	2.08900e+03	-0.00149075	700.0
2090	7.00896e+02	2.09000e+03	-0.00149075	700.0
2091	7.00899e+02	2.09100e+03	-0.00149089	700.0
2092	7.00905e+02	2.09200e+03	-0.00148984	700.0
2093	7.00900e+02	2.09300e+03	-0.00148618	700.0
2094	7.00899e+02	2.09400e+03	-0.00148234	700.0
2095	7.00909e+02	2.09500e+03	-0.00147954	700.0
2096	7.00904e+02	2.09600e+03	-0.00147703	700.0
2097	7.00896e+02	2.09700e+03	-0.00147717	700.0
2098	7.00906e+02	2.09800e+03	-0.00147841	700.0
2099	7.00911e+02	2.09900e+03	-0.00148018	700.0
2100	7.00909e+02	2.10000e+03	-0.00148745	700.0
2101	7.00904e+02	2.10100e+03	-0.00149294	700.0
2102	7.00906e+02	2.10200e+03	-0.00150032	700.0
2103	7.00909e+02	2.10300e+03	-0.00150961	700.0
2104	7.00906e+02	2.10400e+03	-0.00152703	700.0
2105	7.00915e+02	2.10500e+03	-0.00154665	700.0
2106	7.00908e+02	2.10600e+03	-0.00156829	700.0
2107	7.00909e+02	2.10700e+03	-0.00159105	700.0
2108	7.00906e+02	2.10800e+03	-0.00162298	700.0
2109	7.00909e+02	2.10900e+03	-0.00164604	700.0
2110	7.00909e+02	2.11000e+03	-0.00166301	700.0
2111	7.00902e+02	2.11100e+03	-0.00167522	700.0
2112	7.00912e+02	2.11200e+03	-0.00166991	700.0
2113	7.00912e+02	2.11300e+03	-0.00166695	700.0
2114	7.00916e+02	2.11400e+03	-0.00166265	700.0
2115	7.00912e+02	2.11500e+03	-0.00165709	700.0
2116	7.00919e+02	2.11600e+03	-0.00163769	700.0
2117	7.00922e+02	2.11700e+03	-0.00162485	700.0
2118	7.00926e+02	2.11800e+03	-0.00161085	700.0
2119	7.00926e+02	2.11900e+03	-0.00159577	700.0
2120	7.00914e+02	2.12000e+03	-0.00158516	700.0
2121	7.00919e+02	2.12100e+03	-0.00157601	700.0
2122	7.00919e+02	2.12200e+03	-0.00157144	700.0
2123	7.00915e+02	2.12300e+03	-0.00157156	700.0
2124	7.00917e+02	2.12400e+03	-0.00158515	700.0
2125	7.00913e+02	2.12500e+03	-0.00159804	700.0
2126	7.00917e+02	2.12600e+03	-0.00161233	700.0
2127	7.00918e+02	2.12700e+03	-0.00162714	700.0
2128	7.00918e+02	2.12800e+03	-0.00165117	700.0
2129	7.00922e+02	2.12900e+03	-0.00166587	700.0
2130	7.00918e+02	2.13000e+03	-0.0016777	700.0
2131	7.00920e+02	2.13100e+03	-0.00168815	700.0
2132	7.00918e+02	2.13200e+03	-0.00168552	700.0
2133	7.00920e+02	2.13300e+03	-0.0016859	700.0
2134	7.00917e+02	2.13400e+03	-0.0016846	700.0
2135	7.00911e+02	2.13500e+03	-0.00168162	700.0
2136	7.00928e+02	2.13600e+03	-0.00166965	700.0
2137	7.00922e+02	2.13700e+03	-0.00166024	700.0
2138	7.00922e+02	2.13800e+03	-0.00165169	700.0
2139	7.00923e+02	2.13900e+03	-0.00164359	700.0
2140	7.00918e+02	2.14000e+03	-0.00163992	700.0
2141	7.00926e+02	2.14100e+03	-0.00164565	700.0
2142	7.00931e+02	2.14200e+03	-0.00165857	700.0
2143	7.00921e+02	2.14300e+03	-0.00167479	700.0
2144	7.00912e+02	2.14400e+03	-0.00171359	700.0
2145	7.00923e+02	2.14500e+03	-0.00174569	700.0
2146	7.00923e+02	2.14600e+03	-0.00177916	700.0
2147	7.00920e+02	2.14700e+03	-0.00181439	700.0
2148	7.00925e+02	2.14800e+03	-0.00185916	700.0
2149	7.00920e+02	2.14900e+03	-0.00189819	700.0
2150	7.00918e+02	2.15000e+03	-0.00193412	700.0
2151	7.00926e+02	2.15100e+03	-0.00196817	700.0
2152	7.00925e+02	2.15200e+03	-0.00199093	700.0
2153	7.00925e+02	2.15300e+03	-0.00200649	700.0
2154	7.00920e+02	2.15400e+03	-0.0020143	700.0
2155	7.00922e+02	2.15500e+03	-0.0020183	700.0
2156	7.00918e+02	2.15600e+03	-0.00200052	700.0
2157	7.00915e+02	2.15700e+03	-0.00199308	700.0
2158	7.00918e+02	2.15800e+03	-0.00198601	700.0
2159	7.00920e+02	2.15900e+03	-0.0019773	700.0
2160	7.00917e+02	2.16000e+03	-0.00195738	700.0
2161	7.00914e+02	2.16100e+03	-0.00193564	700.0
2162	7.00925e+02	2.16200e+03	-0.0019126	700.0
2163	7.00927e+02	2.16300e+03	-0.0018888	700.0
2164	7.00926e+02	2.16400e+03	-0.00185385	700.0
2165	7.00922e+02	2.16500e+03	-0.00182671	700.0
2166	7.00922e+02	2.16600e+03	-0.00180248	700.0
2167	7.00922e+02	2.16700e+03	-0.00177954	700.0
2168	7.00923e+02	2.16800e+03	-0.00176514	700.0
2169	7.00920e+02	2.16900e+03	-0.0017505	700.0
2170	7.00923e+02	2.17000e+03	-0.00173828	700.0
2171	7.00921e+02	2.17100e+03	-0.00172812	700.0
2172	7.00922e+02	2.17200e+03	-0.00173053	700.0
2173	7.00918e+02	2.17300e+03	-0.00173195	700.0
2174	7.00915e+02	2.17400e+03	-0.00173606	700.0
2175	7.00912e+02	2.17500e+03	-0.00174242	700.0
2176	7.00922e+02	2.17600e+03	-0.00175606	700.0
2177	7.00918e+02	2.17700e+03	-0.00176364	700.0
2178	7.00919e+02	2.17800e+03	-0.00177141	700.0
2179	7.00923e+02	2.17900e+03	-0.00178027	700.0
2180	7.00921e+02	2.18000e+03	-0.00179426	700.0
2181	7.00919e+02	2.18100e+03	-0.00181366	700.0
2182	7.00921e+02	2.18200e+03	-0.00183578	700.0
2183	7.00921e+02	2.18300e+03	-0.00185878	700.0
2184	7.00914e+02	2.18400e+03	-0.00189122	700.0
2185	7.00927e+02	2.18500e+03	-0.00191548	700.0
2186	7.00911e+02	2.18600e+03	-0.00193642	700.0
2187	7.00920e+02	2.18700e+03	-0.00195575	700.0
2188	7.00923e+02	2.18800e+03	-0.00196538	700.0
2189	7.00925e+02	2.18900e+03	-0.00197644	700.0
2190	7.00921e+02	2.19000e+03	-0.00198601	700.0
2191	7.00917e+02	2.19100e+03	-0.00199426	700.0
2192	7.00917e+02	2.19200e+03	-0.00199266	700.0
2193	7.00918e+02	2.19300e+03	-0.00198898	700.0
2194	7.00913e+02	2.19400e+03	-0.00197919	700.0
2195	7.00916e+02	2.19500e+03	-0.00196511	700.0
2196	7.00906e+02	2.19600e+03	-0.00193688	700.0
2197	7.00918e+02	2.19700e+03	-0.00191526	700.0
2198	7.00917e+02	2.19800e+03	-0.0018991	700.0
2199	7.00910e+02	2.19900e+03	-0.0018871	700.0
2200	7.00915e+02	2.20000e+03	-0.00187769	700.0
2201	7.00912e+02	2.20100e+03	-0.00187148	700.0
2202	7.00916e+02	2.20200e+03	-0.00186368	700.0
2203	7.00921e+02	2.20300e+03	-0.00185412	700.0
2204	7.00912e+02	2.20400e+03	-0.0018546	700.0
2205	7.00915e+02	2.20500e+03	-0.00184369	700.0
2206	7.00919e+02	2.20600e+03	-0.00182759	700.0
2207	7.00920e+02	2.20700e+03	-0.00181047	700.0
2208	7.00910e+02	2.20800e+03	-0.00178358	700.0
2209	7.00914e+02	2.20900e+03	-0.00176471	700.0
2210	7.00910e+02	2.21000e+03	-0.00174898	700.0
2211	7.00912e+02	2.21100e+03	-0.00173482	700.0
2212	7.00909e+02	2.21200e+03	-0.00172972	700.0
2213	7.00914e+02	2.21300e+03	-0.00172452	700.0
2214	7.00912e+02	2.21400e+03	-0.00172171	700.0
2215	7.00908e+02	2.21500e+03	-0.00172074	700.0
2216	7.00907e+02	2.21600e+03	-0.00173089	700.0
2217	7.00910e+02	2.21700e+03	-0.00173786	700.0
2218	7.00909e+02	2.21800e+03	-0.00174515	700.0
2219	7.00908e+02	2.21900e+03	-0.00175304	700.0
2220	7.00904e+02	2.22000e+03	-0.00176437	700.0
2221	7.00911e+02	2.22100e+03	-0.00177276	700.0
2222	7.00915e+02	2.22200e+03	-0.00178004	700.0
2223	7.00912e+02	2.22300e+03	-0.00178682	700.0
2224	7.00910e+02	2.22400e+03	-0.00179016	700.0
2225	7.00907e+02	2.22500e+03	-0.00179428	700.0
2226	7.00904e+02	2.22600e+03	-0.00179844	700.0
2227	7.00907e+02	2.22700e+03	-0.00180266	700.0
2228	7.00906e+02	2.22800e+03	-0.00180652	700.0
2229	7.00906e+02	2.22900e+03	-0.00181204	700.0
2230	7.00910e+02	2.23000e+03	-0.00181854	700.0
2231	7.00915e+02	2.23100e+03	-0.00182558	700.0
2232	7.00904e+02	2.23200e+03	-0.0018363	700.0
2233	7.00897e+02	2.23300e+03	-0.001846	700.0
2234	7.00897e+02	2.23400e+03	-0.00185607	700.0
2235	7.00908e+02	2.23500e+03	-0.00186666	700.0
2236	7.00898e+02	2.23600e+03	-0.00187959	700.0
2237	7.00895e+02	2.23700e+03	-0.0018925	700.0
2238	7.00897e+02	2.23800e+03	-0.00190644	700.0
2239	7.00900e+02	2.23900e+03	-0.00192123	700.0
2240	7.00900e+02	2.24000e+03	-0.0019399	700.0
2241	7.00898e+02	2.24100e+03	-0.00195748	700.0
2242	7.00894e+02	2.24200e+03	-0.00197233	700.0
2243	7.00896e+02	2.24300e+03	-0.0019842	700.0
2244	7.00899e+02	2.24400e+03	-0.00199155	700.0
2245	7.00900e+02	2.24500e+03	-0.00199444	700.0
2246	7.00894e+02	2.24600e+03	-0.00199307	700.0
2247	7.00893e+02	2.24700e+03	-0.00199009	700.0
2248	7.00894e+02	2.24800e+03	-0.00197692	700.0
2249	7.00900e+02	2.24900e+03	-0.00197459	700.0
2250	7.00901e+02	2.25000e+03	-0.0019795	700.0
2251	7.00900e+02	2.25100e+03	-0.0019883	700.0
2252	7.00893e+02	2.25200e+03	-0.00200771	700.0
2253	7.00897e+02	2.25300e+03	-0.00202345	700.0
2254	7.00891e+02	2.25400e+03	-0.00203936	700.0
2255	7.00886e+02	2.25500e+03	-0.00205573	700.0
2256	7.00893e+02	2.25600e+03	-0.00207716	700.0
2257	7.00900e+02	2.25700e+03	-0.00209468	700.0
2258	7.00899e+02	2.25800e+03	-0.00210991	700.0
2259	7.00894e+02	2.25900e+03	-0.00212288	700.0
2260	7.00896e+02	2.26000e+03	-0.00212142	700.0
2261	7.00892e+02	2.26100e+03	-0.00211444	700.0
2262	7.00893e+02	2.26200e+03	-0.00210113	700.0
2263	7.00891e+02	2.26300e+03	-0.00208486	700.0
2264	7.00904e+02	2.26400e+03	-0.00204778	700.0
2265	7.00902e+02	2.26500e+03	-0.00202311	700.0
2266	7.00897e+02	2.26600e+03	-0.00200541	700.0
2267	7.00896e+02	2.26700e+03	-0.00199214	700.0
2268	7.00894e+02	2.26800e+03	-0.00198915	700.0
2269	7.00899e+02	2.26900e+03	-0.00198564	700.0
2270	7.00888e+02	2.27000e+03	-0.00198169	700.0
2271	7.00893e+02	2.27100e+03	-0.00197789	700.0
2272	7.00893e+02	2.27200e+03	-0.00199146	700.0
2273	7.00893e+02	2.27300e+03	-0.00200076	700.0
2274	7.00899e+02	2.27400e+03	-0.00201182	700.0
2275	7.00898e+02	2.27500e+03	-0.0020249	700.0
2276	7.00901e+02	2.27600e+03	-0.0020457	700.0
2277	7.00892e+02	2.27700e+03	-0.00206516	700.0
2278	7.00892e+02	2.27800e+03	-0.00208486	700.0
2279	7.00894e+02	2.27900e+03	-0.00210483	700.0
2280	7.00889e+02	2.28000e+03	-0.00212672	700.0
2281	7.00894e+02	2.28100e+03	-0.00214358	700.0
2282	7.00885e+02	2.28200e+03	-0.00215713	700.0
2283	7.00888e+02	2.28300e+03	-0.00216863	700.0
2284	7.00891e+02	2.28400e+03	-0.00216703	700.0
2285	7.00900e+02	2.28500e+03	-0.00216288	700.0
2286	7.00887e+02	2.28600e+03	-0.00215306	700.0
2287	7.00884e+02	2.28700e+03	-0.00214062	700.0
2288	7.00886e+02	2.28800e+03	-0.00211788	700.0
2289	7.00890e+02	2.28900e+03	-0.00210757	700.0
2290	7.00897e+02	2.29000e+03	-0.00210359	700.0
2291	7.00886e+02	2.29100e+03	-0.00210182	700.0
2292	7.00889e+02	2.29200e+03	-0.00211222	700.0
2293	7.00885e+02	2.29300e+03	-0.00211902	700.0
2294	7.00886e+02	2.29400e+03	-0.00212239	700.0
2295	7.00891e+02	2.29500e+03	-0.0021231	700.0
2296	7.00892e+02	2.29600e+03	-0.00212647	700.0
2297	7.00897e+02	2.29700e+03	-0.00212584	700.0
2298	7.00886e+02	2.29800e+03	-0.0021235	700.0
2299	7.00886e+02	2.29900e+03	-0.00212035	700.0
2300	7.00890e+02	2.30000e+03	-0.0021077	700.0
2301	7.00890e+02	2.30100e+03	-0.00209882	700.0
2302	7.00882e+02	2.30200e+03	-0.00208791	700.0
2303	7.00889e+02	2.30300e+03	-0.00207369	700.0
2304	7.00884e+02	2.30400e+03	-0.002052	700.0
2305	7.00888e+02	2.30500e+03	-0.00203125	700.0
2306	7.00885e+02	2.30600e+03	-0.00201115	700.0
2307	7.00886e+02	2.30700e+03	-0.0019916	700.0
2308	7.00889e+02	2.30800e+03	-0.00196989	700.0
2309	7.00878e+02	2.30900e+03	-0.00195655	700.0
2310	7.00889e+02	2.31000e+03	-0.00194881	700.0
2311	7.00887e+02	2.31100e+03	-0.0019445	700.0
2312	7.00882e+02	2.31200e+03	-0.00196171	700.0
2313	7.00885e+02	2.31300e+03	-0.00197523	700.0
2314	7.00885e+02	2.31400e+03	-0.00199121	700.0
2315	7.00880e+02	2.31500e+03	-0.00200949	700.0
2316	7.00884e+02	2.31600e+03	-0.00204164	700.0
2317	7.00881e+02	2.31700e+03	-0.00206681	700.0
2318	7.00880e+02	2.31800e+03	-0.00209027	700.0
2319	7.00882e+02	2.31900e+03	-0.00211322	700.0
2320	7.00880e+02	2.32000e+03	-0.00213237	700.0
2321	7.00887e+02	2.32100e+03	-0.00214953	700.0
2322	7.00882e+02	2.32200e+03	-0.00216444	700.0
2323	7.00879e+02	2.32300e+03	-0.00217783	700.0
2324	7.00877e+02	2.32400e+03	-0.00218087	700.0
2325	7.00884e+02	2.32500e+03	-0.00218564	700.0
2326	7.00885e+02	2.32600e+03	-0.00218754	700.0
2327	7.00880e+02	2.32700e+03	-0.00218558	700.0
2328	7.00880e+02	2.32800e+03	-0.00216828	700.0
2329	7.00885e+02	2.32900e+03	-0.00215404	700.0
2330	7.00881e+02	2.33000e+03	-0.00214158	700.0
2331	7.00878e+02	2.33100e+03	-0.00213045	700.0
2332	7.00878e+02	2.33200e+03	-0.00211765	700.0
2333	7.00883e+02	2.33300e+03	-0.0021146	700.0
2334	7.00889e+02	2.33400e+03	-0.00211435	700.0
2335	7.00883e+02	2.33500e+03	-0.00211417	700.0
2336	7.00888e+02	2.33600e+03	-0.00213093	700.0
2337	7.00886e+02	2.33700e+03	-0.0021397	700.0
2338	7.00880e+02	2.33800e+03	-0.0021479	700.0
2339	7.00881e+02	2.33900e+03	-0.00215665	700.0
2340	7.00880e+02	2.34000e+03	-0.00216732	700.0
2341	7.00887e+02	2.34100e+03	-0.00218264	700.0
2342	7.00886e+02	2.34200e+03	-0.0022	700.0
2343	7.00879e+02	2.34300e+03	-0.00221776	700.0
2344	7.00881e+02	2.34400e+03	-0.00224144	700.0
2345	7.00889e+02	2.34500e+03	-0.0022567	700.0
2346	7.00884e+02	2.34600e+03	-0.0022663	700.0
2347	7.00888e+02	2.34700e+03	-0.00227361	700.0
2348	7.00890e+02	2.34800e+03	-0.00227238	700.0
2349	7.00887e+02	2.34900e+03	-0.00227402	700.0
2350	7.00881e+02	2.35000e+03	-0.00227506	700.0
2351	7.00885e+02	2.35100e+03	-0.00227532	700.0
2352	7.00886e+02	2.35200e+03	-0.00227087	700.0
2353	7.00883e+02	2.35300e+03	-0.00226992	700.0
2354	7.00883e+02	2.35400e+03	-0.0022714	700.0
2355	7.00879e+02	2.35500e+03	-0.00227432	700.0
2356	7.00884e+02	2.35600e+03	-0.00228013	700.0
2357	7.00885e+02	2.35700e+03	-0.00228383	700.0
2358	7.00878e+02	2.35800e+03	-0.00228509	700.0
2359	7.00880e+02	2.35900e+03	-0.00228456	700.0
2360	7.00882e+02	2.36000e+03	-0.00227663	700.0
2361	7.00884e+02	2.36100e+03	-0.00226277	700.0
2362	7.00874e+02	2.36200e+03	-0.00224269	700.0
2363	7.00879e+02	2.36300e+03	-0.00221944	700.0
2364	7.00885e+02	2.36400e+03	-0.00218344	700.0
2365	7.00884e+02	2.36500e+03	-0.00215853	700.0
2366	7.00877e+02	2.36600e+03	-0.00213726	700.0
2367	7.00885e+02	2.36700e+03	-0.00211748	700.0
2368	7.00879e+02	2.36800e+03	-0.00210674	700.0
2369	7.00875e+02	2.36900e+03	-0.00209431	700.0
2370	7.00878e+02	2.37000e+03	-0.00208376	700.0
2371	7.00882e+02	2.37100e+03	-0.00207503	700.0
2372	7.00886e+02	2.37200e+03	-0.00207635	700.0
2373	7.00881e+02	2.37300e+03	-0.00207781	700.0
2374	7.00881e+02	2.37400e+03	-0.00208243	700.0
2375	7.00886e+02	2.37500e+03	-0.0020896	700.0
2376	7.00888e+02	2.37600e+03	-0.00210842	700.0
2377	7.00883e+02	2.37700e+03	-0.00212019	700.0
2378	7.00887e+02	2.37800e+03	-0.00212903	700.0
2379	7.00882e+02	2.37900e+03	-0.0021369	700.0
2380	7.00879e+02	2.38000e+03	-0.00214155	700.0
2381	7.00880e+02	2.38100e+03	-0.00214647	700.0
2382	7.00885e+02	2.38200e+03	-0.00215429	700.0
2383	7.00882e+02	2.38300e+03	-0.0021644	700.0
2384	7.00881e+02	2.38400e+03	-0.00217504	700.0
2385	7.00877e+02	2.38500e+03	-0.00218906	700.0
2386	7.00881e+02	2.38600e+03	-0.00220327	700.0
2387	7.00881e+02	2.38700e+03	-0.00221691	700.0
2388	7.00884e+02	2.38800e+03	-0.00223238	700.0
2389	7.00881e+02	2.38900e+03	-0.00224046	700.0
2390	7.00872e+02	2.39000e+03	-0.0022477	700.0
2391	7.00879e+02	2.39100e+03	-0.00225683	700.0
2392	7.00875e+02	2.39200e+03	-0.00226356	700.0
2393	7.00879e+02	2.39300e+03	-0.00227885	700.0
2394	7.00882e+02	2.39400e+03	-0.00229733	700.0
2395	7.00881e+02	2.39500e+03	-0.00231715	700.0
2396	7.00887e+02	2.39600e+03	-0.00235246	700.0
2397	7.00875e+02	2.39700e+03	-0.00237502	700.0
2398	7.00876e+02	2.39800e+03	-0.00239015	700.0
2399	7.00887e+02	2.39900e+03	-0.00240163	700.0
2400	7.00879e+02	2.40000e+03	-0.00239693	700.0
2401	7.00874e+02	2.40100e+03	-0.00239212	700.0
2402	7.00880e+02	2.40200e+03	-0.00238322	700.0
2403	7.00876e+02	2.40300e+03	-0.00237126	700.0
2404	7.00872e+02	2.40400e+03	-0.00233975	700.0
2405	7.00875e+02	2.40500e+03	-0.0023175	700.0
2406	7.00878e+02	2.40600e+03	-0.00229848	700.0
2407	7.00871e+02	2.40700e+03	-0.00228099	700.0
2408	7.00878e+02	2.40800e+03	-0.00226921	700.0
2409	7.00874e+02	2.40900e+03	-0.00226008	700.0
2410	7.00876e+02	2.41000e+03	-0.00225061	700.0
2411	7.00873e+02	2.41100e+03	-0.0022387	700.0
2412	7.00872e+02	2.41200e+03	-0.00222453	700.0
2413	7.00870e+02	2.41300e+03	-0.00220153	700.0
2414	7.00869e+02	2.41400e+03	-0.0021761	700.0
2415	7.00872e+02	2.41500e+03	-0.00215136	700.0
2416	7.00872e+02	2.41600e+03	-0.00212027	700.0
2417	7.00861e+02	2.41700e+03	-0.00210849	700.0
2418	7.00864e+02	2.41800e+03	-0.00210967	700.0
2419	7.00865e+02	2.41900e+03	-0.00211925	700.0
2420	7.00868e+02	2.42000e+03	-0.00218242	700.0
2421	7.00867e+02	2.42100e+03	-0.00223771	700.0
2422	7.00864e+02	2.42200e+03	-0.00229726	700.0
2423	7.00866e+02	2.42300e+03	-0.00236158	700.0
2424	7.00876e+02	2.42400e+03	-0.00246075	700.0
2425	7.00872e+02	2.42500e+03	-0.00253601	700.0
2426	7.00875e+02	2.42600e+03	-0.00260006	700.0
2427	7.00881e+02	2.42700e+03	-0.00265779	700.0
2428	7.00873e+02	2.42800e+03	-0.00267552	700.0
2429	7.00874e+02	2.42900e+03	-0.00268396	700.0
2430	7.00874e+02	2.43000e+03	-0.00267525	700.0
2431	7.00882e+02	2.43100e+03	-0.00265497	700.0
2432	7.00878e+02	2.43200e+03	-0.00257295	700.0
2433	7.00875e+02	2.43300e+03	-0.00251566	700.0
2434	7.00877e+02	2.43400e+03	-0.00246084	700.0
2435	7.00874e+02	2.43500e+03	-0.00240511	700.0
2436	7.00879e+02	2.43600e+03	-0.00234322	700.0
2437	7.00872e+02	2.43700e+03	-0.00229351	700.0
2438	7.00871e+02	2.43800e+03	-0.00225108	700.0
2439	7.00881e+02	2.43900e+03	-0.00221284	700.0
2440	7.00878e+02	2.44000e+03	-0.00220082	700.0
2441	7.00869e+02	2.44100e+03	-0.00218422	700.0
2442	7.00872e+02	2.44200e+03	-0.00217086	700.0
2443	7.00872e+02	2.44300e+03	-0.00216049	700.0
2444	7.00878e+02	2.44400e+03	-0.00216742	700.0
2445	7.00873e+02	2.44500e+03	-0.00216575	700.0
2446	7.00868e+02	2.44600e+03	-0.00215995	700.0
2447	7.00866e+02	2.44700e+03	-0.00215138	700.0
2448	7.00873e+02	2.44800e+03	-0.00213929	700.0
2449	7.00875e+02	2.44900e+03	-0.00212896	700.0
2450	7.00875e+02	2.45000e+03	-0.00212328	700.0
2451	7.00870e+02	2.45100e+03	-0.00212215	700.0
2452	7.00870e+02	2.45200e+03	-0.00212904	700.0
2453	7.00872e+02	2.45300e+03	-0.0021406	700.0
2454	7.00865e+02	2.45400e+03	-0.00215288	700.0
2455	7.00870e+02	2.45500e+03	-0.00216438	700.0
2456	7.00874e+02	2.45600e+03	-0.00219231	700.0
2457	7.00873e+02	2.45700e+03	-0.00220943	700.0
2458	7.00870e+02	2.45800e+03	-0.00222428	700.0
2459	7.00872e+02	2.45900e+03	-0.00223884	700.0
2460	7.00873e+02	2.46000e+03	-0.00224548	700.0
2461	7.00881e+02	2.46100e+03	-0.00225728	700.0
2462	7.00871e+02	2.46200e+03	-0.0022704	700.0
2463	7.00871e+02	2.46300e+03	-0.00228386	700.0
2464	7.00871e+02	2.46400e+03	-0.00230042	700.0
2465	7.00881e+02	2.46500e+03	-0.00231541	700.0
2466	7.00873e+02	2.46600e+03	-0.00232961	700.0
2467	7.00861e+02	2.46700e+03	-0.00234323	700.0
2468	7.00865e+02	2.46800e+03	-0.00235279	700.0
2469	7.00871e+02	2.46900e+03	-0.00235961	700.0
2470	7.00872e+02	2.47000e+03	-0.00236302	700.0
2471	7.00868e+02	2.47100e+03	-0.00236403	700.0
2472	7.00866e+02	2.47200e+03	-0.00235135	700.0
2473	7.00873e+02	2.47300e+03	-0.0023408	700.0
2474	7.00872e+02	2.47400e+03	-0.00232882	700.0
2475	7.00868e+02	2.47500e+03	-0.00231553	700.0
2476	7.00866e+02	2.47600e+03	-0.00229444	700.0
2477	7.00865e+02	2.47700e+03	-0.00227791	700.0
2478	7.00871e+02	2.47800e+03	-0.00225952	700.0
2479	7.00876e+02	2.47900e+03	-0.00223905	700.0
2480	7.00869e+02	2.48000e+03	-0.00222304	700.0
2481	7.00864e+02	2.48100e+03	-0.0022096	700.0
2482	7.00862e+02	2.48200e+03	-0.0021998	700.0
2483	7.00876e+02	2.48300e+03	-0.00219267	700.0
2484	7.00871e+02	2.48400e+03	-0.00219669	700.0
2485	7.00871e+02	2.48500e+03	-0.00220062	700.0
2486	7.00870e+02	2.48600e+03	-0.00220677	700.0
2487	7.00865e+02	2.48700e+03	-0.00221458	700.0
2488	7.00877e+02	2.48800e+03	-0.00223315	700.0
2489	7.00866e+02	2.48900e+03	-0.0022457	700.0
2490	7.00880e+02	2.49000e+03	-0.00225684	700.0
2491	7.00872e+02	2.49100e+03	-0.00226761	700.0
2492	7.00872e+02	2.49200e+03	-0.00227541	700.0
2493	7.00868e+02	2.49300e+03	-0.00228324	700.0
2494	7.00866e+02	2.49400e+03	-0.00229095	700.0
2495	7.00871e+02	2.49500e+03	-0.00229875	700.0
2496	7.00873e+02	2.49600e+03	-0.00229907	700.0
2497	7.00862e+02	2.49700e+03	-0.00229811	700.0
2498	7.00867e+02	2.49800e+03	-0.00229593	700.0
2499	7.00872e+02	2.49900e+03	-0.00229256	700.0
2500	7.00879e+02	2.50000e+03	-0.0022794	700.0
2501	7.00876e+02	2.50100e+03	-0.00226828	700.0
2502	7.00866e+02	2.50200e+03	-0.00225639	700.0
2503	7.00873e+02	2.50300e+03	-0.00224372	700.0
2504	7.00877e+02	2.50400e+03	-0.00222521	700.0
2505	7.00867e+02	2.50500e+03	-0.00220972	700.0
2506	7.00866e+02	2.50600e+03	-0.00219583	700.0
2507	7.00872e+02	2.50700e+03	-0.0021829	700.0
2508	7.00864e+02	2.50800e+03	-0.00218039	700.0
2509	7.00867e+02	2.50900e+03	-0.0021841	700.0
2510	7.00878e+02	2.51000e+03	-0.00219236	700.0
2511	7.00869e+02	2.51100e+03	-0.00220267	700.0
2512	7.00866e+02	2.51200e+03	-0.00222985	700.0
2513	7.00868e+02	2.51300e+03	-0.00224659	700.0
2514	7.00871e+02	2.51400e+03	-0.00226046	700.0
2515	7.00875e+02	2.51500e+03	-0.00227337	700.0
2516	7.00872e+02	2.51600e+03	-0.00228024	700.0
2517	7.00873e+02	2.51700e+03	-0.00228738	700.0
2518	7.00875e+02	2.51800e+03	-0.00229277	700.0
2519	7.00870e+02	2.51900e+03	-0.00229672	700.0
2520	7.00871e+02	2.52000e+03	-0.00229453	700.0
2521	7.00867e+02	2.52100e+03	-0.00229277	700.0
2522	7.00865e+02	2.52200e+03	-0.00228947	700.0
2523	7.00865e+02	2.52300e+03	-0.00228611	700.0
2524	7.00869e+02	2.52400e+03	-0.00228181	700.0
2525	7.00873e+02	2.52500e+03	-0.00227984	700.0
2526	7.00872e+02	2.52600e+03	-0.00228084	700.0
2527	7.00869e+02	2.52700e+03	-0.00228399	700.0
2528	7.00874e+02	2.52800e+03	-0.00228555	700.0
2529	7.00876e+02	2.52900e+03	-0.002282	700.0
2530	7.00871e+02	2.53000e+03	-0.002273	700.0
2531	7.00873e+02	2.53100e+03	-0.00225989	700.0
2532	7.00867e+02	2.53200e+03	-0.00223807	700.0
2533	7.00877e+02	2.53300e+03	-0.00222218	700.0
2534	7.00877e+02	2.53400e+03	-0.00220881	700.0
2535	7.00872e+02	2.53500e+03	-0.0021968	700.0
2536	7.00875e+02	2.53600e+03	-0.00218868	700.0
2537	7.00870e+02	2.53700e+03	-0.00218353	700.0
2538	7.00861e+02	2.53800e+03	-0.00218134	700.0
2539	7.00871e+02	2.53900e+03	-0.00218112	700.0
2540	7.00868e+02	2.54000e+03	-0.00219304	700.0
2541	7.00861e+02	2.54100e+03	-0.00220087	700.0
2542	7.00873e+02	2.54200e+03	-0.00220903	700.0
2543	7.00873e+02	2.54300e+03	-0.00221796	700.0
2544	7.00872e+02	2.54400e+03	-0.00223116	700.0
2545	7.00871e+02	2.54500e+03	-0.00224301	700.0
2546	7.00879e+02	2.54600e+03	-0.00225547	700.0
2547	7.00880e+02	2.54700e+03	-0.00226875	700.0
2548	7.00875e+02	2.54800e+03	-0.00228637	700.0
2549	7.00874e+02	2.54900e+03	-0.00230424	700.0
2550	7.00876e+02	2.55000e+03	-0.00232181	700.0
2551	7.00875e+02	2.55100e+03	-0.0023386	700.0
2552	7.00861e+02	2.55200e+03	-0.00235395	700.0
2553	7.00863e+02	2.55300e+03	-0.00236391	700.0
2554	7.00872e+02	2.55400e+03	-0.00237024	700.0
2555	7.00875e+02	2.55500e+03	-0.00237468	700.0
2556	7.00875e+02	2.55600e+03	-0.00236564	700.0
2557	7.00864e+02	2.55700e+03	-0.00236251	700.0
2558	7.00872e+02	2.55800e+03	-0.00236129	700.0
2559	7.00872e+02	2.55900e+03	-0.00236094	700.0
2560	7.00873e+02	2.56000e+03	-0.00236974	700.0
2561	7.00868e+02	2.56100e+03	-0.00238541	700.0
2562	7.00860e+02	2.56200e+03	-0.00240473	700.0
2563	7.00869e+02	2.56300e+03	-0.00242508	700.0
2564	7.00864e+02	2.56400e+03	-0.00245291	700.0
2565	7.00861e+02	2.56500e+03	-0.00246617	700.0
2566	7.00869e+02	2.56600e+03	-0.00247493	700.0
2567	7.00871e+02	2.56700e+03	-0.00248207	700.0
2568	7.00869e+02	2.56800e+03	-0.00247185	700.0
2569	7.00871e+02	2.56900e+03	-0.00247057	700.0
2570	7.00866e+02	2.57000e+03	-0.00246747	700.0
2571	7.00872e+02	2.57100e+03	-0.00246136	700.0
2572	7.00876e+02	2.57200e+03	-0.00245373	700.0
2573	7.00872e+02	2.57300e+03	-0.00244591	700.0
2574	7.00863e+02	2.57400e+03	-0.00243826	700.0
2575	7.00866e+02	2.57500e+03	-0.00243077	700.0
2576	7.00866e+02	2.57600e+03	-0.00241889	700.0
2577	7.00865e+02	2.57700e+03	-0.00240972	700.0
2578	7.00869e+02	2.57800e+03	-0.00240049	700.0
2579	7.00871e+02	2.57900e+03	-0.00239014	700.0
2580	7.00873e+02	2.58000e+03	-0.00237449	700.0
2581	7.00877e+02	2.58100e+03	-0.00235674	700.0
2582	7.00873e+02	2.58200e+03	-0.00233943	700.0
2583	7.00869e+02	2.58300e+03	-0.00232285	700.0
2584	7.00881e+02	2.58400e+03	-0.00230282	700.0
2585	7.00873e+02	2.58500e+03	-0.00228981	700.0
2586	7.00872e+02	2.58600e+03	-0.00227972	700.0
2587	7.00876e+02	2.58700e+03	-0.00227093	700.0
2588	7.00880e+02	2.58800e+03	-0.00227344	700.0
2589	7.00879e+02	2.58900e+03	-0.00227127	700.0
2590	7.00876e+02	2.59000e+03	-0.00226987	700.0
2591	7.00869e+02	2.59100e+03	-0.00226981	700.0
2592	7.00874e+02	2.59200e+03	-0.00227496	700.0
2593	7.00877e+02	2.59300e+03	-0.00228139	700.0
2594	7.00873e+02	2.59400e+03	-0.00228962	700.0
2595	7.00864e+02	2.59500e+03	-0.00229909	700.0
2596	7.00867e+02	2.59600e+03	-0.00231648	700.0
2597	7.00882e+02	2.59700e+03	-0.0023286	700.0
2598	7.00877e+02	2.59800e+03	-0.00233534	700.0
2599	7.00875e+02	2.59900e+03	-0.00233835	700.0
2600	7.00874e+02	2.60000e+03	-0.00233569	700.0
2601	7.00877e+02	2.60100e+03	-0.00233344	700.0
2602	7.00877e+02	2.60200e+03	-0.0023306	700.0
2603	7.00875e+02	2.60300e+03	-0.00232736	700.0
2604	7.00878e+02	2.60400e+03	-0.00231748	700.0
2605	7.00877e+02	2.60500e+03	-0.00231247	700.0
2606	7.00883e+02	2.60600e+03	-0.00230891	700.0
2607	7.00875e+02	2.60700e+03	-0.00230582	700.0
2608	7.00870e+02	2.60800e+03	-0.00230672	700.0
2609	7.00878e+02	2.60900e+03	-0.00230604	700.0
2610	7.00890e+02	2.61000e+03	-0.00230534	700.0
2611	7.00878e+02	2.61100e+03	-0.00230482	700.0
2612	7.00876e+02	2.61200e+03	-0.00230535	700.0
2613	7.00870e+02	2.61300e+03	-0.0023061	700.0
2614	7.00880e+02	2.61400e+03	-0.00230803	700.0
2615	7.00875e+02	2.61500e+03	-0.00231104	700.0
2616	7.00874e+02	2.61600e+03	-0.00231997	700.0
2617	7.00872e+02	2.61700e+03	-0.00233339	700.0
2618	7.00876e+02	2.61800e+03	-0.00235263	700.0
2619	7.00879e+02	2.61900e+03	-0.00237481	700.0
2620	7.00876e+02	2.62000e+03	-0.00240824	700.0
2621	7.00875e+02	2.62100e+03	-0.00243455	700.0
2622	7.00874e+02	2.62200e+03	-0.00245796	700.0
2623	7.00882e+02	2.62300e+03	-0.00247982	700.0
2624	7.00879e+02	2.62400e+03	-0.00249481	700.0
2625	7.00874e+02	2.62500e+03	-0.00250685	700.0
2626	7.00877e+02	2.62600e+03	-0.00251564	700.0
2627	7.00883e+02	2.62700e+03	-0.00252233	700.0
2628	7.00874e+02	2.62800e+03	-0.00251371	700.0
2629	7.00869e+02	2.62900e+03	-0.0025074	700.0
2630	7.00881e+02	2.63000e+03	-0.00249613	700.0
2631	7.00877e+02	2.63100e+03	-0.00248124	700.0
2632	7.00881e+02	2.63200e+03	-0.00245616	700.0
2633	7.00881e+02	2.63300e+03	-0.00243491	700.0
2634	7.00880e+02	2.63400e+03	-0.0024145	700.0
2635	7.00885e+02	2.63500e+03	-0.00239441	700.0
2636	7.00881e+02	2.63600e+03	-0.00237293	700.0
2637	7.00880e+02	2.63700e+03	-0.00235605	700.0
2638	7.00881e+02	2.63800e+03	-0.00234182	700.0
2639	7.00881e+02	2.63900e+03	-0.00232907	700.0
2640	7.00877e+02	2.64000e+03	-0.0023262	700.0
2641	7.00885e+02	2.64100e+03	-0.00232037	700.0
2642	7.00880e+02	2.64200e+03	-0.00231503	700.0
2643	7.00874e+02	2.64300e+03	-0.0023104	700.0
2644	7.00882e+02	2.64400e+03	-0.00230889	700.0
2645	7.00882e+02	2.64500e+03	-0.00230495	700.0
2646	7.00884e+02	2.64600e+03	-0.00230013	700.0
2647	7.00881e+02	2.64700e+03	-0.00229501	700.0
2648	7.00885e+02	2.64800e+03	-0.00228681	700.0
2649	7.00880e+02	2.64900e+03	-0.00227591	700.0
2650	7.00873e+02	2.65000e+03	-0.0022632	700.0
2651	7.00884e+02	2.65100e+03	-0.00225099	700.0
2652	7.00887e+02	2.65200e+03	-0.00224014	700.0
2653	7.00889e+02	2.65300e+03	-0.00223465	700.0
2654	7.00879e+02	2.65400e+03	-0.00223277	700.0
2655	7.00886e+02	2.65500e+03	-0.00223304	700.0
2656	7.00877e+02	2.65600e+03	-0.00224582	700.0
2657	7.00873e+02	2.65700e+03	-0.00225461	700.0
2658	7.00880e+02	2.65800e+03	-0.00226414	700.0
2659	7.00884e+02	2.65900e+03	-0.00227473	700.0
2660	7.00882e+02	2.66000e+03	-0.00229135	700.0
2661	7.00879e+02	2.66100e+03	-0.00230956	700.0
2662	7.00882e+02	2.66200e+03	-0.00233164	700.0
2663	7.00880e+02	2.66300e+03	-0.00235546	700.0
2664	7.00879e+02	2.66400e+03	-0.00238502	700.0
2665	7.00882e+02	2.66500e+03	-0.00241112	700.0
2666	7.00875e+02	2.66600e+03	-0.00243603	700.0
2667	7.00879e+02	2.66700e+03	-0.00246032	700.0
2668	7.00883e+02	2.66800e+03	-0.00249022	700.0
2669	7.00871e+02	2.66900e+03	-0.0025216	700.0
2670	7.00880e+02	2.67000e+03	-0.00255199	700.0
2671	7.00879e+02	2.67100e+03	-0.00258137	700.0
2672	7.00875e+02	2.67200e+03	-0.00260995	700.0
2673	7.00878e+02	2.67300e+03	-0.00262965	700.0
2674	7.00884e+02	2.67400e+03	-0.00264103	700.0
2675	7.00894e+02	2.67500e+03	-0.00264786	700.0
2676	7.00886e+02	2.67600e+03	-0.00263329	700.0
2677	7.00889e+02	2.67700e+03	-0.00262333	700.0
2678	7.00880e+02	2.67800e+03	-0.00261073	700.0
2679	7.00884e+02	2.67900e+03	-0.00259544	700.0
2680	7.00885e+02	2.68000e+03	-0.00256315	700.0
2681	7.00876e+02	2.68100e+03	-0.00253654	700.0
2682	7.00880e+02	2.68200e+03	-0.00251066	700.0
2683	7.00888e+02	2.68300e+03	-0.00248479	700.0
2684	7.00884e+02	2.68400e+03	-0.00245823	700.0
2685	7.00877e+02	2.68500e+03	-0.00243685	700.0
2686	7.00887e+02	2.68600e+03	-0.00241895	700.0
2687	7.00888e+02	2.68700e+03	-0.00240312	700.0
2688	7.00889e+02	2.68800e+03	-0.00240062	700.0
2689	7.00888e+02	2.68900e+03	-0.00239537	700.0
2690	7.00881e+02	2.69000e+03	-0.00239117	700.0
2691	7.00889e+02	2.69100e+03	-0.00238802	700.0
2692	7.00881e+02	2.69200e+03	-0.00239182	700.0
2693	7.00886e+02	2.69300e+03	-0.00239269	700.0
2694	7.00890e+02	2.69400e+03	-0.00239446	700.0
2695	7.00883e+02	2.69500e+03	-0.00239735	700.0
2696	7.00881e+02	2.69600e+03	-0.00240064	700.0
2697	7.00890e+02	2.69700e+03	-0.00240233	700.0
2698	7.00889e+02	2.69800e+03	-0.00240042	700.0
2699	7.00892e+02	2.69900e+03	-0.00239433	700.0
2700	7.00882e+02	2.70000e+03	-0.00237624	700.0
2701	7.00882e+02	2.70100e+03	-0.00235812	700.0
2702	7.00885e+02	2.70200e+03	-0.00233983	700.0
2703	7.00884e+02	2.70300e+03	-0.00232162	700.0
2704	7.00895e+02	2.70400e+03	-0.00229588	700.0
2705	7.00893e+02	2.70500e+03	-0.00228236	700.0
2706	7.00894e+02	2.70600e+03	-0.00227502	700.0
2707	7.00888e+02	2.70700e+03	-0.00227104	700.0
2708	7.00885e+02	2.70800e+03	-0.00228882	700.0
2709	7.00888e+02	2.70900e+03	-0.00230069	700.0
2710	7.00892e+02	2.71000e+03	-0.00231404	700.0
2711	7.00889e+02	2.71100e+03	-0.00233032	700.0
2712	7.00885e+02	2.71200e+03	-0.00234994	700.0
2713	7.00892e+02	2.71300e+03	-0.00237241	700.0
2714	7.00892e+02	2.71400e+03	-0.00239579	700.0
2715	7.00889e+02	2.71500e+03	-0.00241911	700.0
2716	7.00891e+02	2.71600e+03	-0.00244129	700.0
2717	7.00885e+02	2.71700e+03	-0.00246099	700.0
2718	7.00885e+02	2.71800e+03	-0.00247788	700.0
2719	7.00884e+02	2.71900e+03	-0.00249206	700.0
2720	7.00890e+02	2.72000e+03	-0.00250445	700.0
