index	ts	t	weight	tr
[#]	[°C]	[s]	[mg]	[°C]
723	1.30060e+02	7.23000e+02	2.95484e+00	1.31000e+02
724	1.30385e+02	7.24000e+02	2.95481e+00	1.31333e+02
725	1.30715e+02	7.25000e+02	2.95478e+00	1.31667e+02
726	1.31041e+02	7.26000e+02	2.95476e+00	1.32000e+02
727	1.31370e+02	7.27000e+02	2.95473e+00	1.32333e+02
728	1.31710e+02	7.28000e+02	2.95470e+00	1.32667e+02
729	1.32044e+02	7.29000e+02	2.95468e+00	1.33000e+02
730	1.32368e+02	7.30000e+02	2.95465e+00	1.33333e+02
731	1.32689e+02	7.31000e+02	2.95462e+00	1.33667e+02
732	1.33045e+02	7.32000e+02	2.95460e+00	1.34000e+02
733	1.33379e+02	7.33000e+02	2.95457e+00	1.34333e+02
734	1.33691e+02	7.34000e+02	2.95453e+00	1.34667e+02
735	1.34036e+02	7.35000e+02	2.95450e+00	1.35000e+02
736	1.34363e+02	7.36000e+02	2.95444e+00	1.35333e+02
737	1.34703e+02	7.37000e+02	2.95439e+00	1.35667e+02
738	1.35035e+02	7.38000e+02	2.95434e+00	1.36000e+02
739	1.35359e+02	7.39000e+02	2.95429e+00	1.36333e+02
740	1.35692e+02	7.40000e+02	2.95423e+00	1.36667e+02
741	1.36033e+02	7.41000e+02	2.95417e+00	1.37000e+02
742	1.36369e+02	7.42000e+02	2.95411e+00	1.37333e+02
743	1.36698e+02	7.43000e+02	2.95405e+00	1.37667e+02
744	1.37027e+02	7.44000e+02	2.95398e+00	1.38000e+02
745	1.37359e+02	7.45000e+02	2.95391e+00	1.38333e+02
746	1.37690e+02	7.46000e+02	2.95384e+00	1.38667e+02
747	1.38031e+02	7.47000e+02	2.95376e+00	1.39000e+02
748	1.38364e+02	7.48000e+02	2.95367e+00	1.39333e+02
749	1.38699e+02	7.49000e+02	2.95358e+00	1.39667e+02
750	1.39032e+02	7.50000e+02	2.95350e+00	1.40000e+02
751	1.39358e+02	7.51000e+02	2.95342e+00	1.40333e+02
752	1.39694e+02	7.52000e+02	2.95334e+00	1.40667e+02
753	1.40035e+02	7.53000e+02	2.95326e+00	1.41000e+02
754	1.40351e+02	7.54000e+02	2.95318e+00	1.41333e+02
755	1.40690e+02	7.55000e+02	2.95310e+00	1.41667e+02
756	1.41025e+02	7.56000e+02	2.95303e+00	1.42000e+02
757	1.41364e+02	7.57000e+02	2.95296e+00	1.42333e+02
758	1.41677e+02	7.58000e+02	2.95288e+00	1.42667e+02
759	1.42033e+02	7.59000e+02	2.95281e+00	1.43000e+02
760	1.42371e+02	7.60000e+02	2.95274e+00	1.43333e+02
761	1.42716e+02	7.61000e+02	2.95266e+00	1.43667e+02
762	1.43048e+02	7.62000e+02	2.95258e+00	1.44000e+02
763	1.43370e+02	7.63000e+02	2.95250e+00	1.44333e+02
764	1.43712e+02	7.64000e+02	2.95241e+00	1.44667e+02
765	1.44045e+02	7.65000e+02	2.95231e+00	1.45000e+02
766	1.44369e+02	7.66000e+02	2.95222e+00	1.45333e+02
767	1.44707e+02	7.67000e+02	2.95213e+00	1.45667e+02
768	1.45050e+02	7.68000e+02	2.95202e+00	1.46000e+02
769	1.45376e+02	7.69000e+02	2.95192e+00	1.46333e+02
770	1.45716e+02	7.70000e+02	2.95181e+00	1.46667e+02
771	1.46058e+02	7.71000e+02	2.95170e+00	1.47000e+02
772	1.46380e+02	7.72000e+02	2.95158e+00	1.47333e+02
773	1.46722e+02	7.73000e+02	2.95146e+00	1.47667e+02
774	1.47058e+02	7.74000e+02	2.95133e+00	1.48000e+02
775	1.47385e+02	7.75000e+02	2.95120e+00	1.48333e+02
776	1.47725e+02	7.76000e+02	2.95106e+00	1.48667e+02
777	1.48058e+02	7.77000e+02	2.95093e+00	1.49000e+02
778	1.48387e+02	7.78000e+02	2.95080e+00	1.49333e+02
779	1.48734e+02	7.79000e+02	2.95066e+00	1.49667e+02
780	1.49078e+02	7.80000e+02	2.95052e+00	1.50000e+02
781	1.49401e+02	7.81000e+02	2.95038e+00	1.50333e+02
782	1.49743e+02	7.82000e+02	2.95023e+00	1.50667e+02
783	1.50078e+02	7.83000e+02	2.95008e+00	1.51000e+02
784	1.50422e+02	7.84000e+02	2.94991e+00	1.51333e+02
785	1.50757e+02	7.85000e+02	2.94975e+00	1.51667e+02
786	1.51086e+02	7.86000e+02	2.94959e+00	1.52000e+02
787	1.51420e+02	7.87000e+02	2.94944e+00	1.52333e+02
788	1.51759e+02	7.88000e+02	2.94928e+00	1.52667e+02
789	1.52087e+02	7.89000e+02	2.94913e+00	1.53000e+02
790	1.52438e+02	7.90000e+02	2.94897e+00	1.53333e+02
791	1.52763e+02	7.91000e+02	2.94882e+00	1.53667e+02
792	1.53096e+02	7.92000e+02	2.94867e+00	1.54000e+02
793	1.53424e+02	7.93000e+02	2.94851e+00	1.54333e+02
794	1.53777e+02	7.94000e+02	2.94835e+00	1.54667e+02
795	1.54105e+02	7.95000e+02	2.94819e+00	1.55000e+02
796	1.54444e+02	7.96000e+02	2.94802e+00	1.55333e+02
797	1.54774e+02	7.97000e+02	2.94785e+00	1.55667e+02
798	1.55116e+02	7.98000e+02	2.94768e+00	1.56000e+02
799	1.55456e+02	7.99000e+02	2.94751e+00	1.56333e+02
800	1.55792e+02	8.00000e+02	2.94733e+00	1.56667e+02
801	1.56125e+02	8.01000e+02	2.94715e+00	1.57000e+02
802	1.56454e+02	8.02000e+02	2.94696e+00	1.57333e+02
803	1.56799e+02	8.03000e+02	2.94678e+00	1.57667e+02
804	1.57133e+02	8.04000e+02	2.94659e+00	1.58000e+02
805	1.57464e+02	8.05000e+02	2.94639e+00	1.58333e+02
806	1.57808e+02	8.06000e+02	2.94620e+00	1.58667e+02
807	1.58157e+02	8.07000e+02	2.94600e+00	1.59000e+02
808	1.58491e+02	8.08000e+02	2.94579e+00	1.59333e+02
809	1.58827e+02	8.09000e+02	2.94558e+00	1.59667e+02
810	1.59161e+02	8.10000e+02	2.94537e+00	1.60000e+02
811	1.59503e+02	8.11000e+02	2.94517e+00	1.60333e+02
812	1.59838e+02	8.12000e+02	2.94495e+00	1.60667e+02
813	1.60170e+02	8.13000e+02	2.94475e+00	1.61000e+02
814	1.60516e+02	8.14000e+02	2.94454e+00	1.61333e+02
815	1.60854e+02	8.15000e+02	2.94434e+00	1.61667e+02
816	1.61184e+02	8.16000e+02	2.94415e+00	1.62000e+02
817	1.61533e+02	8.17000e+02	2.94395e+00	1.62333e+02
818	1.61845e+02	8.18000e+02	2.94375e+00	1.62667e+02
819	1.62197e+02	8.19000e+02	2.94355e+00	1.63000e+02
820	1.62547e+02	8.20000e+02	2.94335e+00	1.63333e+02
821	1.62879e+02	8.21000e+02	2.94314e+00	1.63667e+02
822	1.63213e+02	8.22000e+02	2.94293e+00	1.64000e+02
823	1.63563e+02	8.23000e+02	2.94271e+00	1.64333e+02
824	1.63901e+02	8.24000e+02	2.94248e+00	1.64667e+02
825	1.64226e+02	8.25000e+02	2.94224e+00	1.65000e+02
826	1.64572e+02	8.26000e+02	2.94201e+00	1.65333e+02
827	1.64900e+02	8.27000e+02	2.94177e+00	1.65667e+02
828	1.65244e+02	8.28000e+02	2.94152e+00	1.66000e+02
829	1.65579e+02	8.29000e+02	2.94127e+00	1.66333e+02
830	1.65921e+02	8.30000e+02	2.94102e+00	1.66667e+02
831	1.66255e+02	8.31000e+02	2.94077e+00	1.67000e+02
832	1.66603e+02	8.32000e+02	2.94049e+00	1.67333e+02
833	1.66934e+02	8.33000e+02	2.94022e+00	1.67667e+02
834	1.67292e+02	8.34000e+02	2.93995e+00	1.68000e+02
835	1.67623e+02	8.35000e+02	2.93967e+00	1.68333e+02
836	1.67955e+02	8.36000e+02	2.93936e+00	1.68667e+02
837	1.68304e+02	8.37000e+02	2.93906e+00	1.69000e+02
838	1.68633e+02	8.38000e+02	2.93876e+00	1.69333e+02
839	1.68974e+02	8.39000e+02	2.93845e+00	1.69667e+02
840	1.69319e+02	8.40000e+02	2.93813e+00	1.70000e+02
841	1.69655e+02	8.41000e+02	2.93780e+00	1.70333e+02
842	1.70000e+02	8.42000e+02	2.93747e+00	1.70667e+02
843	1.70341e+02	8.43000e+02	2.93713e+00	1.71000e+02
844	1.70688e+02	8.44000e+02	2.93676e+00	1.71333e+02
845	1.71010e+02	8.45000e+02	2.93639e+00	1.71667e+02
846	1.71363e+02	8.46000e+02	2.93601e+00	1.72000e+02
847	1.71691e+02	8.47000e+02	2.93562e+00	1.72333e+02
848	1.72032e+02	8.48000e+02	2.93519e+00	1.72667e+02
849	1.72386e+02	8.49000e+02	2.93475e+00	1.73000e+02
850	1.72726e+02	8.50000e+02	2.93431e+00	1.73333e+02
851	1.73050e+02	8.51000e+02	2.93386e+00	1.73667e+02
852	1.73403e+02	8.52000e+02	2.93336e+00	1.74000e+02
853	1.73756e+02	8.53000e+02	2.93286e+00	1.74333e+02
854	1.74087e+02	8.54000e+02	2.93236e+00	1.74667e+02
855	1.74426e+02	8.55000e+02	2.93185e+00	1.75000e+02
856	1.74777e+02	8.56000e+02	2.93128e+00	1.75333e+02
857	1.75116e+02	8.57000e+02	2.93073e+00	1.75667e+02
858	1.75455e+02	8.58000e+02	2.93015e+00	1.76000e+02
859	1.75812e+02	8.59000e+02	2.92957e+00	1.76333e+02
860	1.76163e+02	8.60000e+02	2.92893e+00	1.76667e+02
861	1.76498e+02	8.61000e+02	2.92830e+00	1.77000e+02
862	1.76832e+02	8.62000e+02	2.92766e+00	1.77333e+02
863	1.77181e+02	8.63000e+02	2.92701e+00	1.77667e+02
864	1.77534e+02	8.64000e+02	2.92631e+00	1.78000e+02
865	1.77869e+02	8.65000e+02	2.92561e+00	1.78333e+02
866	1.78222e+02	8.66000e+02	2.92491e+00	1.78667e+02
867	1.78552e+02	8.67000e+02	2.92419e+00	1.79000e+02
868	1.78896e+02	8.68000e+02	2.92342e+00	1.79333e+02
869	1.79236e+02	8.69000e+02	2.92266e+00	1.79667e+02
870	1.79571e+02	8.70000e+02	2.92188e+00	1.80000e+02
871	1.79906e+02	8.71000e+02	2.92109e+00	1.80333e+02
872	1.80260e+02	8.72000e+02	2.92025e+00	1.80667e+02
873	1.80602e+02	8.73000e+02	2.91941e+00	1.81000e+02
874	1.80944e+02	8.74000e+02	2.91856e+00	1.81333e+02
875	1.81272e+02	8.75000e+02	2.91769e+00	1.81667e+02
876	1.81623e+02	8.76000e+02	2.91676e+00	1.82000e+02
877	1.81954e+02	8.77000e+02	2.91585e+00	1.82333e+02
878	1.82306e+02	8.78000e+02	2.91491e+00	1.82667e+02
879	1.82645e+02	8.79000e+02	2.91397e+00	1.83000e+02
880	1.82974e+02	8.80000e+02	2.91297e+00	1.83333e+02
881	1.83323e+02	8.81000e+02	2.91198e+00	1.83667e+02
882	1.83653e+02	8.82000e+02	2.91098e+00	1.84000e+02
883	1.83990e+02	8.83000e+02	2.90997e+00	1.84333e+02
884	1.84324e+02	8.84000e+02	2.90891e+00	1.84667e+02
885	1.84668e+02	8.85000e+02	2.90786e+00	1.85000e+02
886	1.85012e+02	8.86000e+02	2.90680e+00	1.85333e+02
887	1.85344e+02	8.87000e+02	2.90573e+00	1.85667e+02
888	1.85686e+02	8.88000e+02	2.90462e+00	1.86000e+02
889	1.86025e+02	8.89000e+02	2.90351e+00	1.86333e+02
890	1.86364e+02	8.90000e+02	2.90240e+00	1.86667e+02
891	1.86699e+02	8.91000e+02	2.90128e+00	1.87000e+02
892	1.87038e+02	8.92000e+02	2.90011e+00	1.87333e+02
893	1.87369e+02	8.93000e+02	2.89896e+00	1.87667e+02
894	1.87719e+02	8.94000e+02	2.89779e+00	1.88000e+02
895	1.88053e+02	8.95000e+02	2.89662e+00	1.88333e+02
896	1.88390e+02	8.96000e+02	2.89543e+00	1.88667e+02
897	1.88734e+02	8.97000e+02	2.89424e+00	1.89000e+02
898	1.89069e+02	8.98000e+02	2.89305e+00	1.89333e+02
899	1.89414e+02	8.99000e+02	2.89186e+00	1.89667e+02
900	1.89744e+02	9.00000e+02	2.89066e+00	1.90000e+02
901	1.90081e+02	9.01000e+02	2.88946e+00	1.90333e+02
902	1.90428e+02	9.02000e+02	2.88827e+00	1.90667e+02
903	1.90764e+02	9.03000e+02	2.88708e+00	1.91000e+02
904	1.91103e+02	9.04000e+02	2.88589e+00	1.91333e+02
905	1.91451e+02	9.05000e+02	2.88471e+00	1.91667e+02
906	1.91786e+02	9.06000e+02	2.88353e+00	1.92000e+02
907	1.92122e+02	9.07000e+02	2.88235e+00	1.92333e+02
908	1.92467e+02	9.08000e+02	2.88118e+00	1.92667e+02
909	1.92806e+02	9.09000e+02	2.88001e+00	1.93000e+02
910	1.93142e+02	9.10000e+02	2.87884e+00	1.93333e+02
911	1.93492e+02	9.11000e+02	2.87768e+00	1.93667e+02
912	1.93812e+02	9.12000e+02	2.87654e+00	1.94000e+02
913	1.94150e+02	9.13000e+02	2.87540e+00	1.94333e+02
914	1.94512e+02	9.14000e+02	2.87427e+00	1.94667e+02
915	1.94843e+02	9.15000e+02	2.87314e+00	1.95000e+02
916	1.95181e+02	9.16000e+02	2.87205e+00	1.95333e+02
917	1.95514e+02	9.17000e+02	2.87096e+00	1.95667e+02
918	1.95862e+02	9.18000e+02	2.86988e+00	1.96000e+02
919	1.96204e+02	9.19000e+02	2.86880e+00	1.96333e+02
920	1.96536e+02	9.20000e+02	2.86778e+00	1.96667e+02
921	1.96876e+02	9.21000e+02	2.86675e+00	1.97000e+02
922	1.97215e+02	9.22000e+02	2.86573e+00	1.97333e+02
923	1.97557e+02	9.23000e+02	2.86472e+00	1.97667e+02
924	1.97903e+02	9.24000e+02	2.86376e+00	1.98000e+02
925	1.98244e+02	9.25000e+02	2.86280e+00	1.98333e+02
926	1.98582e+02	9.26000e+02	2.86184e+00	1.98667e+02
927	1.98914e+02	9.27000e+02	2.86090e+00	1.99000e+02
928	1.99253e+02	9.28000e+02	2.86002e+00	1.99333e+02
929	1.99600e+02	9.29000e+02	2.85913e+00	1.99667e+02
930	1.99942e+02	9.30000e+02	2.85827e+00	2.00000e+02
931	2.00283e+02	9.31000e+02	2.85741e+00	2.00333e+02
932	2.00613e+02	9.32000e+02	2.85663e+00	2.00667e+02
933	2.00962e+02	9.33000e+02	2.85584e+00	2.01000e+02
934	2.01303e+02	9.34000e+02	2.85506e+00	2.01333e+02
935	2.01629e+02	9.35000e+02	2.85430e+00	2.01667e+02
936	2.01972e+02	9.36000e+02	2.85360e+00	2.02000e+02
937	2.02313e+02	9.37000e+02	2.85289e+00	2.02333e+02
938	2.02640e+02	9.38000e+02	2.85219e+00	2.02667e+02
939	2.03000e+02	9.39000e+02	2.85151e+00	2.03000e+02
940	2.03340e+02	9.40000e+02	2.85089e+00	2.03333e+02
941	2.03664e+02	9.41000e+02	2.85026e+00	2.03667e+02
942	2.04011e+02	9.42000e+02	2.84964e+00	2.04000e+02
943	2.04354e+02	9.43000e+02	2.84904e+00	2.04333e+02
944	2.04691e+02	9.44000e+02	2.84850e+00	2.04667e+02
945	2.05026e+02	9.45000e+02	2.84795e+00	2.05000e+02
946	2.05367e+02	9.46000e+02	2.84742e+00	2.05333e+02
947	2.05709e+02	9.47000e+02	2.84689e+00	2.05667e+02
948	2.06051e+02	9.48000e+02	2.84642e+00	2.06000e+02
949	2.06388e+02	9.49000e+02	2.84594e+00	2.06333e+02
950	2.06728e+02	9.50000e+02	2.84547e+00	2.06667e+02
951	2.07061e+02	9.51000e+02	2.84500e+00	2.07000e+02
952	2.07410e+02	9.52000e+02	2.84459e+00	2.07333e+02
953	2.07754e+02	9.53000e+02	2.84416e+00	2.07667e+02
954	2.08083e+02	9.54000e+02	2.84375e+00	2.08000e+02
955	2.08429e+02	9.55000e+02	2.84335e+00	2.08333e+02
956	2.08762e+02	9.56000e+02	2.84298e+00	2.08667e+02
957	2.09098e+02	9.57000e+02	2.84262e+00	2.09000e+02
958	2.09435e+02	9.58000e+02	2.84226e+00	2.09333e+02
959	2.09779e+02	9.59000e+02	2.84190e+00	2.09667e+02
960	2.10123e+02	9.60000e+02	2.84159e+00	2.10000e+02
961	2.10460e+02	9.61000e+02	2.84128e+00	2.10333e+02
962	2.10789e+02	9.62000e+02	2.84096e+00	2.10667e+02
963	2.11136e+02	9.63000e+02	2.84065e+00	2.11000e+02
964	2.11475e+02	9.64000e+02	2.84037e+00	2.11333e+02
965	2.11815e+02	9.65000e+02	2.84008e+00	2.11667e+02
966	2.12161e+02	9.66000e+02	2.83979e+00	2.12000e+02
967	2.12495e+02	9.67000e+02	2.83950e+00	2.12333e+02
968	2.12828e+02	9.68000e+02	2.83922e+00	2.12667e+02
969	2.13168e+02	9.69000e+02	2.83895e+00	2.13000e+02
970	2.13504e+02	9.70000e+02	2.83868e+00	2.13333e+02
971	2.13850e+02	9.71000e+02	2.83841e+00	2.13667e+02
972	2.14181e+02	9.72000e+02	2.83816e+00	2.14000e+02
973	2.14513e+02	9.73000e+02	2.83790e+00	2.14333e+02
974	2.14859e+02	9.74000e+02	2.83765e+00	2.14667e+02
975	2.15187e+02	9.75000e+02	2.83741e+00	2.15000e+02
976	2.15528e+02	9.76000e+02	2.83718e+00	2.15333e+02
977	2.15864e+02	9.77000e+02	2.83694e+00	2.15667e+02
978	2.16197e+02	9.78000e+02	2.83671e+00	2.16000e+02
979	2.16534e+02	9.79000e+02	2.83648e+00	2.16333e+02
980	2.16872e+02	9.80000e+02	2.83625e+00	2.16667e+02
981	2.17201e+02	9.81000e+02	2.83602e+00	2.17000e+02
982	2.17548e+02	9.82000e+02	2.83579e+00	2.17333e+02
983	2.17901e+02	9.83000e+02	2.83556e+00	2.17667e+02
984	2.18231e+02	9.84000e+02	2.83532e+00	2.18000e+02
985	2.18575e+02	9.85000e+02	2.83509e+00	2.18333e+02
986	2.18898e+02	9.86000e+02	2.83486e+00	2.18667e+02
987	2.19240e+02	9.87000e+02	2.83462e+00	2.19000e+02
988	2.19576e+02	9.88000e+02	2.83439e+00	2.19333e+02
989	2.19917e+02	9.89000e+02	2.83416e+00	2.19667e+02
990	2.20252e+02	9.90000e+02	2.83393e+00	2.20000e+02
991	2.20597e+02	9.91000e+02	2.83371e+00	2.20333e+02
992	2.20924e+02	9.92000e+02	2.83349e+00	2.20667e+02
993	2.21270e+02	9.93000e+02	2.83328e+00	2.21000e+02
994	2.21606e+02	9.94000e+02	2.83306e+00	2.21333e+02
995	2.21943e+02	9.95000e+02	2.83284e+00	2.21667e+02
996	2.22284e+02	9.96000e+02	2.83261e+00	2.22000e+02
997	2.22628e+02	9.97000e+02	2.83237e+00	2.22333e+02
998	2.22971e+02	9.98000e+02	2.83213e+00	2.22667e+02
999	2.23305e+02	9.99000e+02	2.83188e+00	2.23000e+02
1000	2.23652e+02	1.00000e+03	2.83160e+00	2.23333e+02
1001	2.23982e+02	1.00100e+03	2.83133e+00	2.23667e+02
1002	2.24324e+02	1.00200e+03	2.83106e+00	2.24000e+02
1003	2.24664e+02	1.00300e+03	2.83079e+00	2.24333e+02
1004	2.25002e+02	1.00400e+03	2.83052e+00	2.24667e+02
1005	2.25335e+02	1.00500e+03	2.83025e+00	2.25000e+02
1006	2.25670e+02	1.00600e+03	2.82998e+00	2.25333e+02
1007	2.26018e+02	1.00700e+03	2.82972e+00	2.25667e+02
1008	2.26363e+02	1.00800e+03	2.82947e+00	2.26000e+02
1009	2.26693e+02	1.00900e+03	2.82921e+00	2.26333e+02
1010	2.27037e+02	1.01000e+03	2.82895e+00	2.26667e+02
1011	2.27372e+02	1.01100e+03	2.82870e+00	2.27000e+02
1012	2.27720e+02	1.01200e+03	2.82845e+00	2.27333e+02
1013	2.28051e+02	1.01300e+03	2.82819e+00	2.27667e+02
1014	2.28386e+02	1.01400e+03	2.82794e+00	2.28000e+02
1015	2.28721e+02	1.01500e+03	2.82770e+00	2.28333e+02
1016	2.29052e+02	1.01600e+03	2.82746e+00	2.28667e+02
1017	2.29401e+02	1.01700e+03	2.82722e+00	2.29000e+02
1018	2.29740e+02	1.01800e+03	2.82699e+00	2.29333e+02
1019	2.30074e+02	1.01900e+03	2.82677e+00	2.29667e+02
1020	2.30414e+02	1.02000e+03	2.82656e+00	2.30000e+02
1021	2.30749e+02	1.02100e+03	2.82635e+00	2.30333e+02
1022	2.31083e+02	1.02200e+03	2.82613e+00	2.30667e+02
1023	2.31425e+02	1.02300e+03	2.82592e+00	2.31000e+02
1024	2.31756e+02	1.02400e+03	2.82572e+00	2.31333e+02
1025	2.32095e+02	1.02500e+03	2.82551e+00	2.31667e+02
1026	2.32435e+02	1.02600e+03	2.82530e+00	2.32000e+02
1027	2.32763e+02	1.02700e+03	2.82509e+00	2.32333e+02
1028	2.33103e+02	1.02800e+03	2.82488e+00	2.32667e+02
1029	2.33435e+02	1.02900e+03	2.82467e+00	2.33000e+02
1030	2.33773e+02	1.03000e+03	2.82445e+00	2.33333e+02
1031	2.34114e+02	1.03100e+03	2.82424e+00	2.33667e+02
1032	2.34449e+02	1.03200e+03	2.82402e+00	2.34000e+02
1033	2.34776e+02	1.03300e+03	2.82380e+00	2.34333e+02
1034	2.35118e+02	1.03400e+03	2.82359e+00	2.34667e+02
1035	2.35459e+02	1.03500e+03	2.82337e+00	2.35000e+02
1036	2.35791e+02	1.03600e+03	2.82317e+00	2.35333e+02
1037	2.36124e+02	1.03700e+03	2.82296e+00	2.35667e+02
1038	2.36461e+02	1.03800e+03	2.82276e+00	2.36000e+02
1039	2.36797e+02	1.03900e+03	2.82256e+00	2.36333e+02
1040	2.37114e+02	1.04000e+03	2.82238e+00	2.36667e+02
1041	2.37452e+02	1.04100e+03	2.82219e+00	2.37000e+02
1042	2.37801e+02	1.04200e+03	2.82200e+00	2.37333e+02
1043	2.38129e+02	1.04300e+03	2.82182e+00	2.37667e+02
1044	2.38453e+02	1.04400e+03	2.82164e+00	2.38000e+02
1045	2.38784e+02	1.04500e+03	2.82146e+00	2.38333e+02
1046	2.39120e+02	1.04600e+03	2.82128e+00	2.38667e+02
1047	2.39454e+02	1.04700e+03	2.82111e+00	2.39000e+02
1048	2.39789e+02	1.04800e+03	2.82094e+00	2.39333e+02
1049	2.40127e+02	1.04900e+03	2.82077e+00	2.39667e+02
1050	2.40454e+02	1.05000e+03	2.82060e+00	2.40000e+02
1051	2.40769e+02	1.05100e+03	2.82043e+00	2.40333e+02
1052	2.41093e+02	1.05200e+03	2.82025e+00	2.40667e+02
1053	2.41433e+02	1.05300e+03	2.82008e+00	2.41000e+02
1054	2.41773e+02	1.05400e+03	2.81991e+00	2.41333e+02
1055	2.42122e+02	1.05500e+03	2.81974e+00	2.41667e+02
1056	2.42459e+02	1.05600e+03	2.81957e+00	2.42000e+02
1057	2.42789e+02	1.05700e+03	2.81941e+00	2.42333e+02
1058	2.43129e+02	1.05800e+03	2.81924e+00	2.42667e+02
1059	2.43481e+02	1.05900e+03	2.81908e+00	2.43000e+02
1060	2.43803e+02	1.06000e+03	2.81892e+00	2.43333e+02
1061	2.44144e+02	1.06100e+03	2.81876e+00	2.43667e+02
1062	2.44481e+02	1.06200e+03	2.81861e+00	2.44000e+02
1063	2.44816e+02	1.06300e+03	2.81846e+00	2.44333e+02
1064	2.45167e+02	1.06400e+03	2.81831e+00	2.44667e+02
1065	2.45506e+02	1.06500e+03	2.81816e+00	2.45000e+02
1066	2.45838e+02	1.06600e+03	2.81801e+00	2.45333e+02
1067	2.46185e+02	1.06700e+03	2.81787e+00	2.45667e+02
1068	2.46522e+02	1.06800e+03	2.81773e+00	2.46000e+02
1069	2.46853e+02	1.06900e+03	2.81759e+00	2.46333e+02
1070	2.47196e+02	1.07000e+03	2.81745e+00	2.46667e+02
1071	2.47534e+02	1.07100e+03	2.81731e+00	2.47000e+02
1072	2.47867e+02	1.07200e+03	2.81719e+00	2.47333e+02
1073	2.48202e+02	1.07300e+03	2.81706e+00	2.47667e+02
1074	2.48550e+02	1.07400e+03	2.81694e+00	2.48000e+02
1075	2.48879e+02	1.07500e+03	2.81681e+00	2.48333e+02
1076	2.49224e+02	1.07600e+03	2.81670e+00	2.48667e+02
1077	2.49564e+02	1.07700e+03	2.81658e+00	2.49000e+02
1078	2.49907e+02	1.07800e+03	2.81646e+00	2.49333e+02
1079	2.50251e+02	1.07900e+03	2.81633e+00	2.49667e+02
1080	2.50592e+02	1.08000e+03	2.81619e+00	2.50000e+02
1081	2.50923e+02	1.08100e+03	2.81605e+00	2.50333e+02
1082	2.51283e+02	1.08200e+03	2.81591e+00	2.50667e+02
1083	2.51635e+02	1.08300e+03	2.81576e+00	2.51000e+02
1084	2.51979e+02	1.08400e+03	2.81561e+00	2.51333e+02
1085	2.52317e+02	1.08500e+03	2.81546e+00	2.51667e+02
1086	2.52659e+02	1.08600e+03	2.81532e+00	2.52000e+02
1087	2.52995e+02	1.08700e+03	2.81517e+00	2.52333e+02
1088	2.53342e+02	1.08800e+03	2.81503e+00	2.52667e+02
1089	2.53720e+02	1.08900e+03	2.81488e+00	2.53000e+02
1090	2.54059e+02	1.09000e+03	2.81474e+00	2.53333e+02
1091	2.54411e+02	1.09100e+03	2.81460e+00	2.53667e+02
1092	2.54763e+02	1.09200e+03	2.81446e+00	2.54000e+02
1093	2.55113e+02	1.09300e+03	2.81433e+00	2.54333e+02
1094	2.55453e+02	1.09400e+03	2.81419e+00	2.54667e+02
1095	2.55799e+02	1.09500e+03	2.81405e+00	2.55000e+02
1096	2.56143e+02	1.09600e+03	2.81392e+00	2.55333e+02
1097	2.56478e+02	1.09700e+03	2.81379e+00	2.55667e+02
1098	2.56820e+02	1.09800e+03	2.81366e+00	2.56000e+02
1099	2.57157e+02	1.09900e+03	2.81354e+00	2.56333e+02
1100	2.57510e+02	1.10000e+03	2.81341e+00	2.56667e+02
1101	2.57858e+02	1.10100e+03	2.81329e+00	2.57000e+02
1102	2.58193e+02	1.10200e+03	2.81316e+00	2.57333e+02
1103	2.58539e+02	1.10300e+03	2.81302e+00	2.57667e+02
1104	2.58880e+02	1.10400e+03	2.81288e+00	2.58000e+02
1105	2.59210e+02	1.10500e+03	2.81274e+00	2.58333e+02
1106	2.59557e+02	1.10600e+03	2.81259e+00	2.58667e+02
1107	2.59894e+02	1.10700e+03	2.81245e+00	2.59000e+02
1108	2.60223e+02	1.10800e+03	2.81228e+00	2.59333e+02
1109	2.60560e+02	1.10900e+03	2.81213e+00	2.59667e+02
1110	2.60902e+02	1.11000e+03	2.81197e+00	2.60000e+02
1111	2.61252e+02	1.11100e+03	2.81182e+00	2.60333e+02
1112	2.61592e+02	1.11200e+03	2.81166e+00	2.60667e+02
1113	2.61923e+02	1.11300e+03	2.81150e+00	2.61000e+02
1114	2.62261e+02	1.11400e+03	2.81134e+00	2.61333e+02
1115	2.62594e+02	1.11500e+03	2.81118e+00	2.61667e+02
1116	2.62945e+02	1.11600e+03	2.81103e+00	2.62000e+02
1117	2.63282e+02	1.11700e+03	2.81088e+00	2.62333e+02
1118	2.63620e+02	1.11800e+03	2.81074e+00	2.62667e+02
1119	2.63969e+02	1.11900e+03	2.81059e+00	2.63000e+02
1120	2.64333e+02	1.12000e+03	2.81045e+00	2.63333e+02
1121	2.64669e+02	1.12100e+03	2.81031e+00	2.63667e+02
1122	2.65001e+02	1.12200e+03	2.81015e+00	2.64000e+02
1123	2.65335e+02	1.12300e+03	2.81000e+00	2.64333e+02
1124	2.65661e+02	1.12400e+03	2.80984e+00	2.64667e+02
1125	2.66004e+02	1.12500e+03	2.80969e+00	2.65000e+02
1126	2.66351e+02	1.12600e+03	2.80953e+00	2.65333e+02
1127	2.66705e+02	1.12700e+03	2.80938e+00	2.65667e+02
1128	2.67059e+02	1.12800e+03	2.80923e+00	2.66000e+02
1129	2.67411e+02	1.12900e+03	2.80907e+00	2.66333e+02
1130	2.67750e+02	1.13000e+03	2.80892e+00	2.66667e+02
1131	2.68125e+02	1.13100e+03	2.80877e+00	2.67000e+02
1132	2.68465e+02	1.13200e+03	2.80861e+00	2.67333e+02
1133	2.68815e+02	1.13300e+03	2.80844e+00	2.67667e+02
1134	2.69152e+02	1.13400e+03	2.80827e+00	2.68000e+02
1135	2.69487e+02	1.13500e+03	2.80809e+00	2.68333e+02
1136	2.69838e+02	1.13600e+03	2.80789e+00	2.68667e+02
1137	2.70168e+02	1.13700e+03	2.80770e+00	2.69000e+02
1138	2.70509e+02	1.13800e+03	2.80751e+00	2.69333e+02
1139	2.70859e+02	1.13900e+03	2.80732e+00	2.69667e+02
1140	2.71199e+02	1.14000e+03	2.80711e+00	2.70000e+02
1141	2.71552e+02	1.14100e+03	2.80692e+00	2.70333e+02
1142	2.71894e+02	1.14200e+03	2.80672e+00	2.70667e+02
1143	2.72229e+02	1.14300e+03	2.80652e+00	2.71000e+02
1144	2.72582e+02	1.14400e+03	2.80631e+00	2.71333e+02
1145	2.72937e+02	1.14500e+03	2.80611e+00	2.71667e+02
1146	2.73300e+02	1.14600e+03	2.80590e+00	2.72000e+02
1147	2.73650e+02	1.14700e+03	2.80568e+00	2.72333e+02
1148	2.73996e+02	1.14800e+03	2.80545e+00	2.72667e+02
1149	2.74338e+02	1.14900e+03	2.80522e+00	2.73000e+02
1150	2.74687e+02	1.15000e+03	2.80497e+00	2.73333e+02
1151	2.75025e+02	1.15100e+03	2.80472e+00	2.73667e+02
1152	2.75373e+02	1.15200e+03	2.80445e+00	2.74000e+02
1153	2.75709e+02	1.15300e+03	2.80417e+00	2.74333e+02
1154	2.76049e+02	1.15400e+03	2.80390e+00	2.74667e+02
1155	2.76389e+02	1.15500e+03	2.80362e+00	2.75000e+02
1156	2.76725e+02	1.15600e+03	2.80332e+00	2.75333e+02
1157	2.77061e+02	1.15700e+03	2.80303e+00	2.75667e+02
1158	2.77403e+02	1.15800e+03	2.80273e+00	2.76000e+02
1159	2.77736e+02	1.15900e+03	2.80243e+00	2.76333e+02
1160	2.78096e+02	1.16000e+03	2.80212e+00	2.76667e+02
1161	2.78434e+02	1.16100e+03	2.80181e+00	2.77000e+02
1162	2.78784e+02	1.16200e+03	2.80149e+00	2.77333e+02
1163	2.79127e+02	1.16300e+03	2.80116e+00	2.77667e+02
1164	2.79486e+02	1.16400e+03	2.80080e+00	2.78000e+02
1165	2.79852e+02	1.16500e+03	2.80045e+00	2.78333e+02
1166	2.80254e+02	1.16600e+03	2.80009e+00	2.78667e+02
1167	2.80587e+02	1.16700e+03	2.79973e+00	2.79000e+02
1168	2.80896e+02	1.16800e+03	2.79933e+00	2.79333e+02
1169	2.81219e+02	1.16900e+03	2.79895e+00	2.79667e+02
1170	2.81558e+02	1.17000e+03	2.79856e+00	2.80000e+02
1171	2.81884e+02	1.17100e+03	2.79816e+00	2.80333e+02
1172	2.82194e+02	1.17200e+03	2.79775e+00	2.80667e+02
1173	2.82532e+02	1.17300e+03	2.79734e+00	2.81000e+02
1174	2.82867e+02	1.17400e+03	2.79692e+00	2.81333e+02
1175	2.83197e+02	1.17500e+03	2.79650e+00	2.81667e+02
1176	2.83520e+02	1.17600e+03	2.79606e+00	2.82000e+02
1177	2.83854e+02	1.17700e+03	2.79561e+00	2.82333e+02
1178	2.84201e+02	1.17800e+03	2.79516e+00	2.82667e+02
1179	2.84520e+02	1.17900e+03	2.79470e+00	2.83000e+02
1180	2.84854e+02	1.18000e+03	2.79421e+00	2.83333e+02
1181	2.85197e+02	1.18100e+03	2.79373e+00	2.83667e+02
1182	2.85528e+02	1.18200e+03	2.79324e+00	2.84000e+02
1183	2.85857e+02	1.18300e+03	2.79274e+00	2.84333e+02
1184	2.86188e+02	1.18400e+03	2.79221e+00	2.84667e+02
1185	2.86514e+02	1.18500e+03	2.79168e+00	2.85000e+02
1186	2.86851e+02	1.18600e+03	2.79115e+00	2.85333e+02
1187	2.87173e+02	1.18700e+03	2.79061e+00	2.85667e+02
1188	2.87506e+02	1.18800e+03	2.79004e+00	2.86000e+02
1189	2.87846e+02	1.18900e+03	2.78948e+00	2.86333e+02
1190	2.88180e+02	1.19000e+03	2.78891e+00	2.86667e+02
1191	2.88501e+02	1.19100e+03	2.78834e+00	2.87000e+02
1192	2.88839e+02	1.19200e+03	2.78773e+00	2.87333e+02
1193	2.89179e+02	1.19300e+03	2.78713e+00	2.87667e+02
1194	2.89499e+02	1.19400e+03	2.78651e+00	2.88000e+02
1195	2.89830e+02	1.19500e+03	2.78588e+00	2.88333e+02
1196	2.90162e+02	1.19600e+03	2.78520e+00	2.88667e+02
1197	2.90502e+02	1.19700e+03	2.78452e+00	2.89000e+02
1198	2.90821e+02	1.19800e+03	2.78383e+00	2.89333e+02
1199	2.91141e+02	1.19900e+03	2.78313e+00	2.89667e+02
1200	2.91495e+02	1.20000e+03	2.78236e+00	2.90000e+02
1201	2.91843e+02	1.20100e+03	2.78161e+00	2.90333e+02
1202	2.92199e+02	1.20200e+03	2.78085e+00	2.90667e+02
1203	2.92530e+02	1.20300e+03	2.78009e+00	2.91000e+02
1204	2.92863e+02	1.20400e+03	2.77928e+00	2.91333e+02
1205	2.93210e+02	1.20500e+03	2.77848e+00	2.91667e+02
1206	2.93560e+02	1.20600e+03	2.77766e+00	2.92000e+02
1207	2.93898e+02	1.20700e+03	2.77684e+00	2.92333e+02
1208	2.94235e+02	1.20800e+03	2.77598e+00	2.92667e+02
1209	2.94583e+02	1.20900e+03	2.77512e+00	2.93000e+02
1210	2.94922e+02	1.21000e+03	2.77425e+00	2.93333e+02
1211	2.95263e+02	1.21100e+03	2.77337e+00	2.93667e+02
1212	2.95616e+02	1.21200e+03	2.77245e+00	2.94000e+02
1213	2.95948e+02	1.21300e+03	2.77153e+00	2.94333e+02
1214	2.96273e+02	1.21400e+03	2.77059e+00	2.94667e+02
1215	2.96619e+02	1.21500e+03	2.76965e+00	2.95000e+02
1216	2.96950e+02	1.21600e+03	2.76866e+00	2.95333e+02
1217	2.97286e+02	1.21700e+03	2.76767e+00	2.95667e+02
1218	2.97629e+02	1.21800e+03	2.76668e+00	2.96000e+02
1219	2.97954e+02	1.21900e+03	2.76568e+00	2.96333e+02
1220	2.98284e+02	1.22000e+03	2.76463e+00	2.96667e+02
1221	2.98643e+02	1.22100e+03	2.76360e+00	2.97000e+02
1222	2.98994e+02	1.22200e+03	2.76255e+00	2.97333e+02
1223	2.99326e+02	1.22300e+03	2.76149e+00	2.97667e+02
1224	2.99653e+02	1.22400e+03	2.76040e+00	2.98000e+02
1225	2.99991e+02	1.22500e+03	2.75930e+00	2.98333e+02
1226	3.00307e+02	1.22600e+03	2.75820e+00	2.98667e+02
1227	3.00633e+02	1.22700e+03	2.75708e+00	2.99000e+02
1228	3.00956e+02	1.22800e+03	2.75591e+00	2.99333e+02
1229	3.01277e+02	1.22900e+03	2.75475e+00	2.99667e+02
1230	3.01582e+02	1.23000e+03	2.75358e+00	3.00000e+02
1231	3.01917e+02	1.23100e+03	2.75239e+00	3.00333e+02
1232	3.02246e+02	1.23200e+03	2.75116e+00	3.00667e+02
1233	3.02580e+02	1.23300e+03	2.74994e+00	3.01000e+02
1234	3.02905e+02	1.23400e+03	2.74870e+00	3.01333e+02
1235	3.03229e+02	1.23500e+03	2.74747e+00	3.01667e+02
1236	3.03566e+02	1.23600e+03	2.74618e+00	3.02000e+02
1237	3.03902e+02	1.23700e+03	2.74491e+00	3.02333e+02
1238	3.04251e+02	1.23800e+03	2.74362e+00	3.02667e+02
1239	3.04579e+02	1.23900e+03	2.74233e+00	3.03000e+02
1240	3.04912e+02	1.24000e+03	2.74099e+00	3.03333e+02
1241	3.05268e+02	1.24100e+03	2.73966e+00	3.03667e+02
1242	3.05595e+02	1.24200e+03	2.73832e+00	3.04000e+02
1243	3.05935e+02	1.24300e+03	2.73697e+00	3.04333e+02
1244	3.06270e+02	1.24400e+03	2.73560e+00	3.04667e+02
1245	3.06613e+02	1.24500e+03	2.73423e+00	3.05000e+02
1246	3.06943e+02	1.24600e+03	2.73286e+00	3.05333e+02
1247	3.07288e+02	1.24700e+03	2.73149e+00	3.05667e+02
1248	3.07643e+02	1.24800e+03	2.73009e+00	3.06000e+02
1249	3.07988e+02	1.24900e+03	2.72870e+00	3.06333e+02
1250	3.08322e+02	1.25000e+03	2.72731e+00	3.06667e+02
1251	3.08651e+02	1.25100e+03	2.72591e+00	3.07000e+02
1252	3.08983e+02	1.25200e+03	2.72450e+00	3.07333e+02
1253	3.09314e+02	1.25300e+03	2.72308e+00	3.07667e+02
1254	3.09640e+02	1.25400e+03	2.72166e+00	3.08000e+02
1255	3.09984e+02	1.25500e+03	2.72023e+00	3.08333e+02
1256	3.10326e+02	1.25600e+03	2.71878e+00	3.08667e+02
1257	3.10669e+02	1.25700e+03	2.71732e+00	3.09000e+02
1258	3.11003e+02	1.25800e+03	2.71587e+00	3.09333e+02
1259	3.11346e+02	1.25900e+03	2.71441e+00	3.09667e+02
1260	3.11683e+02	1.26000e+03	2.71294e+00	3.10000e+02
1261	3.12020e+02	1.26100e+03	2.71147e+00	3.10333e+02
1262	3.12369e+02	1.26200e+03	2.71000e+00	3.10667e+02
1263	3.12725e+02	1.26300e+03	2.70853e+00	3.11000e+02
1264	3.13070e+02	1.26400e+03	2.70705e+00	3.11333e+02
1265	3.13403e+02	1.26500e+03	2.70558e+00	3.11667e+02
1266	3.13732e+02	1.26600e+03	2.70411e+00	3.12000e+02
1267	3.14060e+02	1.26700e+03	2.70264e+00	3.12333e+02
1268	3.14395e+02	1.26800e+03	2.70118e+00	3.12667e+02
1269	3.14736e+02	1.26900e+03	2.69971e+00	3.13000e+02
1270	3.15067e+02	1.27000e+03	2.69824e+00	3.13333e+02
1271	3.15407e+02	1.27100e+03	2.69677e+00	3.13667e+02
1272	3.15744e+02	1.27200e+03	2.69531e+00	3.14000e+02
1273	3.16074e+02	1.27300e+03	2.69383e+00	3.14333e+02
1274	3.16397e+02	1.27400e+03	2.69236e+00	3.14667e+02
1275	3.16732e+02	1.27500e+03	2.69088e+00	3.15000e+02
1276	3.17069e+02	1.27600e+03	2.68938e+00	3.15333e+02
1277	3.17395e+02	1.27700e+03	2.68788e+00	3.15667e+02
1278	3.17730e+02	1.27800e+03	2.68638e+00	3.16000e+02
1279	3.18069e+02	1.27900e+03	2.68487e+00	3.16333e+02
1280	3.18408e+02	1.28000e+03	2.68334e+00	3.16667e+02
1281	3.18735e+02	1.28100e+03	2.68182e+00	3.17000e+02
1282	3.19079e+02	1.28200e+03	2.68030e+00	3.17333e+02
1283	3.19398e+02	1.28300e+03	2.67877e+00	3.17667e+02
1284	3.19723e+02	1.28400e+03	2.67724e+00	3.18000e+02
1285	3.20058e+02	1.28500e+03	2.67571e+00	3.18333e+02
1286	3.20383e+02	1.28600e+03	2.67417e+00	3.18667e+02
1287	3.20712e+02	1.28700e+03	2.67261e+00	3.19000e+02
1288	3.21057e+02	1.28800e+03	2.67103e+00	3.19333e+02
1289	3.21392e+02	1.28900e+03	2.66944e+00	3.19667e+02
1290	3.21734e+02	1.29000e+03	2.66785e+00	3.20000e+02
1291	3.22051e+02	1.29100e+03	2.66624e+00	3.20333e+02
1292	3.22393e+02	1.29200e+03	2.66458e+00	3.20667e+02
1293	3.22726e+02	1.29300e+03	2.66293e+00	3.21000e+02
1294	3.23056e+02	1.29400e+03	2.66126e+00	3.21333e+02
1295	3.23392e+02	1.29500e+03	2.65959e+00	3.21667e+02
1296	3.23720e+02	1.29600e+03	2.65787e+00	3.22000e+02
1297	3.24052e+02	1.29700e+03	2.65615e+00	3.22333e+02
1298	3.24383e+02	1.29800e+03	2.65442e+00	3.22667e+02
1299	3.24720e+02	1.29900e+03	2.65267e+00	3.23000e+02
1300	3.25041e+02	1.30000e+03	2.65086e+00	3.23333e+02
1301	3.25374e+02	1.30100e+03	2.64905e+00	3.23667e+02
1302	3.25712e+02	1.30200e+03	2.64721e+00	3.24000e+02
1303	3.26044e+02	1.30300e+03	2.64536e+00	3.24333e+02
1304	3.26369e+02	1.30400e+03	2.64342e+00	3.24667e+02
1305	3.26697e+02	1.30500e+03	2.64149e+00	3.25000e+02
1306	3.27014e+02	1.30600e+03	2.63953e+00	3.25333e+02
1307	3.27349e+02	1.30700e+03	2.63755e+00	3.25667e+02
1308	3.27678e+02	1.30800e+03	2.63546e+00	3.26000e+02
1309	3.28006e+02	1.30900e+03	2.63337e+00	3.26333e+02
1310	3.28347e+02	1.31000e+03	2.63126e+00	3.26667e+02
1311	3.28672e+02	1.31100e+03	2.62912e+00	3.27000e+02
1312	3.29020e+02	1.31200e+03	2.62685e+00	3.27333e+02
1313	3.29376e+02	1.31300e+03	2.62460e+00	3.27667e+02
1314	3.29690e+02	1.31400e+03	2.62231e+00	3.28000e+02
1315	3.30022e+02	1.31500e+03	2.62000e+00	3.28333e+02
1316	3.30350e+02	1.31600e+03	2.61754e+00	3.28667e+02
1317	3.30693e+02	1.31700e+03	2.61510e+00	3.29000e+02
1318	3.31012e+02	1.31800e+03	2.61262e+00	3.29333e+02
1319	3.31331e+02	1.31900e+03	2.61011e+00	3.29667e+02
1320	3.31667e+02	1.32000e+03	2.60743e+00	3.30000e+02
1321	3.31979e+02	1.32100e+03	2.60478e+00	3.30333e+02
1322	3.32330e+02	1.32200e+03	2.60208e+00	3.30667e+02
1323	3.32645e+02	1.32300e+03	2.59935e+00	3.31000e+02
1324	3.32971e+02	1.32400e+03	2.59645e+00	3.31333e+02
1325	3.33306e+02	1.32500e+03	2.59356e+00	3.31667e+02
1326	3.33632e+02	1.32600e+03	2.59063e+00	3.32000e+02
1327	3.33959e+02	1.32700e+03	2.58766e+00	3.32333e+02
1328	3.34287e+02	1.32800e+03	2.58450e+00	3.32667e+02
1329	3.34622e+02	1.32900e+03	2.58136e+00	3.33000e+02
1330	3.34948e+02	1.33000e+03	2.57818e+00	3.33333e+02
1331	3.35269e+02	1.33100e+03	2.57496e+00	3.33667e+02
1332	3.35590e+02	1.33200e+03	2.57153e+00	3.34000e+02
1333	3.35917e+02	1.33300e+03	2.56813e+00	3.34333e+02
1334	3.36240e+02	1.33400e+03	2.56468e+00	3.34667e+02
1335	3.36568e+02	1.33500e+03	2.56118e+00	3.35000e+02
1336	3.36888e+02	1.33600e+03	2.55747e+00	3.35333e+02
1337	3.37222e+02	1.33700e+03	2.55377e+00	3.35667e+02
1338	3.37549e+02	1.33800e+03	2.55001e+00	3.36000e+02
1339	3.37873e+02	1.33900e+03	2.54620e+00	3.36333e+02
1340	3.38225e+02	1.34000e+03	2.54214e+00	3.36667e+02
1341	3.38543e+02	1.34100e+03	2.53811e+00	3.37000e+02
1342	3.38872e+02	1.34200e+03	2.53402e+00	3.37333e+02
1343	3.39206e+02	1.34300e+03	2.52987e+00	3.37667e+02
1344	3.39541e+02	1.34400e+03	2.52546e+00	3.38000e+02
1345	3.39866e+02	1.34500e+03	2.52107e+00	3.38333e+02
1346	3.40196e+02	1.34600e+03	2.51662e+00	3.38667e+02
1347	3.40528e+02	1.34700e+03	2.51211e+00	3.39000e+02
1348	3.40860e+02	1.34800e+03	2.50731e+00	3.39333e+02
1349	3.41195e+02	1.34900e+03	2.50254e+00	3.39667e+02
1350	3.41530e+02	1.35000e+03	2.49771e+00	3.40000e+02
1351	3.41863e+02	1.35100e+03	2.49282e+00	3.40333e+02
1352	3.42200e+02	1.35200e+03	2.48761e+00	3.40667e+02
1353	3.42500e+02	1.35300e+03	2.48244e+00	3.41000e+02
1354	3.42832e+02	1.35400e+03	2.47720e+00	3.41333e+02
1355	3.43153e+02	1.35500e+03	2.47190e+00	3.41667e+02
1356	3.43494e+02	1.35600e+03	2.46627e+00	3.42000e+02
1357	3.43833e+02	1.35700e+03	2.46067e+00	3.42333e+02
1358	3.44146e+02	1.35800e+03	2.45501e+00	3.42667e+02
1359	3.44475e+02	1.35900e+03	2.44928e+00	3.43000e+02
1360	3.44805e+02	1.36000e+03	2.44319e+00	3.43333e+02
1361	3.45137e+02	1.36100e+03	2.43714e+00	3.43667e+02
1362	3.45468e+02	1.36200e+03	2.43101e+00	3.44000e+02
1363	3.45792e+02	1.36300e+03	2.42481e+00	3.44333e+02
1364	3.46122e+02	1.36400e+03	2.41822e+00	3.44667e+02
1365	3.46473e+02	1.36500e+03	2.41169e+00	3.45000e+02
1366	3.46808e+02	1.36600e+03	2.40507e+00	3.45333e+02
1367	3.47136e+02	1.36700e+03	2.39839e+00	3.45667e+02
1368	3.47457e+02	1.36800e+03	2.39132e+00	3.46000e+02
1369	3.47786e+02	1.36900e+03	2.38429e+00	3.46333e+02
1370	3.48104e+02	1.37000e+03	2.37718e+00	3.46667e+02
1371	3.48444e+02	1.37100e+03	2.36999e+00	3.47000e+02
1372	3.48770e+02	1.37200e+03	2.36241e+00	3.47333e+02
1373	3.49103e+02	1.37300e+03	2.35488e+00	3.47667e+02
1374	3.49444e+02	1.37400e+03	2.34726e+00	3.48000e+02
1375	3.49765e+02	1.37500e+03	2.33957e+00	3.48333e+02
1376	3.50099e+02	1.37600e+03	2.33146e+00	3.48667e+02
1377	3.50428e+02	1.37700e+03	2.32341e+00	3.49000e+02
1378	3.50777e+02	1.37800e+03	2.31526e+00	3.49333e+02
1379	3.51138e+02	1.37900e+03	2.30703e+00	3.49667e+02
1380	3.51486e+02	1.38000e+03	2.29838e+00	3.50000e+02
1381	3.51848e+02	1.38100e+03	2.28979e+00	3.50333e+02
1382	3.52197e+02	1.38200e+03	2.28111e+00	3.50667e+02
1383	3.52526e+02	1.38300e+03	2.27235e+00	3.51000e+02
1384	3.52855e+02	1.38400e+03	2.26317e+00	3.51333e+02
1385	3.53176e+02	1.38500e+03	2.25405e+00	3.51667e+02
1386	3.53489e+02	1.38600e+03	2.24483e+00	3.52000e+02
1387	3.53818e+02	1.38700e+03	2.23554e+00	3.52333e+02
1388	3.54165e+02	1.38800e+03	2.22581e+00	3.52667e+02
1389	3.54489e+02	1.38900e+03	2.21613e+00	3.53000e+02
1390	3.54810e+02	1.39000e+03	2.20636e+00	3.53333e+02
1391	3.55139e+02	1.39100e+03	2.19650e+00	3.53667e+02
1392	3.55471e+02	1.39200e+03	2.18619e+00	3.54000e+02
1393	3.55803e+02	1.39300e+03	2.17595e+00	3.54333e+02
1394	3.56128e+02	1.39400e+03	2.16563e+00	3.54667e+02
1395	3.56468e+02	1.39500e+03	2.15523e+00	3.55000e+02
1396	3.56807e+02	1.39600e+03	2.14440e+00	3.55333e+02
1397	3.57142e+02	1.39700e+03	2.13363e+00	3.55667e+02
1398	3.57487e+02	1.39800e+03	2.12278e+00	3.56000e+02
1399	3.57827e+02	1.39900e+03	2.11186e+00	3.56333e+02
1400	3.58168e+02	1.40000e+03	2.10052e+00	3.56667e+02
1401	3.58504e+02	1.40100e+03	2.08925e+00	3.57000e+02
1402	3.58839e+02	1.40200e+03	2.07788e+00	3.57333e+02
1403	3.59187e+02	1.40300e+03	2.06644e+00	3.57667e+02
1404	3.59528e+02	1.40400e+03	2.05459e+00	3.58000e+02
1405	3.59864e+02	1.40500e+03	2.04280e+00	3.58333e+02
1406	3.60201e+02	1.40600e+03	2.03092e+00	3.58667e+02
1407	3.60539e+02	1.40700e+03	2.01896e+00	3.59000e+02
1408	3.60873e+02	1.40800e+03	2.00661e+00	3.59333e+02
1409	3.61207e+02	1.40900e+03	1.99432e+00	3.59667e+02
1410	3.61528e+02	1.41000e+03	1.98196e+00	3.60000e+02
1411	3.61855e+02	1.41100e+03	1.96953e+00	3.60333e+02
1412	3.62184e+02	1.41200e+03	1.95674e+00	3.60667e+02
1413	3.62512e+02	1.41300e+03	1.94400e+00	3.61000e+02
1414	3.62841e+02	1.41400e+03	1.93118e+00	3.61333e+02
1415	3.63192e+02	1.41500e+03	1.91830e+00	3.61667e+02
1416	3.63538e+02	1.41600e+03	1.90507e+00	3.62000e+02
1417	3.63886e+02	1.41700e+03	1.89189e+00	3.62333e+02
1418	3.64208e+02	1.41800e+03	1.87863e+00	3.62667e+02
1419	3.64543e+02	1.41900e+03	1.86530e+00	3.63000e+02
1420	3.64854e+02	1.42000e+03	1.85163e+00	3.63333e+02
1421	3.65184e+02	1.42100e+03	1.83799e+00	3.63667e+02
1422	3.65514e+02	1.42200e+03	1.82428e+00	3.64000e+02
1423	3.65843e+02	1.42300e+03	1.81051e+00	3.64333e+02
1424	3.66171e+02	1.42400e+03	1.79639e+00	3.64667e+02
1425	3.66502e+02	1.42500e+03	1.78232e+00	3.65000e+02
1426	3.66833e+02	1.42600e+03	1.76820e+00	3.65333e+02
1427	3.67173e+02	1.42700e+03	1.75402e+00	3.65667e+02
1428	3.67518e+02	1.42800e+03	1.73953e+00	3.66000e+02
1429	3.67858e+02	1.42900e+03	1.72508e+00	3.66333e+02
1430	3.68199e+02	1.43000e+03	1.71057e+00	3.66667e+02
1431	3.68536e+02	1.43100e+03	1.69599e+00	3.67000e+02
1432	3.68884e+02	1.43200e+03	1.68111e+00	3.67333e+02
1433	3.69209e+02	1.43300e+03	1.66629e+00	3.67667e+02
1434	3.69566e+02	1.43400e+03	1.65141e+00	3.68000e+02
1435	3.69894e+02	1.43500e+03	1.63649e+00	3.68333e+02
1436	3.70212e+02	1.43600e+03	1.62131e+00	3.68667e+02
1437	3.70534e+02	1.43700e+03	1.60620e+00	3.69000e+02
1438	3.70873e+02	1.43800e+03	1.59106e+00	3.69333e+02
1439	3.71194e+02	1.43900e+03	1.57589e+00	3.69667e+02
1440	3.71529e+02	1.44000e+03	1.56056e+00	3.70000e+02
1441	3.71859e+02	1.44100e+03	1.54526e+00	3.70333e+02
1442	3.72183e+02	1.44200e+03	1.52994e+00	3.70667e+02
1443	3.72530e+02	1.44300e+03	1.51460e+00	3.71000e+02
1444	3.72844e+02	1.44400e+03	1.49916e+00	3.71333e+02
1445	3.73176e+02	1.44500e+03	1.48375e+00	3.71667e+02
1446	3.73531e+02	1.44600e+03	1.46833e+00	3.72000e+02
1447	3.73863e+02	1.44700e+03	1.45290e+00	3.72333e+02
1448	3.74170e+02	1.44800e+03	1.43740e+00	3.72667e+02
1449	3.74506e+02	1.44900e+03	1.42188e+00	3.73000e+02
1450	3.74840e+02	1.45000e+03	1.40632e+00	3.73333e+02
1451	3.75163e+02	1.45100e+03	1.39073e+00	3.73667e+02
1452	3.75487e+02	1.45200e+03	1.37502e+00	3.74000e+02
1453	3.75818e+02	1.45300e+03	1.35932e+00	3.74333e+02
1454	3.76136e+02	1.45400e+03	1.34362e+00	3.74667e+02
1455	3.76466e+02	1.45500e+03	1.32791e+00	3.75000e+02
1456	3.76783e+02	1.45600e+03	1.31212e+00	3.75333e+02
1457	3.77104e+02	1.45700e+03	1.29638e+00	3.75667e+02
1458	3.77422e+02	1.45800e+03	1.28065e+00	3.76000e+02
1459	3.77742e+02	1.45900e+03	1.26492e+00	3.76333e+02
1460	3.78072e+02	1.46000e+03	1.24921e+00	3.76667e+02
1461	3.78402e+02	1.46100e+03	1.23351e+00	3.77000e+02
1462	3.78722e+02	1.46200e+03	1.21781e+00	3.77333e+02
1463	3.79076e+02	1.46300e+03	1.20212e+00	3.77667e+02
1464	3.79402e+02	1.46400e+03	1.18644e+00	3.78000e+02
1465	3.79734e+02	1.46500e+03	1.17074e+00	3.78333e+02
1466	3.80048e+02	1.46600e+03	1.15504e+00	3.78667e+02
1467	3.80387e+02	1.46700e+03	1.13934e+00	3.79000e+02
1468	3.80738e+02	1.46800e+03	1.12364e+00	3.79333e+02
1469	3.81089e+02	1.46900e+03	1.10796e+00	3.79667e+02
1470	3.81418e+02	1.47000e+03	1.09230e+00	3.80000e+02
1471	3.81762e+02	1.47100e+03	1.07666e+00	3.80333e+02
1472	3.82125e+02	1.47200e+03	1.06110e+00	3.80667e+02
1473	3.82459e+02	1.47300e+03	1.04554e+00	3.81000e+02
1474	3.82765e+02	1.47400e+03	1.03001e+00	3.81333e+02
1475	3.83084e+02	1.47500e+03	1.01451e+00	3.81667e+02
1476	3.83437e+02	1.47600e+03	9.99165e-01	3.82000e+02
1477	3.83797e+02	1.47700e+03	9.83825e-01	3.82333e+02
1478	3.84139e+02	1.47800e+03	9.68545e-01	3.82667e+02
1479	3.84472e+02	1.47900e+03	9.53310e-01	3.83000e+02
1480	3.84825e+02	1.48000e+03	9.38293e-01	3.83333e+02
1481	3.85209e+02	1.48100e+03	9.23226e-01	3.83667e+02
1482	3.85531e+02	1.48200e+03	9.08173e-01	3.84000e+02
1483	3.85848e+02	1.48300e+03	8.93137e-01	3.84333e+02
1484	3.86196e+02	1.48400e+03	8.78231e-01	3.84667e+02
1485	3.86530e+02	1.48500e+03	8.63277e-01	3.85000e+02
1486	3.86872e+02	1.48600e+03	8.48337e-01	3.85333e+02
1487	3.87219e+02	1.48700e+03	8.33422e-01	3.85667e+02
1488	3.87523e+02	1.48800e+03	8.18583e-01	3.86000e+02
1489	3.87841e+02	1.48900e+03	8.03783e-01	3.86333e+02
1490	3.88150e+02	1.49000e+03	7.89038e-01	3.86667e+02
1491	3.88476e+02	1.49100e+03	7.74333e-01	3.87000e+02
1492	3.88789e+02	1.49200e+03	7.59847e-01	3.87333e+02
1493	3.89120e+02	1.49300e+03	7.45355e-01	3.87667e+02
1494	3.89452e+02	1.49400e+03	7.30943e-01	3.88000e+02
1495	3.89778e+02	1.49500e+03	7.16597e-01	3.88333e+02
1496	3.90121e+02	1.49600e+03	7.02577e-01	3.88667e+02
1497	3.90468e+02	1.49700e+03	6.88546e-01	3.89000e+02
1498	3.90805e+02	1.49800e+03	6.74599e-01	3.89333e+02
1499	3.91127e+02	1.49900e+03	6.60719e-01	3.89667e+02
1500	3.91458e+02	1.50000e+03	6.47199e-01	3.90000e+02
1501	3.91778e+02	1.50100e+03	6.33587e-01	3.90333e+02
1502	3.92110e+02	1.50200e+03	6.20026e-01	3.90667e+02
1503	3.92451e+02	1.50300e+03	6.06525e-01	3.91000e+02
1504	3.92787e+02	1.50400e+03	5.93307e-01	3.91333e+02
1505	3.93114e+02	1.50500e+03	5.80089e-01	3.91667e+02
1506	3.93439e+02	1.50600e+03	5.66971e-01	3.92000e+02
1507	3.93771e+02	1.50700e+03	5.53939e-01	3.92333e+02
1508	3.94103e+02	1.50800e+03	5.41331e-01	3.92667e+02
1509	3.94444e+02	1.50900e+03	5.28703e-01	3.93000e+02
1510	3.94768e+02	1.51000e+03	5.16197e-01	3.93333e+02
1511	3.95111e+02	1.51100e+03	5.03796e-01	3.93667e+02
1512	3.95447e+02	1.51200e+03	4.91950e-01	3.94000e+02
1513	3.95785e+02	1.51300e+03	4.80047e-01	3.94333e+02
1514	3.96120e+02	1.51400e+03	4.68273e-01	3.94667e+02
1515	3.96459e+02	1.51500e+03	4.56614e-01	3.95000e+02
1516	3.96799e+02	1.51600e+03	4.45555e-01	3.95333e+02
1517	3.97135e+02	1.51700e+03	4.34414e-01	3.95667e+02
1518	3.97478e+02	1.51800e+03	4.23398e-01	3.96000e+02
1519	3.97838e+02	1.51900e+03	4.12500e-01	3.96333e+02
1520	3.98184e+02	1.52000e+03	4.02205e-01	3.96667e+02
1521	3.98535e+02	1.52100e+03	3.91837e-01	3.97000e+02
1522	3.98857e+02	1.52200e+03	3.81601e-01	3.97333e+02
1523	3.99182e+02	1.52300e+03	3.71487e-01	3.97667e+02
1524	3.99502e+02	1.52400e+03	3.61987e-01	3.98000e+02
1525	3.99833e+02	1.52500e+03	3.52406e-01	3.98333e+02
1526	4.00173e+02	1.52600e+03	3.42949e-01	3.98667e+02
1527	4.00492e+02	1.52700e+03	3.33608e-01	3.99000e+02
1528	4.00830e+02	1.52800e+03	3.24874e-01	3.99333e+02
1529	4.01152e+02	1.52900e+03	3.16055e-01	3.99667e+02
1530	4.01488e+02	1.53000e+03	3.07360e-01	4.00000e+02
1531	4.01823e+02	1.53100e+03	2.98780e-01	4.00333e+02
1532	4.02153e+02	1.53200e+03	2.90783e-01	4.00667e+02
1533	4.02492e+02	1.53300e+03	2.82704e-01	4.01000e+02
1534	4.02843e+02	1.53400e+03	2.74744e-01	4.01333e+02
1535	4.03170e+02	1.53500e+03	2.66893e-01	4.01667e+02
1536	4.03504e+02	1.53600e+03	2.59601e-01	4.02000e+02
1537	4.03831e+02	1.53700e+03	2.52224e-01	4.02333e+02
1538	4.04166e+02	1.53800e+03	2.44957e-01	4.02667e+02
1539	4.04507e+02	1.53900e+03	2.37795e-01	4.03000e+02
1540	4.04842e+02	1.54000e+03	2.31163e-01	4.03333e+02
1541	4.05177e+02	1.54100e+03	2.24458e-01	4.03667e+02
1542	4.05511e+02	1.54200e+03	2.17859e-01	4.04000e+02
1543	4.05859e+02	1.54300e+03	2.11359e-01	4.04333e+02
1544	4.06185e+02	1.54400e+03	2.05367e-01	4.04667e+02
1545	4.06530e+02	1.54500e+03	1.99295e-01	4.05000e+02
1546	4.06877e+02	1.54600e+03	1.93316e-01	4.05333e+02
1547	4.07234e+02	1.54700e+03	1.87427e-01	4.05667e+02
1548	4.07573e+02	1.54800e+03	1.82004e-01	4.06000e+02
1549	4.07920e+02	1.54900e+03	1.76511e-01	4.06333e+02
1550	4.08257e+02	1.55000e+03	1.71109e-01	4.06667e+02
1551	4.08592e+02	1.55100e+03	1.65790e-01	4.07000e+02
1552	4.08903e+02	1.55200e+03	1.60903e-01	4.07333e+02
1553	4.09234e+02	1.55300e+03	1.55947e-01	4.07667e+02
1554	4.09571e+02	1.55400e+03	1.51071e-01	4.08000e+02
1555	4.09911e+02	1.55500e+03	1.46271e-01	4.08333e+02
1556	4.10245e+02	1.55600e+03	1.41863e-01	4.08667e+02
1557	4.10579e+02	1.55700e+03	1.37396e-01	4.09000e+02
1558	4.10896e+02	1.55800e+03	1.33005e-01	4.09333e+02
1559	4.11233e+02	1.55900e+03	1.28688e-01	4.09667e+02
1560	4.11557e+02	1.56000e+03	1.24740e-01	4.10000e+02
1561	4.11896e+02	1.56100e+03	1.20743e-01	4.10333e+02
1562	4.12227e+02	1.56200e+03	1.16823e-01	4.10667e+02
1563	4.12560e+02	1.56300e+03	1.12974e-01	4.11000e+02
1564	4.12896e+02	1.56400e+03	1.09487e-01	4.11333e+02
1565	4.13236e+02	1.56500e+03	1.05946e-01	4.11667e+02
1566	4.13555e+02	1.56600e+03	1.02474e-01	4.12000e+02
1567	4.13891e+02	1.56700e+03	9.90664e-02	4.12333e+02
1568	4.14226e+02	1.56800e+03	9.59985e-02	4.12667e+02
1569	4.14565e+02	1.56900e+03	9.28783e-02	4.13000e+02
1570	4.14896e+02	1.57000e+03	8.98221e-02	4.13333e+02
1571	4.15249e+02	1.57100e+03	8.68266e-02	4.13667e+02
1572	4.15582e+02	1.57200e+03	8.41416e-02	4.14000e+02
1573	4.15912e+02	1.57300e+03	8.14075e-02	4.14333e+02
1574	4.16228e+02	1.57400e+03	7.87311e-02	4.14667e+02
1575	4.16546e+02	1.57500e+03	7.61096e-02	4.15000e+02
1576	4.16882e+02	1.57600e+03	7.37694e-02	4.15333e+02
1577	4.17204e+02	1.57700e+03	7.13848e-02	4.15667e+02
1578	4.17542e+02	1.57800e+03	6.90522e-02	4.16000e+02
1579	4.17882e+02	1.57900e+03	6.67689e-02	4.16333e+02
1580	4.18218e+02	1.58000e+03	6.47397e-02	4.16667e+02
1581	4.18567e+02	1.58100e+03	6.26702e-02	4.17000e+02
1582	4.18912e+02	1.58200e+03	6.06484e-02	4.17333e+02
1583	4.19229e+02	1.58300e+03	5.86719e-02	4.17667e+02
1584	4.19555e+02	1.58400e+03	5.69263e-02	4.18000e+02
1585	4.19876e+02	1.58500e+03	5.51437e-02	4.18333e+02
1586	4.20196e+02	1.58600e+03	5.34029e-02	4.18667e+02
1587	4.20512e+02	1.58700e+03	5.17016e-02	4.19000e+02
1588	4.20817e+02	1.58800e+03	5.02026e-02	4.19333e+02
1589	4.21137e+02	1.58900e+03	4.86675e-02	4.19667e+02
1590	4.21451e+02	1.59000e+03	4.71690e-02	4.20000e+02
1591	4.21774e+02	1.59100e+03	4.57060e-02	4.20333e+02
1592	4.22088e+02	1.59200e+03	4.44200e-02	4.20667e+02
1593	4.22407e+02	1.59300e+03	4.31084e-02	4.21000e+02
1594	4.22734e+02	1.59400e+03	4.18310e-02	4.21333e+02
1595	4.23056e+02	1.59500e+03	4.05860e-02	4.21667e+02
1596	4.23375e+02	1.59600e+03	3.95094e-02	4.22000e+02
1597	4.23697e+02	1.59700e+03	3.84046e-02	4.22333e+02
1598	4.24015e+02	1.59800e+03	3.73274e-02	4.22667e+02
1599	4.24346e+02	1.59900e+03	3.62767e-02	4.23000e+02
1600	4.24674e+02	1.60000e+03	3.53671e-02	4.23333e+02
1601	4.24996e+02	1.60100e+03	3.44291e-02	4.23667e+02
1602	4.25331e+02	1.60200e+03	3.35120e-02	4.24000e+02
1603	4.25671e+02	1.60300e+03	3.26164e-02	4.24333e+02
1604	4.25996e+02	1.60400e+03	3.18298e-02	4.24667e+02
1605	4.26331e+02	1.60500e+03	3.10244e-02	4.25000e+02
1606	4.26656e+02	1.60600e+03	3.02386e-02	4.25333e+02
1607	4.26988e+02	1.60700e+03	2.94720e-02	4.25667e+02
1608	4.27306e+02	1.60800e+03	2.88045e-02	4.26000e+02
1609	4.27621e+02	1.60900e+03	2.81230e-02	4.26333e+02
1610	4.27938e+02	1.61000e+03	2.74592e-02	4.26667e+02
1611	4.28276e+02	1.61100e+03	2.68116e-02	4.27000e+02
1612	4.28602e+02	1.61200e+03	2.62518e-02	4.27333e+02
1613	4.28930e+02	1.61300e+03	2.56748e-02	4.27667e+02
1614	4.29261e+02	1.61400e+03	2.51132e-02	4.28000e+02
1615	4.29589e+02	1.61500e+03	2.45668e-02	4.28333e+02
1616	4.29914e+02	1.61600e+03	2.40962e-02	4.28667e+02
1617	4.30253e+02	1.61700e+03	2.36195e-02	4.29000e+02
1618	4.30578e+02	1.61800e+03	2.31609e-02	4.29333e+02
1619	4.30909e+02	1.61900e+03	2.27169e-02	4.29667e+02
1620	4.31233e+02	1.62000e+03	2.23490e-02	4.30000e+02
1621	4.31563e+02	1.62100e+03	2.19626e-02	4.30333e+02
1622	4.31891e+02	1.62200e+03	2.15842e-02	4.30667e+02
1623	4.32219e+02	1.62300e+03	2.12151e-02	4.31000e+02
1624	4.32555e+02	1.62400e+03	2.08976e-02	4.31333e+02
1625	4.32895e+02	1.62500e+03	2.05704e-02	4.31667e+02
1626	4.33225e+02	1.62600e+03	2.02518e-02	4.32000e+02
1627	4.33556e+02	1.62700e+03	1.99416e-02	4.32333e+02
1628	4.33883e+02	1.62800e+03	1.96687e-02	4.32667e+02
1629	4.34216e+02	1.62900e+03	1.93872e-02	4.33000e+02
1630	4.34556e+02	1.63000e+03	1.91125e-02	4.33333e+02
1631	4.34874e+02	1.63100e+03	1.88449e-02	4.33667e+02
1632	4.35199e+02	1.63200e+03	1.86110e-02	4.34000e+02
1633	4.35519e+02	1.63300e+03	1.83735e-02	4.34333e+02
1634	4.35846e+02	1.63400e+03	1.81448e-02	4.34667e+02
1635	4.36167e+02	1.63500e+03	1.79242e-02	4.35000e+02
1636	4.36497e+02	1.63600e+03	1.77387e-02	4.35333e+02
1637	4.36828e+02	1.63700e+03	1.75435e-02	4.35667e+02
1638	4.37161e+02	1.63800e+03	1.73511e-02	4.36000e+02
1639	4.37494e+02	1.63900e+03	1.71623e-02	4.36333e+02
1640	4.37818e+02	1.64000e+03	1.69934e-02	4.36667e+02
1641	4.38147e+02	1.64100e+03	1.68179e-02	4.37000e+02
1642	4.38469e+02	1.64200e+03	1.66445e-02	4.37333e+02
1643	4.38792e+02	1.64300e+03	1.64731e-02	4.37667e+02
1644	4.39115e+02	1.64400e+03	1.63124e-02	4.38000e+02
1645	4.39430e+02	1.64500e+03	1.61548e-02	4.38333e+02
1646	4.39749e+02	1.64600e+03	1.60034e-02	4.38667e+02
1647	4.40080e+02	1.64700e+03	1.58564e-02	4.39000e+02
1648	4.40417e+02	1.64800e+03	1.57300e-02	4.39333e+02
1649	4.40728e+02	1.64900e+03	1.56009e-02	4.39667e+02
1650	4.41060e+02	1.65000e+03	1.54756e-02	4.40000e+02
1651	4.41387e+02	1.65100e+03	1.53538e-02	4.40333e+02
1652	4.41717e+02	1.65200e+03	1.52581e-02	4.40667e+02
1653	4.42044e+02	1.65300e+03	1.51596e-02	4.41000e+02
1654	4.42358e+02	1.65400e+03	1.50634e-02	4.41333e+02
1655	4.42684e+02	1.65500e+03	1.49703e-02	4.41667e+02
1656	4.43005e+02	1.65600e+03	1.48991e-02	4.42000e+02
1657	4.43335e+02	1.65700e+03	1.48197e-02	4.42333e+02
1658	4.43646e+02	1.65800e+03	1.47409e-02	4.42667e+02
1659	4.43971e+02	1.65900e+03	1.46642e-02	4.43000e+02
1660	4.44297e+02	1.66000e+03	1.45945e-02	4.43333e+02
1661	4.44637e+02	1.66100e+03	1.45239e-02	4.43667e+02
1662	4.44964e+02	1.66200e+03	1.44554e-02	4.44000e+02
1663	4.45295e+02	1.66300e+03	1.43882e-02	4.44333e+02
1664	4.45630e+02	1.66400e+03	1.43287e-02	4.44667e+02
1665	4.45973e+02	1.66500e+03	1.42687e-02	4.45000e+02
1666	4.46304e+02	1.66600e+03	1.42098e-02	4.45333e+02
1667	4.46639e+02	1.66700e+03	1.41525e-02	4.45667e+02
1668	4.46967e+02	1.66800e+03	1.41052e-02	4.46000e+02
1669	4.47298e+02	1.66900e+03	1.40593e-02	4.46333e+02
1670	4.47625e+02	1.67000e+03	1.40180e-02	4.46667e+02
1671	4.47957e+02	1.67100e+03	1.39794e-02	4.47000e+02
1672	4.48281e+02	1.67200e+03	1.39527e-02	4.47333e+02
1673	4.48619e+02	1.67300e+03	1.39224e-02	4.47667e+02
1674	4.48949e+02	1.67400e+03	1.38911e-02	4.48000e+02
1675	4.49290e+02	1.67500e+03	1.38586e-02	4.48333e+02
1676	4.49617e+02	1.67600e+03	1.38278e-02	4.48667e+02
1677	4.49954e+02	1.67700e+03	1.37953e-02	4.49000e+02
1678	4.50290e+02	1.67800e+03	1.37641e-02	4.49333e+02
1679	4.50626e+02	1.67900e+03	1.37345e-02	4.49667e+02
1680	4.50969e+02	1.68000e+03	1.37077e-02	4.50000e+02
1681	4.51316e+02	1.68100e+03	1.36877e-02	4.50333e+02
1682	4.51656e+02	1.68200e+03	1.36729e-02	4.50667e+02
1683	4.51993e+02	1.68300e+03	1.36614e-02	4.51000e+02
1684	4.52325e+02	1.68400e+03	1.36662e-02	4.51333e+02
1685	4.52657e+02	1.68500e+03	1.36627e-02	4.51667e+02
1686	4.52985e+02	1.68600e+03	1.36574e-02	4.52000e+02
1687	4.53303e+02	1.68700e+03	1.36514e-02	4.52333e+02
1688	4.53633e+02	1.68800e+03	1.36446e-02	4.52667e+02
1689	4.53963e+02	1.68900e+03	1.36366e-02	4.53000e+02
1690	4.54291e+02	1.69000e+03	1.36282e-02	4.53333e+02
1691	4.54626e+02	1.69100e+03	1.36191e-02	4.53667e+02
1692	4.54944e+02	1.69200e+03	1.36055e-02	4.54000e+02
1693	4.55274e+02	1.69300e+03	1.35941e-02	4.54333e+02
1694	4.55609e+02	1.69400e+03	1.35833e-02	4.54667e+02
1695	4.55936e+02	1.69500e+03	1.35727e-02	4.55000e+02
1696	4.56269e+02	1.69600e+03	1.35629e-02	4.55333e+02
1697	4.56630e+02	1.69700e+03	1.35527e-02	4.55667e+02
1698	4.56963e+02	1.69800e+03	1.35421e-02	4.56000e+02
1699	4.57293e+02	1.69900e+03	1.35313e-02	4.56333e+02
1700	4.57633e+02	1.70000e+03	1.35175e-02	4.56667e+02
1701	4.57990e+02	1.70100e+03	1.35006e-02	4.57000e+02
1702	4.58341e+02	1.70200e+03	1.34819e-02	4.57333e+02
1703	4.58691e+02	1.70300e+03	1.34628e-02	4.57667e+02
1704	4.59037e+02	1.70400e+03	1.34402e-02	4.58000e+02
1705	4.59377e+02	1.70500e+03	1.34228e-02	4.58333e+02
1706	4.59707e+02	1.70600e+03	1.34083e-02	4.58667e+02
1707	4.60037e+02	1.70700e+03	1.33959e-02	4.59000e+02
1708	4.60378e+02	1.70800e+03	1.33925e-02	4.59333e+02
1709	4.60690e+02	1.70900e+03	1.33854e-02	4.59667e+02
1710	4.61021e+02	1.71000e+03	1.33770e-02	4.60000e+02
1711	4.61369e+02	1.71100e+03	1.33682e-02	4.60333e+02
1712	4.61706e+02	1.71200e+03	1.33605e-02	4.60667e+02
1713	4.62025e+02	1.71300e+03	1.33489e-02	4.61000e+02
1714	4.62358e+02	1.71400e+03	1.33342e-02	4.61333e+02
1715	4.62697e+02	1.71500e+03	1.33180e-02	4.61667e+02
1716	4.63026e+02	1.71600e+03	1.32928e-02	4.62000e+02
1717	4.63353e+02	1.71700e+03	1.32672e-02	4.62333e+02
1718	4.63691e+02	1.71800e+03	1.32396e-02	4.62667e+02
1719	4.64012e+02	1.71900e+03	1.32123e-02	4.63000e+02
1720	4.64350e+02	1.72000e+03	1.31841e-02	4.63333e+02
1721	4.64679e+02	1.72100e+03	1.31608e-02	4.63667e+02
1722	4.65011e+02	1.72200e+03	1.31396e-02	4.64000e+02
1723	4.65350e+02	1.72300e+03	1.31195e-02	4.64333e+02
1724	4.65685e+02	1.72400e+03	1.31086e-02	4.64667e+02
1725	4.66001e+02	1.72500e+03	1.30940e-02	4.65000e+02
1726	4.66314e+02	1.72600e+03	1.30795e-02	4.65333e+02
1727	4.66656e+02	1.72700e+03	1.30654e-02	4.65667e+02
1728	4.66980e+02	1.72800e+03	1.30545e-02	4.66000e+02
1729	4.67313e+02	1.72900e+03	1.30439e-02	4.66333e+02
1730	4.67633e+02	1.73000e+03	1.30339e-02	4.66667e+02
1731	4.67955e+02	1.73100e+03	1.30242e-02	4.67000e+02
1732	4.68297e+02	1.73200e+03	1.30176e-02	4.67333e+02
1733	4.68615e+02	1.73300e+03	1.30099e-02	4.67667e+02
1734	4.68945e+02	1.73400e+03	1.30026e-02	4.68000e+02
1735	4.69272e+02	1.73500e+03	1.29961e-02	4.68333e+02
1736	4.69606e+02	1.73600e+03	1.29936e-02	4.68667e+02
1737	4.69947e+02	1.73700e+03	1.29916e-02	4.69000e+02
1738	4.70267e+02	1.73800e+03	1.29896e-02	4.69333e+02
1739	4.70595e+02	1.73900e+03	1.29873e-02	4.69667e+02
1740	4.70918e+02	1.74000e+03	1.29878e-02	4.70000e+02
1741	4.71244e+02	1.74100e+03	1.29831e-02	4.70333e+02
1742	4.71566e+02	1.74200e+03	1.29767e-02	4.70667e+02
1743	4.71892e+02	1.74300e+03	1.29710e-02	4.71000e+02
1744	4.72227e+02	1.74400e+03	1.29622e-02	4.71333e+02
1745	4.72554e+02	1.74500e+03	1.29567e-02	4.71667e+02
1746	4.72883e+02	1.74600e+03	1.29516e-02	4.72000e+02
1747	4.73217e+02	1.74700e+03	1.29462e-02	4.72333e+02
1748	4.73553e+02	1.74800e+03	1.29408e-02	4.72667e+02
1749	4.73896e+02	1.74900e+03	1.29315e-02	4.73000e+02
1750	4.74228e+02	1.75000e+03	1.29195e-02	4.73333e+02
1751	4.74553e+02	1.75100e+03	1.29060e-02	4.73667e+02
1752	4.74889e+02	1.75200e+03	1.28862e-02	4.74000e+02
1753	4.75225e+02	1.75300e+03	1.28713e-02	4.74333e+02
1754	4.75545e+02	1.75400e+03	1.28584e-02	4.74667e+02
1755	4.75868e+02	1.75500e+03	1.28464e-02	4.75000e+02
1756	4.76182e+02	1.75600e+03	1.28365e-02	4.75333e+02
1757	4.76505e+02	1.75700e+03	1.28241e-02	4.75667e+02
1758	4.76833e+02	1.75800e+03	1.28091e-02	4.76000e+02
1759	4.77160e+02	1.75900e+03	1.27932e-02	4.76333e+02
1760	4.77476e+02	1.76000e+03	1.27755e-02	4.76667e+02
1761	4.77799e+02	1.76100e+03	1.27573e-02	4.77000e+02
1762	4.78122e+02	1.76200e+03	1.27389e-02	4.77333e+02
1763	4.78442e+02	1.76300e+03	1.27208e-02	4.77667e+02
1764	4.78764e+02	1.76400e+03	1.27022e-02	4.78000e+02
1765	4.79087e+02	1.76500e+03	1.26882e-02	4.78333e+02
1766	4.79413e+02	1.76600e+03	1.26776e-02	4.78667e+02
1767	4.79753e+02	1.76700e+03	1.26692e-02	4.79000e+02
1768	4.80087e+02	1.76800e+03	1.26714e-02	4.79333e+02
1769	4.80413e+02	1.76900e+03	1.26709e-02	4.79667e+02
1770	4.80752e+02	1.77000e+03	1.26712e-02	4.80000e+02
1771	4.81098e+02	1.77100e+03	1.26725e-02	4.80333e+02
1772	4.81433e+02	1.77200e+03	1.26805e-02	4.80667e+02
1773	4.81777e+02	1.77300e+03	1.26854e-02	4.81000e+02
1774	4.82125e+02	1.77400e+03	1.26894e-02	4.81333e+02
1775	4.82457e+02	1.77500e+03	1.26929e-02	4.81667e+02
1776	4.82798e+02	1.77600e+03	1.26942e-02	4.82000e+02
1777	4.83139e+02	1.77700e+03	1.26945e-02	4.82333e+02
1778	4.83473e+02	1.77800e+03	1.26939e-02	4.82667e+02
1779	4.83807e+02	1.77900e+03	1.26926e-02	4.83000e+02
1780	4.84129e+02	1.78000e+03	1.26854e-02	4.83333e+02
1781	4.84466e+02	1.78100e+03	1.26793e-02	4.83667e+02
1782	4.84797e+02	1.78200e+03	1.26726e-02	4.84000e+02
1783	4.85130e+02	1.78300e+03	1.26653e-02	4.84333e+02
1784	4.85458e+02	1.78400e+03	1.26541e-02	4.84667e+02
1785	4.85821e+02	1.78500e+03	1.26445e-02	4.85000e+02
1786	4.86140e+02	1.78600e+03	1.26346e-02	4.85333e+02
1787	4.86477e+02	1.78700e+03	1.26237e-02	4.85667e+02
1788	4.86814e+02	1.78800e+03	1.26107e-02	4.86000e+02
1789	4.87142e+02	1.78900e+03	1.25980e-02	4.86333e+02
1790	4.87484e+02	1.79000e+03	1.25847e-02	4.86667e+02
1791	4.87845e+02	1.79100e+03	1.25714e-02	4.87000e+02
1792	4.88206e+02	1.79200e+03	1.25584e-02	4.87333e+02
1793	4.88611e+02	1.79300e+03	1.25485e-02	4.87667e+02
1794	4.88961e+02	1.79400e+03	1.25412e-02	4.88000e+02
1795	4.89294e+02	1.79500e+03	1.25353e-02	4.88333e+02
1796	4.89642e+02	1.79600e+03	1.25363e-02	4.88667e+02
1797	4.89995e+02	1.79700e+03	1.25355e-02	4.89000e+02
1798	4.90330e+02	1.79800e+03	1.25350e-02	4.89333e+02
1799	4.90658e+02	1.79900e+03	1.25349e-02	4.89667e+02
1800	4.90943e+02	1.80000e+03	1.25405e-02	4.90000e+02
1801	4.91253e+02	1.80100e+03	1.25445e-02	4.90333e+02
1802	4.91565e+02	1.80200e+03	1.25488e-02	4.90667e+02
1803	4.91872e+02	1.80300e+03	1.25538e-02	4.91000e+02
1804	4.92203e+02	1.80400e+03	1.25629e-02	4.91333e+02
1805	4.92497e+02	1.80500e+03	1.25707e-02	4.91667e+02
1806	4.92811e+02	1.80600e+03	1.25778e-02	4.92000e+02
1807	4.93125e+02	1.80700e+03	1.25846e-02	4.92333e+02
1808	4.93439e+02	1.80800e+03	1.25911e-02	4.92667e+02
1809	4.93745e+02	1.80900e+03	1.25956e-02	4.93000e+02
1810	4.94036e+02	1.81000e+03	1.25991e-02	4.93333e+02
1811	4.94307e+02	1.81100e+03	1.26024e-02	4.93667e+02
1812	4.94601e+02	1.81200e+03	1.26016e-02	4.94000e+02
1813	4.94881e+02	1.81300e+03	1.26025e-02	4.94333e+02
1814	4.95150e+02	1.81400e+03	1.26020e-02	4.94667e+02
1815	4.95430e+02	1.81500e+03	1.25999e-02	4.95000e+02
1816	4.95724e+02	1.81600e+03	1.25954e-02	4.95333e+02
1817	4.96017e+02	1.81700e+03	1.25903e-02	4.95667e+02
1818	4.96320e+02	1.81800e+03	1.25842e-02	4.96000e+02
1819	4.96625e+02	1.81900e+03	1.25776e-02	4.96333e+02
1820	4.96923e+02	1.82000e+03	1.25672e-02	4.96667e+02
1821	4.97213e+02	1.82100e+03	1.25595e-02	4.97000e+02
1822	4.97507e+02	1.82200e+03	1.25533e-02	4.97333e+02
1823	4.97819e+02	1.82300e+03	1.25481e-02	4.97667e+02
1824	4.98126e+02	1.82400e+03	1.25455e-02	4.98000e+02
1825	4.98430e+02	1.82500e+03	1.25409e-02	4.98333e+02
1826	4.98743e+02	1.82600e+03	1.25333e-02	4.98667e+02
1827	4.99055e+02	1.82700e+03	1.25235e-02	4.99000e+02
1828	4.99370e+02	1.82800e+03	1.25077e-02	4.99333e+02
1829	4.99692e+02	1.82900e+03	1.24881e-02	4.99667e+02
1830	4.99995e+02	1.83000e+03	1.24664e-02	5.00000e+02
1831	5.00319e+02	1.83100e+03	1.24444e-02	5.00333e+02
1832	5.00632e+02	1.83200e+03	1.24124e-02	5.00667e+02
1833	5.00949e+02	1.83300e+03	1.23871e-02	5.01000e+02
1834	5.01271e+02	1.83400e+03	1.23641e-02	5.01333e+02
1835	5.01585e+02	1.83500e+03	1.23425e-02	5.01667e+02
1836	5.01893e+02	1.83600e+03	1.23296e-02	5.02000e+02
1837	5.02214e+02	1.83700e+03	1.23159e-02	5.02333e+02
1838	5.02523e+02	1.83800e+03	1.23031e-02	5.02667e+02
1839	5.02854e+02	1.83900e+03	1.22913e-02	5.03000e+02
1840	5.03169e+02	1.84000e+03	1.22868e-02	5.03333e+02
1841	5.03474e+02	1.84100e+03	1.22784e-02	5.03667e+02
1842	5.03791e+02	1.84200e+03	1.22700e-02	5.04000e+02
1843	5.04114e+02	1.84300e+03	1.22626e-02	5.04333e+02
1844	5.04427e+02	1.84400e+03	1.22584e-02	5.04667e+02
1845	5.04751e+02	1.84500e+03	1.22557e-02	5.05000e+02
1846	5.05070e+02	1.84600e+03	1.22549e-02	5.05333e+02
1847	5.05382e+02	1.84700e+03	1.22558e-02	5.05667e+02
1848	5.05685e+02	1.84800e+03	1.22630e-02	5.06000e+02
1849	5.06001e+02	1.84900e+03	1.22662e-02	5.06333e+02
1850	5.06330e+02	1.85000e+03	1.22674e-02	5.06667e+02
1851	5.06644e+02	1.85100e+03	1.22675e-02	5.07000e+02
1852	5.06958e+02	1.85200e+03	1.22662e-02	5.07333e+02
1853	5.07281e+02	1.85300e+03	1.22648e-02	5.07667e+02
1854	5.07599e+02	1.85400e+03	1.22639e-02	5.08000e+02
1855	5.07924e+02	1.85500e+03	1.22634e-02	5.08333e+02
1856	5.08235e+02	1.85600e+03	1.22599e-02	5.08667e+02
1857	5.08552e+02	1.85700e+03	1.22557e-02	5.09000e+02
1858	5.08880e+02	1.85800e+03	1.22477e-02	5.09333e+02
1859	5.09184e+02	1.85900e+03	1.22360e-02	5.09667e+02
1860	5.09514e+02	1.86000e+03	1.22156e-02	5.10000e+02
1861	5.09825e+02	1.86100e+03	1.21966e-02	5.10333e+02
1862	5.10139e+02	1.86200e+03	1.21797e-02	5.10667e+02
1863	5.10453e+02	1.86300e+03	1.21639e-02	5.11000e+02
1864	5.10779e+02	1.86400e+03	1.21428e-02	5.11333e+02
1865	5.11090e+02	1.86500e+03	1.21282e-02	5.11667e+02
1866	5.11415e+02	1.86600e+03	1.21163e-02	5.12000e+02
1867	5.11726e+02	1.86700e+03	1.21059e-02	5.12333e+02
1868	5.12033e+02	1.86800e+03	1.21072e-02	5.12667e+02
1869	5.12337e+02	1.86900e+03	1.21047e-02	5.13000e+02
1870	5.12662e+02	1.87000e+03	1.21030e-02	5.13333e+02
1871	5.12978e+02	1.87100e+03	1.21028e-02	5.13667e+02
1872	5.13296e+02	1.87200e+03	1.21082e-02	5.14000e+02
1873	5.13612e+02	1.87300e+03	1.21119e-02	5.14333e+02
1874	5.13937e+02	1.87400e+03	1.21151e-02	5.14667e+02
1875	5.14261e+02	1.87500e+03	1.21184e-02	5.15000e+02
1876	5.14581e+02	1.87600e+03	1.21230e-02	5.15333e+02
1877	5.14900e+02	1.87700e+03	1.21253e-02	5.15667e+02
1878	5.15228e+02	1.87800e+03	1.21273e-02	5.16000e+02
1879	5.15554e+02	1.87900e+03	1.21298e-02	5.16333e+02
1880	5.15874e+02	1.88000e+03	1.21308e-02	5.16667e+02
1881	5.16206e+02	1.88100e+03	1.21336e-02	5.17000e+02
1882	5.16521e+02	1.88200e+03	1.21363e-02	5.17333e+02
1883	5.16838e+02	1.88300e+03	1.21386e-02	5.17667e+02
1884	5.17151e+02	1.88400e+03	1.21427e-02	5.18000e+02
1885	5.17483e+02	1.88500e+03	1.21457e-02	5.18333e+02
1886	5.17808e+02	1.88600e+03	1.21496e-02	5.18667e+02
1887	5.18125e+02	1.88700e+03	1.21545e-02	5.19000e+02
1888	5.18459e+02	1.88800e+03	1.21594e-02	5.19333e+02
1889	5.18789e+02	1.88900e+03	1.21648e-02	5.19667e+02
1890	5.19112e+02	1.89000e+03	1.21708e-02	5.20000e+02
1891	5.19437e+02	1.89100e+03	1.21772e-02	5.20333e+02
1892	5.19767e+02	1.89200e+03	1.21855e-02	5.20667e+02
1893	5.20099e+02	1.89300e+03	1.21922e-02	5.21000e+02
1894	5.20432e+02	1.89400e+03	1.21984e-02	5.21333e+02
1895	5.20747e+02	1.89500e+03	1.22045e-02	5.21667e+02
1896	5.21071e+02	1.89600e+03	1.22079e-02	5.22000e+02
1897	5.21396e+02	1.89700e+03	1.22112e-02	5.22333e+02
1898	5.21728e+02	1.89800e+03	1.22140e-02	5.22667e+02
1899	5.22042e+02	1.89900e+03	1.22163e-02	5.23000e+02
1900	5.22382e+02	1.90000e+03	1.22142e-02	5.23333e+02
1901	5.22706e+02	1.90100e+03	1.22107e-02	5.23667e+02
1902	5.23020e+02	1.90200e+03	1.22027e-02	5.24000e+02
1903	5.23353e+02	1.90300e+03	1.21912e-02	5.24333e+02
1904	5.23688e+02	1.90400e+03	1.21718e-02	5.24667e+02
1905	5.24012e+02	1.90500e+03	1.21577e-02	5.25000e+02
1906	5.24328e+02	1.90600e+03	1.21471e-02	5.25333e+02
1907	5.24666e+02	1.90700e+03	1.21384e-02	5.25667e+02
1908	5.24989e+02	1.90800e+03	1.21331e-02	5.26000e+02
1909	5.25304e+02	1.90900e+03	1.21313e-02	5.26333e+02
1910	5.25635e+02	1.91000e+03	1.21303e-02	5.26667e+02
1911	5.25968e+02	1.91100e+03	1.21286e-02	5.27000e+02
1912	5.26300e+02	1.91200e+03	1.21303e-02	5.27333e+02
1913	5.26624e+02	1.91300e+03	1.21218e-02	5.27667e+02
1914	5.26947e+02	1.91400e+03	1.21091e-02	5.28000e+02
1915	5.27277e+02	1.91500e+03	1.20962e-02	5.28333e+02
1916	5.27607e+02	1.91600e+03	1.20744e-02	5.28667e+02
1917	5.27930e+02	1.91700e+03	1.20627e-02	5.29000e+02
1918	5.28249e+02	1.91800e+03	1.20548e-02	5.29333e+02
1919	5.28577e+02	1.91900e+03	1.20480e-02	5.29667e+02
1920	5.28903e+02	1.92000e+03	1.20500e-02	5.30000e+02
1921	5.29227e+02	1.92100e+03	1.20461e-02	5.30333e+02
1922	5.29565e+02	1.92200e+03	1.20413e-02	5.30667e+02
1923	5.29892e+02	1.92300e+03	1.20375e-02	5.31000e+02
1924	5.30214e+02	1.92400e+03	1.20359e-02	5.31333e+02
1925	5.30537e+02	1.92500e+03	1.20367e-02	5.31667e+02
1926	5.30864e+02	1.92600e+03	1.20390e-02	5.32000e+02
1927	5.31189e+02	1.92700e+03	1.20420e-02	5.32333e+02
1928	5.31518e+02	1.92800e+03	1.20514e-02	5.32667e+02
1929	5.31839e+02	1.92900e+03	1.20573e-02	5.33000e+02
1930	5.32174e+02	1.93000e+03	1.20628e-02	5.33333e+02
1931	5.32511e+02	1.93100e+03	1.20684e-02	5.33667e+02
1932	5.32830e+02	1.93200e+03	1.20727e-02	5.34000e+02
1933	5.33144e+02	1.93300e+03	1.20764e-02	5.34333e+02
1934	5.33467e+02	1.93400e+03	1.20786e-02	5.34667e+02
1935	5.33805e+02	1.93500e+03	1.20796e-02	5.35000e+02
1936	5.34125e+02	1.93600e+03	1.20783e-02	5.35333e+02
1937	5.34456e+02	1.93700e+03	1.20781e-02	5.35667e+02
1938	5.34782e+02	1.93800e+03	1.20785e-02	5.36000e+02
1939	5.35113e+02	1.93900e+03	1.20789e-02	5.36333e+02
1940	5.35437e+02	1.94000e+03	1.20755e-02	5.36667e+02
1941	5.35761e+02	1.94100e+03	1.20713e-02	5.37000e+02
1942	5.36090e+02	1.94200e+03	1.20647e-02	5.37333e+02
1943	5.36423e+02	1.94300e+03	1.20553e-02	5.37667e+02
1944	5.36753e+02	1.94400e+03	1.20385e-02	5.38000e+02
1945	5.37083e+02	1.94500e+03	1.20246e-02	5.38333e+02
1946	5.37404e+02	1.94600e+03	1.20112e-02	5.38667e+02
1947	5.37735e+02	1.94700e+03	1.19976e-02	5.39000e+02
1948	5.38054e+02	1.94800e+03	1.19808e-02	5.39333e+02
1949	5.38384e+02	1.94900e+03	1.19680e-02	5.39667e+02
1950	5.38712e+02	1.95000e+03	1.19589e-02	5.40000e+02
1951	5.39039e+02	1.95100e+03	1.19527e-02	5.40333e+02
1952	5.39370e+02	1.95200e+03	1.19585e-02	5.40667e+02
1953	5.39698e+02	1.95300e+03	1.19649e-02	5.41000e+02
1954	5.40015e+02	1.95400e+03	1.19741e-02	5.41333e+02
1955	5.40349e+02	1.95500e+03	1.19852e-02	5.41667e+02
1956	5.40689e+02	1.95600e+03	1.20092e-02	5.42000e+02
1957	5.40997e+02	1.95700e+03	1.20253e-02	5.42333e+02
1958	5.41331e+02	1.95800e+03	1.20386e-02	5.42667e+02
1959	5.41654e+02	1.95900e+03	1.20510e-02	5.43000e+02
1960	5.41990e+02	1.96000e+03	1.20597e-02	5.43333e+02
1961	5.42304e+02	1.96100e+03	1.20687e-02	5.43667e+02
1962	5.42640e+02	1.96200e+03	1.20771e-02	5.44000e+02
1963	5.42958e+02	1.96300e+03	1.20846e-02	5.44333e+02
1964	5.43279e+02	1.96400e+03	1.20877e-02	5.44667e+02
1965	5.43615e+02	1.96500e+03	1.20924e-02	5.45000e+02
1966	5.43934e+02	1.96600e+03	1.20974e-02	5.45333e+02
1967	5.44254e+02	1.96700e+03	1.21024e-02	5.45667e+02
1968	5.44577e+02	1.96800e+03	1.21047e-02	5.46000e+02
1969	5.44908e+02	1.96900e+03	1.21066e-02	5.46333e+02
1970	5.45242e+02	1.97000e+03	1.21078e-02	5.46667e+02
1971	5.45559e+02	1.97100e+03	1.21084e-02	5.47000e+02
1972	5.45888e+02	1.97200e+03	1.21063e-02	5.47333e+02
1973	5.46213e+02	1.97300e+03	1.21054e-02	5.47667e+02
1974	5.46543e+02	1.97400e+03	1.21044e-02	5.48000e+02
1975	5.46870e+02	1.97500e+03	1.21029e-02	5.48333e+02
1976	5.47184e+02	1.97600e+03	1.21007e-02	5.48667e+02
1977	5.47509e+02	1.97700e+03	1.20988e-02	5.49000e+02
1978	5.47832e+02	1.97800e+03	1.20971e-02	5.49333e+02
1979	5.48157e+02	1.97900e+03	1.20955e-02	5.49667e+02
1980	5.48467e+02	1.98000e+03	1.20924e-02	5.50000e+02
1981	5.48801e+02	1.98100e+03	1.20888e-02	5.50333e+02
1982	5.49134e+02	1.98200e+03	1.20842e-02	5.50667e+02
1983	5.49456e+02	1.98300e+03	1.20783e-02	5.51000e+02
1984	5.49782e+02	1.98400e+03	1.20608e-02	5.51333e+02
1985	5.50104e+02	1.98500e+03	1.20401e-02	5.51667e+02
1986	5.50445e+02	1.98600e+03	1.20160e-02	5.52000e+02
1987	5.50768e+02	1.98700e+03	1.19893e-02	5.52333e+02
1988	5.51091e+02	1.98800e+03	1.19486e-02	5.52667e+02
1989	5.51411e+02	1.98900e+03	1.19181e-02	5.53000e+02
1990	5.51741e+02	1.99000e+03	1.18909e-02	5.53333e+02
1991	5.52068e+02	1.99100e+03	1.18646e-02	5.53667e+02
1992	5.52395e+02	1.99200e+03	1.18446e-02	5.54000e+02
1993	5.52718e+02	1.99300e+03	1.18251e-02	5.54333e+02
1994	5.53047e+02	1.99400e+03	1.18087e-02	5.54667e+02
1995	5.53381e+02	1.99500e+03	1.17946e-02	5.55000e+02
1996	5.53705e+02	1.99600e+03	1.17919e-02	5.55333e+02
1997	5.54037e+02	1.99700e+03	1.17881e-02	5.55667e+02
1998	5.54355e+02	1.99800e+03	1.17853e-02	5.56000e+02
1999	5.54692e+02	1.99900e+03	1.17824e-02	5.56333e+02
2000	5.55013e+02	2.00000e+03	1.17871e-02	5.56667e+02
2001	5.55344e+02	2.00100e+03	1.17889e-02	5.57000e+02
2002	5.55674e+02	2.00200e+03	1.17925e-02	5.57333e+02
2003	5.55993e+02	2.00300e+03	1.17981e-02	5.57667e+02
2004	5.56329e+02	2.00400e+03	1.18028e-02	5.58000e+02
2005	5.56650e+02	2.00500e+03	1.18068e-02	5.58333e+02
2006	5.56984e+02	2.00600e+03	1.18110e-02	5.58667e+02
2007	5.57306e+02	2.00700e+03	1.18154e-02	5.59000e+02
2008	5.57632e+02	2.00800e+03	1.18197e-02	5.59333e+02
2009	5.57966e+02	2.00900e+03	1.18235e-02	5.59667e+02
2010	5.58297e+02	2.01000e+03	1.18264e-02	5.60000e+02
2011	5.58622e+02	2.01100e+03	1.18283e-02	5.60333e+02
2012	5.58950e+02	2.01200e+03	1.18268e-02	5.60667e+02
2013	5.59281e+02	2.01300e+03	1.18260e-02	5.61000e+02
2014	5.59611e+02	2.01400e+03	1.18263e-02	5.61333e+02
2015	5.59934e+02	2.01500e+03	1.18276e-02	5.61667e+02
2016	5.60264e+02	2.01600e+03	1.18296e-02	5.62000e+02
2017	5.60604e+02	2.01700e+03	1.18331e-02	5.62333e+02
2018	5.60935e+02	2.01800e+03	1.18362e-02	5.62667e+02
2019	5.61256e+02	2.01900e+03	1.18385e-02	5.63000e+02
2020	5.61592e+02	2.02000e+03	1.18453e-02	5.63333e+02
2021	5.61913e+02	2.02100e+03	1.18506e-02	5.63667e+02
2022	5.62245e+02	2.02200e+03	1.18565e-02	5.64000e+02
2023	5.62575e+02	2.02300e+03	1.18632e-02	5.64333e+02
2024	5.62906e+02	2.02400e+03	1.18731e-02	5.64667e+02
2025	5.63234e+02	2.02500e+03	1.18852e-02	5.65000e+02
2026	5.63560e+02	2.02600e+03	1.18984e-02	5.65333e+02
2027	5.63894e+02	2.02700e+03	1.19122e-02	5.65667e+02
2028	5.64217e+02	2.02800e+03	1.19291e-02	5.66000e+02
2029	5.64531e+02	2.02900e+03	1.19392e-02	5.66333e+02
2030	5.64869e+02	2.03000e+03	1.19462e-02	5.66667e+02
2031	5.65196e+02	2.03100e+03	1.19522e-02	5.67000e+02
2032	5.65526e+02	2.03200e+03	1.19501e-02	5.67333e+02
2033	5.65851e+02	2.03300e+03	1.19527e-02	5.67667e+02
2034	5.66180e+02	2.03400e+03	1.19572e-02	5.68000e+02
2035	5.66501e+02	2.03500e+03	1.19624e-02	5.68333e+02
2036	5.66824e+02	2.03600e+03	1.19697e-02	5.68667e+02
2037	5.67155e+02	2.03700e+03	1.19778e-02	5.69000e+02
2038	5.67498e+02	2.03800e+03	1.19870e-02	5.69333e+02
2039	5.67829e+02	2.03900e+03	1.19970e-02	5.69667e+02
2040	5.68152e+02	2.04000e+03	1.20105e-02	5.70000e+02
2041	5.68478e+02	2.04100e+03	1.20205e-02	5.70333e+02
2042	5.68804e+02	2.04200e+03	1.20271e-02	5.70667e+02
2043	5.69130e+02	2.04300e+03	1.20298e-02	5.71000e+02
2044	5.69459e+02	2.04400e+03	1.20190e-02	5.71333e+02
2045	5.69779e+02	2.04500e+03	1.20052e-02	5.71667e+02
2046	5.70114e+02	2.04600e+03	1.19875e-02	5.72000e+02
2047	5.70440e+02	2.04700e+03	1.19680e-02	5.72333e+02
2048	5.70771e+02	2.04800e+03	1.19321e-02	5.72667e+02
2049	5.71093e+02	2.04900e+03	1.19105e-02	5.73000e+02
2050	5.71428e+02	2.05000e+03	1.18959e-02	5.73333e+02
2051	5.71757e+02	2.05100e+03	1.18841e-02	5.73667e+02
2052	5.72074e+02	2.05200e+03	1.18846e-02	5.74000e+02
2053	5.72408e+02	2.05300e+03	1.18814e-02	5.74333e+02
2054	5.72740e+02	2.05400e+03	1.18769e-02	5.74667e+02
2055	5.73062e+02	2.05500e+03	1.18716e-02	5.75000e+02
2056	5.73392e+02	2.05600e+03	1.18701e-02	5.75333e+02
2057	5.73722e+02	2.05700e+03	1.18650e-02	5.75667e+02
2058	5.74058e+02	2.05800e+03	1.18593e-02	5.76000e+02
2059	5.74380e+02	2.05900e+03	1.18539e-02	5.76333e+02
2060	5.74720e+02	2.06000e+03	1.18471e-02	5.76667e+02
2061	5.75046e+02	2.06100e+03	1.18441e-02	5.77000e+02
2062	5.75367e+02	2.06200e+03	1.18410e-02	5.77333e+02
2063	5.75704e+02	2.06300e+03	1.18359e-02	5.77667e+02
2064	5.76029e+02	2.06400e+03	1.18271e-02	5.78000e+02
2065	5.76363e+02	2.06500e+03	1.18130e-02	5.78333e+02
2066	5.76684e+02	2.06600e+03	1.17959e-02	5.78667e+02
2067	5.77012e+02	2.06700e+03	1.17774e-02	5.79000e+02
2068	5.77352e+02	2.06800e+03	1.17494e-02	5.79333e+02
2069	5.77670e+02	2.06900e+03	1.17345e-02	5.79667e+02
2070	5.77990e+02	2.07000e+03	1.17271e-02	5.80000e+02
2071	5.78328e+02	2.07100e+03	1.17235e-02	5.80333e+02
2072	5.78664e+02	2.07200e+03	1.17359e-02	5.80667e+02
2073	5.78982e+02	2.07300e+03	1.17424e-02	5.81000e+02
2074	5.79313e+02	2.07400e+03	1.17481e-02	5.81333e+02
2075	5.79650e+02	2.07500e+03	1.17536e-02	5.81667e+02
2076	5.79969e+02	2.07600e+03	1.17624e-02	5.82000e+02
2077	5.80286e+02	2.07700e+03	1.17652e-02	5.82333e+02
2078	5.80628e+02	2.07800e+03	1.17636e-02	5.82667e+02
2079	5.80960e+02	2.07900e+03	1.17588e-02	5.83000e+02
2080	5.81280e+02	2.08000e+03	1.17408e-02	5.83333e+02
2081	5.81614e+02	2.08100e+03	1.17274e-02	5.83667e+02
2082	5.81939e+02	2.08200e+03	1.17155e-02	5.84000e+02
2083	5.82277e+02	2.08300e+03	1.17047e-02	5.84333e+02
2084	5.82597e+02	2.08400e+03	1.16923e-02	5.84667e+02
2085	5.82927e+02	2.08500e+03	1.16849e-02	5.85000e+02
2086	5.83250e+02	2.08600e+03	1.16801e-02	5.85333e+02
2087	5.83580e+02	2.08700e+03	1.16768e-02	5.85667e+02
2088	5.83896e+02	2.08800e+03	1.16868e-02	5.86000e+02
2089	5.84237e+02	2.08900e+03	1.16939e-02	5.86333e+02
2090	5.84560e+02	2.09000e+03	1.17018e-02	5.86667e+02
2091	5.84888e+02	2.09100e+03	1.17102e-02	5.87000e+02
2092	5.85223e+02	2.09200e+03	1.17242e-02	5.87333e+02
2093	5.85555e+02	2.09300e+03	1.17344e-02	5.87667e+02
2094	5.85887e+02	2.09400e+03	1.17411e-02	5.88000e+02
2095	5.86220e+02	2.09500e+03	1.17456e-02	5.88333e+02
2096	5.86554e+02	2.09600e+03	1.17452e-02	5.88667e+02
2097	5.86880e+02	2.09700e+03	1.17450e-02	5.89000e+02
2098	5.87209e+02	2.09800e+03	1.17453e-02	5.89333e+02
2099	5.87540e+02	2.09900e+03	1.17461e-02	5.89667e+02
2100	5.87878e+02	2.10000e+03	1.17404e-02	5.90000e+02
2101	5.88195e+02	2.10100e+03	1.17353e-02	5.90333e+02
2102	5.88523e+02	2.10200e+03	1.17262e-02	5.90667e+02
2103	5.88860e+02	2.10300e+03	1.17141e-02	5.91000e+02
2104	5.89185e+02	2.10400e+03	1.16955e-02	5.91333e+02
2105	5.89510e+02	2.10500e+03	1.16759e-02	5.91667e+02
2106	5.89833e+02	2.10600e+03	1.16562e-02	5.92000e+02
2107	5.90157e+02	2.10700e+03	1.16380e-02	5.92333e+02
2108	5.90496e+02	2.10800e+03	1.16194e-02	5.92667e+02
2109	5.90831e+02	2.10900e+03	1.16077e-02	5.93000e+02
2110	5.91157e+02	2.11000e+03	1.15997e-02	5.93333e+02
2111	5.91494e+02	2.11100e+03	1.15936e-02	5.93667e+02
2112	5.91826e+02	2.11200e+03	1.16027e-02	5.94000e+02
2113	5.92154e+02	2.11300e+03	1.16054e-02	5.94333e+02
2114	5.92492e+02	2.11400e+03	1.16076e-02	5.94667e+02
2115	5.92828e+02	2.11500e+03	1.16106e-02	5.95000e+02
2116	5.93170e+02	2.11600e+03	1.16161e-02	5.95333e+02
2117	5.93504e+02	2.11700e+03	1.16218e-02	5.95667e+02
2118	5.93841e+02	2.11800e+03	1.16287e-02	5.96000e+02
2119	5.94174e+02	2.11900e+03	1.16362e-02	5.96333e+02
2120	5.94498e+02	2.12000e+03	1.16470e-02	5.96667e+02
2121	5.94824e+02	2.12100e+03	1.16576e-02	5.97000e+02
2122	5.95164e+02	2.12200e+03	1.16698e-02	5.97333e+02
2123	5.95515e+02	2.12300e+03	1.16833e-02	5.97667e+02
2124	5.95836e+02	2.12400e+03	1.16993e-02	5.98000e+02
2125	5.96172e+02	2.12500e+03	1.17120e-02	5.98333e+02
2126	5.96510e+02	2.12600e+03	1.17216e-02	5.98667e+02
2127	5.96846e+02	2.12700e+03	1.17288e-02	5.99000e+02
2128	5.97173e+02	2.12800e+03	1.17287e-02	5.99333e+02
2129	5.97511e+02	2.12900e+03	1.17311e-02	5.99667e+02
2130	5.97850e+02	2.13000e+03	1.17348e-02	6.00000e+02
2131	5.98186e+02	2.13100e+03	1.17384e-02	6.00333e+02
2132	5.98521e+02	2.13200e+03	1.17361e-02	6.00667e+02
2133	5.98850e+02	2.13300e+03	1.17364e-02	6.01000e+02
2134	5.99201e+02	2.13400e+03	1.17351e-02	6.01333e+02
2135	5.99536e+02	2.13500e+03	1.17331e-02	6.01667e+02
2136	5.99881e+02	2.13600e+03	1.17354e-02	6.02000e+02
2137	6.00223e+02	2.13700e+03	1.17376e-02	6.02333e+02
2138	6.00546e+02	2.13800e+03	1.17403e-02	6.02667e+02
2139	6.00879e+02	2.13900e+03	1.17429e-02	6.03000e+02
2140	6.01214e+02	2.14000e+03	1.17446e-02	6.03333e+02
2141	6.01547e+02	2.14100e+03	1.17407e-02	6.03667e+02
2142	6.01887e+02	2.14200e+03	1.17322e-02	6.04000e+02
2143	6.02222e+02	2.14300e+03	1.17215e-02	6.04333e+02
2144	6.02557e+02	2.14400e+03	1.17005e-02	6.04667e+02
2145	6.02891e+02	2.14500e+03	1.16862e-02	6.05000e+02
2146	6.03216e+02	2.14600e+03	1.16762e-02	6.05333e+02
2147	6.03551e+02	2.14700e+03	1.16686e-02	6.05667e+02
2148	6.03877e+02	2.14800e+03	1.16631e-02	6.06000e+02
2149	6.04200e+02	2.14900e+03	1.16569e-02	6.06333e+02
2150	6.04542e+02	2.15000e+03	1.16477e-02	6.06667e+02
2151	6.04866e+02	2.15100e+03	1.16366e-02	6.07000e+02
2152	6.05201e+02	2.15200e+03	1.16289e-02	6.07333e+02
2153	6.05537e+02	2.15300e+03	1.16201e-02	6.07667e+02
2154	6.05870e+02	2.15400e+03	1.16148e-02	6.08000e+02
2155	6.06201e+02	2.15500e+03	1.16131e-02	6.08333e+02
2156	6.06535e+02	2.15600e+03	1.16185e-02	6.08667e+02
2157	6.06863e+02	2.15700e+03	1.16282e-02	6.09000e+02
2158	6.07207e+02	2.15800e+03	1.16405e-02	6.09333e+02
2159	6.07550e+02	2.15900e+03	1.16539e-02	6.09667e+02
2160	6.07879e+02	2.16000e+03	1.16821e-02	6.10000e+02
2161	6.08212e+02	2.16100e+03	1.17017e-02	6.10333e+02
2162	6.08538e+02	2.16200e+03	1.17207e-02	6.10667e+02
2163	6.08875e+02	2.16300e+03	1.17406e-02	6.11000e+02
2164	6.09213e+02	2.16400e+03	1.17599e-02	6.11333e+02
2165	6.09527e+02	2.16500e+03	1.17827e-02	6.11667e+02
2166	6.09865e+02	2.16600e+03	1.18053e-02	6.12000e+02
2167	6.10183e+02	2.16700e+03	1.18261e-02	6.12333e+02
2168	6.10514e+02	2.16800e+03	1.18406e-02	6.12667e+02
2169	6.10851e+02	2.16900e+03	1.18476e-02	6.13000e+02
2170	6.11180e+02	2.17000e+03	1.18486e-02	6.13333e+02
2171	6.11506e+02	2.17100e+03	1.18458e-02	6.13667e+02
2172	6.11848e+02	2.17200e+03	1.18231e-02	6.14000e+02
2173	6.12163e+02	2.17300e+03	1.18099e-02	6.14333e+02
2174	6.12508e+02	2.17400e+03	1.17973e-02	6.14667e+02
2175	6.12860e+02	2.17500e+03	1.17838e-02	6.15000e+02
2176	6.13201e+02	2.17600e+03	1.17678e-02	6.15333e+02
2177	6.13531e+02	2.17700e+03	1.17532e-02	6.15667e+02
2178	6.13880e+02	2.17800e+03	1.17397e-02	6.16000e+02
2179	6.14226e+02	2.17900e+03	1.17272e-02	6.16333e+02
2180	6.14566e+02	2.18000e+03	1.17197e-02	6.16667e+02
2181	6.14914e+02	2.18100e+03	1.17140e-02	6.17000e+02
2182	6.15294e+02	2.18200e+03	1.17065e-02	6.17333e+02
2183	6.15672e+02	2.18300e+03	1.16965e-02	6.17667e+02
2184	6.16071e+02	2.18400e+03	1.16859e-02	6.18000e+02
2185	6.16461e+02	2.18500e+03	1.16695e-02	6.18333e+02
2186	6.16850e+02	2.18600e+03	1.16496e-02	6.18667e+02
2187	6.17240e+02	2.18700e+03	1.16273e-02	6.19000e+02
2188	6.17608e+02	2.18800e+03	1.15914e-02	6.19333e+02
2189	6.18041e+02	2.18900e+03	1.15668e-02	6.19667e+02
2190	6.18430e+02	2.19000e+03	1.15476e-02	6.20000e+02
2191	6.18725e+02	2.19100e+03	1.15308e-02	6.20333e+02
2192	6.19074e+02	2.19200e+03	1.15266e-02	6.20667e+02
2193	6.19399e+02	2.19300e+03	1.15240e-02	6.21000e+02
2194	6.19720e+02	2.19400e+03	1.15271e-02	6.21333e+02
2195	6.20037e+02	2.19500e+03	1.15344e-02	6.21667e+02
2196	6.20351e+02	2.19600e+03	1.15603e-02	6.22000e+02
2197	6.20687e+02	2.19700e+03	1.15790e-02	6.22333e+02
2198	6.20984e+02	2.19800e+03	1.15973e-02	6.22667e+02
2199	6.21298e+02	2.19900e+03	1.16161e-02	6.23000e+02
2200	6.21602e+02	2.20000e+03	1.16392e-02	6.23333e+02
2201	6.21898e+02	2.20100e+03	1.16578e-02	6.23667e+02
2202	6.22206e+02	2.20200e+03	1.16747e-02	6.24000e+02
2203	6.22515e+02	2.20300e+03	1.16913e-02	6.24333e+02
2204	6.22843e+02	2.20400e+03	1.17007e-02	6.24667e+02
2205	6.23153e+02	2.20500e+03	1.17096e-02	6.25000e+02
2206	6.23478e+02	2.20600e+03	1.17157e-02	6.25333e+02
2207	6.23795e+02	2.20700e+03	1.17201e-02	6.25667e+02
2208	6.24107e+02	2.20800e+03	1.17136e-02	6.26000e+02
2209	6.24418e+02	2.20900e+03	1.17077e-02	6.26333e+02
2210	6.24731e+02	2.21000e+03	1.17018e-02	6.26667e+02
2211	6.25049e+02	2.21100e+03	1.16963e-02	6.27000e+02
2212	6.25356e+02	2.21200e+03	1.16893e-02	6.27333e+02
2213	6.25671e+02	2.21300e+03	1.16876e-02	6.27667e+02
2214	6.25998e+02	2.21400e+03	1.16850e-02	6.28000e+02
2215	6.26319e+02	2.21500e+03	1.16807e-02	6.28333e+02
2216	6.26626e+02	2.21600e+03	1.16818e-02	6.28667e+02
2217	6.26959e+02	2.21700e+03	1.16775e-02	6.29000e+02
2218	6.27280e+02	2.21800e+03	1.16725e-02	6.29333e+02
2219	6.27610e+02	2.21900e+03	1.16681e-02	6.29667e+02
2220	6.27951e+02	2.22000e+03	1.16606e-02	6.30000e+02
2221	6.28277e+02	2.22100e+03	1.16591e-02	6.30333e+02
2222	6.28612e+02	2.22200e+03	1.16593e-02	6.30667e+02
2223	6.28950e+02	2.22300e+03	1.16601e-02	6.31000e+02
2224	6.29276e+02	2.22400e+03	1.16692e-02	6.31333e+02
2225	6.29616e+02	2.22500e+03	1.16728e-02	6.31667e+02
2226	6.29936e+02	2.22600e+03	1.16747e-02	6.32000e+02
2227	6.30271e+02	2.22700e+03	1.16761e-02	6.32333e+02
2228	6.30602e+02	2.22800e+03	1.16723e-02	6.32667e+02
2229	6.30943e+02	2.22900e+03	1.16692e-02	6.33000e+02
2230	6.31257e+02	2.23000e+03	1.16658e-02	6.33333e+02
2231	6.31586e+02	2.23100e+03	1.16616e-02	6.33667e+02
2232	6.31916e+02	2.23200e+03	1.16484e-02	6.34000e+02
2233	6.32245e+02	2.23300e+03	1.16367e-02	6.34333e+02
2234	6.32583e+02	2.23400e+03	1.16240e-02	6.34667e+02
2235	6.32900e+02	2.23500e+03	1.16101e-02	6.35000e+02
2236	6.33239e+02	2.23600e+03	1.15935e-02	6.35333e+02
2237	6.33559e+02	2.23700e+03	1.15846e-02	6.35667e+02
2238	6.33888e+02	2.23800e+03	1.15808e-02	6.36000e+02
2239	6.34211e+02	2.23900e+03	1.15794e-02	6.36333e+02
2240	6.34543e+02	2.24000e+03	1.15901e-02	6.36667e+02
2241	6.34881e+02	2.24100e+03	1.15995e-02	6.37000e+02
2242	6.35206e+02	2.24200e+03	1.16112e-02	6.37333e+02
2243	6.35537e+02	2.24300e+03	1.16242e-02	6.37667e+02
2244	6.35867e+02	2.24400e+03	1.16458e-02	6.38000e+02
2245	6.36195e+02	2.24500e+03	1.16593e-02	6.38333e+02
2246	6.36519e+02	2.24600e+03	1.16675e-02	6.38667e+02
2247	6.36840e+02	2.24700e+03	1.16728e-02	6.39000e+02
2248	6.37176e+02	2.24800e+03	1.16677e-02	6.39333e+02
2249	6.37498e+02	2.24900e+03	1.16634e-02	6.39667e+02
2250	6.37847e+02	2.25000e+03	1.16572e-02	6.40000e+02
2251	6.38165e+02	2.25100e+03	1.16496e-02	6.40333e+02
2252	6.38487e+02	2.25200e+03	1.16324e-02	6.40667e+02
2253	6.38827e+02	2.25300e+03	1.16234e-02	6.41000e+02
2254	6.39148e+02	2.25400e+03	1.16192e-02	6.41333e+02
2255	6.39473e+02	2.25500e+03	1.16175e-02	6.41667e+02
2256	6.39800e+02	2.25600e+03	1.16245e-02	6.42000e+02
2257	6.40117e+02	2.25700e+03	1.16289e-02	6.42333e+02
2258	6.40456e+02	2.25800e+03	1.16307e-02	6.42667e+02
2259	6.40788e+02	2.25900e+03	1.16296e-02	6.43000e+02
2260	6.41106e+02	2.26000e+03	1.16287e-02	6.43333e+02
2261	6.41441e+02	2.26100e+03	1.16253e-02	6.43667e+02
2262	6.41768e+02	2.26200e+03	1.16223e-02	6.44000e+02
2263	6.42099e+02	2.26300e+03	1.16208e-02	6.44333e+02
2264	6.42430e+02	2.26400e+03	1.16145e-02	6.44667e+02
2265	6.42758e+02	2.26500e+03	1.16131e-02	6.45000e+02
2266	6.43096e+02	2.26600e+03	1.16137e-02	6.45333e+02
2267	6.43427e+02	2.26700e+03	1.16152e-02	6.45667e+02
2268	6.43758e+02	2.26800e+03	1.16239e-02	6.46000e+02
2269	6.44091e+02	2.26900e+03	1.16255e-02	6.46333e+02
2270	6.44427e+02	2.27000e+03	1.16225e-02	6.46667e+02
2271	6.44765e+02	2.27100e+03	1.16173e-02	6.47000e+02
2272	6.45098e+02	2.27200e+03	1.16066e-02	6.47333e+02
2273	6.45432e+02	2.27300e+03	1.15968e-02	6.47667e+02
2274	6.45768e+02	2.27400e+03	1.15854e-02	6.48000e+02
2275	6.46107e+02	2.27500e+03	1.15732e-02	6.48333e+02
2276	6.46444e+02	2.27600e+03	1.15546e-02	6.48667e+02
2277	6.46777e+02	2.27700e+03	1.15384e-02	6.49000e+02
2278	6.47114e+02	2.27800e+03	1.15240e-02	6.49333e+02
2279	6.47447e+02	2.27900e+03	1.15111e-02	6.49667e+02
2280	6.47782e+02	2.28000e+03	1.15054e-02	6.50000e+02
2281	6.48102e+02	2.28100e+03	1.15050e-02	6.50333e+02
2282	6.48439e+02	2.28200e+03	1.15087e-02	6.50667e+02
2283	6.48779e+02	2.28300e+03	1.15147e-02	6.51000e+02
2284	6.49111e+02	2.28400e+03	1.15374e-02	6.51333e+02
2285	6.49435e+02	2.28500e+03	1.15505e-02	6.51667e+02
2286	6.49772e+02	2.28600e+03	1.15596e-02	6.52000e+02
2287	6.50106e+02	2.28700e+03	1.15668e-02	6.52333e+02
2288	6.50443e+02	2.28800e+03	1.15740e-02	6.52667e+02
2289	6.50776e+02	2.28900e+03	1.15825e-02	6.53000e+02
2290	6.51099e+02	2.29000e+03	1.15905e-02	6.53333e+02
2291	6.51445e+02	2.29100e+03	1.15971e-02	6.53667e+02
2292	6.51769e+02	2.29200e+03	1.15991e-02	6.54000e+02
2293	6.52105e+02	2.29300e+03	1.15993e-02	6.54333e+02
2294	6.52439e+02	2.29400e+03	1.15963e-02	6.54667e+02
2295	6.52775e+02	2.29500e+03	1.15914e-02	6.55000e+02
2296	6.53098e+02	2.29600e+03	1.15782e-02	6.55333e+02
2297	6.53435e+02	2.29700e+03	1.15681e-02	6.55667e+02
2298	6.53780e+02	2.29800e+03	1.15580e-02	6.56000e+02
2299	6.54108e+02	2.29900e+03	1.15482e-02	6.56333e+02
2300	6.54436e+02	2.30000e+03	1.15359e-02	6.56667e+02
2301	6.54773e+02	2.30100e+03	1.15250e-02	6.57000e+02
2302	6.55110e+02	2.30200e+03	1.15138e-02	6.57333e+02
2303	6.55444e+02	2.30300e+03	1.15019e-02	6.57667e+02
2304	6.55779e+02	2.30400e+03	1.14920e-02	6.58000e+02
2305	6.56119e+02	2.30500e+03	1.14831e-02	6.58333e+02
2306	6.56441e+02	2.30600e+03	1.14778e-02	6.58667e+02
2307	6.56764e+02	2.30700e+03	1.14766e-02	6.59000e+02
2308	6.57111e+02	2.30800e+03	1.14879e-02	6.59333e+02
2309	6.57448e+02	2.30900e+03	1.15000e-02	6.59667e+02
2310	6.57782e+02	2.31000e+03	1.15145e-02	6.60000e+02
2311	6.58105e+02	2.31100e+03	1.15310e-02	6.60333e+02
2312	6.58448e+02	2.31200e+03	1.15588e-02	6.60667e+02
2313	6.58765e+02	2.31300e+03	1.15763e-02	6.61000e+02
2314	6.59103e+02	2.31400e+03	1.15899e-02	6.61333e+02
2315	6.59430e+02	2.31500e+03	1.16014e-02	6.61667e+02
2316	6.59766e+02	2.31600e+03	1.16029e-02	6.62000e+02
2317	6.60096e+02	2.31700e+03	1.16060e-02	6.62333e+02
2318	6.60427e+02	2.31800e+03	1.16074e-02	6.62667e+02
2319	6.60758e+02	2.31900e+03	1.16077e-02	6.63000e+02
2320	6.61091e+02	2.32000e+03	1.15966e-02	6.63333e+02
2321	6.61415e+02	2.32100e+03	1.15870e-02	6.63667e+02
2322	6.61734e+02	2.32200e+03	1.15764e-02	6.64000e+02
2323	6.62066e+02	2.32300e+03	1.15645e-02	6.64333e+02
2324	6.62411e+02	2.32400e+03	1.15448e-02	6.64667e+02
2325	6.62741e+02	2.32500e+03	1.15312e-02	6.65000e+02
2326	6.63072e+02	2.32600e+03	1.15191e-02	6.65333e+02
2327	6.63399e+02	2.32700e+03	1.15057e-02	6.65667e+02
2328	6.63727e+02	2.32800e+03	1.14923e-02	6.66000e+02
2329	6.64063e+02	2.32900e+03	1.14774e-02	6.66333e+02
2330	6.64395e+02	2.33000e+03	1.14615e-02	6.66667e+02
2331	6.64730e+02	2.33100e+03	1.14456e-02	6.67000e+02
2332	6.65064e+02	2.33200e+03	1.14289e-02	6.67333e+02
2333	6.65401e+02	2.33300e+03	1.14150e-02	6.67667e+02
2334	6.65714e+02	2.33400e+03	1.14024e-02	6.68000e+02
2335	6.66056e+02	2.33500e+03	1.13910e-02	6.68333e+02
2336	6.66397e+02	2.33600e+03	1.13883e-02	6.68667e+02
2337	6.66720e+02	2.33700e+03	1.13840e-02	6.69000e+02
2338	6.67047e+02	2.33800e+03	1.13797e-02	6.69333e+02
2339	6.67397e+02	2.33900e+03	1.13757e-02	6.69667e+02
2340	6.67721e+02	2.34000e+03	1.13743e-02	6.70000e+02
2341	6.68051e+02	2.34100e+03	1.13689e-02	6.70333e+02
2342	6.68384e+02	2.34200e+03	1.13609e-02	6.70667e+02
2343	6.68711e+02	2.34300e+03	1.13509e-02	6.71000e+02
2344	6.69056e+02	2.34400e+03	1.13349e-02	6.71333e+02
2345	6.69391e+02	2.34500e+03	1.13242e-02	6.71667e+02
2346	6.69712e+02	2.34600e+03	1.13181e-02	6.72000e+02
2347	6.70053e+02	2.34700e+03	1.13152e-02	6.72333e+02
2348	6.70382e+02	2.34800e+03	1.13216e-02	6.72667e+02
2349	6.70718e+02	2.34900e+03	1.13306e-02	6.73000e+02
2350	6.71047e+02	2.35000e+03	1.13423e-02	6.73333e+02
2351	6.71383e+02	2.35100e+03	1.13550e-02	6.73667e+02
2352	6.71718e+02	2.35200e+03	1.13794e-02	6.74000e+02
2353	6.72050e+02	2.35300e+03	1.13963e-02	6.74333e+02
2354	6.72384e+02	2.35400e+03	1.14130e-02	6.74667e+02
2355	6.72709e+02	2.35500e+03	1.14305e-02	6.75000e+02
2356	6.73052e+02	2.35600e+03	1.14446e-02	6.75333e+02
2357	6.73390e+02	2.35700e+03	1.14598e-02	6.75667e+02
2358	6.73724e+02	2.35800e+03	1.14722e-02	6.76000e+02
2359	6.74042e+02	2.35900e+03	1.14808e-02	6.76333e+02
2360	6.74386e+02	2.36000e+03	1.14831e-02	6.76667e+02
2361	6.74729e+02	2.36100e+03	1.14835e-02	6.77000e+02
2362	6.75062e+02	2.36200e+03	1.14830e-02	6.77333e+02
2363	6.75386e+02	2.36300e+03	1.14830e-02	6.77667e+02
2364	6.75712e+02	2.36400e+03	1.14761e-02	6.78000e+02
2365	6.76052e+02	2.36500e+03	1.14763e-02	6.78333e+02
2366	6.76394e+02	2.36600e+03	1.14779e-02	6.78667e+02
2367	6.76725e+02	2.36700e+03	1.14784e-02	6.79000e+02
2368	6.77051e+02	2.36800e+03	1.14780e-02	6.79333e+02
2369	6.77389e+02	2.36900e+03	1.14710e-02	6.79667e+02
2370	6.77727e+02	2.37000e+03	1.14635e-02	6.80000e+02
2371	6.78066e+02	2.37100e+03	1.14572e-02	6.80333e+02
2372	6.78381e+02	2.37200e+03	1.14424e-02	6.80667e+02
2373	6.78718e+02	2.37300e+03	1.14352e-02	6.81000e+02
2374	6.79055e+02	2.37400e+03	1.14280e-02	6.81333e+02
2375	6.79388e+02	2.37500e+03	1.14191e-02	6.81667e+02
2376	6.79711e+02	2.37600e+03	1.14155e-02	6.82000e+02
2377	6.80045e+02	2.37700e+03	1.14057e-02	6.82333e+02
2378	6.80375e+02	2.37800e+03	1.13939e-02	6.82667e+02
2379	6.80707e+02	2.37900e+03	1.13822e-02	6.83000e+02
2380	6.81035e+02	2.38000e+03	1.13648e-02	6.83333e+02
2381	6.81371e+02	2.38100e+03	1.13527e-02	6.83667e+02
2382	6.81707e+02	2.38200e+03	1.13440e-02	6.84000e+02
2383	6.82040e+02	2.38300e+03	1.13383e-02	6.84333e+02
2384	6.82363e+02	2.38400e+03	1.13433e-02	6.84667e+02
2385	6.82690e+02	2.38500e+03	1.13472e-02	6.85000e+02
2386	6.83025e+02	2.38600e+03	1.13526e-02	6.85333e+02
2387	6.83351e+02	2.38700e+03	1.13592e-02	6.85667e+02
2388	6.83690e+02	2.38800e+03	1.13737e-02	6.86000e+02
2389	6.84022e+02	2.38900e+03	1.13817e-02	6.86333e+02
2390	6.84350e+02	2.39000e+03	1.13847e-02	6.86667e+02
2391	6.84671e+02	2.39100e+03	1.13842e-02	6.87000e+02
2392	6.85002e+02	2.39200e+03	1.13738e-02	6.87333e+02
2393	6.85337e+02	2.39300e+03	1.13631e-02	6.87667e+02
2394	6.85665e+02	2.39400e+03	1.13504e-02	6.88000e+02
2395	6.86002e+02	2.39500e+03	1.13363e-02	6.88333e+02
2396	6.86332e+02	2.39600e+03	1.13128e-02	6.88667e+02
2397	6.86659e+02	2.39700e+03	1.12971e-02	6.89000e+02
2398	6.86993e+02	2.39800e+03	1.12848e-02	6.89333e+02
2399	6.87324e+02	2.39900e+03	1.12741e-02	6.89667e+02
2400	6.87656e+02	2.40000e+03	1.12720e-02	6.90000e+02
2401	6.87981e+02	2.40100e+03	1.12689e-02	6.90333e+02
2402	6.88307e+02	2.40200e+03	1.12651e-02	6.90667e+02
2403	6.88645e+02	2.40300e+03	1.12609e-02	6.91000e+02
2404	6.88964e+02	2.40400e+03	1.12618e-02	6.91333e+02
2405	6.89111e+02	2.40500e+03	1.12600e-02	6.91667e+02
2406	6.89231e+02	2.40600e+03	1.12602e-02	6.92000e+02
2407	6.89434e+02	2.40700e+03	1.12630e-02	6.92333e+02
2408	6.89690e+02	2.40800e+03	1.12717e-02	6.92667e+02
2409	6.89938e+02	2.40900e+03	1.12831e-02	6.93000e+02
2410	6.90172e+02	2.41000e+03	1.12963e-02	6.93333e+02
2411	6.90412e+02	2.41100e+03	1.13092e-02	6.93667e+02
2412	6.90638e+02	2.41200e+03	1.13261e-02	6.94000e+02
2413	6.90854e+02	2.41300e+03	1.13299e-02	6.94333e+02
2414	6.91065e+02	2.41400e+03	1.13259e-02	6.94667e+02
2415	6.91269e+02	2.41500e+03	1.13178e-02	6.95000e+02
2416	6.91464e+02	2.41600e+03	1.12924e-02	6.95333e+02
2417	6.91667e+02	2.41700e+03	1.12774e-02	6.95667e+02
2418	6.91841e+02	2.41800e+03	1.12655e-02	6.96000e+02
2419	6.92032e+02	2.41900e+03	1.12548e-02	6.96333e+02
2420	6.92209e+02	2.42000e+03	1.12478e-02	6.96667e+02
2421	6.92372e+02	2.42100e+03	1.12417e-02	6.97000e+02
2422	6.92538e+02	2.42200e+03	1.12362e-02	6.97333e+02
2423	6.92689e+02	2.42300e+03	1.12312e-02	6.97667e+02
2424	6.92858e+02	2.42400e+03	1.12318e-02	6.98000e+02
2425	6.92997e+02	2.42500e+03	1.12311e-02	6.98333e+02
2426	6.93143e+02	2.42600e+03	1.12312e-02	6.98667e+02
2427	6.93279e+02	2.42700e+03	1.12311e-02	6.99000e+02
2428	6.93417e+02	2.42800e+03	1.12278e-02	6.99333e+02
2429	6.93552e+02	2.42900e+03	1.12219e-02	6.99667e+02
2430	6.93675e+02	2.43000e+03	1.12145e-02	7.00000e+02
