index	ts	t	weight	tr
[#]	[°C]	[s]	[mg]	[°C]
683	1.31086e+02	6.83000e+02	6.00416e+00	1.31500e+02
684	1.31595e+02	6.84000e+02	6.00412e+00	1.32000e+02
685	1.32095e+02	6.85000e+02	6.00407e+00	1.32500e+02
686	1.32595e+02	6.86000e+02	6.00403e+00	1.33000e+02
687	1.33095e+02	6.87000e+02	6.00397e+00	1.33500e+02
688	1.33611e+02	6.88000e+02	6.00392e+00	1.34000e+02
689	1.34112e+02	6.89000e+02	6.00386e+00	1.34500e+02
690	1.34627e+02	6.90000e+02	6.00380e+00	1.35000e+02
691	1.35123e+02	6.91000e+02	6.00374e+00	1.35500e+02
692	1.35633e+02	6.92000e+02	6.00366e+00	1.36000e+02
693	1.36141e+02	6.93000e+02	6.00357e+00	1.36500e+02
694	1.36643e+02	6.94000e+02	6.00348e+00	1.37000e+02
695	1.37150e+02	6.95000e+02	6.00338e+00	1.37500e+02
696	1.37652e+02	6.96000e+02	6.00325e+00	1.38000e+02
697	1.38162e+02	6.97000e+02	6.00312e+00	1.38500e+02
698	1.38679e+02	6.98000e+02	6.00298e+00	1.39000e+02
699	1.39195e+02	6.99000e+02	6.00284e+00	1.39500e+02
700	1.39689e+02	7.00000e+02	6.00267e+00	1.40000e+02
701	1.40199e+02	7.01000e+02	6.00250e+00	1.40500e+02
702	1.40706e+02	7.02000e+02	6.00232e+00	1.41000e+02
703	1.41215e+02	7.03000e+02	6.00215e+00	1.41500e+02
704	1.41728e+02	7.04000e+02	6.00196e+00	1.42000e+02
705	1.42226e+02	7.05000e+02	6.00179e+00	1.42500e+02
706	1.42721e+02	7.06000e+02	6.00162e+00	1.43000e+02
707	1.43241e+02	7.07000e+02	6.00144e+00	1.43500e+02
708	1.43750e+02	7.08000e+02	6.00127e+00	1.44000e+02
709	1.44253e+02	7.09000e+02	6.00109e+00	1.44500e+02
710	1.44754e+02	7.10000e+02	6.00089e+00	1.45000e+02
711	1.45261e+02	7.11000e+02	6.00069e+00	1.45500e+02
712	1.45778e+02	7.12000e+02	6.00046e+00	1.46000e+02
713	1.46267e+02	7.13000e+02	6.00024e+00	1.46500e+02
714	1.46772e+02	7.14000e+02	6.00002e+00	1.47000e+02
715	1.47301e+02	7.15000e+02	5.99979e+00	1.47500e+02
716	1.47813e+02	7.16000e+02	5.99953e+00	1.48000e+02
717	1.48306e+02	7.17000e+02	5.99927e+00	1.48500e+02
718	1.48815e+02	7.18000e+02	5.99899e+00	1.49000e+02
719	1.49318e+02	7.19000e+02	5.99870e+00	1.49500e+02
720	1.49817e+02	7.20000e+02	5.99837e+00	1.50000e+02
721	1.50327e+02	7.21000e+02	5.99805e+00	1.50500e+02
722	1.50839e+02	7.22000e+02	5.99772e+00	1.51000e+02
723	1.51341e+02	7.23000e+02	5.99739e+00	1.51500e+02
724	1.51850e+02	7.24000e+02	5.99703e+00	1.52000e+02
725	1.52361e+02	7.25000e+02	5.99668e+00	1.52500e+02
726	1.52870e+02	7.26000e+02	5.99632e+00	1.53000e+02
727	1.53368e+02	7.27000e+02	5.99595e+00	1.53500e+02
728	1.53885e+02	7.28000e+02	5.99557e+00	1.54000e+02
729	1.54390e+02	7.29000e+02	5.99520e+00	1.54500e+02
730	1.54912e+02	7.30000e+02	5.99482e+00	1.55000e+02
731	1.55403e+02	7.31000e+02	5.99445e+00	1.55500e+02
732	1.55903e+02	7.32000e+02	5.99406e+00	1.56000e+02
733	1.56424e+02	7.33000e+02	5.99367e+00	1.56500e+02
734	1.56927e+02	7.34000e+02	5.99328e+00	1.57000e+02
735	1.57434e+02	7.35000e+02	5.99287e+00	1.57500e+02
736	1.57938e+02	7.36000e+02	5.99244e+00	1.58000e+02
737	1.58436e+02	7.37000e+02	5.99201e+00	1.58500e+02
738	1.58946e+02	7.38000e+02	5.99157e+00	1.59000e+02
739	1.59466e+02	7.39000e+02	5.99112e+00	1.59500e+02
740	1.59982e+02	7.40000e+02	5.99064e+00	1.60000e+02
741	1.60479e+02	7.41000e+02	5.99016e+00	1.60500e+02
742	1.60986e+02	7.42000e+02	5.98968e+00	1.61000e+02
743	1.61505e+02	7.43000e+02	5.98920e+00	1.61500e+02
744	1.62005e+02	7.44000e+02	5.98870e+00	1.62000e+02
745	1.62503e+02	7.45000e+02	5.98821e+00	1.62500e+02
746	1.63022e+02	7.46000e+02	5.98772e+00	1.63000e+02
747	1.63531e+02	7.47000e+02	5.98723e+00	1.63500e+02
748	1.64030e+02	7.48000e+02	5.98674e+00	1.64000e+02
749	1.64539e+02	7.49000e+02	5.98624e+00	1.64500e+02
750	1.65048e+02	7.50000e+02	5.98574e+00	1.65000e+02
751	1.65561e+02	7.51000e+02	5.98523e+00	1.65500e+02
752	1.66072e+02	7.52000e+02	5.98470e+00	1.66000e+02
753	1.66575e+02	7.53000e+02	5.98416e+00	1.66500e+02
754	1.67094e+02	7.54000e+02	5.98361e+00	1.67000e+02
755	1.67592e+02	7.55000e+02	5.98305e+00	1.67500e+02
756	1.68092e+02	7.56000e+02	5.98244e+00	1.68000e+02
757	1.68607e+02	7.57000e+02	5.98185e+00	1.68500e+02
758	1.69121e+02	7.58000e+02	5.98124e+00	1.69000e+02
759	1.69628e+02	7.59000e+02	5.98063e+00	1.69500e+02
760	1.70126e+02	7.60000e+02	5.97997e+00	1.70000e+02
761	1.70644e+02	7.61000e+02	5.97930e+00	1.70500e+02
762	1.71148e+02	7.62000e+02	5.97862e+00	1.71000e+02
763	1.71642e+02	7.63000e+02	5.97792e+00	1.71500e+02
764	1.72162e+02	7.64000e+02	5.97716e+00	1.72000e+02
765	1.72668e+02	7.65000e+02	5.97640e+00	1.72500e+02
766	1.73180e+02	7.66000e+02	5.97565e+00	1.73000e+02
767	1.73690e+02	7.67000e+02	5.97489e+00	1.73500e+02
768	1.74207e+02	7.68000e+02	5.97408e+00	1.74000e+02
769	1.74702e+02	7.69000e+02	5.97329e+00	1.74500e+02
770	1.75228e+02	7.70000e+02	5.97249e+00	1.75000e+02
771	1.75737e+02	7.71000e+02	5.97169e+00	1.75500e+02
772	1.76240e+02	7.72000e+02	5.97084e+00	1.76000e+02
773	1.76756e+02	7.73000e+02	5.96997e+00	1.76500e+02
774	1.77257e+02	7.74000e+02	5.96906e+00	1.77000e+02
775	1.77775e+02	7.75000e+02	5.96813e+00	1.77500e+02
776	1.78282e+02	7.76000e+02	5.96707e+00	1.78000e+02
777	1.78789e+02	7.77000e+02	5.96601e+00	1.78500e+02
778	1.79297e+02	7.78000e+02	5.96490e+00	1.79000e+02
779	1.79811e+02	7.79000e+02	5.96377e+00	1.79500e+02
780	1.80321e+02	7.80000e+02	5.96246e+00	1.80000e+02
781	1.80818e+02	7.81000e+02	5.96118e+00	1.80500e+02
782	1.81337e+02	7.82000e+02	5.95988e+00	1.81000e+02
783	1.81854e+02	7.83000e+02	5.95855e+00	1.81500e+02
784	1.82364e+02	7.84000e+02	5.95706e+00	1.82000e+02
785	1.82873e+02	7.85000e+02	5.95559e+00	1.82500e+02
786	1.83378e+02	7.86000e+02	5.95407e+00	1.83000e+02
787	1.83878e+02	7.87000e+02	5.95250e+00	1.83500e+02
788	1.84395e+02	7.88000e+02	5.95074e+00	1.84000e+02
789	1.84905e+02	7.89000e+02	5.94898e+00	1.84500e+02
790	1.85420e+02	7.90000e+02	5.94717e+00	1.85000e+02
791	1.85945e+02	7.91000e+02	5.94531e+00	1.85500e+02
792	1.86453e+02	7.92000e+02	5.94321e+00	1.86000e+02
793	1.86957e+02	7.93000e+02	5.94116e+00	1.86500e+02
794	1.87490e+02	7.94000e+02	5.93908e+00	1.87000e+02
795	1.87982e+02	7.95000e+02	5.93696e+00	1.87500e+02
796	1.88487e+02	7.96000e+02	5.93466e+00	1.88000e+02
797	1.89006e+02	7.97000e+02	5.93239e+00	1.88500e+02
798	1.89510e+02	7.98000e+02	5.93006e+00	1.89000e+02
799	1.90021e+02	7.99000e+02	5.92768e+00	1.89500e+02
800	1.90530e+02	8.00000e+02	5.92506e+00	1.90000e+02
801	1.91026e+02	8.01000e+02	5.92243e+00	1.90500e+02
802	1.91548e+02	8.02000e+02	5.91973e+00	1.91000e+02
803	1.92055e+02	8.03000e+02	5.91698e+00	1.91500e+02
804	1.92577e+02	8.04000e+02	5.91393e+00	1.92000e+02
805	1.93094e+02	8.05000e+02	5.91099e+00	1.92500e+02
806	1.93590e+02	8.06000e+02	5.90805e+00	1.93000e+02
807	1.94110e+02	8.07000e+02	5.90508e+00	1.93500e+02
808	1.94630e+02	8.08000e+02	5.90203e+00	1.94000e+02
809	1.95140e+02	8.09000e+02	5.89901e+00	1.94500e+02
810	1.95640e+02	8.10000e+02	5.89599e+00	1.95000e+02
811	1.96156e+02	8.11000e+02	5.89296e+00	1.95500e+02
812	1.96667e+02	8.12000e+02	5.88990e+00	1.96000e+02
813	1.97184e+02	8.13000e+02	5.88685e+00	1.96500e+02
814	1.97695e+02	8.14000e+02	5.88379e+00	1.97000e+02
815	1.98208e+02	8.15000e+02	5.88072e+00	1.97500e+02
816	1.98732e+02	8.16000e+02	5.87763e+00	1.98000e+02
817	1.99227e+02	8.17000e+02	5.87456e+00	1.98500e+02
818	1.99749e+02	8.18000e+02	5.87149e+00	1.99000e+02
819	2.00263e+02	8.19000e+02	5.86842e+00	1.99500e+02
820	2.00763e+02	8.20000e+02	5.86537e+00	2.00000e+02
821	2.01284e+02	8.21000e+02	5.86233e+00	2.00500e+02
822	2.01802e+02	8.22000e+02	5.85931e+00	2.01000e+02
823	2.02300e+02	8.23000e+02	5.85631e+00	2.01500e+02
824	2.02812e+02	8.24000e+02	5.85338e+00	2.02000e+02
825	2.03330e+02	8.25000e+02	5.85047e+00	2.02500e+02
826	2.03842e+02	8.26000e+02	5.84761e+00	2.03000e+02
827	2.04337e+02	8.27000e+02	5.84477e+00	2.03500e+02
828	2.04867e+02	8.28000e+02	5.84212e+00	2.04000e+02
829	2.05375e+02	8.29000e+02	5.83945e+00	2.04500e+02
830	2.05901e+02	8.30000e+02	5.83685e+00	2.05000e+02
831	2.06409e+02	8.31000e+02	5.83429e+00	2.05500e+02
832	2.06924e+02	8.32000e+02	5.83196e+00	2.06000e+02
833	2.07423e+02	8.33000e+02	5.82962e+00	2.06500e+02
834	2.07936e+02	8.34000e+02	5.82733e+00	2.07000e+02
835	2.08454e+02	8.35000e+02	5.82509e+00	2.07500e+02
836	2.08960e+02	8.36000e+02	5.82310e+00	2.08000e+02
837	2.09476e+02	8.37000e+02	5.82108e+00	2.08500e+02
838	2.09997e+02	8.38000e+02	5.81910e+00	2.09000e+02
839	2.10500e+02	8.39000e+02	5.81717e+00	2.09500e+02
840	2.11017e+02	8.40000e+02	5.81547e+00	2.10000e+02
841	2.11516e+02	8.41000e+02	5.81375e+00	2.10500e+02
842	2.12051e+02	8.42000e+02	5.81208e+00	2.11000e+02
843	2.12567e+02	8.43000e+02	5.81045e+00	2.11500e+02
844	2.13083e+02	8.44000e+02	5.80906e+00	2.12000e+02
845	2.13590e+02	8.45000e+02	5.80764e+00	2.12500e+02
846	2.14112e+02	8.46000e+02	5.80627e+00	2.13000e+02
847	2.14621e+02	8.47000e+02	5.80494e+00	2.13500e+02
848	2.15140e+02	8.48000e+02	5.80385e+00	2.14000e+02
849	2.15646e+02	8.49000e+02	5.80271e+00	2.14500e+02
850	2.16166e+02	8.50000e+02	5.80161e+00	2.15000e+02
851	2.16677e+02	8.51000e+02	5.80054e+00	2.15500e+02
852	2.17194e+02	8.52000e+02	5.79965e+00	2.16000e+02
853	2.17712e+02	8.53000e+02	5.79871e+00	2.16500e+02
854	2.18225e+02	8.54000e+02	5.79778e+00	2.17000e+02
855	2.18743e+02	8.55000e+02	5.79687e+00	2.17500e+02
856	2.19250e+02	8.56000e+02	5.79605e+00	2.18000e+02
857	2.19776e+02	8.57000e+02	5.79522e+00	2.18500e+02
858	2.20283e+02	8.58000e+02	5.79439e+00	2.19000e+02
859	2.20798e+02	8.59000e+02	5.79358e+00	2.19500e+02
860	2.21318e+02	8.60000e+02	5.79282e+00	2.20000e+02
861	2.21825e+02	8.61000e+02	5.79205e+00	2.20500e+02
862	2.22340e+02	8.62000e+02	5.79128e+00	2.21000e+02
863	2.22863e+02	8.63000e+02	5.79052e+00	2.21500e+02
864	2.23385e+02	8.64000e+02	5.78981e+00	2.22000e+02
865	2.23910e+02	8.65000e+02	5.78910e+00	2.22500e+02
866	2.24436e+02	8.66000e+02	5.78839e+00	2.23000e+02
867	2.24945e+02	8.67000e+02	5.78770e+00	2.23500e+02
868	2.25466e+02	8.68000e+02	5.78705e+00	2.24000e+02
869	2.25982e+02	8.69000e+02	5.78638e+00	2.24500e+02
870	2.26503e+02	8.70000e+02	5.78571e+00	2.25000e+02
871	2.27008e+02	8.71000e+02	5.78505e+00	2.25500e+02
872	2.27551e+02	8.72000e+02	5.78439e+00	2.26000e+02
873	2.28046e+02	8.73000e+02	5.78373e+00	2.26500e+02
874	2.28556e+02	8.74000e+02	5.78306e+00	2.27000e+02
875	2.29071e+02	8.75000e+02	5.78239e+00	2.27500e+02
876	2.29600e+02	8.76000e+02	5.78169e+00	2.28000e+02
877	2.30112e+02	8.77000e+02	5.78098e+00	2.28500e+02
878	2.30635e+02	8.78000e+02	5.78025e+00	2.29000e+02
879	2.31146e+02	8.79000e+02	5.77951e+00	2.29500e+02
880	2.31667e+02	8.80000e+02	5.77873e+00	2.30000e+02
881	2.32193e+02	8.81000e+02	5.77797e+00	2.30500e+02
882	2.32717e+02	8.82000e+02	5.77721e+00	2.31000e+02
883	2.33222e+02	8.83000e+02	5.77645e+00	2.31500e+02
884	2.33746e+02	8.84000e+02	5.77567e+00	2.32000e+02
885	2.34265e+02	8.85000e+02	5.77489e+00	2.32500e+02
886	2.34779e+02	8.86000e+02	5.77411e+00	2.33000e+02
887	2.35284e+02	8.87000e+02	5.77333e+00	2.33500e+02
888	2.35800e+02	8.88000e+02	5.77255e+00	2.34000e+02
889	2.36328e+02	8.89000e+02	5.77179e+00	2.34500e+02
890	2.36845e+02	8.90000e+02	5.77104e+00	2.35000e+02
891	2.37370e+02	8.91000e+02	5.77030e+00	2.35500e+02
892	2.37879e+02	8.92000e+02	5.76960e+00	2.36000e+02
893	2.38404e+02	8.93000e+02	5.76890e+00	2.36500e+02
894	2.38924e+02	8.94000e+02	5.76820e+00	2.37000e+02
895	2.39454e+02	8.95000e+02	5.76752e+00	2.37500e+02
896	2.39985e+02	8.96000e+02	5.76687e+00	2.38000e+02
897	2.40503e+02	8.97000e+02	5.76620e+00	2.38500e+02
898	2.41016e+02	8.98000e+02	5.76552e+00	2.39000e+02
899	2.41515e+02	8.99000e+02	5.76485e+00	2.39500e+02
900	2.42037e+02	9.00000e+02	5.76416e+00	2.40000e+02
901	2.42554e+02	9.01000e+02	5.76348e+00	2.40500e+02
902	2.43072e+02	9.02000e+02	5.76278e+00	2.41000e+02
903	2.43581e+02	9.03000e+02	5.76209e+00	2.41500e+02
904	2.44088e+02	9.04000e+02	5.76137e+00	2.42000e+02
905	2.44606e+02	9.05000e+02	5.76067e+00	2.42500e+02
906	2.45110e+02	9.06000e+02	5.75997e+00	2.43000e+02
907	2.45628e+02	9.07000e+02	5.75927e+00	2.43500e+02
908	2.46140e+02	9.08000e+02	5.75857e+00	2.44000e+02
909	2.46651e+02	9.09000e+02	5.75789e+00	2.44500e+02
910	2.47169e+02	9.10000e+02	5.75721e+00	2.45000e+02
911	2.47674e+02	9.11000e+02	5.75653e+00	2.45500e+02
912	2.48207e+02	9.12000e+02	5.75587e+00	2.46000e+02
913	2.48724e+02	9.13000e+02	5.75521e+00	2.46500e+02
914	2.49238e+02	9.14000e+02	5.75455e+00	2.47000e+02
915	2.49734e+02	9.15000e+02	5.75391e+00	2.47500e+02
916	2.50244e+02	9.16000e+02	5.75329e+00	2.48000e+02
917	2.50763e+02	9.17000e+02	5.75268e+00	2.48500e+02
918	2.51265e+02	9.18000e+02	5.75209e+00	2.49000e+02
919	2.51786e+02	9.19000e+02	5.75150e+00	2.49500e+02
920	2.52302e+02	9.20000e+02	5.75096e+00	2.50000e+02
921	2.52819e+02	9.21000e+02	5.75041e+00	2.50500e+02
922	2.53331e+02	9.22000e+02	5.74985e+00	2.51000e+02
923	2.53855e+02	9.23000e+02	5.74929e+00	2.51500e+02
924	2.54363e+02	9.24000e+02	5.74875e+00	2.52000e+02
925	2.54890e+02	9.25000e+02	5.74820e+00	2.52500e+02
926	2.55404e+02	9.26000e+02	5.74765e+00	2.53000e+02
927	2.55909e+02	9.27000e+02	5.74711e+00	2.53500e+02
928	2.56424e+02	9.28000e+02	5.74656e+00	2.54000e+02
929	2.56942e+02	9.29000e+02	5.74601e+00	2.54500e+02
930	2.57461e+02	9.30000e+02	5.74547e+00	2.55000e+02
931	2.57981e+02	9.31000e+02	5.74493e+00	2.55500e+02
932	2.58497e+02	9.32000e+02	5.74441e+00	2.56000e+02
933	2.59005e+02	9.33000e+02	5.74389e+00	2.56500e+02
934	2.59514e+02	9.34000e+02	5.74338e+00	2.57000e+02
935	2.60026e+02	9.35000e+02	5.74287e+00	2.57500e+02
936	2.60548e+02	9.36000e+02	5.74238e+00	2.58000e+02
937	2.61052e+02	9.37000e+02	5.74187e+00	2.58500e+02
938	2.61576e+02	9.38000e+02	5.74137e+00	2.59000e+02
939	2.62088e+02	9.39000e+02	5.74086e+00	2.59500e+02
940	2.62598e+02	9.40000e+02	5.74035e+00	2.60000e+02
941	2.63115e+02	9.41000e+02	5.73984e+00	2.60500e+02
942	2.63633e+02	9.42000e+02	5.73934e+00	2.61000e+02
943	2.64137e+02	9.43000e+02	5.73884e+00	2.61500e+02
944	2.64660e+02	9.44000e+02	5.73835e+00	2.62000e+02
945	2.65186e+02	9.45000e+02	5.73785e+00	2.62500e+02
946	2.65749e+02	9.46000e+02	5.73735e+00	2.63000e+02
947	2.66263e+02	9.47000e+02	5.73685e+00	2.63500e+02
948	2.66801e+02	9.48000e+02	5.73635e+00	2.64000e+02
949	2.67330e+02	9.49000e+02	5.73584e+00	2.64500e+02
950	2.67872e+02	9.50000e+02	5.73534e+00	2.65000e+02
951	2.68391e+02	9.51000e+02	5.73483e+00	2.65500e+02
952	2.68915e+02	9.52000e+02	5.73431e+00	2.66000e+02
953	2.69435e+02	9.53000e+02	5.73379e+00	2.66500e+02
954	2.69941e+02	9.54000e+02	5.73327e+00	2.67000e+02
955	2.70457e+02	9.55000e+02	5.73274e+00	2.67500e+02
956	2.70982e+02	9.56000e+02	5.73219e+00	2.68000e+02
957	2.71504e+02	9.57000e+02	5.73165e+00	2.68500e+02
958	2.72025e+02	9.58000e+02	5.73109e+00	2.69000e+02
959	2.72532e+02	9.59000e+02	5.73053e+00	2.69500e+02
960	2.73051e+02	9.60000e+02	5.72995e+00	2.70000e+02
961	2.73557e+02	9.61000e+02	5.72936e+00	2.70500e+02
962	2.74075e+02	9.62000e+02	5.72876e+00	2.71000e+02
963	2.74585e+02	9.63000e+02	5.72815e+00	2.71500e+02
964	2.75097e+02	9.64000e+02	5.72751e+00	2.72000e+02
965	2.75624e+02	9.65000e+02	5.72689e+00	2.72500e+02
966	2.76137e+02	9.66000e+02	5.72626e+00	2.73000e+02
967	2.76629e+02	9.67000e+02	5.72563e+00	2.73500e+02
968	2.77151e+02	9.68000e+02	5.72498e+00	2.74000e+02
969	2.77664e+02	9.69000e+02	5.72431e+00	2.74500e+02
970	2.78165e+02	9.70000e+02	5.72363e+00	2.75000e+02
971	2.78674e+02	9.71000e+02	5.72292e+00	2.75500e+02
972	2.79178e+02	9.72000e+02	5.72215e+00	2.76000e+02
973	2.79673e+02	9.73000e+02	5.72138e+00	2.76500e+02
974	2.80182e+02	9.74000e+02	5.72060e+00	2.77000e+02
975	2.80695e+02	9.75000e+02	5.71980e+00	2.77500e+02
976	2.81190e+02	9.76000e+02	5.71893e+00	2.78000e+02
977	2.81705e+02	9.77000e+02	5.71806e+00	2.78500e+02
978	2.82221e+02	9.78000e+02	5.71718e+00	2.79000e+02
979	2.82721e+02	9.79000e+02	5.71628e+00	2.79500e+02
980	2.83224e+02	9.80000e+02	5.71531e+00	2.80000e+02
981	2.83727e+02	9.81000e+02	5.71434e+00	2.80500e+02
982	2.84224e+02	9.82000e+02	5.71336e+00	2.81000e+02
983	2.84732e+02	9.83000e+02	5.71236e+00	2.81500e+02
984	2.85235e+02	9.84000e+02	5.71127e+00	2.82000e+02
985	2.85757e+02	9.85000e+02	5.71020e+00	2.82500e+02
986	2.86290e+02	9.86000e+02	5.70910e+00	2.83000e+02
987	2.86802e+02	9.87000e+02	5.70799e+00	2.83500e+02
988	2.87315e+02	9.88000e+02	5.70677e+00	2.84000e+02
989	2.87820e+02	9.89000e+02	5.70556e+00	2.84500e+02
990	2.88309e+02	9.90000e+02	5.70433e+00	2.85000e+02
991	2.88826e+02	9.91000e+02	5.70308e+00	2.85500e+02
992	2.89321e+02	9.92000e+02	5.70171e+00	2.86000e+02
993	2.89815e+02	9.93000e+02	5.70036e+00	2.86500e+02
994	2.90320e+02	9.94000e+02	5.69897e+00	2.87000e+02
995	2.90838e+02	9.95000e+02	5.69756e+00	2.87500e+02
996	2.91355e+02	9.96000e+02	5.69602e+00	2.88000e+02
997	2.91855e+02	9.97000e+02	5.69448e+00	2.88500e+02
998	2.92356e+02	9.98000e+02	5.69291e+00	2.89000e+02
999	2.92845e+02	9.99000e+02	5.69131e+00	2.89500e+02
1000	2.93343e+02	1.00000e+03	5.68954e+00	2.90000e+02
1001	2.93838e+02	1.00100e+03	5.68779e+00	2.90500e+02
1002	2.94352e+02	1.00200e+03	5.68599e+00	2.91000e+02
1003	2.94867e+02	1.00300e+03	5.68415e+00	2.91500e+02
1004	2.95376e+02	1.00400e+03	5.68210e+00	2.92000e+02
1005	2.95885e+02	1.00500e+03	5.68006e+00	2.92500e+02
1006	2.96397e+02	1.00600e+03	5.67798e+00	2.93000e+02
1007	2.96907e+02	1.00700e+03	5.67586e+00	2.93500e+02
1008	2.97396e+02	1.00800e+03	5.67352e+00	2.94000e+02
1009	2.97900e+02	1.00900e+03	5.67122e+00	2.94500e+02
1010	2.98395e+02	1.01000e+03	5.66888e+00	2.95000e+02
1011	2.98883e+02	1.01100e+03	5.66651e+00	2.95500e+02
1012	2.99386e+02	1.01200e+03	5.66394e+00	2.96000e+02
1013	2.99864e+02	1.01300e+03	5.66140e+00	2.96500e+02
1014	3.00367e+02	1.01400e+03	5.65882e+00	2.97000e+02
1015	3.00849e+02	1.01500e+03	5.65619e+00	2.97500e+02
1016	3.01336e+02	1.01600e+03	5.65336e+00	2.98000e+02
1017	3.01845e+02	1.01700e+03	5.65055e+00	2.98500e+02
1018	3.02350e+02	1.01800e+03	5.64769e+00	2.99000e+02
1019	3.02853e+02	1.01900e+03	5.64479e+00	2.99500e+02
1020	3.03347e+02	1.02000e+03	5.64168e+00	3.00000e+02
1021	3.03840e+02	1.02100e+03	5.63860e+00	3.00500e+02
1022	3.04342e+02	1.02200e+03	5.63548e+00	3.01000e+02
1023	3.04851e+02	1.02300e+03	5.63233e+00	3.01500e+02
1024	3.05333e+02	1.02400e+03	5.62899e+00	3.02000e+02
1025	3.05826e+02	1.02500e+03	5.62568e+00	3.02500e+02
1026	3.06313e+02	1.02600e+03	5.62233e+00	3.03000e+02
1027	3.06812e+02	1.02700e+03	5.61895e+00	3.03500e+02
1028	3.07305e+02	1.02800e+03	5.61539e+00	3.04000e+02
1029	3.07798e+02	1.02900e+03	5.61183e+00	3.04500e+02
1030	3.08288e+02	1.03000e+03	5.60823e+00	3.05000e+02
1031	3.08785e+02	1.03100e+03	5.60458e+00	3.05500e+02
1032	3.09301e+02	1.03200e+03	5.60072e+00	3.06000e+02
1033	3.09801e+02	1.03300e+03	5.59689e+00	3.06500e+02
1034	3.10286e+02	1.03400e+03	5.59303e+00	3.07000e+02
1035	3.10766e+02	1.03500e+03	5.58913e+00	3.07500e+02
1036	3.11271e+02	1.03600e+03	5.58504e+00	3.08000e+02
1037	3.11775e+02	1.03700e+03	5.58099e+00	3.08500e+02
1038	3.12256e+02	1.03800e+03	5.57692e+00	3.09000e+02
1039	3.12764e+02	1.03900e+03	5.57281e+00	3.09500e+02
1040	3.13246e+02	1.04000e+03	5.56857e+00	3.10000e+02
1041	3.13713e+02	1.04100e+03	5.56435e+00	3.10500e+02
1042	3.14216e+02	1.04200e+03	5.56010e+00	3.11000e+02
1043	3.14706e+02	1.04300e+03	5.55583e+00	3.11500e+02
1044	3.15167e+02	1.04400e+03	5.55143e+00	3.12000e+02
1045	3.15626e+02	1.04500e+03	5.54704e+00	3.12500e+02
1046	3.16074e+02	1.04600e+03	5.54263e+00	3.13000e+02
1047	3.16533e+02	1.04700e+03	5.53819e+00	3.13500e+02
1048	3.16985e+02	1.04800e+03	5.53362e+00	3.14000e+02
1049	3.17414e+02	1.04900e+03	5.52909e+00	3.14500e+02
1050	3.17859e+02	1.05000e+03	5.52454e+00	3.15000e+02
1051	3.18298e+02	1.05100e+03	5.51997e+00	3.15500e+02
1052	3.18736e+02	1.05200e+03	5.51532e+00	3.16000e+02
1053	3.19188e+02	1.05300e+03	5.51067e+00	3.16500e+02
1054	3.19636e+02	1.05400e+03	5.50600e+00	3.17000e+02
1055	3.20109e+02	1.05500e+03	5.50130e+00	3.17500e+02
1056	3.20582e+02	1.05600e+03	5.49649e+00	3.18000e+02
1057	3.21043e+02	1.05700e+03	5.49168e+00	3.18500e+02
1058	3.21516e+02	1.05800e+03	5.48683e+00	3.19000e+02
1059	3.21979e+02	1.05900e+03	5.48195e+00	3.19500e+02
1060	3.22449e+02	1.06000e+03	5.47690e+00	3.20000e+02
1061	3.22919e+02	1.06100e+03	5.47187e+00	3.20500e+02
1062	3.23405e+02	1.06200e+03	5.46680e+00	3.21000e+02
1063	3.23889e+02	1.06300e+03	5.46171e+00	3.21500e+02
1064	3.24378e+02	1.06400e+03	5.45647e+00	3.22000e+02
1065	3.24858e+02	1.06500e+03	5.45128e+00	3.22500e+02
1066	3.25362e+02	1.06600e+03	5.44608e+00	3.23000e+02
1067	3.25859e+02	1.06700e+03	5.44086e+00	3.23500e+02
1068	3.26349e+02	1.06800e+03	5.43557e+00	3.24000e+02
1069	3.26858e+02	1.06900e+03	5.43029e+00	3.24500e+02
1070	3.27348e+02	1.07000e+03	5.42499e+00	3.25000e+02
1071	3.27849e+02	1.07100e+03	5.41968e+00	3.25500e+02
1072	3.28355e+02	1.07200e+03	5.41429e+00	3.26000e+02
1073	3.28843e+02	1.07300e+03	5.40890e+00	3.26500e+02
1074	3.29350e+02	1.07400e+03	5.40347e+00	3.27000e+02
1075	3.29854e+02	1.07500e+03	5.39802e+00	3.27500e+02
1076	3.30358e+02	1.07600e+03	5.39242e+00	3.28000e+02
1077	3.30861e+02	1.07700e+03	5.38679e+00	3.28500e+02
1078	3.31349e+02	1.07800e+03	5.38109e+00	3.29000e+02
1079	3.31842e+02	1.07900e+03	5.37533e+00	3.29500e+02
1080	3.32339e+02	1.08000e+03	5.36927e+00	3.30000e+02
1081	3.32834e+02	1.08100e+03	5.36319e+00	3.30500e+02
1082	3.33340e+02	1.08200e+03	5.35701e+00	3.31000e+02
1083	3.33841e+02	1.08300e+03	5.35074e+00	3.31500e+02
1084	3.34332e+02	1.08400e+03	5.34399e+00	3.32000e+02
1085	3.34837e+02	1.08500e+03	5.33727e+00	3.32500e+02
1086	3.35332e+02	1.08600e+03	5.33041e+00	3.33000e+02
1087	3.35839e+02	1.08700e+03	5.32343e+00	3.33500e+02
1088	3.36332e+02	1.08800e+03	5.31584e+00	3.34000e+02
1089	3.36839e+02	1.08900e+03	5.30829e+00	3.34500e+02
1090	3.37339e+02	1.09000e+03	5.30060e+00	3.35000e+02
1091	3.37840e+02	1.09100e+03	5.29276e+00	3.35500e+02
1092	3.38345e+02	1.09200e+03	5.28422e+00	3.36000e+02
1093	3.38866e+02	1.09300e+03	5.27576e+00	3.36500e+02
1094	3.39358e+02	1.09400e+03	5.26712e+00	3.37000e+02
1095	3.39857e+02	1.09500e+03	5.25832e+00	3.37500e+02
1096	3.40348e+02	1.09600e+03	5.24872e+00	3.38000e+02
1097	3.40862e+02	1.09700e+03	5.23919e+00	3.38500e+02
1098	3.41393e+02	1.09800e+03	5.22945e+00	3.39000e+02
1099	3.41890e+02	1.09900e+03	5.21952e+00	3.39500e+02
1100	3.42470e+02	1.10000e+03	5.20865e+00	3.40000e+02
1101	3.43089e+02	1.10100e+03	5.19788e+00	3.40500e+02
1102	3.43550e+02	1.10200e+03	5.18686e+00	3.41000e+02
1103	3.43982e+02	1.10300e+03	5.17564e+00	3.41500e+02
1104	3.44460e+02	1.10400e+03	5.16334e+00	3.42000e+02
1105	3.44956e+02	1.10500e+03	5.15115e+00	3.42500e+02
1106	3.45430e+02	1.10600e+03	5.13870e+00	3.43000e+02
1107	3.45909e+02	1.10700e+03	5.12602e+00	3.43500e+02
1108	3.46413e+02	1.10800e+03	5.11219e+00	3.44000e+02
1109	3.46907e+02	1.10900e+03	5.09851e+00	3.44500e+02
1110	3.47407e+02	1.11000e+03	5.08459e+00	3.45000e+02
1111	3.47903e+02	1.11100e+03	5.07042e+00	3.45500e+02
1112	3.48390e+02	1.11200e+03	5.05505e+00	3.46000e+02
1113	3.48889e+02	1.11300e+03	5.03979e+00	3.46500e+02
1114	3.49375e+02	1.11400e+03	5.02422e+00	3.47000e+02
1115	3.49853e+02	1.11500e+03	5.00837e+00	3.47500e+02
1116	3.50325e+02	1.11600e+03	4.99111e+00	3.48000e+02
1117	3.50792e+02	1.11700e+03	4.97400e+00	3.48500e+02
1118	3.51258e+02	1.11800e+03	4.95656e+00	3.49000e+02
1119	3.51724e+02	1.11900e+03	4.93882e+00	3.49500e+02
1120	3.52186e+02	1.12000e+03	4.91957e+00	3.50000e+02
1121	3.52659e+02	1.12100e+03	4.90053e+00	3.50500e+02
1122	3.53126e+02	1.12200e+03	4.88118e+00	3.51000e+02
1123	3.53612e+02	1.12300e+03	4.86156e+00	3.51500e+02
1124	3.54094e+02	1.12400e+03	4.84047e+00	3.52000e+02
1125	3.54566e+02	1.12500e+03	4.81958e+00	3.52500e+02
1126	3.55042e+02	1.12600e+03	4.79839e+00	3.53000e+02
1127	3.55522e+02	1.12700e+03	4.77691e+00	3.53500e+02
1128	3.56003e+02	1.12800e+03	4.75393e+00	3.54000e+02
1129	3.56483e+02	1.12900e+03	4.73111e+00	3.54500e+02
1130	3.56979e+02	1.13000e+03	4.70794e+00	3.55000e+02
1131	3.57450e+02	1.13100e+03	4.68446e+00	3.55500e+02
1132	3.57948e+02	1.13200e+03	4.65937e+00	3.56000e+02
1133	3.58459e+02	1.13300e+03	4.63449e+00	3.56500e+02
1134	3.58967e+02	1.13400e+03	4.60927e+00	3.57000e+02
1135	3.59443e+02	1.13500e+03	4.58373e+00	3.57500e+02
1136	3.59936e+02	1.13600e+03	4.55655e+00	3.58000e+02
1137	3.60445e+02	1.13700e+03	4.52958e+00	3.58500e+02
1138	3.60929e+02	1.13800e+03	4.50226e+00	3.59000e+02
1139	3.61417e+02	1.13900e+03	4.47463e+00	3.59500e+02
1140	3.61905e+02	1.14000e+03	4.44537e+00	3.60000e+02
1141	3.62403e+02	1.14100e+03	4.41637e+00	3.60500e+02
1142	3.62890e+02	1.14200e+03	4.38707e+00	3.61000e+02
1143	3.63362e+02	1.14300e+03	4.35748e+00	3.61500e+02
1144	3.63836e+02	1.14400e+03	4.32642e+00	3.62000e+02
1145	3.64316e+02	1.14500e+03	4.29555e+00	3.62500e+02
1146	3.64799e+02	1.14600e+03	4.26436e+00	3.63000e+02
1147	3.65257e+02	1.14700e+03	4.23287e+00	3.63500e+02
1148	3.65733e+02	1.14800e+03	4.19991e+00	3.64000e+02
1149	3.66213e+02	1.14900e+03	4.16712e+00	3.64500e+02
1150	3.66679e+02	1.15000e+03	4.13403e+00	3.65000e+02
1151	3.67163e+02	1.15100e+03	4.10066e+00	3.65500e+02
1152	3.67646e+02	1.15200e+03	4.06584e+00	3.66000e+02
1153	3.68127e+02	1.15300e+03	4.03128e+00	3.66500e+02
1154	3.68594e+02	1.15400e+03	3.99646e+00	3.67000e+02
1155	3.69066e+02	1.15500e+03	3.96139e+00	3.67500e+02
1156	3.69538e+02	1.15600e+03	3.92506e+00	3.68000e+02
1157	3.70007e+02	1.15700e+03	3.88893e+00	3.68500e+02
1158	3.70469e+02	1.15800e+03	3.85255e+00	3.69000e+02
1159	3.70947e+02	1.15900e+03	3.81594e+00	3.69500e+02
1160	3.71418e+02	1.16000e+03	3.77813e+00	3.70000e+02
1161	3.71895e+02	1.16100e+03	3.74049e+00	3.70500e+02
1162	3.72362e+02	1.16200e+03	3.70259e+00	3.71000e+02
1163	3.72843e+02	1.16300e+03	3.66444e+00	3.71500e+02
1164	3.73312e+02	1.16400e+03	3.62513e+00	3.72000e+02
1165	3.73799e+02	1.16500e+03	3.58598e+00	3.72500e+02
1166	3.74286e+02	1.16600e+03	3.54662e+00	3.73000e+02
1167	3.74765e+02	1.16700e+03	3.50706e+00	3.73500e+02
1168	3.75251e+02	1.16800e+03	3.46642e+00	3.74000e+02
1169	3.75740e+02	1.16900e+03	3.42598e+00	3.74500e+02
1170	3.76231e+02	1.17000e+03	3.38536e+00	3.75000e+02
1171	3.76697e+02	1.17100e+03	3.34455e+00	3.75500e+02
1172	3.77182e+02	1.17200e+03	3.30284e+00	3.76000e+02
1173	3.77670e+02	1.17300e+03	3.26125e+00	3.76500e+02
1174	3.78165e+02	1.17400e+03	3.21951e+00	3.77000e+02
1175	3.78651e+02	1.17500e+03	3.17761e+00	3.77500e+02
1176	3.79144e+02	1.17600e+03	3.13490e+00	3.78000e+02
1177	3.79627e+02	1.17700e+03	3.09235e+00	3.78500e+02
1178	3.80128e+02	1.17800e+03	3.04968e+00	3.79000e+02
1179	3.80625e+02	1.17900e+03	3.00688e+00	3.79500e+02
1180	3.81127e+02	1.18000e+03	2.96342e+00	3.80000e+02
1181	3.81632e+02	1.18100e+03	2.92005e+00	3.80500e+02
1182	3.82126e+02	1.18200e+03	2.87659e+00	3.81000e+02
1183	3.82628e+02	1.18300e+03	2.83304e+00	3.81500e+02
1184	3.83106e+02	1.18400e+03	2.78898e+00	3.82000e+02
1185	3.83592e+02	1.18500e+03	2.74505e+00	3.82500e+02
1186	3.84083e+02	1.18600e+03	2.70102e+00	3.83000e+02
1187	3.84578e+02	1.18700e+03	2.65690e+00	3.83500e+02
1188	3.85054e+02	1.18800e+03	2.61233e+00	3.84000e+02
1189	3.85532e+02	1.18900e+03	2.56772e+00	3.84500e+02
1190	3.86020e+02	1.19000e+03	2.52296e+00	3.85000e+02
1191	3.86515e+02	1.19100e+03	2.47810e+00	3.85500e+02
1192	3.87005e+02	1.19200e+03	2.43267e+00	3.86000e+02
1193	3.87506e+02	1.19300e+03	2.38744e+00	3.86500e+02
1194	3.88004e+02	1.19400e+03	2.34224e+00	3.87000e+02
1195	3.88499e+02	1.19500e+03	2.29702e+00	3.87500e+02
1196	3.88983e+02	1.19600e+03	2.25171e+00	3.88000e+02
1197	3.89475e+02	1.19700e+03	2.20651e+00	3.88500e+02
1198	3.89976e+02	1.19800e+03	2.16136e+00	3.89000e+02
1199	3.90481e+02	1.19900e+03	2.11624e+00	3.89500e+02
1200	3.90972e+02	1.20000e+03	2.07137e+00	3.90000e+02
1201	3.91485e+02	1.20100e+03	2.02650e+00	3.90500e+02
1202	3.91969e+02	1.20200e+03	1.98174e+00	3.91000e+02
1203	3.92468e+02	1.20300e+03	1.93705e+00	3.91500e+02
1204	3.92955e+02	1.20400e+03	1.89277e+00	3.92000e+02
1205	3.93434e+02	1.20500e+03	1.84848e+00	3.92500e+02
1206	3.93944e+02	1.20600e+03	1.80431e+00	3.93000e+02
1207	3.94445e+02	1.20700e+03	1.76023e+00	3.93500e+02
1208	3.94943e+02	1.20800e+03	1.71675e+00	3.94000e+02
1209	3.95445e+02	1.20900e+03	1.67323e+00	3.94500e+02
1210	3.95954e+02	1.21000e+03	1.62989e+00	3.95000e+02
1211	3.96463e+02	1.21100e+03	1.58670e+00	3.95500e+02
1212	3.96975e+02	1.21200e+03	1.54424e+00	3.96000e+02
1213	3.97490e+02	1.21300e+03	1.50173e+00	3.96500e+02
1214	3.98007e+02	1.21400e+03	1.45939e+00	3.97000e+02
1215	3.98520e+02	1.21500e+03	1.41721e+00	3.97500e+02
1216	3.99037e+02	1.21600e+03	1.37592e+00	3.98000e+02
1217	3.99569e+02	1.21700e+03	1.33457e+00	3.98500e+02
1218	4.00084e+02	1.21800e+03	1.29348e+00	3.99000e+02
1219	4.00595e+02	1.21900e+03	1.25263e+00	3.99500e+02
1220	4.01129e+02	1.22000e+03	1.21294e+00	4.00000e+02
1221	4.01653e+02	1.22100e+03	1.17325e+00	4.00500e+02
1222	4.02197e+02	1.22200e+03	1.13395e+00	4.01000e+02
1223	4.02735e+02	1.22300e+03	1.09498e+00	4.01500e+02
1224	4.03284e+02	1.22400e+03	1.05768e+00	4.02000e+02
1225	4.03823e+02	1.22500e+03	1.02029e+00	4.02500e+02
1226	4.04347e+02	1.22600e+03	9.83402e-01	4.03000e+02
1227	4.04863e+02	1.22700e+03	9.46943e-01	4.03500e+02
1228	4.05398e+02	1.22800e+03	9.12307e-01	4.04000e+02
1229	4.05919e+02	1.22900e+03	8.77088e-01	4.04500e+02
1230	4.06440e+02	1.23000e+03	8.42910e-01	4.05000e+02
1231	4.06994e+02	1.23100e+03	8.09352e-01	4.05500e+02
1232	4.07512e+02	1.23200e+03	7.78228e-01	4.06000e+02
1233	4.08023e+02	1.23300e+03	7.47026e-01	4.06500e+02
1234	4.08548e+02	1.23400e+03	7.16536e-01	4.07000e+02
1235	4.09102e+02	1.23500e+03	6.86650e-01	4.07500e+02
1236	4.09609e+02	1.23600e+03	6.59079e-01	4.08000e+02
1237	4.10149e+02	1.23700e+03	6.31538e-01	4.08500e+02
1238	4.10714e+02	1.23800e+03	6.04731e-01	4.09000e+02
1239	4.11282e+02	1.23900e+03	5.78531e-01	4.09500e+02
1240	4.11846e+02	1.24000e+03	5.54688e-01	4.10000e+02
1241	4.12388e+02	1.24100e+03	5.30772e-01	4.10500e+02
1242	4.12975e+02	1.24200e+03	5.07836e-01	4.11000e+02
1243	4.13534e+02	1.24300e+03	4.86102e-01	4.11500e+02
1244	4.14102e+02	1.24400e+03	4.65596e-01	4.12000e+02
1245	4.14617e+02	1.24500e+03	4.44733e-01	4.12500e+02
1246	4.15159e+02	1.24600e+03	4.24369e-01	4.13000e+02
1247	4.15650e+02	1.24700e+03	4.05543e-01	4.13500e+02
1248	4.16188e+02	1.24800e+03	3.88184e-01	4.14000e+02
1249	4.16678e+02	1.24900e+03	3.70566e-01	4.14500e+02
1250	4.17187e+02	1.25000e+03	3.53441e-01	4.15000e+02
1251	4.17749e+02	1.25100e+03	3.36761e-01	4.15500e+02
1252	4.18222e+02	1.25200e+03	3.22144e-01	4.16000e+02
1253	4.18695e+02	1.25300e+03	3.07208e-01	4.16500e+02
1254	4.19209e+02	1.25400e+03	2.92674e-01	4.17000e+02
1255	4.19715e+02	1.25500e+03	2.78516e-01	4.17500e+02
1256	4.20201e+02	1.25600e+03	2.66288e-01	4.18000e+02
1257	4.20745e+02	1.25700e+03	2.53753e-01	4.18500e+02
1258	4.21265e+02	1.25800e+03	2.41574e-01	4.19000e+02
1259	4.21789e+02	1.25900e+03	2.29733e-01	4.19500e+02
1260	4.22293e+02	1.26000e+03	2.19631e-01	4.20000e+02
1261	4.22793e+02	1.26100e+03	2.09247e-01	4.20500e+02
1262	4.23292e+02	1.26200e+03	1.99182e-01	4.21000e+02
1263	4.23789e+02	1.26300e+03	1.89419e-01	4.21500e+02
1264	4.24299e+02	1.26400e+03	1.81203e-01	4.22000e+02
1265	4.24803e+02	1.26500e+03	1.72730e-01	4.22500e+02
1266	4.25299e+02	1.26600e+03	1.64533e-01	4.23000e+02
1267	4.25810e+02	1.26700e+03	1.56601e-01	4.23500e+02
1268	4.26324e+02	1.26800e+03	1.50032e-01	4.24000e+02
1269	4.26823e+02	1.26900e+03	1.43237e-01	4.24500e+02
1270	4.27324e+02	1.27000e+03	1.36682e-01	4.25000e+02
1271	4.27814e+02	1.27100e+03	1.30355e-01	4.25500e+02
1272	4.28314e+02	1.27200e+03	1.25203e-01	4.26000e+02
1273	4.28838e+02	1.27300e+03	1.19831e-01	4.26500e+02
1274	4.29357e+02	1.27400e+03	1.14644e-01	4.27000e+02
1275	4.29851e+02	1.27500e+03	1.09637e-01	4.27500e+02
1276	4.30349e+02	1.27600e+03	1.05577e-01	4.28000e+02
1277	4.30855e+02	1.27700e+03	1.01334e-01	4.28500e+02
1278	4.31344e+02	1.27800e+03	9.72362e-02	4.29000e+02
1279	4.31866e+02	1.27900e+03	9.32838e-02	4.29500e+02
1280	4.32386e+02	1.28000e+03	9.00744e-02	4.30000e+02
1281	4.32941e+02	1.28100e+03	8.67277e-02	4.30500e+02
1282	4.33430e+02	1.28200e+03	8.35042e-02	4.31000e+02
1283	4.33943e+02	1.28300e+03	8.04028e-02	4.31500e+02
1284	4.34434e+02	1.28400e+03	7.79212e-02	4.32000e+02
1285	4.34897e+02	1.28500e+03	7.53354e-02	4.32500e+02
1286	4.35346e+02	1.28600e+03	7.28550e-02	4.33000e+02
1287	4.35832e+02	1.28700e+03	7.04753e-02	4.33500e+02
1288	4.36287e+02	1.28800e+03	6.86125e-02	4.34000e+02
1289	4.36776e+02	1.28900e+03	6.66384e-02	4.34500e+02
1290	4.37281e+02	1.29000e+03	6.47317e-02	4.35000e+02
1291	4.37780e+02	1.29100e+03	6.28957e-02	4.35500e+02
1292	4.38247e+02	1.29200e+03	6.14342e-02	4.36000e+02
1293	4.38702e+02	1.29300e+03	5.98954e-02	4.36500e+02
1294	4.39162e+02	1.29400e+03	5.84107e-02	4.37000e+02
1295	4.39645e+02	1.29500e+03	5.69818e-02	4.37500e+02
1296	4.40132e+02	1.29600e+03	5.58313e-02	4.38000e+02
1297	4.40639e+02	1.29700e+03	5.46276e-02	4.38500e+02
1298	4.41125e+02	1.29800e+03	5.34681e-02	4.39000e+02
1299	4.41627e+02	1.29900e+03	5.23531e-02	4.39500e+02
1300	4.42132e+02	1.30000e+03	5.14702e-02	4.40000e+02
1301	4.42621e+02	1.30100e+03	5.05512e-02	4.40500e+02
1302	4.43119e+02	1.30200e+03	4.96742e-02	4.41000e+02
1303	4.43612e+02	1.30300e+03	4.88362e-02	4.41500e+02
1304	4.44115e+02	1.30400e+03	4.81936e-02	4.42000e+02
1305	4.44595e+02	1.30500e+03	4.75059e-02	4.42500e+02
1306	4.45088e+02	1.30600e+03	4.68403e-02	4.43000e+02
1307	4.45579e+02	1.30700e+03	4.61998e-02	4.43500e+02
1308	4.46068e+02	1.30800e+03	4.56981e-02	4.44000e+02
1309	4.46574e+02	1.30900e+03	4.51689e-02	4.44500e+02
1310	4.47061e+02	1.31000e+03	4.46615e-02	4.45000e+02
1311	4.47559e+02	1.31100e+03	4.41759e-02	4.45500e+02
1312	4.48060e+02	1.31200e+03	4.37933e-02	4.46000e+02
1313	4.48588e+02	1.31300e+03	4.33894e-02	4.46500e+02
1314	4.49097e+02	1.31400e+03	4.29997e-02	4.47000e+02
1315	4.49591e+02	1.31500e+03	4.26249e-02	4.47500e+02
1316	4.50087e+02	1.31600e+03	4.23296e-02	4.48000e+02
1317	4.50573e+02	1.31700e+03	4.20187e-02	4.48500e+02
1318	4.51064e+02	1.31800e+03	4.17213e-02	4.49000e+02
1319	4.51558e+02	1.31900e+03	4.14373e-02	4.49500e+02
1320	4.52056e+02	1.32000e+03	4.12115e-02	4.50000e+02
1321	4.52554e+02	1.32100e+03	4.09694e-02	4.50500e+02
1322	4.53050e+02	1.32200e+03	4.07298e-02	4.51000e+02
1323	4.53533e+02	1.32300e+03	4.04950e-02	4.51500e+02
1324	4.54028e+02	1.32400e+03	4.02965e-02	4.52000e+02
1325	4.54520e+02	1.32500e+03	4.00895e-02	4.52500e+02
1326	4.55020e+02	1.32600e+03	3.98892e-02	4.53000e+02
1327	4.55511e+02	1.32700e+03	3.96970e-02	4.53500e+02
1328	4.56010e+02	1.32800e+03	3.95402e-02	4.54000e+02
1329	4.56514e+02	1.32900e+03	3.93867e-02	4.54500e+02
1330	4.57026e+02	1.33000e+03	3.92441e-02	4.55000e+02
1331	4.57529e+02	1.33100e+03	3.91101e-02	4.55500e+02
1332	4.58027e+02	1.33200e+03	3.90308e-02	4.56000e+02
1333	4.58517e+02	1.33300e+03	3.89437e-02	4.56500e+02
1334	4.59007e+02	1.33400e+03	3.88678e-02	4.57000e+02
1335	4.59493e+02	1.33500e+03	3.88011e-02	4.57500e+02
1336	4.59990e+02	1.33600e+03	3.87796e-02	4.58000e+02
1337	4.60478e+02	1.33700e+03	3.87471e-02	4.58500e+02
1338	4.60961e+02	1.33800e+03	3.87157e-02	4.59000e+02
1339	4.61451e+02	1.33900e+03	3.86861e-02	4.59500e+02
1340	4.61947e+02	1.34000e+03	3.86781e-02	4.60000e+02
1341	4.62436e+02	1.34100e+03	3.86576e-02	4.60500e+02
1342	4.62906e+02	1.34200e+03	3.86343e-02	4.61000e+02
1343	4.63386e+02	1.34300e+03	3.86104e-02	4.61500e+02
1344	4.63860e+02	1.34400e+03	3.85779e-02	4.62000e+02
1345	4.64340e+02	1.34500e+03	3.85452e-02	4.62500e+02
1346	4.64812e+02	1.34600e+03	3.85070e-02	4.63000e+02
1347	4.65293e+02	1.34700e+03	3.84633e-02	4.63500e+02
1348	4.65760e+02	1.34800e+03	3.83988e-02	4.64000e+02
1349	4.66244e+02	1.34900e+03	3.83350e-02	4.64500e+02
1350	4.66723e+02	1.35000e+03	3.82721e-02	4.65000e+02
1351	4.67204e+02	1.35100e+03	3.82114e-02	4.65500e+02
1352	4.67670e+02	1.35200e+03	3.81424e-02	4.66000e+02
1353	4.68143e+02	1.35300e+03	3.80886e-02	4.66500e+02
1354	4.68625e+02	1.35400e+03	3.80402e-02	4.67000e+02
1355	4.69103e+02	1.35500e+03	3.79933e-02	4.67500e+02
1356	4.69588e+02	1.35600e+03	3.79659e-02	4.68000e+02
1357	4.70064e+02	1.35700e+03	3.79262e-02	4.68500e+02
1358	4.70550e+02	1.35800e+03	3.78865e-02	4.69000e+02
1359	4.71029e+02	1.35900e+03	3.78491e-02	4.69500e+02
1360	4.71505e+02	1.36000e+03	3.78125e-02	4.70000e+02
1361	4.71998e+02	1.36100e+03	3.77799e-02	4.70500e+02
1362	4.72489e+02	1.36200e+03	3.77488e-02	4.71000e+02
1363	4.72982e+02	1.36300e+03	3.77180e-02	4.71500e+02
1364	4.73452e+02	1.36400e+03	3.76951e-02	4.72000e+02
1365	4.73926e+02	1.36500e+03	3.76686e-02	4.72500e+02
1366	4.74421e+02	1.36600e+03	3.76479e-02	4.73000e+02
1367	4.74892e+02	1.36700e+03	3.76341e-02	4.73500e+02
1368	4.75379e+02	1.36800e+03	3.76388e-02	4.74000e+02
1369	4.75861e+02	1.36900e+03	3.76507e-02	4.74500e+02
1370	4.76349e+02	1.37000e+03	3.76673e-02	4.75000e+02
1371	4.76833e+02	1.37100e+03	3.76851e-02	4.75500e+02
1372	4.77311e+02	1.37200e+03	3.77207e-02	4.76000e+02
1373	4.77788e+02	1.37300e+03	3.77284e-02	4.76500e+02
1374	4.78274e+02	1.37400e+03	3.77213e-02	4.77000e+02
1375	4.78771e+02	1.37500e+03	3.77076e-02	4.77500e+02
1376	4.79246e+02	1.37600e+03	3.76583e-02	4.78000e+02
1377	4.79745e+02	1.37700e+03	3.76265e-02	4.78500e+02
1378	4.80235e+02	1.37800e+03	3.76000e-02	4.79000e+02
1379	4.80717e+02	1.37900e+03	3.75753e-02	4.79500e+02
1380	4.81200e+02	1.38000e+03	3.75529e-02	4.80000e+02
1381	4.81692e+02	1.38100e+03	3.75354e-02	4.80500e+02
1382	4.82180e+02	1.38200e+03	3.75199e-02	4.81000e+02
1383	4.82664e+02	1.38300e+03	3.75051e-02	4.81500e+02
1384	4.83136e+02	1.38400e+03	3.75028e-02	4.82000e+02
1385	4.83617e+02	1.38500e+03	3.74925e-02	4.82500e+02
1386	4.84114e+02	1.38600e+03	3.74799e-02	4.83000e+02
1387	4.84599e+02	1.38700e+03	3.74661e-02	4.83500e+02
1388	4.85081e+02	1.38800e+03	3.74429e-02	4.84000e+02
1389	4.85570e+02	1.38900e+03	3.74201e-02	4.84500e+02
1390	4.86059e+02	1.39000e+03	3.73970e-02	4.85000e+02
1391	4.86544e+02	1.39100e+03	3.73741e-02	4.85500e+02
1392	4.87036e+02	1.39200e+03	3.73535e-02	4.86000e+02
1393	4.87520e+02	1.39300e+03	3.73432e-02	4.86500e+02
1394	4.88002e+02	1.39400e+03	3.73404e-02	4.87000e+02
1395	4.88491e+02	1.39500e+03	3.73408e-02	4.87500e+02
1396	4.88969e+02	1.39600e+03	3.73530e-02	4.88000e+02
1397	4.89464e+02	1.39700e+03	3.73485e-02	4.88500e+02
1398	4.89952e+02	1.39800e+03	3.73331e-02	4.89000e+02
1399	4.90442e+02	1.39900e+03	3.73112e-02	4.89500e+02
1400	4.90924e+02	1.40000e+03	3.72692e-02	4.90000e+02
1401	4.91420e+02	1.40100e+03	3.72349e-02	4.90500e+02
1402	4.91907e+02	1.40200e+03	3.72008e-02	4.91000e+02
1403	4.92389e+02	1.40300e+03	3.71648e-02	4.91500e+02
1404	4.92881e+02	1.40400e+03	3.71123e-02	4.92000e+02
1405	4.93384e+02	1.40500e+03	3.70628e-02	4.92500e+02
1406	4.93866e+02	1.40600e+03	3.70108e-02	4.93000e+02
1407	4.94362e+02	1.40700e+03	3.69567e-02	4.93500e+02
1408	4.94843e+02	1.40800e+03	3.69021e-02	4.94000e+02
1409	4.95333e+02	1.40900e+03	3.68587e-02	4.94500e+02
1410	4.95823e+02	1.41000e+03	3.68246e-02	4.95000e+02
1411	4.96316e+02	1.41100e+03	3.67963e-02	4.95500e+02
1412	4.96806e+02	1.41200e+03	3.67936e-02	4.96000e+02
1413	4.97301e+02	1.41300e+03	3.67861e-02	4.96500e+02
1414	4.97767e+02	1.41400e+03	3.67789e-02	4.97000e+02
1415	4.98262e+02	1.41500e+03	3.67720e-02	4.97500e+02
1416	4.98755e+02	1.41600e+03	3.67772e-02	4.98000e+02
1417	4.99240e+02	1.41700e+03	3.67716e-02	4.98500e+02
1418	4.99736e+02	1.41800e+03	3.67623e-02	4.99000e+02
1419	5.00219e+02	1.41900e+03	3.67510e-02	4.99500e+02
1420	5.00707e+02	1.42000e+03	3.67225e-02	5.00000e+02
1421	5.01195e+02	1.42100e+03	3.66940e-02	5.00500e+02
1422	5.01692e+02	1.42200e+03	3.66568e-02	5.01000e+02
1423	5.02166e+02	1.42300e+03	3.66127e-02	5.01500e+02
1424	5.02662e+02	1.42400e+03	3.65453e-02	5.02000e+02
1425	5.03149e+02	1.42500e+03	3.64846e-02	5.02500e+02
1426	5.03632e+02	1.42600e+03	3.64288e-02	5.03000e+02
1427	5.04120e+02	1.42700e+03	3.63772e-02	5.03500e+02
1428	5.04615e+02	1.42800e+03	3.63325e-02	5.04000e+02
1429	5.05092e+02	1.42900e+03	3.63061e-02	5.04500e+02
1430	5.05581e+02	1.43000e+03	3.62924e-02	5.05000e+02
1431	5.06063e+02	1.43100e+03	3.62856e-02	5.05500e+02
1432	5.06567e+02	1.43200e+03	3.63257e-02	5.06000e+02
1433	5.07043e+02	1.43300e+03	3.63458e-02	5.06500e+02
1434	5.07533e+02	1.43400e+03	3.63644e-02	5.07000e+02
1435	5.08018e+02	1.43500e+03	3.63852e-02	5.07500e+02
1436	5.08506e+02	1.43600e+03	3.64131e-02	5.08000e+02
1437	5.08995e+02	1.43700e+03	3.64338e-02	5.08500e+02
1438	5.09489e+02	1.43800e+03	3.64470e-02	5.09000e+02
1439	5.09977e+02	1.43900e+03	3.64537e-02	5.09500e+02
1440	5.10458e+02	1.44000e+03	3.64279e-02	5.10000e+02
1441	5.10965e+02	1.44100e+03	3.63922e-02	5.10500e+02
1442	5.11455e+02	1.44200e+03	3.63455e-02	5.11000e+02
1443	5.11945e+02	1.44300e+03	3.62924e-02	5.11500e+02
1444	5.12429e+02	1.44400e+03	3.61931e-02	5.12000e+02
1445	5.12921e+02	1.44500e+03	3.61175e-02	5.12500e+02
1446	5.13421e+02	1.44600e+03	3.60436e-02	5.13000e+02
1447	5.13905e+02	1.44700e+03	3.59671e-02	5.13500e+02
1448	5.14394e+02	1.44800e+03	3.58790e-02	5.14000e+02
1449	5.14871e+02	1.44900e+03	3.57904e-02	5.14500e+02
1450	5.15370e+02	1.45000e+03	3.57072e-02	5.15000e+02
1451	5.15854e+02	1.45100e+03	3.56303e-02	5.15500e+02
1452	5.16346e+02	1.45200e+03	3.55822e-02	5.16000e+02
1453	5.16847e+02	1.45300e+03	3.55621e-02	5.16500e+02
1454	5.17333e+02	1.45400e+03	3.55673e-02	5.17000e+02
1455	5.17825e+02	1.45500e+03	3.55881e-02	5.17500e+02
1456	5.18306e+02	1.45600e+03	3.57016e-02	5.18000e+02
1457	5.18798e+02	1.45700e+03	3.57777e-02	5.18500e+02
1458	5.19299e+02	1.45800e+03	3.58474e-02	5.19000e+02
1459	5.19781e+02	1.45900e+03	3.59166e-02	5.19500e+02
1460	5.20268e+02	1.46000e+03	3.59834e-02	5.20000e+02
1461	5.20768e+02	1.46100e+03	3.60279e-02	5.20500e+02
1462	5.21260e+02	1.46200e+03	3.60587e-02	5.21000e+02
1463	5.21744e+02	1.46300e+03	3.60819e-02	5.21500e+02
1464	5.22228e+02	1.46400e+03	3.60485e-02	5.22000e+02
1465	5.22719e+02	1.46500e+03	3.60323e-02	5.22500e+02
1466	5.23213e+02	1.46600e+03	3.60135e-02	5.23000e+02
1467	5.23695e+02	1.46700e+03	3.59910e-02	5.23500e+02
1468	5.24178e+02	1.46800e+03	3.59506e-02	5.24000e+02
1469	5.24663e+02	1.46900e+03	3.59199e-02	5.24500e+02
1470	5.25149e+02	1.47000e+03	3.58906e-02	5.25000e+02
1471	5.25640e+02	1.47100e+03	3.58609e-02	5.25500e+02
1472	5.26130e+02	1.47200e+03	3.58298e-02	5.26000e+02
1473	5.26630e+02	1.47300e+03	3.57958e-02	5.26500e+02
1474	5.27126e+02	1.47400e+03	3.57597e-02	5.27000e+02
1475	5.27629e+02	1.47500e+03	3.57228e-02	5.27500e+02
1476	5.28113e+02	1.47600e+03	3.56828e-02	5.28000e+02
1477	5.28607e+02	1.47700e+03	3.56470e-02	5.28500e+02
1478	5.29106e+02	1.47800e+03	3.56135e-02	5.29000e+02
1479	5.29603e+02	1.47900e+03	3.55807e-02	5.29500e+02
1480	5.30099e+02	1.48000e+03	3.55516e-02	5.30000e+02
1481	5.30589e+02	1.48100e+03	3.55204e-02	5.30500e+02
1482	5.31088e+02	1.48200e+03	3.54888e-02	5.31000e+02
1483	5.31583e+02	1.48300e+03	3.54573e-02	5.31500e+02
1484	5.32077e+02	1.48400e+03	3.54269e-02	5.32000e+02
1485	5.32562e+02	1.48500e+03	3.53997e-02	5.32500e+02
1486	5.33053e+02	1.48600e+03	3.53784e-02	5.33000e+02
1487	5.33537e+02	1.48700e+03	3.53619e-02	5.33500e+02
1488	5.34025e+02	1.48800e+03	3.53622e-02	5.34000e+02
1489	5.34530e+02	1.48900e+03	3.53640e-02	5.34500e+02
1490	5.35006e+02	1.49000e+03	3.53675e-02	5.35000e+02
1491	5.35490e+02	1.49100e+03	3.53709e-02	5.35500e+02
1492	5.35977e+02	1.49200e+03	3.53804e-02	5.36000e+02
1493	5.36459e+02	1.49300e+03	3.53740e-02	5.36500e+02
1494	5.36953e+02	1.49400e+03	3.53616e-02	5.37000e+02
1495	5.37436e+02	1.49500e+03	3.53472e-02	5.37500e+02
1496	5.37929e+02	1.49600e+03	3.53103e-02	5.38000e+02
1497	5.38421e+02	1.49700e+03	3.52873e-02	5.38500e+02
1498	5.38908e+02	1.49800e+03	3.52657e-02	5.39000e+02
1499	5.39396e+02	1.49900e+03	3.52423e-02	5.39500e+02
1500	5.39881e+02	1.50000e+03	3.52138e-02	5.40000e+02
1501	5.40375e+02	1.50100e+03	3.51757e-02	5.40500e+02
1502	5.40874e+02	1.50200e+03	3.51317e-02	5.41000e+02
1503	5.41358e+02	1.50300e+03	3.50858e-02	5.41500e+02
1504	5.41846e+02	1.50400e+03	3.50320e-02	5.42000e+02
1505	5.42342e+02	1.50500e+03	3.49975e-02	5.42500e+02
1506	5.42833e+02	1.50600e+03	3.49774e-02	5.43000e+02
1507	5.43326e+02	1.50700e+03	3.49659e-02	5.43500e+02
1508	5.43814e+02	1.50800e+03	3.49904e-02	5.44000e+02
1509	5.44297e+02	1.50900e+03	3.50094e-02	5.44500e+02
1510	5.44780e+02	1.51000e+03	3.50313e-02	5.45000e+02
1511	5.45271e+02	1.51100e+03	3.50552e-02	5.45500e+02
1512	5.45756e+02	1.51200e+03	3.50960e-02	5.46000e+02
1513	5.46246e+02	1.51300e+03	3.51151e-02	5.46500e+02
1514	5.46746e+02	1.51400e+03	3.51206e-02	5.47000e+02
1515	5.47230e+02	1.51500e+03	3.51171e-02	5.47500e+02
1516	5.47715e+02	1.51600e+03	3.50766e-02	5.48000e+02
1517	5.48209e+02	1.51700e+03	3.50443e-02	5.48500e+02
1518	5.48697e+02	1.51800e+03	3.50131e-02	5.49000e+02
1519	5.49191e+02	1.51900e+03	3.49835e-02	5.49500e+02
1520	5.49673e+02	1.52000e+03	3.49422e-02	5.50000e+02
1521	5.50165e+02	1.52100e+03	3.49176e-02	5.50500e+02
1522	5.50656e+02	1.52200e+03	3.48991e-02	5.51000e+02
1523	5.51143e+02	1.52300e+03	3.48826e-02	5.51500e+02
1524	5.51629e+02	1.52400e+03	3.48831e-02	5.52000e+02
1525	5.52131e+02	1.52500e+03	3.48655e-02	5.52500e+02
1526	5.52623e+02	1.52600e+03	3.48381e-02	5.53000e+02
1527	5.53113e+02	1.52700e+03	3.48055e-02	5.53500e+02
1528	5.53597e+02	1.52800e+03	3.47406e-02	5.54000e+02
1529	5.54095e+02	1.52900e+03	3.46745e-02	5.54500e+02
1530	5.54585e+02	1.53000e+03	3.46009e-02	5.55000e+02
1531	5.55082e+02	1.53100e+03	3.45223e-02	5.55500e+02
1532	5.55574e+02	1.53200e+03	3.44168e-02	5.56000e+02
1533	5.56073e+02	1.53300e+03	3.43369e-02	5.56500e+02
1534	5.56559e+02	1.53400e+03	3.42758e-02	5.57000e+02
1535	5.57053e+02	1.53500e+03	3.42278e-02	5.57500e+02
1536	5.57542e+02	1.53600e+03	3.42429e-02	5.58000e+02
1537	5.58034e+02	1.53700e+03	3.42660e-02	5.58500e+02
1538	5.58525e+02	1.53800e+03	3.43043e-02	5.59000e+02
1539	5.59032e+02	1.53900e+03	3.43523e-02	5.59500e+02
1540	5.59516e+02	1.54000e+03	3.44646e-02	5.60000e+02
1541	5.60019e+02	1.54100e+03	3.45271e-02	5.60500e+02
1542	5.60513e+02	1.54200e+03	3.45712e-02	5.61000e+02
1543	5.61020e+02	1.54300e+03	3.46078e-02	5.61500e+02
1544	5.61515e+02	1.54400e+03	3.45966e-02	5.62000e+02
1545	5.62006e+02	1.54500e+03	3.45943e-02	5.62500e+02
1546	5.62503e+02	1.54600e+03	3.45879e-02	5.63000e+02
1547	5.63010e+02	1.54700e+03	3.45773e-02	5.63500e+02
1548	5.63502e+02	1.54800e+03	3.45361e-02	5.64000e+02
1549	5.63989e+02	1.54900e+03	3.45101e-02	5.64500e+02
1550	5.64481e+02	1.55000e+03	3.44858e-02	5.65000e+02
1551	5.64985e+02	1.55100e+03	3.44617e-02	5.65500e+02
1552	5.65491e+02	1.55200e+03	3.44458e-02	5.66000e+02
1553	5.65969e+02	1.55300e+03	3.44309e-02	5.66500e+02
1554	5.66460e+02	1.55400e+03	3.44177e-02	5.67000e+02
1555	5.66957e+02	1.55500e+03	3.44052e-02	5.67500e+02
1556	5.67461e+02	1.55600e+03	3.43944e-02	5.68000e+02
1557	5.67952e+02	1.55700e+03	3.43742e-02	5.68500e+02
1558	5.68445e+02	1.55800e+03	3.43476e-02	5.69000e+02
1559	5.68952e+02	1.55900e+03	3.43182e-02	5.69500e+02
1560	5.69447e+02	1.56000e+03	3.42822e-02	5.70000e+02
1561	5.69951e+02	1.56100e+03	3.42608e-02	5.70500e+02
1562	5.70438e+02	1.56200e+03	3.42506e-02	5.71000e+02
1563	5.70932e+02	1.56300e+03	3.42469e-02	5.71500e+02
1564	5.71431e+02	1.56400e+03	3.42666e-02	5.72000e+02
1565	5.71932e+02	1.56500e+03	3.42785e-02	5.72500e+02
1566	5.72430e+02	1.56600e+03	3.42862e-02	5.73000e+02
1567	5.72941e+02	1.56700e+03	3.42909e-02	5.73500e+02
1568	5.73457e+02	1.56800e+03	3.42948e-02	5.74000e+02
1569	5.73977e+02	1.56900e+03	3.42840e-02	5.74500e+02
1570	5.74486e+02	1.57000e+03	3.42642e-02	5.75000e+02
1571	5.75043e+02	1.57100e+03	3.42406e-02	5.75500e+02
1572	5.75614e+02	1.57200e+03	3.41872e-02	5.76000e+02
1573	5.76122e+02	1.57300e+03	3.41482e-02	5.76500e+02
1574	5.78107e+02	1.57400e+03	3.41136e-02	5.77000e+02
1575	5.80281e+02	1.57500e+03	3.40818e-02	5.77500e+02
1576	5.80632e+02	1.57600e+03	3.40610e-02	5.78000e+02
1577	5.81048e+02	1.57700e+03	3.40459e-02	5.78500e+02
1578	5.81467e+02	1.57800e+03	3.40376e-02	5.79000e+02
1579	5.81912e+02	1.57900e+03	3.40338e-02	5.79500e+02
1580	5.82353e+02	1.58000e+03	3.40525e-02	5.80000e+02
1581	5.82816e+02	1.58100e+03	3.40581e-02	5.80500e+02
1582	5.83274e+02	1.58200e+03	3.40579e-02	5.81000e+02
1583	5.83746e+02	1.58300e+03	3.40548e-02	5.81500e+02
1584	5.84198e+02	1.58400e+03	3.40456e-02	5.82000e+02
1585	5.84674e+02	1.58500e+03	3.40369e-02	5.82500e+02
1586	5.85151e+02	1.58600e+03	3.40304e-02	5.83000e+02
1587	5.85638e+02	1.58700e+03	3.40263e-02	5.83500e+02
1588	5.86100e+02	1.58800e+03	3.40225e-02	5.84000e+02
1589	5.86576e+02	1.58900e+03	3.40257e-02	5.84500e+02
1590	5.87059e+02	1.59000e+03	3.40310e-02	5.85000e+02
1591	5.87530e+02	1.59100e+03	3.40364e-02	5.85500e+02
1592	5.88008e+02	1.59200e+03	3.40529e-02	5.86000e+02
1593	5.88502e+02	1.59300e+03	3.40593e-02	5.86500e+02
1594	5.88982e+02	1.59400e+03	3.40636e-02	5.87000e+02
1595	5.89459e+02	1.59500e+03	3.40678e-02	5.87500e+02
1596	5.89947e+02	1.59600e+03	3.40620e-02	5.88000e+02
1597	5.90422e+02	1.59700e+03	3.40598e-02	5.88500e+02
1598	5.90908e+02	1.59800e+03	3.40562e-02	5.89000e+02
1599	5.91398e+02	1.59900e+03	3.40503e-02	5.89500e+02
1600	5.91884e+02	1.60000e+03	3.40349e-02	5.90000e+02
1601	5.92361e+02	1.60100e+03	3.40165e-02	5.90500e+02
1602	5.92851e+02	1.60200e+03	3.39949e-02	5.91000e+02
1603	5.93341e+02	1.60300e+03	3.39715e-02	5.91500e+02
1604	5.93812e+02	1.60400e+03	3.39350e-02	5.92000e+02
1605	5.94305e+02	1.60500e+03	3.39073e-02	5.92500e+02
1606	5.94781e+02	1.60600e+03	3.38823e-02	5.93000e+02
1607	5.95268e+02	1.60700e+03	3.38581e-02	5.93500e+02
1608	5.95743e+02	1.60800e+03	3.38412e-02	5.94000e+02
1609	5.96222e+02	1.60900e+03	3.38250e-02	5.94500e+02
1610	5.96704e+02	1.61000e+03	3.38130e-02	5.95000e+02
1611	5.97175e+02	1.61100e+03	3.38054e-02	5.95500e+02
1612	5.97641e+02	1.61200e+03	3.38149e-02	5.96000e+02
1613	5.98117e+02	1.61300e+03	3.38229e-02	5.96500e+02
1614	5.98591e+02	1.61400e+03	3.38313e-02	5.97000e+02
1615	5.99085e+02	1.61500e+03	3.38387e-02	5.97500e+02
1616	5.99563e+02	1.61600e+03	3.38430e-02	5.98000e+02
1617	6.00045e+02	1.61700e+03	3.38283e-02	5.98500e+02
1618	6.00538e+02	1.61800e+03	3.38025e-02	5.99000e+02
1619	6.01022e+02	1.61900e+03	3.37717e-02	5.99500e+02
1620	6.01522e+02	1.62000e+03	3.37085e-02	6.00000e+02
1621	6.02001e+02	1.62100e+03	3.36656e-02	6.00500e+02
1622	6.02485e+02	1.62200e+03	3.36292e-02	6.01000e+02
1623	6.02977e+02	1.62300e+03	3.35953e-02	6.01500e+02
1624	6.03466e+02	1.62400e+03	3.35700e-02	6.02000e+02
1625	6.03955e+02	1.62500e+03	3.35453e-02	6.02500e+02
1626	6.04424e+02	1.62600e+03	3.35248e-02	6.03000e+02
1627	6.04919e+02	1.62700e+03	3.35081e-02	6.03500e+02
1628	6.05410e+02	1.62800e+03	3.35103e-02	6.04000e+02
1629	6.05879e+02	1.62900e+03	3.35090e-02	6.04500e+02
1630	6.06359e+02	1.63000e+03	3.35082e-02	6.05000e+02
1631	6.06837e+02	1.63100e+03	3.35077e-02	6.05500e+02
1632	6.07315e+02	1.63200e+03	3.35080e-02	6.06000e+02
1633	6.07800e+02	1.63300e+03	3.34939e-02	6.06500e+02
1634	6.08279e+02	1.63400e+03	3.34717e-02	6.07000e+02
1635	6.08769e+02	1.63500e+03	3.34464e-02	6.07500e+02
1636	6.09260e+02	1.63600e+03	3.34036e-02	6.08000e+02
1637	6.09758e+02	1.63700e+03	3.33766e-02	6.08500e+02
1638	6.10263e+02	1.63800e+03	3.33574e-02	6.09000e+02
1639	6.10743e+02	1.63900e+03	3.33424e-02	6.09500e+02
1640	6.11235e+02	1.64000e+03	3.33408e-02	6.10000e+02
1641	6.11725e+02	1.64100e+03	3.33333e-02	6.10500e+02
1642	6.12218e+02	1.64200e+03	3.33230e-02	6.11000e+02
1643	6.12694e+02	1.64300e+03	3.33113e-02	6.11500e+02
1644	6.13177e+02	1.64400e+03	3.33051e-02	6.12000e+02
1645	6.13663e+02	1.64500e+03	3.32969e-02	6.12500e+02
1646	6.14159e+02	1.64600e+03	3.32906e-02	6.13000e+02
1647	6.14645e+02	1.64700e+03	3.32860e-02	6.13500e+02
1648	6.15138e+02	1.64800e+03	3.32778e-02	6.14000e+02
1649	6.15616e+02	1.64900e+03	3.32694e-02	6.14500e+02
1650	6.16106e+02	1.65000e+03	3.32577e-02	6.15000e+02
1651	6.16596e+02	1.65100e+03	3.32436e-02	6.15500e+02
1652	6.17086e+02	1.65200e+03	3.32335e-02	6.16000e+02
1653	6.17579e+02	1.65300e+03	3.32286e-02	6.16500e+02
1654	6.18067e+02	1.65400e+03	3.32294e-02	6.17000e+02
1655	6.18558e+02	1.65500e+03	3.32343e-02	6.17500e+02
1656	6.19051e+02	1.65600e+03	3.32496e-02	6.18000e+02
1657	6.19532e+02	1.65700e+03	3.32583e-02	6.18500e+02
1658	6.20021e+02	1.65800e+03	3.32622e-02	6.19000e+02
1659	6.20507e+02	1.65900e+03	3.32631e-02	6.19500e+02
1660	6.21005e+02	1.66000e+03	3.32569e-02	6.20000e+02
1661	6.21483e+02	1.66100e+03	3.32460e-02	6.20500e+02
1662	6.21959e+02	1.66200e+03	3.32322e-02	6.21000e+02
1663	6.22453e+02	1.66300e+03	3.32168e-02	6.21500e+02
1664	6.22942e+02	1.66400e+03	3.31829e-02	6.22000e+02
1665	6.23426e+02	1.66500e+03	3.31543e-02	6.22500e+02
1666	6.23908e+02	1.66600e+03	3.31214e-02	6.23000e+02
1667	6.24403e+02	1.66700e+03	3.30853e-02	6.23500e+02
1668	6.24890e+02	1.66800e+03	3.30459e-02	6.24000e+02
1669	6.25380e+02	1.66900e+03	3.30107e-02	6.24500e+02
1670	6.25872e+02	1.67000e+03	3.29818e-02	6.25000e+02
1671	6.26362e+02	1.67100e+03	3.29576e-02	6.25500e+02
1672	6.26872e+02	1.67200e+03	3.29427e-02	6.26000e+02
1673	6.27361e+02	1.67300e+03	3.29316e-02	6.26500e+02
1674	6.27858e+02	1.67400e+03	3.29246e-02	6.27000e+02
1675	6.28344e+02	1.67500e+03	3.29198e-02	6.27500e+02
1676	6.28829e+02	1.67600e+03	3.29342e-02	6.28000e+02
1677	6.29319e+02	1.67700e+03	3.29425e-02	6.28500e+02
1678	6.29820e+02	1.67800e+03	3.29540e-02	6.29000e+02
1679	6.30315e+02	1.67900e+03	3.29685e-02	6.29500e+02
1680	6.30821e+02	1.68000e+03	3.29909e-02	6.30000e+02
1681	6.31309e+02	1.68100e+03	3.30119e-02	6.30500e+02
1682	6.31805e+02	1.68200e+03	3.30312e-02	6.31000e+02
1683	6.32312e+02	1.68300e+03	3.30488e-02	6.31500e+02
1684	6.32816e+02	1.68400e+03	3.30674e-02	6.32000e+02
1685	6.33320e+02	1.68500e+03	3.30796e-02	6.32500e+02
1686	6.33815e+02	1.68600e+03	3.30876e-02	6.33000e+02
1687	6.34298e+02	1.68700e+03	3.30930e-02	6.33500e+02
1688	6.34788e+02	1.68800e+03	3.30823e-02	6.34000e+02
1689	6.35296e+02	1.68900e+03	3.30764e-02	6.34500e+02
1690	6.35799e+02	1.69000e+03	3.30694e-02	6.35000e+02
1691	6.36293e+02	1.69100e+03	3.30604e-02	6.35500e+02
1692	6.36806e+02	1.69200e+03	3.30421e-02	6.36000e+02
1693	6.37288e+02	1.69300e+03	3.30266e-02	6.36500e+02
1694	6.37772e+02	1.69400e+03	3.30130e-02	6.37000e+02
1695	6.38262e+02	1.69500e+03	3.30013e-02	6.37500e+02
1696	6.38771e+02	1.69600e+03	3.29922e-02	6.38000e+02
1697	6.39240e+02	1.69700e+03	3.29867e-02	6.38500e+02
1698	6.39720e+02	1.69800e+03	3.29827e-02	6.39000e+02
1699	6.40206e+02	1.69900e+03	3.29789e-02	6.39500e+02
1700	6.40715e+02	1.70000e+03	3.29781e-02	6.40000e+02
1701	6.41219e+02	1.70100e+03	3.29668e-02	6.40500e+02
1702	6.41701e+02	1.70200e+03	3.29505e-02	6.41000e+02
1703	6.42206e+02	1.70300e+03	3.29327e-02	6.41500e+02
1704	6.42678e+02	1.70400e+03	3.29025e-02	6.42000e+02
1705	6.43164e+02	1.70500e+03	3.28807e-02	6.42500e+02
1706	6.43619e+02	1.70600e+03	3.28612e-02	6.43000e+02
1707	6.44098e+02	1.70700e+03	3.28428e-02	6.43500e+02
1708	6.44606e+02	1.70800e+03	3.28269e-02	6.44000e+02
1709	6.45098e+02	1.70900e+03	3.28074e-02	6.44500e+02
1710	6.45590e+02	1.71000e+03	3.27862e-02	6.45000e+02
1711	6.46083e+02	1.71100e+03	3.27648e-02	6.45500e+02
1712	6.46590e+02	1.71200e+03	3.27454e-02	6.46000e+02
1713	6.47096e+02	1.71300e+03	3.27295e-02	6.46500e+02
1714	6.47602e+02	1.71400e+03	3.27167e-02	6.47000e+02
1715	6.48116e+02	1.71500e+03	3.27061e-02	6.47500e+02
1716	6.48625e+02	1.71600e+03	3.26966e-02	6.48000e+02
1717	6.49144e+02	1.71700e+03	3.26764e-02	6.48500e+02
1718	6.49661e+02	1.71800e+03	3.26465e-02	6.49000e+02
1719	6.50188e+02	1.71900e+03	3.26106e-02	6.49500e+02
1720	6.50704e+02	1.72000e+03	3.25536e-02	6.50000e+02
1721	6.51193e+02	1.72100e+03	3.25073e-02	6.50500e+02
1722	6.51699e+02	1.72200e+03	3.24708e-02	6.51000e+02
1723	6.52198e+02	1.72300e+03	3.24419e-02	6.51500e+02
1724	6.52721e+02	1.72400e+03	3.24427e-02	6.52000e+02
1725	6.53219e+02	1.72500e+03	3.24623e-02	6.52500e+02
1726	6.53725e+02	1.72600e+03	3.24989e-02	6.53000e+02
1727	6.54224e+02	1.72700e+03	3.25464e-02	6.53500e+02
1728	6.54717e+02	1.72800e+03	3.26745e-02	6.54000e+02
1729	6.55197e+02	1.72900e+03	3.27741e-02	6.54500e+02
1730	6.55679e+02	1.73000e+03	3.28724e-02	6.55000e+02
1731	6.56175e+02	1.73100e+03	3.29724e-02	6.55500e+02
1732	6.56674e+02	1.73200e+03	3.30727e-02	6.56000e+02
1733	6.57172e+02	1.73300e+03	3.31485e-02	6.56500e+02
1734	6.57666e+02	1.73400e+03	3.32020e-02	6.57000e+02
1735	6.58160e+02	1.73500e+03	3.32395e-02	6.57500e+02
1736	6.58654e+02	1.73600e+03	3.32045e-02	6.58000e+02
1737	6.59156e+02	1.73700e+03	3.31798e-02	6.58500e+02
1738	6.59647e+02	1.73800e+03	3.31482e-02	6.59000e+02
1739	6.60156e+02	1.73900e+03	3.31104e-02	6.59500e+02
1740	6.60662e+02	1.74000e+03	3.30157e-02	6.60000e+02
1741	6.61155e+02	1.74100e+03	3.29477e-02	6.60500e+02
1742	6.61645e+02	1.74200e+03	3.28833e-02	6.61000e+02
1743	6.62152e+02	1.74300e+03	3.28189e-02	6.61500e+02
1744	6.62651e+02	1.74400e+03	3.27659e-02	6.62000e+02
1745	6.63155e+02	1.74500e+03	3.27187e-02	6.62500e+02
1746	6.63654e+02	1.74600e+03	3.26784e-02	6.63000e+02
1747	6.64150e+02	1.74700e+03	3.26423e-02	6.63500e+02
1748	6.64643e+02	1.74800e+03	3.26334e-02	6.64000e+02
1749	6.65134e+02	1.74900e+03	3.26191e-02	6.64500e+02
1750	6.65632e+02	1.75000e+03	3.26087e-02	6.65000e+02
1751	6.66129e+02	1.75100e+03	3.26021e-02	6.65500e+02
1752	6.66624e+02	1.75200e+03	3.26206e-02	6.66000e+02
1753	6.67124e+02	1.75300e+03	3.26378e-02	6.66500e+02
1754	6.67617e+02	1.75400e+03	3.26607e-02	6.67000e+02
1755	6.68097e+02	1.75500e+03	3.26877e-02	6.67500e+02
1756	6.68588e+02	1.75600e+03	3.27341e-02	6.68000e+02
1757	6.69085e+02	1.75700e+03	3.27675e-02	6.68500e+02
1758	6.69588e+02	1.75800e+03	3.27919e-02	6.69000e+02
1759	6.70080e+02	1.75900e+03	3.28094e-02	6.69500e+02
1760	6.70569e+02	1.76000e+03	3.28040e-02	6.70000e+02
1761	6.71056e+02	1.76100e+03	3.27941e-02	6.70500e+02
1762	6.71546e+02	1.76200e+03	3.27800e-02	6.71000e+02
1763	6.72030e+02	1.76300e+03	3.27648e-02	6.71500e+02
1764	6.72532e+02	1.76400e+03	3.27260e-02	6.72000e+02
1765	6.73024e+02	1.76500e+03	3.27084e-02	6.72500e+02
1766	6.73523e+02	1.76600e+03	3.26970e-02	6.73000e+02
1767	6.74031e+02	1.76700e+03	3.26878e-02	6.73500e+02
1768	6.74525e+02	1.76800e+03	3.27028e-02	6.74000e+02
1769	6.75010e+02	1.76900e+03	3.27099e-02	6.74500e+02
1770	6.75517e+02	1.77000e+03	3.27178e-02	6.75000e+02
1771	6.76019e+02	1.77100e+03	3.27276e-02	6.75500e+02
1772	6.76505e+02	1.77200e+03	3.27450e-02	6.76000e+02
1773	6.76999e+02	1.77300e+03	3.27562e-02	6.76500e+02
1774	6.77492e+02	1.77400e+03	3.27622e-02	6.77000e+02
1775	6.77995e+02	1.77500e+03	3.27634e-02	6.77500e+02
1776	6.78481e+02	1.77600e+03	3.27474e-02	6.78000e+02
1777	6.78972e+02	1.77700e+03	3.27284e-02	6.78500e+02
1778	6.79454e+02	1.77800e+03	3.27072e-02	6.79000e+02
1779	6.79959e+02	1.77900e+03	3.26866e-02	6.79500e+02
1780	6.80440e+02	1.78000e+03	3.26570e-02	6.80000e+02
1781	6.80940e+02	1.78100e+03	3.26447e-02	6.80500e+02
1782	6.81425e+02	1.78200e+03	3.26370e-02	6.81000e+02
1783	6.81919e+02	1.78300e+03	3.26291e-02	6.81500e+02
1784	6.82416e+02	1.78400e+03	3.26271e-02	6.82000e+02
1785	6.82900e+02	1.78500e+03	3.26019e-02	6.82500e+02
1786	6.83392e+02	1.78600e+03	3.25647e-02	6.83000e+02
1787	6.83888e+02	1.78700e+03	3.25234e-02	6.83500e+02
1788	6.84385e+02	1.78800e+03	3.24597e-02	6.84000e+02
1789	6.84873e+02	1.78900e+03	3.24247e-02	6.84500e+02
1790	6.85352e+02	1.79000e+03	3.24070e-02	6.85000e+02
1791	6.85861e+02	1.79100e+03	3.23987e-02	6.85500e+02
1792	6.86326e+02	1.79200e+03	3.24447e-02	6.86000e+02
1793	6.86805e+02	1.79300e+03	3.24854e-02	6.86500e+02
1794	6.87294e+02	1.79400e+03	3.25335e-02	6.87000e+02
1795	6.87481e+02	1.79500e+03	3.25901e-02	6.87500e+02
1796	6.87648e+02	1.79600e+03	3.26980e-02	6.88000e+02
1797	6.87945e+02	1.79700e+03	3.27829e-02	6.88500e+02
1798	6.88288e+02	1.79800e+03	3.28621e-02	6.89000e+02
1799	6.88627e+02	1.79900e+03	3.29385e-02	6.89500e+02
1800	6.88961e+02	1.80000e+03	3.29983e-02	6.90000e+02
1801	6.89279e+02	1.80100e+03	3.30376e-02	6.90500e+02
1802	6.89601e+02	1.80200e+03	3.30537e-02	6.91000e+02
1803	6.89922e+02	1.80300e+03	3.30551e-02	6.91500e+02
1804	6.90238e+02	1.80400e+03	3.29999e-02	6.92000e+02
1805	6.90524e+02	1.80500e+03	3.29649e-02	6.92500e+02
1806	6.90802e+02	1.80600e+03	3.29318e-02	6.93000e+02
1807	6.91079e+02	1.80700e+03	3.28984e-02	6.93500e+02
1808	6.91350e+02	1.80800e+03	3.28527e-02	6.94000e+02
1809	6.91616e+02	1.80900e+03	3.28226e-02	6.94500e+02
1810	6.91863e+02	1.81000e+03	3.27994e-02	6.95000e+02
1811	6.92101e+02	1.81100e+03	3.27799e-02	6.95500e+02
1812	6.92339e+02	1.81200e+03	3.27887e-02	6.96000e+02
1813	6.92569e+02	1.81300e+03	3.27920e-02	6.96500e+02
1814	6.92798e+02	1.81400e+03	3.27987e-02	6.97000e+02
1815	6.93030e+02	1.81500e+03	3.28084e-02	6.97500e+02
1816	6.93236e+02	1.81600e+03	3.28280e-02	6.98000e+02
1817	6.93432e+02	1.81700e+03	3.28365e-02	6.98500e+02
1818	6.93617e+02	1.81800e+03	3.28388e-02	6.99000e+02
1819	6.93816e+02	1.81900e+03	3.28380e-02	6.99500e+02
1820	6.93998e+02	1.82000e+03	3.28272e-02	7.00000e+02
