Index	Ts	t	Weight	Tr
[#]	[°C]	[s]	[mg]	[°C]
680	1.30283e+02	6.80000e+02	2.99793	130.0
681	1.30796e+02	6.81000e+02	2.9979	130.5
682	1.31302e+02	6.82000e+02	2.99786	131.0
683	1.31804e+02	6.83000e+02	2.99782	131.5
684	1.32303e+02	6.84000e+02	2.99776	132.0
685	1.32813e+02	6.85000e+02	2.99771	132.5
686	1.33311e+02	6.86000e+02	2.99766	133.0
687	1.33815e+02	6.87000e+02	2.99761	133.5
688	1.34332e+02	6.88000e+02	2.99755	134.0
689	1.34844e+02	6.89000e+02	2.9975	134.5
690	1.35353e+02	6.90000e+02	2.99744	135.0
691	1.35878e+02	6.91000e+02	2.99738	135.5
692	1.36380e+02	6.92000e+02	2.99731	136.0
693	1.36897e+02	6.93000e+02	2.99726	136.5
694	1.37409e+02	6.94000e+02	2.99721	137.0
695	1.37926e+02	6.95000e+02	2.99716	137.5
696	1.38429e+02	6.96000e+02	2.99713	138.0
697	1.38939e+02	6.97000e+02	2.99709	138.5
698	1.39444e+02	6.98000e+02	2.99705	139.0
699	1.39962e+02	6.99000e+02	2.99701	139.5
700	1.40459e+02	7.00000e+02	2.99697	140.0
701	1.40967e+02	7.01000e+02	2.99692	140.5
702	1.41486e+02	7.02000e+02	2.99685	141.0
703	1.41984e+02	7.03000e+02	2.99678	141.5
704	1.42505e+02	7.04000e+02	2.99665	142.0
705	1.43007e+02	7.05000e+02	2.99653	142.5
706	1.43507e+02	7.06000e+02	2.99638	143.0
707	1.44008e+02	7.07000e+02	2.99622	143.5
708	1.44535e+02	7.08000e+02	2.99599	144.0
709	1.45031e+02	7.09000e+02	2.99581	144.5
710	1.45533e+02	7.10000e+02	2.99564	145.0
711	1.46043e+02	7.11000e+02	2.99548	145.5
712	1.46549e+02	7.12000e+02	2.99535	146.0
713	1.47051e+02	7.13000e+02	2.99523	146.5
714	1.47559e+02	7.14000e+02	2.99513	147.0
715	1.48080e+02	7.15000e+02	2.99503	147.5
716	1.48564e+02	7.16000e+02	2.99499	148.0
717	1.49083e+02	7.17000e+02	2.99491	148.5
718	1.49587e+02	7.18000e+02	2.99483	149.0
719	1.50102e+02	7.19000e+02	2.99475	149.5
720	1.50601e+02	7.20000e+02	2.99464	150.0
721	1.51109e+02	7.21000e+02	2.99452	150.5
722	1.51611e+02	7.22000e+02	2.99438	151.0
723	1.52116e+02	7.23000e+02	2.99422	151.5
724	1.52637e+02	7.24000e+02	2.994	152.0
725	1.53154e+02	7.25000e+02	2.99378	152.5
726	1.53649e+02	7.26000e+02	2.99355	153.0
727	1.54161e+02	7.27000e+02	2.99332	153.5
728	1.54666e+02	7.28000e+02	2.99303	154.0
729	1.55169e+02	7.29000e+02	2.99277	154.5
730	1.55669e+02	7.30000e+02	2.99251	155.0
731	1.56190e+02	7.31000e+02	2.99226	155.5
732	1.56686e+02	7.32000e+02	2.99203	156.0
733	1.57195e+02	7.33000e+02	2.9918	156.5
734	1.57711e+02	7.34000e+02	2.99157	157.0
735	1.58213e+02	7.35000e+02	2.99136	157.5
736	1.58714e+02	7.36000e+02	2.99116	158.0
737	1.59230e+02	7.37000e+02	2.99097	158.5
738	1.59749e+02	7.38000e+02	2.99077	159.0
739	1.60252e+02	7.39000e+02	2.99057	159.5
740	1.60765e+02	7.40000e+02	2.99039	160.0
741	1.61267e+02	7.41000e+02	2.99019	160.5
742	1.61769e+02	7.42000e+02	2.98999	161.0
743	1.62277e+02	7.43000e+02	2.98978	161.5
744	1.62793e+02	7.44000e+02	2.98956	162.0
745	1.63310e+02	7.45000e+02	2.98934	162.5
746	1.63818e+02	7.46000e+02	2.98912	163.0
747	1.64317e+02	7.47000e+02	2.98889	163.5
748	1.64831e+02	7.48000e+02	2.98864	164.0
749	1.65332e+02	7.49000e+02	2.9884	164.5
750	1.65840e+02	7.50000e+02	2.98816	165.0
751	1.66362e+02	7.51000e+02	2.98791	165.5
752	1.66862e+02	7.52000e+02	2.98766	166.0
753	1.67373e+02	7.53000e+02	2.98742	166.5
754	1.67892e+02	7.54000e+02	2.98719	167.0
755	1.68391e+02	7.55000e+02	2.98695	167.5
756	1.68918e+02	7.56000e+02	2.98671	168.0
757	1.69413e+02	7.57000e+02	2.98646	168.5
758	1.69931e+02	7.58000e+02	2.98622	169.0
759	1.70434e+02	7.59000e+02	2.98597	169.5
760	1.70952e+02	7.60000e+02	2.98572	170.0
761	1.71453e+02	7.61000e+02	2.98547	170.5
762	1.71960e+02	7.62000e+02	2.98522	171.0
763	1.72471e+02	7.63000e+02	2.98496	171.5
764	1.72978e+02	7.64000e+02	2.9847	172.0
765	1.73489e+02	7.65000e+02	2.98443	172.5
766	1.73998e+02	7.66000e+02	2.98414	173.0
767	1.74504e+02	7.67000e+02	2.98386	173.5
768	1.75004e+02	7.68000e+02	2.98354	174.0
769	1.75512e+02	7.69000e+02	2.98323	174.5
770	1.76019e+02	7.70000e+02	2.98291	175.0
771	1.76532e+02	7.71000e+02	2.98259	175.5
772	1.77046e+02	7.72000e+02	2.98225	176.0
773	1.77559e+02	7.73000e+02	2.98192	176.5
774	1.78056e+02	7.74000e+02	2.98157	177.0
775	1.78585e+02	7.75000e+02	2.98123	177.5
776	1.79082e+02	7.76000e+02	2.98087	178.0
777	1.79598e+02	7.77000e+02	2.98051	178.5
778	1.80113e+02	7.78000e+02	2.98016	179.0
779	1.80621e+02	7.79000e+02	2.9798	179.5
780	1.81127e+02	7.80000e+02	2.97943	180.0
781	1.81639e+02	7.81000e+02	2.97906	180.5
782	1.82145e+02	7.82000e+02	2.97868	181.0
783	1.82654e+02	7.83000e+02	2.9783	181.5
784	1.83163e+02	7.84000e+02	2.9779	182.0
785	1.83664e+02	7.85000e+02	2.97751	182.5
786	1.84187e+02	7.86000e+02	2.97711	183.0
787	1.84683e+02	7.87000e+02	2.9767	183.5
788	1.85198e+02	7.88000e+02	2.97627	184.0
789	1.85713e+02	7.89000e+02	2.97583	184.5
790	1.86215e+02	7.90000e+02	2.97538	185.0
791	1.86735e+02	7.91000e+02	2.97491	185.5
792	1.87237e+02	7.92000e+02	2.9744	186.0
793	1.87743e+02	7.93000e+02	2.97389	186.5
794	1.88269e+02	7.94000e+02	2.97337	187.0
795	1.88776e+02	7.95000e+02	2.97284	187.5
796	1.89288e+02	7.96000e+02	2.97226	188.0
797	1.89806e+02	7.97000e+02	2.97168	188.5
798	1.90304e+02	7.98000e+02	2.97107	189.0
799	1.90811e+02	7.99000e+02	2.97046	189.5
800	1.91321e+02	8.00000e+02	2.96977	190.0
801	1.91831e+02	8.01000e+02	2.96908	190.5
802	1.92353e+02	8.02000e+02	2.96838	191.0
803	1.92856e+02	8.03000e+02	2.96767	191.5
804	1.93370e+02	8.04000e+02	2.96689	192.0
805	1.93885e+02	8.05000e+02	2.96613	192.5
806	1.94380e+02	8.06000e+02	2.96535	193.0
807	1.94895e+02	8.07000e+02	2.96457	193.5
808	1.95408e+02	8.08000e+02	2.96373	194.0
809	1.95927e+02	8.09000e+02	2.96291	194.5
810	1.96424e+02	8.10000e+02	2.96207	195.0
811	1.96944e+02	8.11000e+02	2.96123	195.5
812	1.97454e+02	8.12000e+02	2.96035	196.0
813	1.97975e+02	8.13000e+02	2.95947	196.5
814	1.98472e+02	8.14000e+02	2.95858	197.0
815	1.98990e+02	8.15000e+02	2.95769	197.5
816	1.99494e+02	8.16000e+02	2.95676	198.0
817	2.00003e+02	8.17000e+02	2.95583	198.5
818	2.00505e+02	8.18000e+02	2.95491	199.0
819	2.01030e+02	8.19000e+02	2.95399	199.5
820	2.01532e+02	8.20000e+02	2.95307	200.0
821	2.02042e+02	8.21000e+02	2.95216	200.5
822	2.02546e+02	8.22000e+02	2.95126	201.0
823	2.03065e+02	8.23000e+02	2.95036	201.5
824	2.03566e+02	8.24000e+02	2.9495	202.0
825	2.04083e+02	8.25000e+02	2.94865	202.5
826	2.04592e+02	8.26000e+02	2.9478	203.0
827	2.05096e+02	8.27000e+02	2.94697	203.5
828	2.05614e+02	8.28000e+02	2.94619	204.0
829	2.06121e+02	8.29000e+02	2.94542	204.5
830	2.06628e+02	8.30000e+02	2.94465	205.0
831	2.07143e+02	8.31000e+02	2.94389	205.5
832	2.07652e+02	8.32000e+02	2.9432	206.0
833	2.08161e+02	8.33000e+02	2.94249	206.5
834	2.08683e+02	8.34000e+02	2.94179	207.0
835	2.09183e+02	8.35000e+02	2.9411	207.5
836	2.09691e+02	8.36000e+02	2.94047	208.0
837	2.10208e+02	8.37000e+02	2.93984	208.5
838	2.10716e+02	8.38000e+02	2.93924	209.0
839	2.11233e+02	8.39000e+02	2.93865	209.5
840	2.11745e+02	8.40000e+02	2.93815	210.0
841	2.12252e+02	8.41000e+02	2.93764	210.5
842	2.12767e+02	8.42000e+02	2.93715	211.0
843	2.13286e+02	8.43000e+02	2.93667	211.5
844	2.13799e+02	8.44000e+02	2.93628	212.0
845	2.14313e+02	8.45000e+02	2.93587	212.5
846	2.14825e+02	8.46000e+02	2.93548	213.0
847	2.15331e+02	8.47000e+02	2.9351	213.5
848	2.15842e+02	8.48000e+02	2.93477	214.0
849	2.16359e+02	8.49000e+02	2.93441	214.5
850	2.16881e+02	8.50000e+02	2.93406	215.0
851	2.17382e+02	8.51000e+02	2.93371	215.5
852	2.17876e+02	8.52000e+02	2.93337	216.0
853	2.18385e+02	8.53000e+02	2.93305	216.5
854	2.18905e+02	8.54000e+02	2.93273	217.0
855	2.19424e+02	8.55000e+02	2.93242	217.5
856	2.19927e+02	8.56000e+02	2.93214	218.0
857	2.20433e+02	8.57000e+02	2.93185	218.5
858	2.20960e+02	8.58000e+02	2.93156	219.0
859	2.21463e+02	8.59000e+02	2.93127	219.5
860	2.21980e+02	8.60000e+02	2.931	220.0
861	2.22490e+02	8.61000e+02	2.93073	220.5
862	2.22995e+02	8.62000e+02	2.93047	221.0
863	2.23510e+02	8.63000e+02	2.9302	221.5
864	2.24022e+02	8.64000e+02	2.92996	222.0
865	2.24543e+02	8.65000e+02	2.9297	222.5
866	2.25063e+02	8.66000e+02	2.92944	223.0
867	2.25564e+02	8.67000e+02	2.92918	223.5
868	2.26074e+02	8.68000e+02	2.92891	224.0
869	2.26588e+02	8.69000e+02	2.92864	224.5
870	2.27094e+02	8.70000e+02	2.92838	225.0
871	2.27606e+02	8.71000e+02	2.92812	225.5
872	2.28139e+02	8.72000e+02	2.92785	226.0
873	2.28641e+02	8.73000e+02	2.92758	226.5
874	2.29166e+02	8.74000e+02	2.92731	227.0
875	2.29681e+02	8.75000e+02	2.92704	227.5
876	2.30194e+02	8.76000e+02	2.92677	228.0
877	2.30709e+02	8.77000e+02	2.92649	228.5
878	2.31222e+02	8.78000e+02	2.92621	229.0
879	2.31743e+02	8.79000e+02	2.92593	229.5
880	2.32263e+02	8.80000e+02	2.92563	230.0
881	2.32802e+02	8.81000e+02	2.92533	230.5
882	2.33350e+02	8.82000e+02	2.92502	231.0
883	2.33854e+02	8.83000e+02	2.9247	231.5
884	2.34378e+02	8.84000e+02	2.92436	232.0
885	2.34881e+02	8.85000e+02	2.92404	232.5
886	2.35382e+02	8.86000e+02	2.92371	233.0
887	2.35901e+02	8.87000e+02	2.92338	233.5
888	2.36405e+02	8.88000e+02	2.92305	234.0
889	2.36913e+02	8.89000e+02	2.92272	234.5
890	2.37421e+02	8.90000e+02	2.92238	235.0
891	2.37936e+02	8.91000e+02	2.92204	235.5
892	2.38448e+02	8.92000e+02	2.9217	236.0
893	2.38973e+02	8.93000e+02	2.92136	236.5
894	2.39471e+02	8.94000e+02	2.92102	237.0
895	2.39983e+02	8.95000e+02	2.92069	237.5
896	2.40507e+02	8.96000e+02	2.92037	238.0
897	2.41044e+02	8.97000e+02	2.92005	238.5
898	2.41575e+02	8.98000e+02	2.91973	239.0
899	2.42086e+02	8.99000e+02	2.9194	239.5
900	2.42606e+02	9.00000e+02	2.91908	240.0
901	2.43114e+02	9.01000e+02	2.91875	240.5
902	2.43640e+02	9.02000e+02	2.91842	241.0
903	2.44158e+02	9.03000e+02	2.91808	241.5
904	2.44683e+02	9.04000e+02	2.91774	242.0
905	2.45210e+02	9.05000e+02	2.9174	242.5
906	2.45704e+02	9.06000e+02	2.91707	243.0
907	2.46209e+02	9.07000e+02	2.91673	243.5
908	2.46727e+02	9.08000e+02	2.9164	244.0
909	2.47238e+02	9.09000e+02	2.91606	244.5
910	2.47775e+02	9.10000e+02	2.91572	245.0
911	2.48299e+02	9.11000e+02	2.91538	245.5
912	2.48825e+02	9.12000e+02	2.91502	246.0
913	2.49331e+02	9.13000e+02	2.91468	246.5
914	2.49846e+02	9.14000e+02	2.91433	247.0
915	2.50351e+02	9.15000e+02	2.91399	247.5
916	2.50863e+02	9.16000e+02	2.91366	248.0
917	2.51372e+02	9.17000e+02	2.91333	248.5
918	2.51872e+02	9.18000e+02	2.913	249.0
919	2.52388e+02	9.19000e+02	2.91269	249.5
920	2.52898e+02	9.20000e+02	2.91238	250.0
921	2.53412e+02	9.21000e+02	2.91208	250.5
922	2.53909e+02	9.22000e+02	2.91177	251.0
923	2.54410e+02	9.23000e+02	2.91146	251.5
924	2.54910e+02	9.24000e+02	2.91115	252.0
925	2.55408e+02	9.25000e+02	2.91083	252.5
926	2.55918e+02	9.26000e+02	2.91051	253.0
927	2.56415e+02	9.27000e+02	2.91018	253.5
928	2.56906e+02	9.28000e+02	2.90985	254.0
929	2.57411e+02	9.29000e+02	2.90954	254.5
930	2.57917e+02	9.30000e+02	2.90923	255.0
931	2.58428e+02	9.31000e+02	2.90892	255.5
932	2.58939e+02	9.32000e+02	2.90864	256.0
933	2.59439e+02	9.33000e+02	2.90835	256.5
934	2.59949e+02	9.34000e+02	2.90806	257.0
935	2.60463e+02	9.35000e+02	2.90777	257.5
936	2.60966e+02	9.36000e+02	2.90749	258.0
937	2.61472e+02	9.37000e+02	2.9072	258.5
938	2.61981e+02	9.38000e+02	2.90692	259.0
939	2.62486e+02	9.39000e+02	2.90664	259.5
940	2.62988e+02	9.40000e+02	2.90637	260.0
941	2.63511e+02	9.41000e+02	2.90608	260.5
942	2.64009e+02	9.42000e+02	2.90579	261.0
943	2.64525e+02	9.43000e+02	2.90551	261.5
944	2.65032e+02	9.44000e+02	2.90521	262.0
945	2.65535e+02	9.45000e+02	2.90491	262.5
946	2.66038e+02	9.46000e+02	2.90462	263.0
947	2.66546e+02	9.47000e+02	2.90433	263.5
948	2.67064e+02	9.48000e+02	2.90403	264.0
949	2.67565e+02	9.49000e+02	2.90373	264.5
950	2.68069e+02	9.50000e+02	2.90342	265.0
951	2.68568e+02	9.51000e+02	2.90311	265.5
952	2.69094e+02	9.52000e+02	2.90279	266.0
953	2.69595e+02	9.53000e+02	2.90247	266.5
954	2.70094e+02	9.54000e+02	2.90214	267.0
955	2.70612e+02	9.55000e+02	2.90182	267.5
956	2.71107e+02	9.56000e+02	2.90148	268.0
957	2.71610e+02	9.57000e+02	2.90114	268.5
958	2.72115e+02	9.58000e+02	2.90079	269.0
959	2.72616e+02	9.59000e+02	2.90044	269.5
960	2.73129e+02	9.60000e+02	2.90008	270.0
961	2.73652e+02	9.61000e+02	2.89973	270.5
962	2.74142e+02	9.62000e+02	2.89937	271.0
963	2.74660e+02	9.63000e+02	2.89902	271.5
964	2.75164e+02	9.64000e+02	2.89866	272.0
965	2.75670e+02	9.65000e+02	2.8983	272.5
966	2.76175e+02	9.66000e+02	2.89794	273.0
967	2.76683e+02	9.67000e+02	2.89758	273.5
968	2.77181e+02	9.68000e+02	2.89721	274.0
969	2.77699e+02	9.69000e+02	2.89684	274.5
970	2.78195e+02	9.70000e+02	2.89647	275.0
971	2.78714e+02	9.71000e+02	2.89609	275.5
972	2.79219e+02	9.72000e+02	2.89568	276.0
973	2.79730e+02	9.73000e+02	2.89527	276.5
974	2.80235e+02	9.74000e+02	2.89485	277.0
975	2.80735e+02	9.75000e+02	2.89441	277.5
976	2.81244e+02	9.76000e+02	2.89394	278.0
977	2.81745e+02	9.77000e+02	2.89347	278.5
978	2.82262e+02	9.78000e+02	2.89299	279.0
979	2.82764e+02	9.79000e+02	2.89251	279.5
980	2.83273e+02	9.80000e+02	2.89198	280.0
981	2.83779e+02	9.81000e+02	2.89147	280.5
982	2.84304e+02	9.82000e+02	2.89094	281.0
983	2.84803e+02	9.83000e+02	2.8904	281.5
984	2.85313e+02	9.84000e+02	2.88982	282.0
985	2.85816e+02	9.85000e+02	2.88923	282.5
986	2.86325e+02	9.86000e+02	2.88863	283.0
987	2.86842e+02	9.87000e+02	2.88801	283.5
988	2.87339e+02	9.88000e+02	2.88731	284.0
989	2.87852e+02	9.89000e+02	2.88662	284.5
990	2.88351e+02	9.90000e+02	2.88591	285.0
991	2.88845e+02	9.91000e+02	2.88518	285.5
992	2.89345e+02	9.92000e+02	2.88436	286.0
993	2.89844e+02	9.93000e+02	2.88355	286.5
994	2.90339e+02	9.94000e+02	2.88273	287.0
995	2.90835e+02	9.95000e+02	2.8819	287.5
996	2.91340e+02	9.96000e+02	2.88097	288.0
997	2.91845e+02	9.97000e+02	2.88006	288.5
998	2.92343e+02	9.98000e+02	2.87911	289.0
999	2.92863e+02	9.99000e+02	2.87815	289.5
1000	2.93366e+02	1.00000e+03	2.87709	290.0
1001	2.93864e+02	1.00100e+03	2.87605	290.5
1002	2.94371e+02	1.00200e+03	2.87499	291.0
1003	2.94873e+02	1.00300e+03	2.87392	291.5
1004	2.95380e+02	1.00400e+03	2.87276	292.0
1005	2.95896e+02	1.00500e+03	2.87161	292.5
1006	2.96413e+02	1.00600e+03	2.87044	293.0
1007	2.96928e+02	1.00700e+03	2.86925	293.5
1008	2.97429e+02	1.00800e+03	2.86796	294.0
1009	2.97943e+02	1.00900e+03	2.86667	294.5
1010	2.98446e+02	1.01000e+03	2.86535	295.0
1011	2.98949e+02	1.01100e+03	2.864	295.5
1012	2.99474e+02	1.01200e+03	2.8625	296.0
1013	2.99995e+02	1.01300e+03	2.86103	296.5
1014	3.00511e+02	1.01400e+03	2.85954	297.0
1015	3.01009e+02	1.01500e+03	2.85802	297.5
1016	3.01512e+02	1.01600e+03	2.85637	298.0
1017	3.02017e+02	1.01700e+03	2.85474	298.5
1018	3.02530e+02	1.01800e+03	2.85308	299.0
1019	3.03022e+02	1.01900e+03	2.8514	299.5
1020	3.03524e+02	1.02000e+03	2.84959	300.0
1021	3.04021e+02	1.02100e+03	2.84781	300.5
1022	3.04534e+02	1.02200e+03	2.846	301.0
1023	3.05032e+02	1.02300e+03	2.84417	301.5
1024	3.05523e+02	1.02400e+03	2.84221	302.0
1025	3.06037e+02	1.02500e+03	2.84027	302.5
1026	3.06519e+02	1.02600e+03	2.83831	303.0
1027	3.07049e+02	1.02700e+03	2.83632	303.5
1028	3.07556e+02	1.02800e+03	2.83422	304.0
1029	3.08057e+02	1.02900e+03	2.83214	304.5
1030	3.08569e+02	1.03000e+03	2.83004	305.0
1031	3.09088e+02	1.03100e+03	2.82792	305.5
1032	3.09606e+02	1.03200e+03	2.82568	306.0
1033	3.10228e+02	1.03300e+03	2.82345	306.5
1034	3.10706e+02	1.03400e+03	2.82118	307.0
1035	3.11187e+02	1.03500e+03	2.81889	307.5
1036	3.11690e+02	1.03600e+03	2.81647	308.0
1037	3.12175e+02	1.03700e+03	2.81409	308.5
1038	3.12679e+02	1.03800e+03	2.81168	309.0
1039	3.13183e+02	1.03900e+03	2.80927	309.5
1040	3.13683e+02	1.04000e+03	2.80676	310.0
1041	3.14193e+02	1.04100e+03	2.80427	310.5
1042	3.14680e+02	1.04200e+03	2.80177	311.0
1043	3.15179e+02	1.04300e+03	2.79926	311.5
1044	3.15667e+02	1.04400e+03	2.79668	312.0
1045	3.16185e+02	1.04500e+03	2.79412	312.5
1046	3.16697e+02	1.04600e+03	2.79156	313.0
1047	3.17205e+02	1.04700e+03	2.78899	313.5
1048	3.17701e+02	1.04800e+03	2.78639	314.0
1049	3.18204e+02	1.04900e+03	2.78379	314.5
1050	3.18701e+02	1.05000e+03	2.78118	315.0
1051	3.19202e+02	1.05100e+03	2.77857	315.5
1052	3.19722e+02	1.05200e+03	2.77593	316.0
1053	3.20286e+02	1.05300e+03	2.77329	316.5
1054	3.20761e+02	1.05400e+03	2.77065	317.0
1055	3.21243e+02	1.05500e+03	2.76801	317.5
1056	3.21730e+02	1.05600e+03	2.76533	318.0
1057	3.22201e+02	1.05700e+03	2.76266	318.5
1058	3.22692e+02	1.05800e+03	2.75998	319.0
1059	3.23192e+02	1.05900e+03	2.75729	319.5
1060	3.23682e+02	1.06000e+03	2.75456	320.0
1061	3.24170e+02	1.06100e+03	2.75183	320.5
1062	3.24658e+02	1.06200e+03	2.74909	321.0
1063	3.25142e+02	1.06300e+03	2.74634	321.5
1064	3.25620e+02	1.06400e+03	2.74352	322.0
1065	3.26089e+02	1.06500e+03	2.7407	322.5
1066	3.26589e+02	1.06600e+03	2.73785	323.0
1067	3.27073e+02	1.06700e+03	2.73497	323.5
1068	3.27562e+02	1.06800e+03	2.73198	324.0
1069	3.28050e+02	1.06900e+03	2.729	324.5
1070	3.28525e+02	1.07000e+03	2.72598	325.0
1071	3.29010e+02	1.07100e+03	2.72294	325.5
1072	3.29503e+02	1.07200e+03	2.71974	326.0
1073	3.29998e+02	1.07300e+03	2.71655	326.5
1074	3.30481e+02	1.07400e+03	2.71332	327.0
1075	3.30975e+02	1.07500e+03	2.71005	327.5
1076	3.31469e+02	1.07600e+03	2.70659	328.0
1077	3.31973e+02	1.07700e+03	2.70314	328.5
1078	3.32481e+02	1.07800e+03	2.69964	329.0
1079	3.33010e+02	1.07900e+03	2.69609	329.5
1080	3.33491e+02	1.08000e+03	2.69229	330.0
1081	3.33981e+02	1.08100e+03	2.68852	330.5
1082	3.34462e+02	1.08200e+03	2.68468	331.0
1083	3.34959e+02	1.08300e+03	2.68077	331.5
1084	3.35500e+02	1.08400e+03	2.67656	332.0
1085	3.36012e+02	1.08500e+03	2.67236	332.5
1086	3.36487e+02	1.08600e+03	2.66807	333.0
1087	3.36974e+02	1.08700e+03	2.66371	333.5
1088	3.37457e+02	1.08800e+03	2.65896	334.0
1089	3.37960e+02	1.08900e+03	2.65426	334.5
1090	3.38452e+02	1.09000e+03	2.64948	335.0
1091	3.38946e+02	1.09100e+03	2.64462	335.5
1092	3.39432e+02	1.09200e+03	2.63936	336.0
1093	3.39921e+02	1.09300e+03	2.63414	336.5
1094	3.40416e+02	1.09400e+03	2.62884	337.0
1095	3.40913e+02	1.09500e+03	2.62344	337.5
1096	3.41406e+02	1.09600e+03	2.61761	338.0
1097	3.41898e+02	1.09700e+03	2.61183	338.5
1098	3.42410e+02	1.09800e+03	2.60594	339.0
1099	3.42922e+02	1.09900e+03	2.59994	339.5
1100	3.43429e+02	1.10000e+03	2.59345	340.0
1101	3.43939e+02	1.10100e+03	2.58699	340.5
1102	3.44450e+02	1.10200e+03	2.58039	341.0
1103	3.44953e+02	1.10300e+03	2.57368	341.5
1104	3.45459e+02	1.10400e+03	2.56638	342.0
1105	3.46035e+02	1.10500e+03	2.55915	342.5
1106	3.46552e+02	1.10600e+03	2.55179	343.0
1107	3.47089e+02	1.10700e+03	2.5443	343.5
1108	3.47631e+02	1.10800e+03	2.53618	344.0
1109	3.48215e+02	1.10900e+03	2.52813	344.5
1110	3.48776e+02	1.11000e+03	2.51993	345.0
1111	3.49297e+02	1.11100e+03	2.51158	345.5
1112	3.49852e+02	1.11200e+03	2.50255	346.0
1113	3.50358e+02	1.11300e+03	2.49361	346.5
1114	3.50847e+02	1.11400e+03	2.48451	347.0
1115	3.51324e+02	1.11500e+03	2.47527	347.5
1116	3.51820e+02	1.11600e+03	2.4653	348.0
1117	3.52333e+02	1.11700e+03	2.45542	348.5
1118	3.52838e+02	1.11800e+03	2.44538	349.0
1119	3.53375e+02	1.11900e+03	2.43518	349.5
1120	3.53893e+02	1.12000e+03	2.42422	350.0
1121	3.54400e+02	1.12100e+03	2.41336	350.5
1122	3.54906e+02	1.12200e+03	2.40233	351.0
1123	3.55381e+02	1.12300e+03	2.39114	351.5
1124	3.55949e+02	1.12400e+03	2.37916	352.0
1125	3.56502e+02	1.12500e+03	2.36727	352.5
1126	3.57032e+02	1.12600e+03	2.3552	353.0
1127	3.57560e+02	1.12700e+03	2.34296	353.5
1128	3.58072e+02	1.12800e+03	2.32988	354.0
1129	3.58616e+02	1.12900e+03	2.31689	354.5
1130	3.59179e+02	1.13000e+03	2.30373	355.0
1131	3.59771e+02	1.13100e+03	2.2904	355.5
1132	3.60323e+02	1.13200e+03	2.2762	356.0
1133	3.60863e+02	1.13300e+03	2.26212	356.5
1134	3.61342e+02	1.13400e+03	2.24787	357.0
1135	3.61820e+02	1.13500e+03	2.23345	357.5
1136	3.62287e+02	1.13600e+03	2.21818	358.0
1137	3.62771e+02	1.13700e+03	2.20303	358.5
1138	3.63218e+02	1.13800e+03	2.18772	359.0
1139	3.63687e+02	1.13900e+03	2.17225	359.5
1140	3.64179e+02	1.14000e+03	2.15598	360.0
1141	3.64679e+02	1.14100e+03	2.13983	360.5
1142	3.65168e+02	1.14200e+03	2.12354	361.0
1143	3.65664e+02	1.14300e+03	2.1071	361.5
1144	3.66177e+02	1.14400e+03	2.08992	362.0
1145	3.66674e+02	1.14500e+03	2.07284	362.5
1146	3.67167e+02	1.14600e+03	2.0556	363.0
1147	3.67662e+02	1.14700e+03	2.03824	363.5
1148	3.68143e+02	1.14800e+03	2.02015	364.0
1149	3.68626e+02	1.14900e+03	2.00217	364.5
1150	3.69102e+02	1.15000e+03	1.98405	365.0
1151	3.69586e+02	1.15100e+03	1.96579	365.5
1152	3.70083e+02	1.15200e+03	1.94684	366.0
1153	3.70568e+02	1.15300e+03	1.92798	366.5
1154	3.71059e+02	1.15400e+03	1.90897	367.0
1155	3.71536e+02	1.15500e+03	1.88982	367.5
1156	3.72022e+02	1.15600e+03	1.86998	368.0
1157	3.72523e+02	1.15700e+03	1.85023	368.5
1158	3.72992e+02	1.15800e+03	1.83035	369.0
1159	3.73474e+02	1.15900e+03	1.81033	369.5
1160	3.73959e+02	1.16000e+03	1.78966	370.0
1161	3.74436e+02	1.16100e+03	1.7691	370.5
1162	3.74919e+02	1.16200e+03	1.74841	371.0
1163	3.75420e+02	1.16300e+03	1.72761	371.5
1164	3.75911e+02	1.16400e+03	1.70622	372.0
1165	3.76394e+02	1.16500e+03	1.68495	372.5
1166	3.76887e+02	1.16600e+03	1.66357	373.0
1167	3.77380e+02	1.16700e+03	1.64209	373.5
1168	3.77883e+02	1.16800e+03	1.6201	374.0
1169	3.78372e+02	1.16900e+03	1.5982	374.5
1170	3.78868e+02	1.17000e+03	1.5762	375.0
1171	3.79376e+02	1.17100e+03	1.55412	375.5
1172	3.79876e+02	1.17200e+03	1.53162	376.0
1173	3.80383e+02	1.17300e+03	1.5092	376.5
1174	3.80884e+02	1.17400e+03	1.48673	377.0
1175	3.81372e+02	1.17500e+03	1.46418	377.5
1176	3.81862e+02	1.17600e+03	1.44125	378.0
1177	3.82340e+02	1.17700e+03	1.41834	378.5
1178	3.82829e+02	1.17800e+03	1.39534	379.0
1179	3.83340e+02	1.17900e+03	1.37225	379.5
1180	3.83812e+02	1.18000e+03	1.34874	380.0
1181	3.84306e+02	1.18100e+03	1.32532	380.5
1182	3.84783e+02	1.18200e+03	1.30188	381.0
1183	3.85280e+02	1.18300e+03	1.27842	381.5
1184	3.85768e+02	1.18400e+03	1.25479	382.0
1185	3.86249e+02	1.18500e+03	1.23134	382.5
1186	3.86761e+02	1.18600e+03	1.20799	383.0
1187	3.87254e+02	1.18700e+03	1.18471	383.5
1188	3.87750e+02	1.18800e+03	1.16175	384.0
1189	3.88242e+02	1.18900e+03	1.13881	384.5
1190	3.88739e+02	1.19000e+03	1.11599	385.0
1191	3.89223e+02	1.19100e+03	1.09326	385.5
1192	3.89726e+02	1.19200e+03	1.07101	386.0
1193	3.90237e+02	1.19300e+03	1.04867	386.5
1194	3.90741e+02	1.19400e+03	1.02638	387.0
1195	3.91260e+02	1.19500e+03	1.00417	387.5
1196	3.91752e+02	1.19600e+03	0.982265	388.0
1197	3.92239e+02	1.19700e+03	0.960232	388.5
1198	3.92744e+02	1.19800e+03	0.938188	389.0
1199	3.93255e+02	1.19900e+03	0.916158	389.5
1200	3.93788e+02	1.20000e+03	0.894207	390.0
1201	3.94321e+02	1.20100e+03	0.872239	390.5
1202	3.94828e+02	1.20200e+03	0.850294	391.0
1203	3.95351e+02	1.20300e+03	0.828376	391.5
1204	3.95850e+02	1.20400e+03	0.806581	392.0
1205	3.96370e+02	1.20500e+03	0.784838	392.5
1206	3.96898e+02	1.20600e+03	0.763179	393.0
1207	3.97416e+02	1.20700e+03	0.741587	393.5
1208	3.97934e+02	1.20800e+03	0.720376	394.0
1209	3.98430e+02	1.20900e+03	0.699181	394.5
1210	3.98959e+02	1.21000e+03	0.678134	395.0
1211	3.99493e+02	1.21100e+03	0.657207	395.5
1212	4.00033e+02	1.21200e+03	0.636903	396.0
1213	4.00532e+02	1.21300e+03	0.616587	396.5
1214	4.01032e+02	1.21400e+03	0.596465	397.0
1215	4.01547e+02	1.21500e+03	0.576505	397.5
1216	4.02034e+02	1.21600e+03	0.557397	398.0
1217	4.02521e+02	1.21700e+03	0.538234	398.5
1218	4.02990e+02	1.21800e+03	0.519308	399.0
1219	4.03490e+02	1.21900e+03	0.50059	399.5
1220	4.03959e+02	1.22000e+03	0.482917	400.0
1221	4.04450e+02	1.22100e+03	0.465155	400.5
1222	4.04941e+02	1.22200e+03	0.447661	401.0
1223	4.05430e+02	1.22300e+03	0.430399	401.5
1224	4.05931e+02	1.22400e+03	0.414336	402.0
1225	4.06439e+02	1.22500e+03	0.398136	402.5
1226	4.06939e+02	1.22600e+03	0.382214	403.0
1227	4.07439e+02	1.22700e+03	0.366542	403.5
1228	4.07916e+02	1.22800e+03	0.352152	404.0
1229	4.08433e+02	1.22900e+03	0.337608	404.5
1230	4.08945e+02	1.23000e+03	0.323341	405.0
1231	4.09471e+02	1.23100e+03	0.309328	405.5
1232	4.09962e+02	1.23200e+03	0.296611	406.0
1233	4.10471e+02	1.23300e+03	0.283694	406.5
1234	4.10999e+02	1.23400e+03	0.271027	407.0
1235	4.11534e+02	1.23500e+03	0.258599	407.5
1236	4.12081e+02	1.23600e+03	0.24738	408.0
1237	4.12580e+02	1.23700e+03	0.235984	408.5
1238	4.13132e+02	1.23800e+03	0.224823	409.0
1239	4.13691e+02	1.23900e+03	0.213883	409.5
1240	4.14225e+02	1.24000e+03	0.204085	410.0
1241	4.14731e+02	1.24100e+03	0.194111	410.5
1242	4.15255e+02	1.24200e+03	0.184358	411.0
1243	4.15771e+02	1.24300e+03	0.174814	411.5
1244	4.16268e+02	1.24400e+03	0.166338	412.0
1245	4.16808e+02	1.24500e+03	0.157706	412.5
1246	4.17254e+02	1.24600e+03	0.149281	413.0
1247	4.17730e+02	1.24700e+03	0.141047	413.5
1248	4.18187e+02	1.24800e+03	0.133813	414.0
1249	4.18724e+02	1.24900e+03	0.126421	414.5
1250	4.19262e+02	1.25000e+03	0.119216	415.0
1251	4.19878e+02	1.25100e+03	0.112189	415.5
1252	4.20415e+02	1.25200e+03	0.106077	416.0
1253	4.20918e+02	1.25300e+03	0.0998293	416.5
1254	4.21432e+02	1.25400e+03	0.0937578	417.0
1255	4.21990e+02	1.25500e+03	0.0878517	417.5
1256	4.22461e+02	1.25600e+03	0.0827936	418.0
1257	4.23029e+02	1.25700e+03	0.0775972	418.5
1258	4.23553e+02	1.25800e+03	0.0725539	419.0
1259	4.24092e+02	1.25900e+03	0.0676568	419.5
1260	4.24601e+02	1.26000e+03	0.0635141	420.0
1261	4.25215e+02	1.26100e+03	0.0592453	420.5
1262	4.25677e+02	1.26200e+03	0.0551096	421.0
1263	4.26138e+02	1.26300e+03	0.051101	421.5
1264	4.26600e+02	1.26400e+03	0.0477466	422.0
1265	4.27092e+02	1.26500e+03	0.0442794	422.5
1266	4.27610e+02	1.26600e+03	0.0409278	423.0
1267	4.28110e+02	1.26700e+03	0.0376885	423.5
1268	4.28626e+02	1.26800e+03	0.0350217	424.0
1269	4.29149e+02	1.26900e+03	0.0322643	424.5
1270	4.29649e+02	1.27000e+03	0.0296092	425.0
1271	4.30133e+02	1.27100e+03	0.0270512	425.5
1272	4.30625e+02	1.27200e+03	0.0250024	426.0
1273	4.31097e+02	1.27300e+03	0.0228621	426.5
1274	4.31595e+02	1.27400e+03	0.0208046	427.0
1275	4.32113e+02	1.27500e+03	0.0188286	427.5
1276	4.32616e+02	1.27600e+03	0.0172717	428.0
1277	4.33116e+02	1.27700e+03	0.0156317	428.5
1278	4.33624e+02	1.27800e+03	0.0140506	429.0
1279	4.34125e+02	1.27900e+03	0.0125293	429.5
1280	4.34650e+02	1.28000e+03	0.0113192	430.0
1281	4.35172e+02	1.28100e+03	0.0100377	430.5
1282	4.35688e+02	1.28200e+03	0.00879723	431.0
1283	4.36180e+02	1.28300e+03	0.00760126	431.5
1284	4.36655e+02	1.28400e+03	0.00662954	432.0
1285	4.37130e+02	1.28500e+03	0.00562374	432.5
1286	4.37638e+02	1.28600e+03	0.00465918	433.0
1287	4.38150e+02	1.28700e+03	0.00373295	433.5
1288	4.38651e+02	1.28800e+03	0.0030076	434.0
1289	4.39182e+02	1.28900e+03	0.00224625	434.5
1290	4.39667e+02	1.29000e+03	0.00151748	435.0
1291	4.40139e+02	1.29100e+03	0.000820577	435.5
1292	4.40648e+02	1.29200e+03	0.000292331	436.0
1293	4.41174e+02	1.29300e+03	-0.000266129	436.5
1294	4.41635e+02	1.29400e+03	-0.000799388	437.0
1295	4.42223e+02	1.29500e+03	-0.00130913	437.5
1296	4.42781e+02	1.29600e+03	-0.0016981	438.0
1297	4.43308e+02	1.29700e+03	-0.00212146	438.5
1298	4.43771e+02	1.29800e+03	-0.00253301	439.0
1299	4.44193e+02	1.29900e+03	-0.00292978	439.5
1300	4.44709e+02	1.30000e+03	-0.00325665	440.0
1301	4.45179e+02	1.30100e+03	-0.00359712	440.5
1302	4.45654e+02	1.30200e+03	-0.00392743	441.0
1303	4.46138e+02	1.30300e+03	-0.00424677	441.5
1304	4.46639e+02	1.30400e+03	-0.00451403	442.0
1305	4.47102e+02	1.30500e+03	-0.00479515	442.5
1306	4.47575e+02	1.30600e+03	-0.00506939	443.0
1307	4.48084e+02	1.30700e+03	-0.00533538	443.5
1308	4.48627e+02	1.30800e+03	-0.00556261	444.0
1309	4.49158e+02	1.30900e+03	-0.00579065	444.5
1310	4.49669e+02	1.31000e+03	-0.00600408	445.0
1311	4.50392e+02	1.31100e+03	-0.00620563	445.5
1312	4.50926e+02	1.31200e+03	-0.00635201	446.0
1313	4.51231e+02	1.31300e+03	-0.00650418	446.5
1314	4.51673e+02	1.31400e+03	-0.00664651	447.0
1315	4.52024e+02	1.31500e+03	-0.00678048	447.5
1316	4.52420e+02	1.31600e+03	-0.00686265	448.0
1317	4.52955e+02	1.31700e+03	-0.00696137	448.5
1318	4.53337e+02	1.31800e+03	-0.00705471	449.0
1319	4.53683e+02	1.31900e+03	-0.00714014	449.5
1320	4.54151e+02	1.32000e+03	-0.00719985	450.0
1321	4.54645e+02	1.32100e+03	-0.00726694	450.5
1322	4.55268e+02	1.32200e+03	-0.00733567	451.0
1323	4.55729e+02	1.32300e+03	-0.00740452	451.5
1324	4.56213e+02	1.32400e+03	-0.0074661	452.0
1325	4.56845e+02	1.32500e+03	-0.00753734	452.5
1326	4.57304e+02	1.32600e+03	-0.00760983	453.0
1327	4.57943e+02	1.32700e+03	-0.00768135	453.5
1328	4.58498e+02	1.32800e+03	-0.00775843	454.0
1329	4.59109e+02	1.32900e+03	-0.00782588	454.5
1330	4.59687e+02	1.33000e+03	-0.00788851	455.0
1331	4.60325e+02	1.33100e+03	-0.00794857	455.5
1332	4.60888e+02	1.33200e+03	-0.00798536	456.0
1333	4.61359e+02	1.33300e+03	-0.00802124	456.5
1334	4.61947e+02	1.33400e+03	-0.00804945	457.0
1335	4.62458e+02	1.33500e+03	-0.00807146	457.5
1336	4.62914e+02	1.33600e+03	-0.00806367	458.0
1337	4.63379e+02	1.33700e+03	-0.00806484	458.5
1338	4.63956e+02	1.33800e+03	-0.00806877	459.0
1339	4.64399e+02	1.33900e+03	-0.0080739	459.5
1340	4.64876e+02	1.34000e+03	-0.00807185	460.0
1341	4.65322e+02	1.34100e+03	-0.00807804	460.5
1342	4.65843e+02	1.34200e+03	-0.00808508	461.0
1343	4.66219e+02	1.34300e+03	-0.00809139	461.5
1344	4.66748e+02	1.34400e+03	-0.00811065	462.0
1345	4.67233e+02	1.34500e+03	-0.00812581	462.5
1346	4.67724e+02	1.34600e+03	-0.00814303	463.0
1347	4.68190e+02	1.34700e+03	-0.00816294	463.5
1348	4.68675e+02	1.34800e+03	-0.00818861	464.0
1349	4.69051e+02	1.34900e+03	-0.00821363	464.5
1350	4.69508e+02	1.35000e+03	-0.00823722	465.0
1351	4.69933e+02	1.35100e+03	-0.00825964	465.5
1352	4.70374e+02	1.35200e+03	-0.0082867	466.0
1353	4.70811e+02	1.35300e+03	-0.00831207	466.5
1354	4.71257e+02	1.35400e+03	-0.00834109	467.0
1355	4.71723e+02	1.35500e+03	-0.00837347	467.5
1356	4.72196e+02	1.35600e+03	-0.00841345	468.0
1357	4.72658e+02	1.35700e+03	-0.0084585	468.5
1358	4.73090e+02	1.35800e+03	-0.00850645	469.0
1359	4.73541e+02	1.35900e+03	-0.00855539	469.5
1360	4.73989e+02	1.36000e+03	-0.0086136	470.0
1361	4.74444e+02	1.36100e+03	-0.00865853	470.5
1362	4.74905e+02	1.36200e+03	-0.00869959	471.0
1363	4.75368e+02	1.36300e+03	-0.00873997	471.5
1364	4.75846e+02	1.36400e+03	-0.00876313	472.0
1365	4.76328e+02	1.36500e+03	-0.00879137	472.5
1366	4.76795e+02	1.36600e+03	-0.0088169	473.0
1367	4.77278e+02	1.36700e+03	-0.00883903	473.5
1368	4.77767e+02	1.36800e+03	-0.00885089	474.0
1369	4.78245e+02	1.36900e+03	-0.00886071	474.5
1370	4.78728e+02	1.37000e+03	-0.00886674	475.0
1371	4.79200e+02	1.37100e+03	-0.00887099	475.5
1372	4.79683e+02	1.37200e+03	-0.00886603	476.0
1373	4.80168e+02	1.37300e+03	-0.00887156	476.5
1374	4.80649e+02	1.37400e+03	-0.00888016	477.0
1375	4.81131e+02	1.37500e+03	-0.00888826	477.5
1376	4.81614e+02	1.37600e+03	-0.00889628	478.0
1377	4.82100e+02	1.37700e+03	-0.0088975	478.5
1378	4.82582e+02	1.37800e+03	-0.00889614	479.0
1379	4.83065e+02	1.37900e+03	-0.00889425	479.5
1380	4.83556e+02	1.38000e+03	-0.0088873	480.0
1381	4.84031e+02	1.38100e+03	-0.00888927	480.5
1382	4.84513e+02	1.38200e+03	-0.00889476	481.0
1383	4.84988e+02	1.38300e+03	-0.00890186	481.5
1384	4.85470e+02	1.38400e+03	-0.0089192	482.0
1385	4.85963e+02	1.38500e+03	-0.00892986	482.5
1386	4.86449e+02	1.38600e+03	-0.00893698	483.0
1387	4.86934e+02	1.38700e+03	-0.00894136	483.5
1388	4.87407e+02	1.38800e+03	-0.00893873	484.0
1389	4.87887e+02	1.38900e+03	-0.00893913	484.5
1390	4.88368e+02	1.39000e+03	-0.00894327	485.0
1391	4.88836e+02	1.39100e+03	-0.0089502	485.5
1392	4.89327e+02	1.39200e+03	-0.00895943	486.0
1393	4.89811e+02	1.39300e+03	-0.00897119	486.5
1394	4.90283e+02	1.39400e+03	-0.00898394	487.0
1395	4.90766e+02	1.39500e+03	-0.00899742	487.5
1396	4.91252e+02	1.39600e+03	-0.00902838	488.0
1397	4.91733e+02	1.39700e+03	-0.00905802	488.5
1398	4.92226e+02	1.39800e+03	-0.00909156	489.0
1399	4.92723e+02	1.39900e+03	-0.00912753	489.5
1400	4.93210e+02	1.40000e+03	-0.00916572	490.0
1401	4.93688e+02	1.40100e+03	-0.00919506	490.5
1402	4.94167e+02	1.40200e+03	-0.00922057	491.0
1403	4.94637e+02	1.40300e+03	-0.00924516	491.5
1404	4.95135e+02	1.40400e+03	-0.00926347	492.0
1405	4.95607e+02	1.40500e+03	-0.00928866	492.5
1406	4.96085e+02	1.40600e+03	-0.00931614	493.0
1407	4.96573e+02	1.40700e+03	-0.00934421	493.5
1408	4.97065e+02	1.40800e+03	-0.009375	494.0
1409	4.97542e+02	1.40900e+03	-0.00940138	494.5
1410	4.98023e+02	1.41000e+03	-0.00942512	495.0
1411	4.98512e+02	1.41100e+03	-0.00944666	495.5
1412	4.99002e+02	1.41200e+03	-0.00945472	496.0
1413	4.99482e+02	1.41300e+03	-0.00946112	496.5
1414	4.99959e+02	1.41400e+03	-0.00946458	497.0
1415	5.00443e+02	1.41500e+03	-0.0094665	497.5
1416	5.00922e+02	1.41600e+03	-0.00945648	498.0
1417	5.01421e+02	1.41700e+03	-0.00945524	498.5
1418	5.01910e+02	1.41800e+03	-0.00945512	499.0
1419	5.02408e+02	1.41900e+03	-0.00945397	499.5
1420	5.02897e+02	1.42000e+03	-0.00945125	500.0
1421	5.03374e+02	1.42100e+03	-0.00944561	500.5
1422	5.03863e+02	1.42200e+03	-0.00944235	501.0
1423	5.04345e+02	1.42300e+03	-0.00944322	501.5
1424	5.04818e+02	1.42400e+03	-0.00945559	502.0
1425	5.05319e+02	1.42500e+03	-0.00947608	502.5
1426	5.05805e+02	1.42600e+03	-0.00949675	503.0
1427	5.06315e+02	1.42700e+03	-0.00951487	503.5
1428	5.06830e+02	1.42800e+03	-0.0095467	504.0
1429	5.07330e+02	1.42900e+03	-0.0095598	504.5
1430	5.07805e+02	1.43000e+03	-0.00956859	505.0
1431	5.08315e+02	1.43100e+03	-0.00957751	505.5
1432	5.08809e+02	1.43200e+03	-0.00956666	506.0
1433	5.09298e+02	1.43300e+03	-0.00956816	506.5
1434	5.09783e+02	1.43400e+03	-0.00956602	507.0
1435	5.10259e+02	1.43500e+03	-0.00955807	507.5
1436	5.10723e+02	1.43600e+03	-0.00953962	508.0
1437	5.11201e+02	1.43700e+03	-0.00951302	508.5
1438	5.11685e+02	1.43800e+03	-0.00948614	509.0
1439	5.12162e+02	1.43900e+03	-0.00946114	509.5
1440	5.12654e+02	1.44000e+03	-0.00942559	510.0
1441	5.13146e+02	1.44100e+03	-0.00941146	510.5
1442	5.13646e+02	1.44200e+03	-0.00940058	511.0
1443	5.14138e+02	1.44300e+03	-0.00938768	511.5
1444	5.14618e+02	1.44400e+03	-0.00939508	512.0
1445	5.15098e+02	1.44500e+03	-0.00938414	512.5
1446	5.15584e+02	1.44600e+03	-0.00937203	513.0
1447	5.16061e+02	1.44700e+03	-0.0093631	513.5
1448	5.16524e+02	1.44800e+03	-0.00935681	514.0
1449	5.17009e+02	1.44900e+03	-0.00937005	514.5
1450	5.17489e+02	1.45000e+03	-0.00939096	515.0
1451	5.17978e+02	1.45100e+03	-0.00941354	515.5
1452	5.18451e+02	1.45200e+03	-0.00946204	516.0
1453	5.18933e+02	1.45300e+03	-0.00948683	516.5
1454	5.19416e+02	1.45400e+03	-0.00950552	517.0
1455	5.19902e+02	1.45500e+03	-0.00952355	517.5
1456	5.20397e+02	1.45600e+03	-0.00952716	518.0
1457	5.20895e+02	1.45700e+03	-0.00954238	518.5
1458	5.21383e+02	1.45800e+03	-0.00955865	519.0
1459	5.21880e+02	1.45900e+03	-0.00957354	519.5
1460	5.22357e+02	1.46000e+03	-0.00959153	520.0
1461	5.22831e+02	1.46100e+03	-0.00960573	520.5
1462	5.23309e+02	1.46200e+03	-0.00962226	521.0
1463	5.23817e+02	1.46300e+03	-0.00964184	521.5
1464	5.24302e+02	1.46400e+03	-0.00966385	522.0
1465	5.24804e+02	1.46500e+03	-0.00968849	522.5
1466	5.25285e+02	1.46600e+03	-0.00971007	523.0
1467	5.25774e+02	1.46700e+03	-0.00972832	523.5
1468	5.26262e+02	1.46800e+03	-0.00974517	524.0
1469	5.26765e+02	1.46900e+03	-0.00975268	524.5
1470	5.27268e+02	1.47000e+03	-0.0097565	525.0
1471	5.27765e+02	1.47100e+03	-0.00975852	525.5
1472	5.28254e+02	1.47200e+03	-0.0097369	526.0
1473	5.28750e+02	1.47300e+03	-0.00972504	526.5
1474	5.29242e+02	1.47400e+03	-0.00971269	527.0
1475	5.29742e+02	1.47500e+03	-0.00969908	527.5
1476	5.30230e+02	1.47600e+03	-0.00967978	528.0
1477	5.30735e+02	1.47700e+03	-0.00965747	528.5
1478	5.31225e+02	1.47800e+03	-0.00963152	529.0
1479	5.31709e+02	1.47900e+03	-0.00960311	529.5
1480	5.32208e+02	1.48000e+03	-0.00956616	530.0
1481	5.32696e+02	1.48100e+03	-0.00954063	530.5
1482	5.33194e+02	1.48200e+03	-0.00952513	531.0
1483	5.33686e+02	1.48300e+03	-0.00951571	531.5
1484	5.34182e+02	1.48400e+03	-0.00952748	532.0
1485	5.34671e+02	1.48500e+03	-0.00953727	532.5
1486	5.35159e+02	1.48600e+03	-0.00954899	533.0
1487	5.35657e+02	1.48700e+03	-0.00956321	533.5
1488	5.36146e+02	1.48800e+03	-0.00960314	534.0
1489	5.36626e+02	1.48900e+03	-0.00963598	534.5
1490	5.37102e+02	1.49000e+03	-0.00967107	535.0
1491	5.37596e+02	1.49100e+03	-0.00970798	535.5
1492	5.38097e+02	1.49200e+03	-0.00974749	536.0
1493	5.38593e+02	1.49300e+03	-0.00978151	536.5
1494	5.39078e+02	1.49400e+03	-0.0098114	537.0
1495	5.39552e+02	1.49500e+03	-0.00983819	537.5
1496	5.40048e+02	1.49600e+03	-0.00985165	538.0
1497	5.40542e+02	1.49700e+03	-0.00986528	538.5
1498	5.41019e+02	1.49800e+03	-0.00987885	539.0
1499	5.41525e+02	1.49900e+03	-0.00989305	539.5
1500	5.42036e+02	1.50000e+03	-0.00990146	540.0
1501	5.42535e+02	1.50100e+03	-0.00991858	540.5
1502	5.43044e+02	1.50200e+03	-0.00993408	541.0
1503	5.43540e+02	1.50300e+03	-0.00994614	541.5
1504	5.44027e+02	1.50400e+03	-0.0099636	542.0
1505	5.44519e+02	1.50500e+03	-0.00997604	542.5
1506	5.45046e+02	1.50600e+03	-0.00998937	543.0
1507	5.45547e+02	1.50700e+03	-0.0100038	543.5
1508	5.46035e+02	1.50800e+03	-0.0100084	544.0
1509	5.46513e+02	1.50900e+03	-0.0100155	544.5
1510	5.47011e+02	1.51000e+03	-0.0100193	545.0
1511	5.47490e+02	1.51100e+03	-0.0100203	545.5
1512	5.47992e+02	1.51200e+03	-0.0100207	546.0
1513	5.48484e+02	1.51300e+03	-0.0100235	546.5
1514	5.48947e+02	1.51400e+03	-0.0100287	547.0
1515	5.49417e+02	1.51500e+03	-0.0100349	547.5
1516	5.49914e+02	1.51600e+03	-0.0100424	548.0
1517	5.50394e+02	1.51700e+03	-0.0100522	548.5
1518	5.50857e+02	1.51800e+03	-0.0100639	549.0
1519	5.51326e+02	1.51900e+03	-0.0100767	549.5
1520	5.51780e+02	1.52000e+03	-0.0100917	550.0
1521	5.52230e+02	1.52100e+03	-0.0100998	550.5
1522	5.52708e+02	1.52200e+03	-0.0101053	551.0
1523	5.53170e+02	1.52300e+03	-0.0101113	551.5
1524	5.53647e+02	1.52400e+03	-0.0101161	552.0
1525	5.54128e+02	1.52500e+03	-0.0101252	552.5
1526	5.54609e+02	1.52600e+03	-0.0101309	553.0
1527	5.55093e+02	1.52700e+03	-0.0101319	553.5
1528	5.55575e+02	1.52800e+03	-0.0101209	554.0
1529	5.56065e+02	1.52900e+03	-0.010101	554.5
1530	5.56552e+02	1.53000e+03	-0.0100784	555.0
1531	5.57048e+02	1.53100e+03	-0.0100565	555.5
1532	5.57542e+02	1.53200e+03	-0.0100173	556.0
1533	5.58036e+02	1.53300e+03	-0.00999817	556.5
1534	5.58525e+02	1.53400e+03	-0.00998741	557.0
1535	5.59019e+02	1.53500e+03	-0.00998073	557.5
1536	5.59515e+02	1.53600e+03	-0.0100054	558.0
1537	5.60005e+02	1.53700e+03	-0.0100203	558.5
1538	5.60505e+02	1.53800e+03	-0.0100359	559.0
1539	5.61005e+02	1.53900e+03	-0.0100536	559.5
1540	5.61492e+02	1.54000e+03	-0.0100868	560.0
1541	5.61995e+02	1.54100e+03	-0.0101161	560.5
1542	5.62494e+02	1.54200e+03	-0.0101459	561.0
1543	5.62988e+02	1.54300e+03	-0.0101757	561.5
1544	5.63494e+02	1.54400e+03	-0.0101978	562.0
1545	5.63985e+02	1.54500e+03	-0.0102093	562.5
1546	5.64471e+02	1.54600e+03	-0.010214	563.0
1547	5.64975e+02	1.54700e+03	-0.0102164	563.5
1548	5.65462e+02	1.54800e+03	-0.010204	564.0
1549	5.65956e+02	1.54900e+03	-0.0102068	564.5
1550	5.66453e+02	1.55000e+03	-0.010215	565.0
1551	5.66948e+02	1.55100e+03	-0.0102251	565.5
1552	5.67454e+02	1.55200e+03	-0.0102488	566.0
1553	5.67937e+02	1.55300e+03	-0.0102667	566.5
1554	5.68431e+02	1.55400e+03	-0.0102831	567.0
1555	5.68926e+02	1.55500e+03	-0.0102986	567.5
1556	5.69418e+02	1.55600e+03	-0.0103152	568.0
1557	5.69900e+02	1.55700e+03	-0.0103328	568.5
1558	5.70388e+02	1.55800e+03	-0.0103527	569.0
1559	5.70872e+02	1.55900e+03	-0.0103742	569.5
1560	5.71363e+02	1.56000e+03	-0.0103951	570.0
1561	5.71843e+02	1.56100e+03	-0.0104135	570.5
1562	5.72323e+02	1.56200e+03	-0.0104301	571.0
1563	5.72803e+02	1.56300e+03	-0.0104462	571.5
1564	5.73281e+02	1.56400e+03	-0.0104688	572.0
1565	5.73776e+02	1.56500e+03	-0.0104979	572.5
1566	5.74254e+02	1.56600e+03	-0.0105294	573.0
1567	5.74741e+02	1.56700e+03	-0.0105596	573.5
1568	5.75236e+02	1.56800e+03	-0.0105892	574.0
1569	5.75723e+02	1.56900e+03	-0.0106086	574.5
1570	5.76210e+02	1.57000e+03	-0.0106234	575.0
1571	5.76688e+02	1.57100e+03	-0.0106366	575.5
1572	5.77195e+02	1.57200e+03	-0.0106329	576.0
1573	5.77679e+02	1.57300e+03	-0.0106386	576.5
1574	5.78170e+02	1.57400e+03	-0.0106447	577.0
1575	5.78655e+02	1.57500e+03	-0.0106503	577.5
1576	5.79142e+02	1.57600e+03	-0.0106569	578.0
1577	5.79637e+02	1.57700e+03	-0.0106609	578.5
1578	5.80127e+02	1.57800e+03	-0.0106621	579.0
1579	5.80624e+02	1.57900e+03	-0.0106606	579.5
1580	5.81111e+02	1.58000e+03	-0.0106511	580.0
1581	5.81616e+02	1.58100e+03	-0.0106464	580.5
1582	5.82114e+02	1.58200e+03	-0.0106481	581.0
1583	5.82628e+02	1.58300e+03	-0.0106546	581.5
1584	5.83167e+02	1.58400e+03	-0.0106685	582.0
1585	5.83679e+02	1.58500e+03	-0.0106824	582.5
1586	5.84182e+02	1.58600e+03	-0.0106937	583.0
1587	5.84678e+02	1.58700e+03	-0.010704	583.5
1588	5.85177e+02	1.58800e+03	-0.0107287	584.0
1589	5.85679e+02	1.58900e+03	-0.0107521	584.5
1590	5.86132e+02	1.59000e+03	-0.010781	585.0
1591	5.86620e+02	1.59100e+03	-0.0108132	585.5
1592	5.87087e+02	1.59200e+03	-0.0108452	586.0
1593	5.87588e+02	1.59300e+03	-0.0108701	586.5
1594	5.88089e+02	1.59400e+03	-0.0108885	587.0
1595	5.88635e+02	1.59500e+03	-0.010903	587.5
1596	5.89148e+02	1.59600e+03	-0.0109028	588.0
1597	5.89711e+02	1.59700e+03	-0.0109	588.5
1598	5.90230e+02	1.59800e+03	-0.0108932	589.0
1599	5.90774e+02	1.59900e+03	-0.0108849	589.5
1600	5.91332e+02	1.60000e+03	-0.0108664	590.0
1601	5.91904e+02	1.60100e+03	-0.0108618	590.5
1602	5.92667e+02	1.60200e+03	-0.0108612	591.0
1603	5.93371e+02	1.60300e+03	-0.0108612	591.5
1604	5.93959e+02	1.60400e+03	-0.010872	592.0
1605	5.94498e+02	1.60500e+03	-0.0108747	592.5
1606	5.95082e+02	1.60600e+03	-0.0108765	593.0
1607	5.95607e+02	1.60700e+03	-0.0108791	593.5
1608	5.96059e+02	1.60800e+03	-0.0108758	594.0
1609	5.96611e+02	1.60900e+03	-0.0108735	594.5
1610	5.97156e+02	1.61000e+03	-0.0108692	595.0
1611	5.97746e+02	1.61100e+03	-0.0108635	595.5
1612	5.98222e+02	1.61200e+03	-0.0108517	596.0
1613	5.98660e+02	1.61300e+03	-0.0108374	596.5
1614	5.99180e+02	1.61400e+03	-0.0108207	597.0
1615	5.99754e+02	1.61500e+03	-0.010803	597.5
1616	6.00339e+02	1.61600e+03	-0.0107783	598.0
1617	6.00815e+02	1.61700e+03	-0.0107594	598.5
1618	6.01279e+02	1.61800e+03	-0.0107411	599.0
1619	6.01693e+02	1.61900e+03	-0.0107209	599.5
1620	6.02198e+02	1.62000e+03	-0.0106916	600.0
1621	6.02655e+02	1.62100e+03	-0.0106551	600.5
1622	6.03158e+02	1.62200e+03	-0.0106152	601.0
1623	6.03596e+02	1.62300e+03	-0.0105752	601.5
1624	6.04062e+02	1.62400e+03	-0.010531	602.0
1625	6.04510e+02	1.62500e+03	-0.0105061	602.5
1626	6.04956e+02	1.62600e+03	-0.0104935	603.0
1627	6.05418e+02	1.62700e+03	-0.0104877	603.5
1628	6.05931e+02	1.62800e+03	-0.0105236	604.0
1629	6.06419e+02	1.62900e+03	-0.0105495	604.5
1630	6.06914e+02	1.63000e+03	-0.0105779	605.0
1631	6.07403e+02	1.63100e+03	-0.010609	605.5
1632	6.07867e+02	1.63200e+03	-0.0106593	606.0
1633	6.08342e+02	1.63300e+03	-0.0106988	606.5
1634	6.08803e+02	1.63400e+03	-0.0107385	607.0
1635	6.09281e+02	1.63500e+03	-0.0107805	607.5
1636	6.09743e+02	1.63600e+03	-0.0108248	608.0
1637	6.10232e+02	1.63700e+03	-0.0108692	608.5
1638	6.10694e+02	1.63800e+03	-0.010911	609.0
1639	6.11159e+02	1.63900e+03	-0.0109506	609.5
1640	6.11630e+02	1.64000e+03	-0.0109912	610.0
1641	6.12111e+02	1.64100e+03	-0.0110277	610.5
1642	6.12590e+02	1.64200e+03	-0.0110618	611.0
1643	6.13072e+02	1.64300e+03	-0.0110936	611.5
1644	6.13557e+02	1.64400e+03	-0.0110936	612.0
1645	6.14048e+02	1.64500e+03	-0.0110874	612.5
1646	6.14531e+02	1.64600e+03	-0.0110705	613.0
1647	6.15017e+02	1.64700e+03	-0.0110465	613.5
1648	6.15523e+02	1.64800e+03	-0.010982	614.0
1649	6.16017e+02	1.64900e+03	-0.010932	614.5
1650	6.16506e+02	1.65000e+03	-0.0108817	615.0
1651	6.17002e+02	1.65100e+03	-0.01083	615.5
1652	6.17499e+02	1.65200e+03	-0.0107717	616.0
1653	6.17984e+02	1.65300e+03	-0.0107237	616.5
1654	6.18467e+02	1.65400e+03	-0.0106833	617.0
1655	6.18955e+02	1.65500e+03	-0.0106475	617.5
1656	6.19450e+02	1.65600e+03	-0.0106425	618.0
1657	6.19954e+02	1.65700e+03	-0.0106434	618.5
1658	6.20445e+02	1.65800e+03	-0.0106605	619.0
1659	6.20953e+02	1.65900e+03	-0.0106909	619.5
1660	6.21460e+02	1.66000e+03	-0.0107735	620.0
1661	6.21960e+02	1.66100e+03	-0.0108365	620.5
1662	6.22432e+02	1.66200e+03	-0.0108934	621.0
1663	6.22924e+02	1.66300e+03	-0.0109475	621.5
1664	6.23426e+02	1.66400e+03	-0.011005	622.0
1665	6.23923e+02	1.66500e+03	-0.0110436	622.5
1666	6.24426e+02	1.66600e+03	-0.0110702	623.0
1667	6.24917e+02	1.66700e+03	-0.0110897	623.5
1668	6.25400e+02	1.66800e+03	-0.011063	624.0
1669	6.25890e+02	1.66900e+03	-0.0110534	624.5
1670	6.26375e+02	1.67000e+03	-0.0110476	625.0
1671	6.26858e+02	1.67100e+03	-0.0110433	625.5
1672	6.27344e+02	1.67200e+03	-0.0110386	626.0
1673	6.27830e+02	1.67300e+03	-0.0110442	626.5
1674	6.28325e+02	1.67400e+03	-0.0110548	627.0
1675	6.28818e+02	1.67500e+03	-0.0110679	627.5
1676	6.29300e+02	1.67600e+03	-0.0111039	628.0
1677	6.29801e+02	1.67700e+03	-0.0111264	628.5
1678	6.30294e+02	1.67800e+03	-0.0111416	629.0
1679	6.30773e+02	1.67900e+03	-0.011152	629.5
1680	6.31257e+02	1.68000e+03	-0.0111438	630.0
1681	6.31737e+02	1.68100e+03	-0.0111352	630.5
1682	6.32236e+02	1.68200e+03	-0.0111258	631.0
1683	6.32712e+02	1.68300e+03	-0.0111161	631.5
1684	6.33205e+02	1.68400e+03	-0.0110923	632.0
1685	6.33680e+02	1.68500e+03	-0.0110797	632.5
1686	6.34163e+02	1.68600e+03	-0.0110679	633.0
1687	6.34647e+02	1.68700e+03	-0.0110555	633.5
1688	6.35130e+02	1.68800e+03	-0.0110489	634.0
1689	6.35610e+02	1.68900e+03	-0.0110326	634.5
1690	6.36101e+02	1.69000e+03	-0.0110132	635.0
1691	6.36587e+02	1.69100e+03	-0.0109944	635.5
1692	6.37067e+02	1.69200e+03	-0.0109782	636.0
1693	6.37554e+02	1.69300e+03	-0.0109769	636.5
1694	6.38048e+02	1.69400e+03	-0.0109847	637.0
1695	6.38540e+02	1.69500e+03	-0.0109966	637.5
1696	6.39034e+02	1.69600e+03	-0.0110396	638.0
1697	6.39527e+02	1.69700e+03	-0.0110727	638.5
1698	6.40032e+02	1.69800e+03	-0.0111091	639.0
1699	6.40539e+02	1.69900e+03	-0.0111505	639.5
1700	6.41045e+02	1.70000e+03	-0.0112064	640.0
1701	6.41545e+02	1.70100e+03	-0.0112557	640.5
1702	6.42058e+02	1.70200e+03	-0.0113014	641.0
1703	6.42564e+02	1.70300e+03	-0.011344	641.5
1704	6.43067e+02	1.70400e+03	-0.0113806	642.0
1705	6.43560e+02	1.70500e+03	-0.0114105	642.5
1706	6.44059e+02	1.70600e+03	-0.0114366	643.0
1707	6.44552e+02	1.70700e+03	-0.0114615	643.5
1708	6.45049e+02	1.70800e+03	-0.0114736	644.0
1709	6.45530e+02	1.70900e+03	-0.0114967	644.5
1710	6.46026e+02	1.71000e+03	-0.0115183	645.0
1711	6.46521e+02	1.71100e+03	-0.0115362	645.5
1712	6.47028e+02	1.71200e+03	-0.0115475	646.0
1713	6.47518e+02	1.71300e+03	-0.0115478	646.5
1714	6.48051e+02	1.71400e+03	-0.0115426	647.0
1715	6.48581e+02	1.71500e+03	-0.0115357	647.5
1716	6.49133e+02	1.71600e+03	-0.0115047	648.0
1717	6.49654e+02	1.71700e+03	-0.0114924	648.5
1718	6.50171e+02	1.71800e+03	-0.0114882	649.0
1719	6.50683e+02	1.71900e+03	-0.0114863	649.5
1720	6.51235e+02	1.72000e+03	-0.0114906	650.0
1721	6.51725e+02	1.72100e+03	-0.0114867	650.5
1722	6.52257e+02	1.72200e+03	-0.0114811	651.0
1723	6.52799e+02	1.72300e+03	-0.0114752	651.5
1724	6.53358e+02	1.72400e+03	-0.0114714	652.0
1725	6.53933e+02	1.72500e+03	-0.0114759	652.5
1726	6.54769e+02	1.72600e+03	-0.0114863	653.0
1727	6.55080e+02	1.72700e+03	-0.0114995	653.5
1728	6.55347e+02	1.72800e+03	-0.0115252	654.0
1729	6.55710e+02	1.72900e+03	-0.0115399	654.5
1730	6.56088e+02	1.73000e+03	-0.0115484	655.0
1731	6.56487e+02	1.73100e+03	-0.0115541	655.5
1732	6.56922e+02	1.73200e+03	-0.0115513	656.0
1733	6.57387e+02	1.73300e+03	-0.0115513	656.5
1734	6.57864e+02	1.73400e+03	-0.0115536	657.0
1735	6.58334e+02	1.73500e+03	-0.0115577	657.5
1736	6.58800e+02	1.73600e+03	-0.0115682	658.0
1737	6.59281e+02	1.73700e+03	-0.011588	658.5
1738	6.59764e+02	1.73800e+03	-0.0116145	659.0
1739	6.60245e+02	1.73900e+03	-0.0116448	659.5
1740	6.60727e+02	1.74000e+03	-0.0117079	660.0
1741	6.61204e+02	1.74100e+03	-0.0117624	660.5
1742	6.61705e+02	1.74200e+03	-0.0118185	661.0
1743	6.62186e+02	1.74300e+03	-0.0118768	661.5
1744	6.62668e+02	1.74400e+03	-0.011935	662.0
1745	6.63149e+02	1.74500e+03	-0.0119766	662.5
1746	6.63638e+02	1.74600e+03	-0.0120027	663.0
1747	6.64124e+02	1.74700e+03	-0.0120176	663.5
1748	6.64607e+02	1.74800e+03	-0.0119827	664.0
1749	6.65085e+02	1.74900e+03	-0.0119558	664.5
1750	6.65578e+02	1.75000e+03	-0.0119261	665.0
1751	6.66073e+02	1.75100e+03	-0.0118939	665.5
1752	6.66552e+02	1.75200e+03	-0.0118328	666.0
1753	6.67044e+02	1.75300e+03	-0.0117909	666.5
1754	6.67536e+02	1.75400e+03	-0.0117523	667.0
1755	6.68034e+02	1.75500e+03	-0.0117141	667.5
1756	6.68520e+02	1.75600e+03	-0.0116923	668.0
1757	6.69009e+02	1.75700e+03	-0.0116648	668.5
1758	6.69490e+02	1.75800e+03	-0.0116401	669.0
1759	6.69983e+02	1.75900e+03	-0.0116188	669.5
1760	6.70477e+02	1.76000e+03	-0.011607	670.0
1761	6.70969e+02	1.76100e+03	-0.0115964	670.5
1762	6.71465e+02	1.76200e+03	-0.0115887	671.0
1763	6.71952e+02	1.76300e+03	-0.011583	671.5
1764	6.72449e+02	1.76400e+03	-0.0115925	672.0
1765	6.72935e+02	1.76500e+03	-0.0115971	672.5
1766	6.73437e+02	1.76600e+03	-0.0116031	673.0
1767	6.73920e+02	1.76700e+03	-0.0116117	673.5
1768	6.74412e+02	1.76800e+03	-0.0116305	674.0
1769	6.74908e+02	1.76900e+03	-0.0116458	674.5
1770	6.75393e+02	1.77000e+03	-0.011656	675.0
1771	6.75887e+02	1.77100e+03	-0.0116621	675.5
1772	6.76377e+02	1.77200e+03	-0.0116605	676.0
1773	6.76865e+02	1.77300e+03	-0.0116524	676.5
1774	6.77351e+02	1.77400e+03	-0.0116403	677.0
1775	6.77841e+02	1.77500e+03	-0.0116267	677.5
1776	6.78331e+02	1.77600e+03	-0.011599	678.0
1777	6.78819e+02	1.77700e+03	-0.0115868	678.5
1778	6.79323e+02	1.77800e+03	-0.0115802	679.0
1779	6.79818e+02	1.77900e+03	-0.0115752	679.5
1780	6.80307e+02	1.78000e+03	-0.011585	680.0
1781	6.80796e+02	1.78100e+03	-0.0115872	680.5
1782	6.81289e+02	1.78200e+03	-0.0115891	681.0
1783	6.81783e+02	1.78300e+03	-0.011592	681.5
1784	6.82282e+02	1.78400e+03	-0.0115935	682.0
1785	6.82772e+02	1.78500e+03	-0.0115944	682.5
1786	6.83271e+02	1.78600e+03	-0.0115941	683.0
1787	6.83759e+02	1.78700e+03	-0.0115921	683.5
1788	6.84252e+02	1.78800e+03	-0.0115809	684.0
1789	6.84746e+02	1.78900e+03	-0.0115663	684.5
1790	6.85241e+02	1.79000e+03	-0.0115477	685.0
1791	6.85739e+02	1.79100e+03	-0.0115273	685.5
1792	6.86235e+02	1.79200e+03	-0.0114986	686.0
1793	6.86724e+02	1.79300e+03	-0.0114803	686.5
1794	6.87215e+02	1.79400e+03	-0.0114659	687.0
1795	6.87423e+02	1.79500e+03	-0.0114524	687.5
1796	6.87611e+02	1.79600e+03	-0.0114421	688.0
1797	6.87931e+02	1.79700e+03	-0.0114238	688.5
1798	6.88291e+02	1.79800e+03	-0.0114022	689.0
1799	6.88665e+02	1.79900e+03	-0.0113811	689.5
1800	6.89018e+02	1.80000e+03	-0.0113569	690.0
1801	6.89364e+02	1.80100e+03	-0.011347	690.5
1802	6.89694e+02	1.80200e+03	-0.011351	691.0
1803	6.90013e+02	1.80300e+03	-0.0113639	691.5
1804	6.90322e+02	1.80400e+03	-0.0114029	692.0
1805	6.90627e+02	1.80500e+03	-0.0114365	692.5
1806	6.90912e+02	1.80600e+03	-0.0114725	693.0
1807	6.91192e+02	1.80700e+03	-0.0115112	693.5
1808	6.91463e+02	1.80800e+03	-0.0115681	694.0
1809	6.91733e+02	1.80900e+03	-0.0116123	694.5
1810	6.91979e+02	1.81000e+03	-0.0116501	695.0
1811	6.92231e+02	1.81100e+03	-0.0116841	695.5
1812	6.92459e+02	1.81200e+03	-0.0116988	696.0
1813	6.92690e+02	1.81300e+03	-0.0117091	696.5
1814	6.92917e+02	1.81400e+03	-0.0117101	697.0
1815	6.93136e+02	1.81500e+03	-0.0117039	697.5
1816	6.93340e+02	1.81600e+03	-0.0116669	698.0
1817	6.93535e+02	1.81700e+03	-0.0116434	698.5
1818	6.93735e+02	1.81800e+03	-0.0116225	699.0
1819	6.93932e+02	1.81900e+03	-0.0116022	699.5
1820	6.94114e+02	1.82000e+03	-0.0115796	700.0
1821	6.94292e+02	1.82100e+03	-0.0115616	700.0
1822	6.94468e+02	1.82200e+03	-0.0115454	700.0
1823	6.94644e+02	1.82300e+03	-0.0115293	700.0
1824	6.94807e+02	1.82400e+03	-0.0115214	700.0
1825	6.94968e+02	1.82500e+03	-0.0115111	700.0
1826	6.95114e+02	1.82600e+03	-0.0115034	700.0
1827	6.95270e+02	1.82700e+03	-0.0114976	700.0
1828	6.95414e+02	1.82800e+03	-0.0114982	700.0
1829	6.95553e+02	1.82900e+03	-0.0114996	700.0
1830	6.95693e+02	1.83000e+03	-0.0115004	700.0
1831	6.95824e+02	1.83100e+03	-0.0115005	700.0
1832	6.95951e+02	1.83200e+03	-0.0115125	700.0
1833	6.96073e+02	1.83300e+03	-0.0115222	700.0
1834	6.96203e+02	1.83400e+03	-0.0115336	700.0
1835	6.96323e+02	1.83500e+03	-0.0115474	700.0
1836	6.96437e+02	1.83600e+03	-0.0115638	700.0
1837	6.96550e+02	1.83700e+03	-0.0115753	700.0
1838	6.96667e+02	1.83800e+03	-0.011583	700.0
1839	6.96775e+02	1.83900e+03	-0.0115899	700.0
1840	6.96881e+02	1.84000e+03	-0.0115931	700.0
1841	6.96987e+02	1.84100e+03	-0.0115952	700.0
1842	6.97092e+02	1.84200e+03	-0.0115975	700.0
1843	6.97182e+02	1.84300e+03	-0.0116008	700.0
1844	6.97263e+02	1.84400e+03	-0.0116033	700.0
1845	6.97354e+02	1.84500e+03	-0.0116075	700.0
1846	6.97443e+02	1.84600e+03	-0.0116096	700.0
1847	6.97525e+02	1.84700e+03	-0.0116092	700.0
1848	6.97606e+02	1.84800e+03	-0.0116072	700.0
1849	6.97683e+02	1.84900e+03	-0.0116006	700.0
1850	6.97767e+02	1.85000e+03	-0.0115928	700.0
1851	6.97841e+02	1.85100e+03	-0.0115862	700.0
1852	6.97911e+02	1.85200e+03	-0.0115768	700.0
1853	6.97995e+02	1.85300e+03	-0.0115743	700.0
1854	6.98063e+02	1.85400e+03	-0.0115764	700.0
1855	6.98122e+02	1.85500e+03	-0.0115822	700.0
1856	6.98186e+02	1.85600e+03	-0.0116051	700.0
1857	6.98254e+02	1.85700e+03	-0.0116195	700.0
1858	6.98320e+02	1.85800e+03	-0.0116309	700.0
1859	6.98386e+02	1.85900e+03	-0.011641	700.0
1860	6.98433e+02	1.86000e+03	-0.0116499	700.0
1861	6.98491e+02	1.86100e+03	-0.0116595	700.0
1862	6.98552e+02	1.86200e+03	-0.0116709	700.0
1863	6.98598e+02	1.86300e+03	-0.0116823	700.0
1864	6.98654e+02	1.86400e+03	-0.0116898	700.0
1865	6.98715e+02	1.86500e+03	-0.0116998	700.0
1866	6.98763e+02	1.86600e+03	-0.01171	700.0
1867	6.98812e+02	1.86700e+03	-0.0117201	700.0
1868	6.98859e+02	1.86800e+03	-0.0117322	700.0
1869	6.98905e+02	1.86900e+03	-0.0117426	700.0
1870	6.98949e+02	1.87000e+03	-0.0117526	700.0
1871	6.98987e+02	1.87100e+03	-0.0117624	700.0
1872	6.99030e+02	1.87200e+03	-0.011771	700.0
1873	6.99064e+02	1.87300e+03	-0.0117802	700.0
1874	6.99106e+02	1.87400e+03	-0.0117894	700.0
1875	6.99136e+02	1.87500e+03	-0.0117994	700.0
1876	6.99173e+02	1.87600e+03	-0.0118127	700.0
1877	6.99210e+02	1.87700e+03	-0.0118243	700.0
1878	6.99256e+02	1.87800e+03	-0.0118327	700.0
1879	6.99285e+02	1.87900e+03	-0.0118386	700.0
1880	6.99323e+02	1.88000e+03	-0.0118373	700.0
1881	6.99342e+02	1.88100e+03	-0.0118319	700.0
1882	6.99381e+02	1.88200e+03	-0.0118227	700.0
1883	6.99413e+02	1.88300e+03	-0.0118113	700.0
1884	6.99449e+02	1.88400e+03	-0.0117851	700.0
1885	6.99472e+02	1.88500e+03	-0.0117677	700.0
1886	6.99505e+02	1.88600e+03	-0.0117524	700.0
1887	6.99535e+02	1.88700e+03	-0.0117377	700.0
1888	6.99562e+02	1.88800e+03	-0.011728	700.0
1889	6.99583e+02	1.88900e+03	-0.0117184	700.0
1890	6.99617e+02	1.89000e+03	-0.01171	700.0
1891	6.99642e+02	1.89100e+03	-0.0117026	700.0
1892	6.99675e+02	1.89200e+03	-0.0117082	700.0
1893	6.99690e+02	1.89300e+03	-0.0117151	700.0
1894	6.99717e+02	1.89400e+03	-0.011723	700.0
1895	6.99754e+02	1.89500e+03	-0.0117316	700.0
1896	6.99778e+02	1.89600e+03	-0.0117502	700.0
1897	6.99782e+02	1.89700e+03	-0.0117615	700.0
1898	6.99820e+02	1.89800e+03	-0.0117703	700.0
1899	6.99838e+02	1.89900e+03	-0.0117782	700.0
1900	6.99857e+02	1.90000e+03	-0.0117799	700.0
1901	6.99884e+02	1.90100e+03	-0.0117833	700.0
1902	6.99898e+02	1.90200e+03	-0.0117863	700.0
1903	6.99926e+02	1.90300e+03	-0.0117888	700.0
1904	6.99948e+02	1.90400e+03	-0.0117882	700.0
1905	6.99960e+02	1.90500e+03	-0.0117888	700.0
1906	6.99976e+02	1.90600e+03	-0.0117894	700.0
1907	7.00001e+02	1.90700e+03	-0.0117899	700.0
1908	7.00025e+02	1.90800e+03	-0.0117897	700.0
1909	7.00046e+02	1.90900e+03	-0.0117898	700.0
1910	7.00056e+02	1.91000e+03	-0.01179	700.0
1911	7.00081e+02	1.91100e+03	-0.01179	700.0
1912	7.00096e+02	1.91200e+03	-0.0117898	700.0
1913	7.00107e+02	1.91300e+03	-0.0117873	700.0
1914	7.00131e+02	1.91400e+03	-0.0117819	700.0
1915	7.00136e+02	1.91500e+03	-0.0117754	700.0
1916	7.00156e+02	1.91600e+03	-0.0117698	700.0
1917	7.00171e+02	1.91700e+03	-0.011768	700.0
1918	7.00186e+02	1.91800e+03	-0.0117691	700.0
1919	7.00209e+02	1.91900e+03	-0.0117722	700.0
1920	7.00219e+02	1.92000e+03	-0.0117844	700.0
1921	7.00229e+02	1.92100e+03	-0.0117952	700.0
1922	7.00244e+02	1.92200e+03	-0.0118068	700.0
1923	7.00262e+02	1.92300e+03	-0.011819	700.0
1924	7.00271e+02	1.92400e+03	-0.0118354	700.0
1925	7.00277e+02	1.92500e+03	-0.0118469	700.0
1926	7.00289e+02	1.92600e+03	-0.0118557	700.0
1927	7.00304e+02	1.92700e+03	-0.0118629	700.0
1928	7.00315e+02	1.92800e+03	-0.0118612	700.0
1929	7.00323e+02	1.92900e+03	-0.0118605	700.0
1930	7.00337e+02	1.93000e+03	-0.0118586	700.0
1931	7.00348e+02	1.93100e+03	-0.0118559	700.0
1932	7.00358e+02	1.93200e+03	-0.0118476	700.0
1933	7.00367e+02	1.93300e+03	-0.0118436	700.0
1934	7.00378e+02	1.93400e+03	-0.0118412	700.0
1935	7.00387e+02	1.93500e+03	-0.0118396	700.0
1936	7.00402e+02	1.93600e+03	-0.0118426	700.0
1937	7.00408e+02	1.93700e+03	-0.0118429	700.0
1938	7.00415e+02	1.93800e+03	-0.0118397	700.0
1939	7.00434e+02	1.93900e+03	-0.0118349	700.0
1940	7.00438e+02	1.94000e+03	-0.0118244	700.0
1941	7.00452e+02	1.94100e+03	-0.0118118	700.0
1942	7.00459e+02	1.94200e+03	-0.0117999	700.0
1943	7.00469e+02	1.94300e+03	-0.0117887	700.0
1944	7.00474e+02	1.94400e+03	-0.0117731	700.0
1945	7.00496e+02	1.94500e+03	-0.0117652	700.0
1946	7.00495e+02	1.94600e+03	-0.0117609	700.0
1947	7.00501e+02	1.94700e+03	-0.0117583	700.0
1948	7.00506e+02	1.94800e+03	-0.0117677	700.0
1949	7.00525e+02	1.94900e+03	-0.0117713	700.0
1950	7.00530e+02	1.95000e+03	-0.0117743	700.0
1951	7.00532e+02	1.95100e+03	-0.0117774	700.0
1952	7.00547e+02	1.95200e+03	-0.0117798	700.0
1953	7.00553e+02	1.95300e+03	-0.0117808	700.0
1954	7.00553e+02	1.95400e+03	-0.0117804	700.0
1955	7.00568e+02	1.95500e+03	-0.0117789	700.0
1956	7.00568e+02	1.95600e+03	-0.011772	700.0
1957	7.00578e+02	1.95700e+03	-0.0117656	700.0
1958	7.00580e+02	1.95800e+03	-0.0117585	700.0
1959	7.00585e+02	1.95900e+03	-0.0117509	700.0
1960	7.00594e+02	1.96000e+03	-0.0117404	700.0
1961	7.00598e+02	1.96100e+03	-0.0117336	700.0
1962	7.00600e+02	1.96200e+03	-0.0117293	700.0
1963	7.00619e+02	1.96300e+03	-0.0117265	700.0
1964	7.00612e+02	1.96400e+03	-0.0117279	700.0
1965	7.00612e+02	1.96500e+03	-0.0117273	700.0
1966	7.00617e+02	1.96600e+03	-0.0117287	700.0
1967	7.00632e+02	1.96700e+03	-0.0117322	700.0
1968	7.00633e+02	1.96800e+03	-0.0117428	700.0
1969	7.00639e+02	1.96900e+03	-0.0117536	700.0
1970	7.00638e+02	1.97000e+03	-0.0117654	700.0
1971	7.00650e+02	1.97100e+03	-0.011778	700.0
1972	7.00657e+02	1.97200e+03	-0.0117968	700.0
1973	7.00651e+02	1.97300e+03	-0.0118089	700.0
1974	7.00657e+02	1.97400e+03	-0.0118161	700.0
1975	7.00667e+02	1.97500e+03	-0.0118206	700.0
1976	7.00672e+02	1.97600e+03	-0.0118238	700.0
1977	7.00677e+02	1.97700e+03	-0.0118342	700.0
1978	7.00679e+02	1.97800e+03	-0.0118498	700.0
1979	7.00689e+02	1.97900e+03	-0.011869	700.0
1980	7.00693e+02	1.98000e+03	-0.0118981	700.0
1981	7.00690e+02	1.98100e+03	-0.0119234	700.0
1982	7.00700e+02	1.98200e+03	-0.0119482	700.0
1983	7.00709e+02	1.98300e+03	-0.011973	700.0
1984	7.00696e+02	1.98400e+03	-0.0120032	700.0
1985	7.00708e+02	1.98500e+03	-0.0120296	700.0
1986	7.00709e+02	1.98600e+03	-0.0120544	700.0
1987	7.00709e+02	1.98700e+03	-0.0120784	700.0
1988	7.00723e+02	1.98800e+03	-0.0120963	700.0
1989	7.00724e+02	1.98900e+03	-0.0121114	700.0
1990	7.00730e+02	1.99000e+03	-0.0121201	700.0
1991	7.00726e+02	1.99100e+03	-0.0121239	700.0
1992	7.00734e+02	1.99200e+03	-0.0121084	700.0
1993	7.00728e+02	1.99300e+03	-0.0120951	700.0
1994	7.00728e+02	1.99400e+03	-0.0120813	700.0
1995	7.00737e+02	1.99500e+03	-0.012067	700.0
1996	7.00741e+02	1.99600e+03	-0.0120403	700.0
1997	7.00742e+02	1.99700e+03	-0.0120241	700.0
1998	7.00741e+02	1.99800e+03	-0.0120116	700.0
1999	7.00754e+02	1.99900e+03	-0.0120007	700.0
2000	7.00752e+02	2.00000e+03	-0.0120009	700.0
2001	7.00755e+02	2.00100e+03	-0.011998	700.0
2002	7.00758e+02	2.00200e+03	-0.0119987	700.0
2003	7.00764e+02	2.00300e+03	-0.0120032	700.0
2004	7.00764e+02	2.00400e+03	-0.0120169	700.0
2005	7.00769e+02	2.00500e+03	-0.0120284	700.0
2006	7.00772e+02	2.00600e+03	-0.0120402	700.0
2007	7.00775e+02	2.00700e+03	-0.0120525	700.0
2008	7.00775e+02	2.00800e+03	-0.0120718	700.0
2009	7.00785e+02	2.00900e+03	-0.0120865	700.0
2010	7.00783e+02	2.01000e+03	-0.0120993	700.0
2011	7.00783e+02	2.01100e+03	-0.0121113	700.0
2012	7.00788e+02	2.01200e+03	-0.0121192	700.0
2013	7.00794e+02	2.01300e+03	-0.0121317	700.0
2014	7.00792e+02	2.01400e+03	-0.012147	700.0
2015	7.00790e+02	2.01500e+03	-0.0121624	700.0
2016	7.00801e+02	2.01600e+03	-0.0121714	700.0
2017	7.00799e+02	2.01700e+03	-0.0121759	700.0
2018	7.00802e+02	2.01800e+03	-0.0121781	700.0
2019	7.00802e+02	2.01900e+03	-0.0121794	700.0
2020	7.00811e+02	2.02000e+03	-0.0121732	700.0
2021	7.00810e+02	2.02100e+03	-0.0121721	700.0
2022	7.00813e+02	2.02200e+03	-0.0121698	700.0
2023	7.00814e+02	2.02300e+03	-0.0121656	700.0
2024	7.00821e+02	2.02400e+03	-0.0121606	700.0
2025	7.00821e+02	2.02500e+03	-0.0121541	700.0
2026	7.00816e+02	2.02600e+03	-0.0121492	700.0
2027	7.00823e+02	2.02700e+03	-0.0121457	700.0
2028	7.00823e+02	2.02800e+03	-0.012141	700.0
2029	7.00825e+02	2.02900e+03	-0.0121408	700.0
2030	7.00825e+02	2.03000e+03	-0.012143	700.0
2031	7.00823e+02	2.03100e+03	-0.0121464	700.0
2032	7.00833e+02	2.03200e+03	-0.0121579	700.0
2033	7.00837e+02	2.03300e+03	-0.0121645	700.0
2034	7.00844e+02	2.03400e+03	-0.0121701	700.0
2035	7.00831e+02	2.03500e+03	-0.0121753	700.0
2036	7.00840e+02	2.03600e+03	-0.0121783	700.0
2037	7.00838e+02	2.03700e+03	-0.0121815	700.0
2038	7.00847e+02	2.03800e+03	-0.0121844	700.0
2039	7.00846e+02	2.03900e+03	-0.0121871	700.0
2040	7.00850e+02	2.04000e+03	-0.012189	700.0
2041	7.00846e+02	2.04100e+03	-0.0121905	700.0
2042	7.00846e+02	2.04200e+03	-0.0121887	700.0
2043	7.00851e+02	2.04300e+03	-0.0121846	700.0
2044	7.00858e+02	2.04400e+03	-0.0121805	700.0
2045	7.00854e+02	2.04500e+03	-0.0121778	700.0
2046	7.00853e+02	2.04600e+03	-0.0121762	700.0
2047	7.00860e+02	2.04700e+03	-0.0121755	700.0
2048	7.00865e+02	2.04800e+03	-0.0121771	700.0
2049	7.00864e+02	2.04900e+03	-0.0121804	700.0
2050	7.00860e+02	2.05000e+03	-0.0121855	700.0
2051	7.00869e+02	2.05100e+03	-0.0121916	700.0
2052	7.00867e+02	2.05200e+03	-0.0122048	700.0
2053	7.00869e+02	2.05300e+03	-0.0122156	700.0
2054	7.00872e+02	2.05400e+03	-0.0122263	700.0
2055	7.00870e+02	2.05500e+03	-0.012237	700.0
2056	7.00879e+02	2.05600e+03	-0.0122482	700.0
2057	7.00880e+02	2.05700e+03	-0.0122575	700.0
2058	7.00877e+02	2.05800e+03	-0.0122655	700.0
2059	7.00879e+02	2.05900e+03	-0.0122728	700.0
2060	7.00873e+02	2.06000e+03	-0.0122798	700.0
2061	7.00886e+02	2.06100e+03	-0.0122917	700.0
2062	7.00881e+02	2.06200e+03	-0.0123055	700.0
2063	7.00886e+02	2.06300e+03	-0.0123195	700.0
2064	7.00882e+02	2.06400e+03	-0.0123381	700.0
2065	7.00884e+02	2.06500e+03	-0.0123536	700.0
2066	7.00883e+02	2.06600e+03	-0.0123682	700.0
2067	7.00881e+02	2.06700e+03	-0.0123825	700.0
2068	7.00890e+02	2.06800e+03	-0.0123957	700.0
2069	7.00891e+02	2.06900e+03	-0.0124099	700.0
2070	7.00882e+02	2.07000e+03	-0.0124247	700.0
2071	7.00889e+02	2.07100e+03	-0.0124399	700.0
2072	7.00894e+02	2.07200e+03	-0.0124567	700.0
2073	7.00891e+02	2.07300e+03	-0.0124716	700.0
2074	7.00889e+02	2.07400e+03	-0.0124839	700.0
2075	7.00896e+02	2.07500e+03	-0.0124953	700.0
2076	7.00898e+02	2.07600e+03	-0.0125088	700.0
2077	7.00901e+02	2.07700e+03	-0.0125238	700.0
2078	7.00902e+02	2.07800e+03	-0.0125399	700.0
2079	7.00909e+02	2.07900e+03	-0.0125567	700.0
2080	7.00908e+02	2.08000e+03	-0.0125741	700.0
2081	7.00901e+02	2.08100e+03	-0.0125882	700.0
2082	7.00903e+02	2.08200e+03	-0.0125993	700.0
2083	7.00903e+02	2.08300e+03	-0.0126084	700.0
2084	7.00906e+02	2.08400e+03	-0.0126073	700.0
2085	7.00911e+02	2.08500e+03	-0.0126065	700.0
2086	7.00910e+02	2.08600e+03	-0.0126041	700.0
2087	7.00915e+02	2.08700e+03	-0.0126006	700.0
2088	7.00915e+02	2.08800e+03	-0.0125894	700.0
2089	7.00902e+02	2.08900e+03	-0.0125841	700.0
2090	7.00911e+02	2.09000e+03	-0.0125806	700.0
2091	7.00919e+02	2.09100e+03	-0.0125778	700.0
2092	7.00918e+02	2.09200e+03	-0.0125789	700.0
2093	7.00922e+02	2.09300e+03	-0.0125757	700.0
2094	7.00924e+02	2.09400e+03	-0.0125714	700.0
2095	7.00924e+02	2.09500e+03	-0.0125681	700.0
2096	7.00922e+02	2.09600e+03	-0.0125666	700.0
2097	7.00928e+02	2.09700e+03	-0.0125667	700.0
2098	7.00927e+02	2.09800e+03	-0.0125666	700.0
2099	7.00934e+02	2.09900e+03	-0.012565	700.0
2100	7.00936e+02	2.10000e+03	-0.0125605	700.0
2101	7.00938e+02	2.10100e+03	-0.0125543	700.0
2102	7.00933e+02	2.10200e+03	-0.0125501	700.0
2103	7.00930e+02	2.10300e+03	-0.0125479	700.0
2104	7.00935e+02	2.10400e+03	-0.0125477	700.0
2105	7.00932e+02	2.10500e+03	-0.0125559	700.0
2106	7.00932e+02	2.10600e+03	-0.0125686	700.0
2107	7.00951e+02	2.10700e+03	-0.0125836	700.0
2108	7.00939e+02	2.10800e+03	-0.0126157	700.0
2109	7.00949e+02	2.10900e+03	-0.0126368	700.0
2110	7.00938e+02	2.11000e+03	-0.0126545	700.0
2111	7.00949e+02	2.11100e+03	-0.012671	700.0
2112	7.00952e+02	2.11200e+03	-0.0126827	700.0
2113	7.00947e+02	2.11300e+03	-0.0126987	700.0
2114	7.00945e+02	2.11400e+03	-0.0127153	700.0
2115	7.00942e+02	2.11500e+03	-0.012731	700.0
2116	7.00940e+02	2.11600e+03	-0.0127445	700.0
2117	7.00947e+02	2.11700e+03	-0.0127568	700.0
2118	7.00950e+02	2.11800e+03	-0.0127679	700.0
2119	7.00943e+02	2.11900e+03	-0.0127784	700.0
2120	7.00939e+02	2.12000e+03	-0.0127852	700.0
2121	7.00940e+02	2.12100e+03	-0.0127941	700.0
2122	7.00947e+02	2.12200e+03	-0.0128035	700.0
2123	7.00946e+02	2.12300e+03	-0.0128129	700.0
2124	7.00946e+02	2.12400e+03	-0.0128231	700.0
2125	7.00946e+02	2.12500e+03	-0.0128334	700.0
2126	7.00958e+02	2.12600e+03	-0.0128446	700.0
2127	7.00950e+02	2.12700e+03	-0.0128567	700.0
2128	7.00958e+02	2.12800e+03	-0.0128732	700.0
2129	7.00949e+02	2.12900e+03	-0.01289	700.0
2130	7.00954e+02	2.13000e+03	-0.0129061	700.0
2131	7.00954e+02	2.13100e+03	-0.0129208	700.0
2132	7.00953e+02	2.13200e+03	-0.0129282	700.0
2133	7.00956e+02	2.13300e+03	-0.0129266	700.0
2134	7.00955e+02	2.13400e+03	-0.0129159	700.0
2135	7.00960e+02	2.13500e+03	-0.0128991	700.0
2136	7.00959e+02	2.13600e+03	-0.0128565	700.0
2137	7.00966e+02	2.13700e+03	-0.0128263	700.0
2138	7.00962e+02	2.13800e+03	-0.0127998	700.0
2139	7.00959e+02	2.13900e+03	-0.0127749	700.0
2140	7.00953e+02	2.14000e+03	-0.0127555	700.0
2141	7.00962e+02	2.14100e+03	-0.0127433	700.0
2142	7.00965e+02	2.14200e+03	-0.0127371	700.0
2143	7.00955e+02	2.14300e+03	-0.0127349	700.0
2144	7.00962e+02	2.14400e+03	-0.0127603	700.0
2145	7.00964e+02	2.14500e+03	-0.0127842	700.0
2146	7.00961e+02	2.14600e+03	-0.0128151	700.0
2147	7.00959e+02	2.14700e+03	-0.0128499	700.0
2148	7.00958e+02	2.14800e+03	-0.0129051	700.0
2149	7.00963e+02	2.14900e+03	-0.0129501	700.0
2150	7.00963e+02	2.15000e+03	-0.0129915	700.0
2151	7.00965e+02	2.15100e+03	-0.013031	700.0
2152	7.00960e+02	2.15200e+03	-0.0130624	700.0
2153	7.00956e+02	2.15300e+03	-0.0130879	700.0
2154	7.00960e+02	2.15400e+03	-0.0131086	700.0
2155	7.00967e+02	2.15500e+03	-0.0131264	700.0
2156	7.00970e+02	2.15600e+03	-0.0131232	700.0
2157	7.00966e+02	2.15700e+03	-0.0131273	700.0
2158	7.00966e+02	2.15800e+03	-0.0131267	700.0
2159	7.00964e+02	2.15900e+03	-0.0131209	700.0
2160	7.00969e+02	2.16000e+03	-0.0131039	700.0
2161	7.00963e+02	2.16100e+03	-0.0130877	700.0
2162	7.00966e+02	2.16200e+03	-0.0130701	700.0
2163	7.00969e+02	2.16300e+03	-0.0130514	700.0
2164	7.00966e+02	2.16400e+03	-0.0130213	700.0
2165	7.00964e+02	2.16500e+03	-0.0129984	700.0
2166	7.00968e+02	2.16600e+03	-0.0129766	700.0
2167	7.00967e+02	2.16700e+03	-0.0129531	700.0
2168	7.00958e+02	2.16800e+03	-0.0129289	700.0
2169	7.00963e+02	2.16900e+03	-0.0129048	700.0
2170	7.00963e+02	2.17000e+03	-0.0128829	700.0
2171	7.00964e+02	2.17100e+03	-0.0128629	700.0
2172	7.00964e+02	2.17200e+03	-0.0128477	700.0
2173	7.00957e+02	2.17300e+03	-0.0128384	700.0
2174	7.00963e+02	2.17400e+03	-0.0128343	700.0
2175	7.00966e+02	2.17500e+03	-0.0128335	700.0
2176	7.00955e+02	2.17600e+03	-0.0128541	700.0
2177	7.00961e+02	2.17700e+03	-0.0128691	700.0
2178	7.00964e+02	2.17800e+03	-0.0128855	700.0
2179	7.00957e+02	2.17900e+03	-0.0129037	700.0
2180	7.00956e+02	2.18000e+03	-0.0129311	700.0
2181	7.00962e+02	2.18100e+03	-0.0129534	700.0
2182	7.00959e+02	2.18200e+03	-0.0129743	700.0
2183	7.00960e+02	2.18300e+03	-0.0129947	700.0
2184	7.00963e+02	2.18400e+03	-0.0130117	700.0
2185	7.00964e+02	2.18500e+03	-0.0130277	700.0
2186	7.00959e+02	2.18600e+03	-0.0130421	700.0
2187	7.00955e+02	2.18700e+03	-0.0130553	700.0
2188	7.00956e+02	2.18800e+03	-0.0130612	700.0
2189	7.00957e+02	2.18900e+03	-0.0130675	700.0
2190	7.00957e+02	2.19000e+03	-0.013069	700.0
2191	7.00955e+02	2.19100e+03	-0.0130664	700.0
2192	7.00965e+02	2.19200e+03	-0.013049	700.0
2193	7.00955e+02	2.19300e+03	-0.013031	700.0
2194	7.00951e+02	2.19400e+03	-0.0130117	700.0
2195	7.00963e+02	2.19500e+03	-0.012992	700.0
2196	7.00954e+02	2.19600e+03	-0.0129613	700.0
2197	7.00954e+02	2.19700e+03	-0.0129408	700.0
2198	7.00954e+02	2.19800e+03	-0.0129245	700.0
2199	7.00957e+02	2.19900e+03	-0.0129101	700.0
2200	7.00958e+02	2.20000e+03	-0.0129077	700.0
2201	7.00961e+02	2.20100e+03	-0.0129018	700.0
2202	7.00951e+02	2.20200e+03	-0.0128965	700.0
2203	7.00963e+02	2.20300e+03	-0.0128922	700.0
2204	7.00960e+02	2.20400e+03	-0.0128996	700.0
2205	7.00964e+02	2.20500e+03	-0.0129082	700.0
2206	7.00964e+02	2.20600e+03	-0.0129172	700.0
2207	7.00962e+02	2.20700e+03	-0.0129252	700.0
2208	7.00954e+02	2.20800e+03	-0.0129344	700.0
2209	7.00948e+02	2.20900e+03	-0.0129356	700.0
2210	7.00951e+02	2.21000e+03	-0.0129343	700.0
2211	7.00953e+02	2.21100e+03	-0.012932	700.0
2212	7.00952e+02	2.21200e+03	-0.0129178	700.0
2213	7.00956e+02	2.21300e+03	-0.0129126	700.0
2214	7.00955e+02	2.21400e+03	-0.0129106	700.0
2215	7.00955e+02	2.21500e+03	-0.0129098	700.0
2216	7.00948e+02	2.21600e+03	-0.0129149	700.0
2217	7.00958e+02	2.21700e+03	-0.012914	700.0
2218	7.00950e+02	2.21800e+03	-0.0129107	700.0
2219	7.00944e+02	2.21900e+03	-0.0129074	700.0
2220	7.00961e+02	2.22000e+03	-0.0129023	700.0
2221	7.00948e+02	2.22100e+03	-0.0128985	700.0
2222	7.00948e+02	2.22200e+03	-0.0128955	700.0
2223	7.00946e+02	2.22300e+03	-0.0128928	700.0
2224	7.00956e+02	2.22400e+03	-0.012891	700.0
2225	7.00947e+02	2.22500e+03	-0.0128898	700.0
2226	7.00948e+02	2.22600e+03	-0.01289	700.0
2227	7.00950e+02	2.22700e+03	-0.0128922	700.0
2228	7.00951e+02	2.22800e+03	-0.0129056	700.0
2229	7.00945e+02	2.22900e+03	-0.0129207	700.0
2230	7.00942e+02	2.23000e+03	-0.0129371	700.0
2231	7.00943e+02	2.23100e+03	-0.0129544	700.0
2232	7.00943e+02	2.23200e+03	-0.0129798	700.0
2233	7.00944e+02	2.23300e+03	-0.0129934	700.0
2234	7.00941e+02	2.23400e+03	-0.0130022	700.0
2235	7.00943e+02	2.23500e+03	-0.0130098	700.0
2236	7.00937e+02	2.23600e+03	-0.0130067	700.0
2237	7.00941e+02	2.23700e+03	-0.0130106	700.0
2238	7.00939e+02	2.23800e+03	-0.0130171	700.0
2239	7.00938e+02	2.23900e+03	-0.0130249	700.0
2240	7.00931e+02	2.24000e+03	-0.0130383	700.0
2241	7.00938e+02	2.24100e+03	-0.0130508	700.0
2242	7.00933e+02	2.24200e+03	-0.0130602	700.0
2243	7.00940e+02	2.24300e+03	-0.0130668	700.0
2244	7.00938e+02	2.24400e+03	-0.0130751	700.0
2245	7.00934e+02	2.24500e+03	-0.0130815	700.0
2246	7.00929e+02	2.24600e+03	-0.013088	700.0
2247	7.00933e+02	2.24700e+03	-0.0130948	700.0
2248	7.00932e+02	2.24800e+03	-0.0130984	700.0
2249	7.00934e+02	2.24900e+03	-0.013106	700.0
2250	7.00930e+02	2.25000e+03	-0.0131149	700.0
2251	7.00930e+02	2.25100e+03	-0.0131243	700.0
2252	7.00939e+02	2.25200e+03	-0.0131381	700.0
2253	7.00935e+02	2.25300e+03	-0.0131492	700.0
2254	7.00932e+02	2.25400e+03	-0.0131599	700.0
2255	7.00929e+02	2.25500e+03	-0.0131708	700.0
2256	7.00938e+02	2.25600e+03	-0.0131791	700.0
2257	7.00934e+02	2.25700e+03	-0.0131839	700.0
2258	7.00931e+02	2.25800e+03	-0.013185	700.0
2259	7.00928e+02	2.25900e+03	-0.0131851	700.0
2260	7.00926e+02	2.26000e+03	-0.0131787	700.0
2261	7.00925e+02	2.26100e+03	-0.0131742	700.0
2262	7.00916e+02	2.26200e+03	-0.0131693	700.0
2263	7.00933e+02	2.26300e+03	-0.013164	700.0
2264	7.00928e+02	2.26400e+03	-0.013154	700.0
2265	7.00930e+02	2.26500e+03	-0.0131452	700.0
2266	7.00930e+02	2.26600e+03	-0.0131348	700.0
2267	7.00929e+02	2.26700e+03	-0.0131215	700.0
2268	7.00922e+02	2.26800e+03	-0.0131028	700.0
2269	7.00927e+02	2.26900e+03	-0.0130875	700.0
2270	7.00926e+02	2.27000e+03	-0.0130754	700.0
2271	7.00924e+02	2.27100e+03	-0.0130656	700.0
2272	7.00916e+02	2.27200e+03	-0.0130627	700.0
2273	7.00922e+02	2.27300e+03	-0.0130657	700.0
2274	7.00931e+02	2.27400e+03	-0.0130722	700.0
2275	7.00924e+02	2.27500e+03	-0.013079	700.0
2276	7.00925e+02	2.27600e+03	-0.0130934	700.0
2277	7.00924e+02	2.27700e+03	-0.0130962	700.0
2278	7.00929e+02	2.27800e+03	-0.0130968	700.0
2279	7.00920e+02	2.27900e+03	-0.0130975	700.0
2280	7.00926e+02	2.28000e+03	-0.0130844	700.0
2281	7.00922e+02	2.28100e+03	-0.0130794	700.0
2282	7.00924e+02	2.28200e+03	-0.0130757	700.0
2283	7.00920e+02	2.28300e+03	-0.0130717	700.0
2284	7.00919e+02	2.28400e+03	-0.0130625	700.0
2285	7.00921e+02	2.28500e+03	-0.0130479	700.0
2286	7.00921e+02	2.28600e+03	-0.0130314	700.0
2287	7.00922e+02	2.28700e+03	-0.0130142	700.0
2288	7.00924e+02	2.28800e+03	-0.0129934	700.0
2289	7.00925e+02	2.28900e+03	-0.0129849	700.0
2290	7.00917e+02	2.29000e+03	-0.0129816	700.0
2291	7.00923e+02	2.29100e+03	-0.0129805	700.0
2292	7.00927e+02	2.29200e+03	-0.0129992	700.0
2293	7.00921e+02	2.29300e+03	-0.01301	700.0
2294	7.00921e+02	2.29400e+03	-0.0130202	700.0
2295	7.00920e+02	2.29500e+03	-0.0130307	700.0
2296	7.00924e+02	2.29600e+03	-0.0130434	700.0
2297	7.00926e+02	2.29700e+03	-0.0130532	700.0
2298	7.00916e+02	2.29800e+03	-0.0130598	700.0
2299	7.00916e+02	2.29900e+03	-0.0130628	700.0
2300	7.00914e+02	2.30000e+03	-0.0130511	700.0
2301	7.00915e+02	2.30100e+03	-0.0130378	700.0
2302	7.00914e+02	2.30200e+03	-0.0130185	700.0
2303	7.00914e+02	2.30300e+03	-0.012995	700.0
2304	7.00916e+02	2.30400e+03	-0.0129536	700.0
2305	7.00922e+02	2.30500e+03	-0.0129231	700.0
2306	7.00912e+02	2.30600e+03	-0.0128963	700.0
2307	7.00919e+02	2.30700e+03	-0.0128712	700.0
2308	7.00925e+02	2.30800e+03	-0.0128546	700.0
2309	7.00913e+02	2.30900e+03	-0.0128414	700.0
2310	7.00906e+02	2.31000e+03	-0.0128333	700.0
2311	7.00919e+02	2.31100e+03	-0.0128288	700.0
2312	7.00910e+02	2.31200e+03	-0.0128464	700.0
2313	7.00914e+02	2.31300e+03	-0.01286	700.0
2314	7.00912e+02	2.31400e+03	-0.012876	700.0
2315	7.00914e+02	2.31500e+03	-0.0128944	700.0
2316	7.00917e+02	2.31600e+03	-0.0129265	700.0
2317	7.00916e+02	2.31700e+03	-0.0129517	700.0
2318	7.00916e+02	2.31800e+03	-0.0129752	700.0
2319	7.00906e+02	2.31900e+03	-0.0129982	700.0
2320	7.00909e+02	2.32000e+03	-0.0130173	700.0
2321	7.00905e+02	2.32100e+03	-0.0130345	700.0
2322	7.00913e+02	2.32200e+03	-0.0130494	700.0
2323	7.00903e+02	2.32300e+03	-0.0130628	700.0
2324	7.00902e+02	2.32400e+03	-0.0130658	700.0
2325	7.00903e+02	2.32500e+03	-0.0130706	700.0
2326	7.00906e+02	2.32600e+03	-0.0130736	700.0
2327	7.00907e+02	2.32700e+03	-0.013075	700.0
2328	7.00905e+02	2.32800e+03	-0.013062	700.0
2329	7.00909e+02	2.32900e+03	-0.0130491	700.0
2330	7.00913e+02	2.33000e+03	-0.013037	700.0
2331	7.00909e+02	2.33100e+03	-0.0130259	700.0
2332	7.00907e+02	2.33200e+03	-0.0130125	700.0
2333	7.00901e+02	2.33300e+03	-0.0130093	700.0
2334	7.00914e+02	2.33400e+03	-0.0130121	700.0
2335	7.00905e+02	2.33500e+03	-0.0130181	700.0
2336	7.00904e+02	2.33600e+03	-0.0130449	700.0
2337	7.00894e+02	2.33700e+03	-0.0130637	700.0
2338	7.00903e+02	2.33800e+03	-0.0130819	700.0
2339	7.00903e+02	2.33900e+03	-0.0131004	700.0
2340	7.00901e+02	2.34000e+03	-0.0131205	700.0
2341	7.00905e+02	2.34100e+03	-0.0131367	700.0
2342	7.00912e+02	2.34200e+03	-0.0131507	700.0
2343	7.00913e+02	2.34300e+03	-0.0131637	700.0
2344	7.00911e+02	2.34400e+03	-0.0131702	700.0
2345	7.00908e+02	2.34500e+03	-0.0131798	700.0
2346	7.00905e+02	2.34600e+03	-0.0131898	700.0
2347	7.00913e+02	2.34700e+03	-0.0131998	700.0
2348	7.00905e+02	2.34800e+03	-0.0132094	700.0
2349	7.00910e+02	2.34900e+03	-0.0132183	700.0
2350	7.00912e+02	2.35000e+03	-0.013224	700.0
2351	7.00909e+02	2.35100e+03	-0.013226	700.0
2352	7.00910e+02	2.35200e+03	-0.0132184	700.0
2353	7.00905e+02	2.35300e+03	-0.0132121	700.0
2354	7.00904e+02	2.35400e+03	-0.0132072	700.0
2355	7.00905e+02	2.35500e+03	-0.0132032	700.0
2356	7.00901e+02	2.35600e+03	-0.0131922	700.0
2357	7.00894e+02	2.35700e+03	-0.0131867	700.0
2358	7.00901e+02	2.35800e+03	-0.013181	700.0
2359	7.00897e+02	2.35900e+03	-0.0131744	700.0
2360	7.00898e+02	2.36000e+03	-0.0131678	700.0
2361	7.00895e+02	2.36100e+03	-0.0131558	700.0
2362	7.00902e+02	2.36200e+03	-0.0131418	700.0
2363	7.00900e+02	2.36300e+03	-0.0131272	700.0
2364	7.00906e+02	2.36400e+03	-0.013106	700.0
2365	7.00895e+02	2.36500e+03	-0.0130925	700.0
2366	7.00890e+02	2.36600e+03	-0.0130816	700.0
2367	7.00893e+02	2.36700e+03	-0.0130717	700.0
2368	7.00903e+02	2.36800e+03	-0.0130704	700.0
2369	7.00892e+02	2.36900e+03	-0.0130652	700.0
2370	7.00894e+02	2.37000e+03	-0.0130604	700.0
2371	7.00895e+02	2.37100e+03	-0.0130566	700.0
2372	7.00893e+02	2.37200e+03	-0.0130571	700.0
2373	7.00888e+02	2.37300e+03	-0.0130591	700.0
2374	7.00900e+02	2.37400e+03	-0.013061	700.0
2375	7.00899e+02	2.37500e+03	-0.013062	700.0
2376	7.00903e+02	2.37600e+03	-0.0130667	700.0
2377	7.00903e+02	2.37700e+03	-0.0130664	700.0
2378	7.00899e+02	2.37800e+03	-0.0130651	700.0
2379	7.00897e+02	2.37900e+03	-0.0130649	700.0
2380	7.00898e+02	2.38000e+03	-0.0130715	700.0
2381	7.00890e+02	2.38100e+03	-0.0130878	700.0
2382	7.00887e+02	2.38200e+03	-0.0131103	700.0
2383	7.00889e+02	2.38300e+03	-0.0131364	700.0
2384	7.00897e+02	2.38400e+03	-0.0131844	700.0
2385	7.00900e+02	2.38500e+03	-0.0132164	700.0
2386	7.00903e+02	2.38600e+03	-0.0132395	700.0
2387	7.00895e+02	2.38700e+03	-0.0132582	700.0
2388	7.00892e+02	2.38800e+03	-0.0132618	700.0
2389	7.00891e+02	2.38900e+03	-0.0132676	700.0
2390	7.00897e+02	2.39000e+03	-0.0132752	700.0
2391	7.00895e+02	2.39100e+03	-0.0132836	700.0
2392	7.00898e+02	2.39200e+03	-0.0132828	700.0
2393	7.00898e+02	2.39300e+03	-0.0132926	700.0
2394	7.00897e+02	2.39400e+03	-0.0133062	700.0
2395	7.00896e+02	2.39500e+03	-0.0133212	700.0
2396	7.00901e+02	2.39600e+03	-0.0133508	700.0
2397	7.00899e+02	2.39700e+03	-0.0133727	700.0
2398	7.00891e+02	2.39800e+03	-0.0133923	700.0
2399	7.00897e+02	2.39900e+03	-0.0134109	700.0
2400	7.00886e+02	2.40000e+03	-0.0134163	700.0
2401	7.00888e+02	2.40100e+03	-0.0134133	700.0
2402	7.00888e+02	2.40200e+03	-0.0134002	700.0
2403	7.00891e+02	2.40300e+03	-0.01338	700.0
2404	7.00897e+02	2.40400e+03	-0.0133283	700.0
2405	7.00893e+02	2.40500e+03	-0.0132898	700.0
2406	7.00889e+02	2.40600e+03	-0.0132554	700.0
2407	7.00882e+02	2.40700e+03	-0.0132231	700.0
2408	7.00884e+02	2.40800e+03	-0.0131922	700.0
2409	7.00891e+02	2.40900e+03	-0.01317	700.0
2410	7.00883e+02	2.41000e+03	-0.0131499	700.0
2411	7.00884e+02	2.41100e+03	-0.0131283	700.0
2412	7.00887e+02	2.41200e+03	-0.0131148	700.0
2413	7.00884e+02	2.41300e+03	-0.0130891	700.0
2414	7.00884e+02	2.41400e+03	-0.0130603	700.0
2415	7.00879e+02	2.41500e+03	-0.0130307	700.0
2416	7.00887e+02	2.41600e+03	-0.0129906	700.0
2417	7.00892e+02	2.41700e+03	-0.0129679	700.0
2418	7.00886e+02	2.41800e+03	-0.0129579	700.0
2419	7.00885e+02	2.41900e+03	-0.0129564	700.0
2420	7.00885e+02	2.42000e+03	-0.0130031	700.0
2421	7.00885e+02	2.42100e+03	-0.0130513	700.0
2422	7.00879e+02	2.42200e+03	-0.0131105	700.0
2423	7.00888e+02	2.42300e+03	-0.0131774	700.0
2424	7.00885e+02	2.42400e+03	-0.0132913	700.0
2425	7.00891e+02	2.42500e+03	-0.0133758	700.0
2426	7.00880e+02	2.42600e+03	-0.0134482	700.0
2427	7.00878e+02	2.42700e+03	-0.013514	700.0
2428	7.00885e+02	2.42800e+03	-0.0135416	700.0
2429	7.00891e+02	2.42900e+03	-0.0135598	700.0
2430	7.00877e+02	2.43000e+03	-0.0135638	700.0
2431	7.00875e+02	2.43100e+03	-0.0135578	700.0
2432	7.00890e+02	2.43200e+03	-0.0134893	700.0
2433	7.00889e+02	2.43300e+03	-0.013445	700.0
2434	7.00884e+02	2.43400e+03	-0.0134022	700.0
2435	7.00879e+02	2.43500e+03	-0.0133576	700.0
2436	7.00879e+02	2.43600e+03	-0.0133053	700.0
2437	7.00884e+02	2.43700e+03	-0.0132633	700.0
2438	7.00878e+02	2.43800e+03	-0.0132271	700.0
2439	7.00880e+02	2.43900e+03	-0.0131942	700.0
2440	7.00880e+02	2.44000e+03	-0.0131807	700.0
2441	7.00889e+02	2.44100e+03	-0.0131624	700.0
2442	7.00892e+02	2.44200e+03	-0.0131428	700.0
2443	7.00879e+02	2.44300e+03	-0.0131228	700.0
2444	7.00883e+02	2.44400e+03	-0.0131074	700.0
2445	7.00878e+02	2.44500e+03	-0.0130847	700.0
2446	7.00873e+02	2.44600e+03	-0.0130622	700.0
2447	7.00882e+02	2.44700e+03	-0.0130416	700.0
2448	7.00884e+02	2.44800e+03	-0.0130228	700.0
2449	7.00880e+02	2.44900e+03	-0.0130144	700.0
2450	7.00878e+02	2.45000e+03	-0.0130117	700.0
2451	7.00882e+02	2.45100e+03	-0.0130121	700.0
2452	7.00883e+02	2.45200e+03	-0.0130384	700.0
2453	7.00876e+02	2.45300e+03	-0.0130559	700.0
2454	7.00878e+02	2.45400e+03	-0.0130738	700.0
2455	7.00875e+02	2.45500e+03	-0.0130932	700.0
2456	7.00885e+02	2.45600e+03	-0.0131199	700.0
2457	7.00878e+02	2.45700e+03	-0.0131428	700.0
2458	7.00866e+02	2.45800e+03	-0.0131648	700.0
2459	7.00869e+02	2.45900e+03	-0.0131865	700.0
2460	7.00879e+02	2.46000e+03	-0.0132068	700.0
2461	7.00879e+02	2.46100e+03	-0.0132266	700.0
2462	7.00873e+02	2.46200e+03	-0.0132459	700.0
2463	7.00880e+02	2.46300e+03	-0.0132647	700.0
2464	7.00878e+02	2.46400e+03	-0.0132806	700.0
2465	7.00866e+02	2.46500e+03	-0.0132972	700.0
2466	7.00878e+02	2.46600e+03	-0.0133129	700.0
2467	7.00880e+02	2.46700e+03	-0.0133277	700.0
2468	7.00879e+02	2.46800e+03	-0.0133369	700.0
2469	7.00879e+02	2.46900e+03	-0.013344	700.0
2470	7.00882e+02	2.47000e+03	-0.013347	700.0
2471	7.00873e+02	2.47100e+03	-0.0133462	700.0
2472	7.00878e+02	2.47200e+03	-0.0133241	700.0
2473	7.00880e+02	2.47300e+03	-0.0133026	700.0
2474	7.00879e+02	2.47400e+03	-0.0132774	700.0
2475	7.00881e+02	2.47500e+03	-0.013248	700.0
2476	7.00884e+02	2.47600e+03	-0.0131969	700.0
2477	7.00881e+02	2.47700e+03	-0.013159	700.0
2478	7.00870e+02	2.47800e+03	-0.0131264	700.0
2479	7.00876e+02	2.47900e+03	-0.0130965	700.0
2480	7.00878e+02	2.48000e+03	-0.0130796	700.0
2481	7.00868e+02	2.48100e+03	-0.0130712	700.0
2482	7.00872e+02	2.48200e+03	-0.0130717	700.0
2483	7.00878e+02	2.48300e+03	-0.0130768	700.0
2484	7.00880e+02	2.48400e+03	-0.01311	700.0
2485	7.00870e+02	2.48500e+03	-0.0131291	700.0
2486	7.00872e+02	2.48600e+03	-0.0131422	700.0
2487	7.00874e+02	2.48700e+03	-0.0131522	700.0
2488	7.00872e+02	2.48800e+03	-0.013154	700.0
2489	7.00870e+02	2.48900e+03	-0.0131512	700.0
2490	7.00864e+02	2.49000e+03	-0.0131463	700.0
2491	7.00868e+02	2.49100e+03	-0.0131406	700.0
2492	7.00870e+02	2.49200e+03	-0.0131189	700.0
2493	7.00867e+02	2.49300e+03	-0.0131085	700.0
2494	7.00872e+02	2.49400e+03	-0.013102	700.0
2495	7.00871e+02	2.49500e+03	-0.0130974	700.0
2496	7.00866e+02	2.49600e+03	-0.0131043	700.0
2497	7.00868e+02	2.49700e+03	-0.013109	700.0
2498	7.00878e+02	2.49800e+03	-0.0131136	700.0
2499	7.00872e+02	2.49900e+03	-0.0131179	700.0
2500	7.00867e+02	2.50000e+03	-0.0131241	700.0
2501	7.00872e+02	2.50100e+03	-0.0131243	700.0
2502	7.00873e+02	2.50200e+03	-0.0131213	700.0
2503	7.00868e+02	2.50300e+03	-0.0131165	700.0
2504	7.00863e+02	2.50400e+03	-0.0130998	700.0
2505	7.00864e+02	2.50500e+03	-0.0130878	700.0
2506	7.00868e+02	2.50600e+03	-0.0130769	700.0
2507	7.00868e+02	2.50700e+03	-0.0130665	700.0
2508	7.00863e+02	2.50800e+03	-0.0130587	700.0
2509	7.00865e+02	2.50900e+03	-0.0130546	700.0
2510	7.00868e+02	2.51000e+03	-0.0130531	700.0
2511	7.00856e+02	2.51100e+03	-0.013053	700.0
2512	7.00863e+02	2.51200e+03	-0.0130627	700.0
2513	7.00865e+02	2.51300e+03	-0.0130676	700.0
2514	7.00863e+02	2.51400e+03	-0.0130721	700.0
2515	7.00869e+02	2.51500e+03	-0.0130778	700.0
2516	7.00865e+02	2.51600e+03	-0.0130899	700.0
2517	7.00867e+02	2.51700e+03	-0.013103	700.0
2518	7.00862e+02	2.51800e+03	-0.0131154	700.0
2519	7.00865e+02	2.51900e+03	-0.0131272	700.0
2520	7.00860e+02	2.52000e+03	-0.0131448	700.0
2521	7.00863e+02	2.52100e+03	-0.0131588	700.0
2522	7.00867e+02	2.52200e+03	-0.0131728	700.0
2523	7.00865e+02	2.52300e+03	-0.0131872	700.0
2524	7.00864e+02	2.52400e+03	-0.0131988	700.0
2525	7.00865e+02	2.52500e+03	-0.0132103	700.0
2526	7.00869e+02	2.52600e+03	-0.013219	700.0
2527	7.00868e+02	2.52700e+03	-0.0132252	700.0
2528	7.00861e+02	2.52800e+03	-0.0132197	700.0
2529	7.00867e+02	2.52900e+03	-0.0132071	700.0
2530	7.00872e+02	2.53000e+03	-0.0131881	700.0
2531	7.00866e+02	2.53100e+03	-0.0131666	700.0
2532	7.00865e+02	2.53200e+03	-0.0131289	700.0
2533	7.00860e+02	2.53300e+03	-0.0131052	700.0
2534	7.00865e+02	2.53400e+03	-0.0130868	700.0
2535	7.00876e+02	2.53500e+03	-0.0130708	700.0
2536	7.00863e+02	2.53600e+03	-0.0130696	700.0
2537	7.00864e+02	2.53700e+03	-0.0130659	700.0
2538	7.00877e+02	2.53800e+03	-0.0130644	700.0
2539	7.00866e+02	2.53900e+03	-0.0130649	700.0
2540	7.00860e+02	2.54000e+03	-0.013077	700.0
2541	7.00858e+02	2.54100e+03	-0.0130852	700.0
2542	7.00865e+02	2.54200e+03	-0.0130936	700.0
2543	7.00868e+02	2.54300e+03	-0.0131028	700.0
2544	7.00864e+02	2.54400e+03	-0.0131159	700.0
2545	7.00857e+02	2.54500e+03	-0.0131279	700.0
2546	7.00864e+02	2.54600e+03	-0.0131404	700.0
2547	7.00867e+02	2.54700e+03	-0.0131537	700.0
2548	7.00869e+02	2.54800e+03	-0.0131713	700.0
2549	7.00858e+02	2.54900e+03	-0.0131892	700.0
2550	7.00868e+02	2.55000e+03	-0.0132068	700.0
2551	7.00865e+02	2.55100e+03	-0.0132236	700.0
2552	7.00858e+02	2.55200e+03	-0.0132389	700.0
2553	7.00862e+02	2.55300e+03	-0.0132489	700.0
2554	7.00857e+02	2.55400e+03	-0.0132552	700.0
2555	7.00861e+02	2.55500e+03	-0.0132596	700.0
2556	7.00869e+02	2.55600e+03	-0.0132506	700.0
2557	7.00860e+02	2.55700e+03	-0.0132472	700.0
2558	7.00855e+02	2.55800e+03	-0.0132437	700.0
2559	7.00860e+02	2.55900e+03	-0.0132381	700.0
2560	7.00859e+02	2.56000e+03	-0.013229	700.0
2561	7.00858e+02	2.56100e+03	-0.0132195	700.0
2562	7.00859e+02	2.56200e+03	-0.013208	700.0
2563	7.00864e+02	2.56300e+03	-0.0131964	700.0
2564	7.00860e+02	2.56400e+03	-0.0131864	700.0
2565	7.00863e+02	2.56500e+03	-0.0131844	700.0
2566	7.00865e+02	2.56600e+03	-0.0131917	700.0
2567	7.00858e+02	2.56700e+03	-0.0132044	700.0
2568	7.00860e+02	2.56800e+03	-0.0132318	700.0
2569	7.00857e+02	2.56900e+03	-0.0132507	700.0
2570	7.00855e+02	2.57000e+03	-0.0132643	700.0
2571	7.00857e+02	2.57100e+03	-0.0132755	700.0
2572	7.00855e+02	2.57200e+03	-0.0132862	700.0
2573	7.00862e+02	2.57300e+03	-0.0132928	700.0
2574	7.00859e+02	2.57400e+03	-0.0132971	700.0
2575	7.00861e+02	2.57500e+03	-0.0133001	700.0
2576	7.00865e+02	2.57600e+03	-0.0132857	700.0
2577	7.00862e+02	2.57700e+03	-0.0132726	700.0
2578	7.00863e+02	2.57800e+03	-0.0132574	700.0
2579	7.00856e+02	2.57900e+03	-0.0132411	700.0
2580	7.00858e+02	2.58000e+03	-0.0132193	700.0
2581	7.00865e+02	2.58100e+03	-0.0132093	700.0
2582	7.00863e+02	2.58200e+03	-0.0132094	700.0
2583	7.00850e+02	2.58300e+03	-0.0132151	700.0
2584	7.00851e+02	2.58400e+03	-0.0132388	700.0
2585	7.00855e+02	2.58500e+03	-0.0132554	700.0
2586	7.00858e+02	2.58600e+03	-0.0132668	700.0
2587	7.00863e+02	2.58700e+03	-0.0132745	700.0
2588	7.00865e+02	2.58800e+03	-0.0132829	700.0
2589	7.00856e+02	2.58900e+03	-0.0132855	700.0
2590	7.00852e+02	2.59000e+03	-0.0132863	700.0
2591	7.00852e+02	2.59100e+03	-0.0132869	700.0
2592	7.00863e+02	2.59200e+03	-0.0132771	700.0
2593	7.00852e+02	2.59300e+03	-0.0132766	700.0
2594	7.00857e+02	2.59400e+03	-0.0132763	700.0
2595	7.00861e+02	2.59500e+03	-0.0132743	700.0
2596	7.00855e+02	2.59600e+03	-0.013279	700.0
2597	7.00849e+02	2.59700e+03	-0.0132798	700.0
2598	7.00854e+02	2.59800e+03	-0.0132817	700.0
2599	7.00853e+02	2.59900e+03	-0.0132867	700.0
2600	7.00856e+02	2.60000e+03	-0.0132956	700.0
2601	7.00857e+02	2.60100e+03	-0.0133068	700.0
2602	7.00859e+02	2.60200e+03	-0.0133177	700.0
2603	7.00849e+02	2.60300e+03	-0.0133271	700.0
2604	7.00859e+02	2.60400e+03	-0.0133377	700.0
2605	7.00861e+02	2.60500e+03	-0.0133395	700.0
2606	7.00856e+02	2.60600e+03	-0.0133382	700.0
2607	7.00855e+02	2.60700e+03	-0.0133358	700.0
2608	7.00855e+02	2.60800e+03	-0.0133175	700.0
2609	7.00856e+02	2.60900e+03	-0.0133089	700.0
2610	7.00856e+02	2.61000e+03	-0.0133015	700.0
2611	7.00859e+02	2.61100e+03	-0.0132926	700.0
2612	7.00856e+02	2.61200e+03	-0.0132815	700.0
2613	7.00848e+02	2.61300e+03	-0.0132691	700.0
2614	7.00850e+02	2.61400e+03	-0.0132581	700.0
2615	7.00851e+02	2.61500e+03	-0.0132485	700.0
2616	7.00850e+02	2.61600e+03	-0.0132414	700.0
2617	7.00848e+02	2.61700e+03	-0.0132455	700.0
2618	7.00858e+02	2.61800e+03	-0.0132574	700.0
2619	7.00859e+02	2.61900e+03	-0.0132723	700.0
2620	7.00848e+02	2.62000e+03	-0.0133075	700.0
2621	7.00846e+02	2.62100e+03	-0.0133314	700.0
2622	7.00850e+02	2.62200e+03	-0.0133522	700.0
2623	7.00855e+02	2.62300e+03	-0.0133717	700.0
2624	7.00856e+02	2.62400e+03	-0.0133847	700.0
2625	7.00849e+02	2.62500e+03	-0.0133951	700.0
2626	7.00854e+02	2.62600e+03	-0.0134025	700.0
2627	7.00854e+02	2.62700e+03	-0.0134081	700.0
2628	7.00859e+02	2.62800e+03	-0.0134002	700.0
2629	7.00858e+02	2.62900e+03	-0.0133968	700.0
2630	7.00852e+02	2.63000e+03	-0.0133926	700.0
2631	7.00856e+02	2.63100e+03	-0.0133874	700.0
2632	7.00845e+02	2.63200e+03	-0.0133765	700.0
2633	7.00853e+02	2.63300e+03	-0.013367	700.0
2634	7.00852e+02	2.63400e+03	-0.0133573	700.0
2635	7.00849e+02	2.63500e+03	-0.0133473	700.0
2636	7.00862e+02	2.63600e+03	-0.0133357	700.0
2637	7.00848e+02	2.63700e+03	-0.0133263	700.0
2638	7.00846e+02	2.63800e+03	-0.0133181	700.0
2639	7.00849e+02	2.63900e+03	-0.0133105	700.0
2640	7.00856e+02	2.64000e+03	-0.0133068	700.0
2641	7.00847e+02	2.64100e+03	-0.0133017	700.0
2642	7.00846e+02	2.64200e+03	-0.0132941	700.0
2643	7.00852e+02	2.64300e+03	-0.0132839	700.0
2644	7.00852e+02	2.64400e+03	-0.0132686	700.0
2645	7.00848e+02	2.64500e+03	-0.0132489	700.0
2646	7.00846e+02	2.64600e+03	-0.0132247	700.0
2647	7.00848e+02	2.64700e+03	-0.0131987	700.0
2648	7.00851e+02	2.64800e+03	-0.0131629	700.0
2649	7.00853e+02	2.64900e+03	-0.0131368	700.0
2650	7.00859e+02	2.65000e+03	-0.0131159	700.0
2651	7.00849e+02	2.65100e+03	-0.013098	700.0
2652	7.00854e+02	2.65200e+03	-0.0130945	700.0
2653	7.00850e+02	2.65300e+03	-0.0130873	700.0
2654	7.00851e+02	2.65400e+03	-0.0130794	700.0
2655	7.00852e+02	2.65500e+03	-0.0130727	700.0
2656	7.00847e+02	2.65600e+03	-0.0130778	700.0
2657	7.00845e+02	2.65700e+03	-0.013079	700.0
2658	7.00851e+02	2.65800e+03	-0.0130811	700.0
2659	7.00848e+02	2.65900e+03	-0.0130847	700.0
2660	7.00849e+02	2.66000e+03	-0.0130922	700.0
2661	7.00853e+02	2.66100e+03	-0.0131002	700.0
2662	7.00845e+02	2.66200e+03	-0.0131091	700.0
2663	7.00850e+02	2.66300e+03	-0.0131188	700.0
2664	7.00848e+02	2.66400e+03	-0.0131341	700.0
2665	7.00849e+02	2.66500e+03	-0.0131472	700.0
2666	7.00848e+02	2.66600e+03	-0.0131604	700.0
2667	7.00850e+02	2.66700e+03	-0.013174	700.0
2668	7.00849e+02	2.66800e+03	-0.0131889	700.0
2669	7.00849e+02	2.66900e+03	-0.013202	700.0
2670	7.00842e+02	2.67000e+03	-0.0132104	700.0
2671	7.00846e+02	2.67100e+03	-0.0132151	700.0
2672	7.00850e+02	2.67200e+03	-0.0132138	700.0
2673	7.00849e+02	2.67300e+03	-0.0132126	700.0
2674	7.00849e+02	2.67400e+03	-0.0132106	700.0
2675	7.00843e+02	2.67500e+03	-0.0132082	700.0
2676	7.00848e+02	2.67600e+03	-0.0132024	700.0
2677	7.00842e+02	2.67700e+03	-0.013202	700.0
2678	7.00849e+02	2.67800e+03	-0.0132007	700.0
2679	7.00852e+02	2.67900e+03	-0.0131977	700.0
2680	7.00858e+02	2.68000e+03	-0.013194	700.0
2681	7.00850e+02	2.68100e+03	-0.0131839	700.0
2682	7.00847e+02	2.68200e+03	-0.0131707	700.0
2683	7.00850e+02	2.68300e+03	-0.0131561	700.0
2684	7.00850e+02	2.68400e+03	-0.0131304	700.0
2685	7.00847e+02	2.68500e+03	-0.0131133	700.0
2686	7.00841e+02	2.68600e+03	-0.0130993	700.0
2687	7.00850e+02	2.68700e+03	-0.0130866	700.0
2688	7.00858e+02	2.68800e+03	-0.0130833	700.0
2689	7.00841e+02	2.68900e+03	-0.0130788	700.0
2690	7.00847e+02	2.69000e+03	-0.0130766	700.0
2691	7.00843e+02	2.69100e+03	-0.0130778	700.0
2692	7.00846e+02	2.69200e+03	-0.0130926	700.0
2693	7.00844e+02	2.69300e+03	-0.0131047	700.0
2694	7.00844e+02	2.69400e+03	-0.0131177	700.0
2695	7.00849e+02	2.69500e+03	-0.0131317	700.0
2696	7.00851e+02	2.69600e+03	-0.0131524	700.0
2697	7.00851e+02	2.69700e+03	-0.0131653	700.0
2698	7.00851e+02	2.69800e+03	-0.0131738	700.0
2699	7.00851e+02	2.69900e+03	-0.0131798	700.0
2700	7.00848e+02	2.70000e+03	-0.0131728	700.0
2701	7.00852e+02	2.70100e+03	-0.0131683	700.0
2702	7.00852e+02	2.70200e+03	-0.0131633	700.0
2703	7.00848e+02	2.70300e+03	-0.0131577	700.0
2704	7.00852e+02	2.70400e+03	-0.0131425	700.0
2705	7.00850e+02	2.70500e+03	-0.0131308	700.0
2706	7.00845e+02	2.70600e+03	-0.0131214	700.0
2707	7.00843e+02	2.70700e+03	-0.0131139	700.0
2708	7.00849e+02	2.70800e+03	-0.0131115	700.0
2709	7.00849e+02	2.70900e+03	-0.013108	700.0
2710	7.00847e+02	2.71000e+03	-0.0131042	700.0
2711	7.00847e+02	2.71100e+03	-0.0131029	700.0
2712	7.00845e+02	2.71200e+03	-0.0131049	700.0
2713	7.00849e+02	2.71300e+03	-0.013111	700.0
2714	7.00842e+02	2.71400e+03	-0.0131221	700.0
2715	7.00843e+02	2.71500e+03	-0.0131375	700.0
2716	7.00851e+02	2.71600e+03	-0.0131556	700.0
2717	7.00858e+02	2.71700e+03	-0.0131734	700.0
2718	7.00846e+02	2.71800e+03	-0.0131929	700.0
2719	7.00844e+02	2.71900e+03	-0.0132137	700.0
2720	7.00859e+02	2.72000e+03	-0.0132339	700.0
