index	ts	t	weight	tr
[#]	[°C]	[s]	[mg]	[°C]
723	1.30823e+02	7.23000e+02	1.02316e+00	1.31000e+02
724	1.31164e+02	7.24000e+02	1.02316e+00	1.31333e+02
725	1.31491e+02	7.25000e+02	1.02316e+00	1.31667e+02
726	1.31833e+02	7.26000e+02	1.02317e+00	1.32000e+02
727	1.32170e+02	7.27000e+02	1.02317e+00	1.32333e+02
728	1.32508e+02	7.28000e+02	1.02317e+00	1.32667e+02
729	1.32840e+02	7.29000e+02	1.02317e+00	1.33000e+02
730	1.33181e+02	7.30000e+02	1.02316e+00	1.33333e+02
731	1.33497e+02	7.31000e+02	1.02316e+00	1.33667e+02
732	1.33834e+02	7.32000e+02	1.02314e+00	1.34000e+02
733	1.34171e+02	7.33000e+02	1.02314e+00	1.34333e+02
734	1.34502e+02	7.34000e+02	1.02313e+00	1.34667e+02
735	1.34845e+02	7.35000e+02	1.02313e+00	1.35000e+02
736	1.35177e+02	7.36000e+02	1.02313e+00	1.35333e+02
737	1.35505e+02	7.37000e+02	1.02313e+00	1.35667e+02
738	1.35846e+02	7.38000e+02	1.02312e+00	1.36000e+02
739	1.36185e+02	7.39000e+02	1.02312e+00	1.36333e+02
740	1.36515e+02	7.40000e+02	1.02311e+00	1.36667e+02
741	1.36854e+02	7.41000e+02	1.02310e+00	1.37000e+02
742	1.37181e+02	7.42000e+02	1.02309e+00	1.37333e+02
743	1.37527e+02	7.43000e+02	1.02308e+00	1.37667e+02
744	1.37860e+02	7.44000e+02	1.02307e+00	1.38000e+02
745	1.38188e+02	7.45000e+02	1.02307e+00	1.38333e+02
746	1.38521e+02	7.46000e+02	1.02307e+00	1.38667e+02
747	1.38845e+02	7.47000e+02	1.02306e+00	1.39000e+02
748	1.39196e+02	7.48000e+02	1.02307e+00	1.39333e+02
749	1.39530e+02	7.49000e+02	1.02307e+00	1.39667e+02
750	1.39868e+02	7.50000e+02	1.02307e+00	1.40000e+02
751	1.40208e+02	7.51000e+02	1.02307e+00	1.40333e+02
752	1.40543e+02	7.52000e+02	1.02307e+00	1.40667e+02
753	1.40880e+02	7.53000e+02	1.02307e+00	1.41000e+02
754	1.41207e+02	7.54000e+02	1.02308e+00	1.41333e+02
755	1.41550e+02	7.55000e+02	1.02309e+00	1.41667e+02
756	1.41878e+02	7.56000e+02	1.02311e+00	1.42000e+02
757	1.42230e+02	7.57000e+02	1.02312e+00	1.42333e+02
758	1.42560e+02	7.58000e+02	1.02313e+00	1.42667e+02
759	1.42905e+02	7.59000e+02	1.02314e+00	1.43000e+02
760	1.43247e+02	7.60000e+02	1.02315e+00	1.43333e+02
761	1.43592e+02	7.61000e+02	1.02316e+00	1.43667e+02
762	1.43925e+02	7.62000e+02	1.02317e+00	1.44000e+02
763	1.44273e+02	7.63000e+02	1.02318e+00	1.44333e+02
764	1.44610e+02	7.64000e+02	1.02318e+00	1.44667e+02
765	1.44965e+02	7.65000e+02	1.02318e+00	1.45000e+02
766	1.45305e+02	7.66000e+02	1.02318e+00	1.45333e+02
767	1.45662e+02	7.67000e+02	1.02318e+00	1.45667e+02
768	1.45992e+02	7.68000e+02	1.02317e+00	1.46000e+02
769	1.46347e+02	7.69000e+02	1.02316e+00	1.46333e+02
770	1.46686e+02	7.70000e+02	1.02315e+00	1.46667e+02
771	1.47029e+02	7.71000e+02	1.02314e+00	1.47000e+02
772	1.47375e+02	7.72000e+02	1.02312e+00	1.47333e+02
773	1.47724e+02	7.73000e+02	1.02311e+00	1.47667e+02
774	1.48052e+02	7.74000e+02	1.02310e+00	1.48000e+02
775	1.48405e+02	7.75000e+02	1.02310e+00	1.48333e+02
776	1.48741e+02	7.76000e+02	1.02310e+00	1.48667e+02
777	1.49073e+02	7.77000e+02	1.02310e+00	1.49000e+02
778	1.49423e+02	7.78000e+02	1.02310e+00	1.49333e+02
779	1.49758e+02	7.79000e+02	1.02310e+00	1.49667e+02
780	1.50106e+02	7.80000e+02	1.02310e+00	1.50000e+02
781	1.50434e+02	7.81000e+02	1.02309e+00	1.50333e+02
782	1.50781e+02	7.82000e+02	1.02307e+00	1.50667e+02
783	1.51122e+02	7.83000e+02	1.02306e+00	1.51000e+02
784	1.51454e+02	7.84000e+02	1.02302e+00	1.51333e+02
785	1.51791e+02	7.85000e+02	1.02300e+00	1.51667e+02
786	1.52122e+02	7.86000e+02	1.02297e+00	1.52000e+02
787	1.52461e+02	7.87000e+02	1.02295e+00	1.52333e+02
788	1.52813e+02	7.88000e+02	1.02292e+00	1.52667e+02
789	1.53149e+02	7.89000e+02	1.02289e+00	1.53000e+02
790	1.53486e+02	7.90000e+02	1.02286e+00	1.53333e+02
791	1.53821e+02	7.91000e+02	1.02284e+00	1.53667e+02
792	1.54155e+02	7.92000e+02	1.02283e+00	1.54000e+02
793	1.54499e+02	7.93000e+02	1.02282e+00	1.54333e+02
794	1.54835e+02	7.94000e+02	1.02281e+00	1.54667e+02
795	1.55169e+02	7.95000e+02	1.02281e+00	1.55000e+02
796	1.55510e+02	7.96000e+02	1.02283e+00	1.55333e+02
797	1.55850e+02	7.97000e+02	1.02283e+00	1.55667e+02
798	1.56169e+02	7.98000e+02	1.02284e+00	1.56000e+02
799	1.56527e+02	7.99000e+02	1.02284e+00	1.56333e+02
800	1.56867e+02	8.00000e+02	1.02284e+00	1.56667e+02
801	1.57197e+02	8.01000e+02	1.02284e+00	1.57000e+02
802	1.57548e+02	8.02000e+02	1.02284e+00	1.57333e+02
803	1.57868e+02	8.03000e+02	1.02284e+00	1.57667e+02
804	1.58214e+02	8.04000e+02	1.02282e+00	1.58000e+02
805	1.58560e+02	8.05000e+02	1.02282e+00	1.58333e+02
806	1.58898e+02	8.06000e+02	1.02281e+00	1.58667e+02
807	1.59238e+02	8.07000e+02	1.02281e+00	1.59000e+02
808	1.59567e+02	8.08000e+02	1.02281e+00	1.59333e+02
809	1.59906e+02	8.09000e+02	1.02281e+00	1.59667e+02
810	1.60250e+02	8.10000e+02	1.02282e+00	1.60000e+02
811	1.60579e+02	8.11000e+02	1.02282e+00	1.60333e+02
812	1.60933e+02	8.12000e+02	1.02284e+00	1.60667e+02
813	1.61265e+02	8.13000e+02	1.02285e+00	1.61000e+02
814	1.61607e+02	8.14000e+02	1.02286e+00	1.61333e+02
815	1.61935e+02	8.15000e+02	1.02287e+00	1.61667e+02
816	1.62279e+02	8.16000e+02	1.02287e+00	1.62000e+02
817	1.62621e+02	8.17000e+02	1.02286e+00	1.62333e+02
818	1.62952e+02	8.18000e+02	1.02286e+00	1.62667e+02
819	1.63308e+02	8.19000e+02	1.02286e+00	1.63000e+02
820	1.63629e+02	8.20000e+02	1.02285e+00	1.63333e+02
821	1.63956e+02	8.21000e+02	1.02284e+00	1.63667e+02
822	1.64293e+02	8.22000e+02	1.02283e+00	1.64000e+02
823	1.64648e+02	8.23000e+02	1.02282e+00	1.64333e+02
824	1.64978e+02	8.24000e+02	1.02282e+00	1.64667e+02
825	1.65309e+02	8.25000e+02	1.02282e+00	1.65000e+02
826	1.65650e+02	8.26000e+02	1.02282e+00	1.65333e+02
827	1.65993e+02	8.27000e+02	1.02283e+00	1.65667e+02
828	1.66318e+02	8.28000e+02	1.02284e+00	1.66000e+02
829	1.66663e+02	8.29000e+02	1.02285e+00	1.66333e+02
830	1.67002e+02	8.30000e+02	1.02285e+00	1.66667e+02
831	1.67327e+02	8.31000e+02	1.02286e+00	1.67000e+02
832	1.67674e+02	8.32000e+02	1.02286e+00	1.67333e+02
833	1.68016e+02	8.33000e+02	1.02286e+00	1.67667e+02
834	1.68344e+02	8.34000e+02	1.02285e+00	1.68000e+02
835	1.68689e+02	8.35000e+02	1.02285e+00	1.68333e+02
836	1.69034e+02	8.36000e+02	1.02284e+00	1.68667e+02
837	1.69355e+02	8.37000e+02	1.02283e+00	1.69000e+02
838	1.69703e+02	8.38000e+02	1.02283e+00	1.69333e+02
839	1.70031e+02	8.39000e+02	1.02282e+00	1.69667e+02
840	1.70381e+02	8.40000e+02	1.02283e+00	1.70000e+02
841	1.70719e+02	8.41000e+02	1.02283e+00	1.70333e+02
842	1.71075e+02	8.42000e+02	1.02283e+00	1.70667e+02
843	1.71396e+02	8.43000e+02	1.02284e+00	1.71000e+02
844	1.71737e+02	8.44000e+02	1.02285e+00	1.71333e+02
845	1.72072e+02	8.45000e+02	1.02286e+00	1.71667e+02
846	1.72415e+02	8.46000e+02	1.02286e+00	1.72000e+02
847	1.72750e+02	8.47000e+02	1.02287e+00	1.72333e+02
848	1.73088e+02	8.48000e+02	1.02286e+00	1.72667e+02
849	1.73422e+02	8.49000e+02	1.02285e+00	1.73000e+02
850	1.73780e+02	8.50000e+02	1.02283e+00	1.73333e+02
851	1.74106e+02	8.51000e+02	1.02281e+00	1.73667e+02
852	1.74447e+02	8.52000e+02	1.02278e+00	1.74000e+02
853	1.74792e+02	8.53000e+02	1.02276e+00	1.74333e+02
854	1.75133e+02	8.54000e+02	1.02274e+00	1.74667e+02
855	1.75466e+02	8.55000e+02	1.02272e+00	1.75000e+02
856	1.75796e+02	8.56000e+02	1.02271e+00	1.75333e+02
857	1.76149e+02	8.57000e+02	1.02270e+00	1.75667e+02
858	1.76488e+02	8.58000e+02	1.02269e+00	1.76000e+02
859	1.76822e+02	8.59000e+02	1.02269e+00	1.76333e+02
860	1.77162e+02	8.60000e+02	1.02269e+00	1.76667e+02
861	1.77508e+02	8.61000e+02	1.02268e+00	1.77000e+02
862	1.77843e+02	8.62000e+02	1.02267e+00	1.77333e+02
863	1.78191e+02	8.63000e+02	1.02266e+00	1.77667e+02
864	1.78516e+02	8.64000e+02	1.02263e+00	1.78000e+02
865	1.78848e+02	8.65000e+02	1.02260e+00	1.78333e+02
866	1.79194e+02	8.66000e+02	1.02258e+00	1.78667e+02
867	1.79534e+02	8.67000e+02	1.02254e+00	1.79000e+02
868	1.79867e+02	8.68000e+02	1.02250e+00	1.79333e+02
869	1.80208e+02	8.69000e+02	1.02246e+00	1.79667e+02
870	1.80547e+02	8.70000e+02	1.02242e+00	1.80000e+02
871	1.80887e+02	8.71000e+02	1.02238e+00	1.80333e+02
872	1.81221e+02	8.72000e+02	1.02233e+00	1.80667e+02
873	1.81570e+02	8.73000e+02	1.02228e+00	1.81000e+02
874	1.81908e+02	8.74000e+02	1.02224e+00	1.81333e+02
875	1.82235e+02	8.75000e+02	1.02219e+00	1.81667e+02
876	1.82588e+02	8.76000e+02	1.02213e+00	1.82000e+02
877	1.82911e+02	8.77000e+02	1.02208e+00	1.82333e+02
878	1.83262e+02	8.78000e+02	1.02204e+00	1.82667e+02
879	1.83605e+02	8.79000e+02	1.02199e+00	1.83000e+02
880	1.83941e+02	8.80000e+02	1.02196e+00	1.83333e+02
881	1.84274e+02	8.81000e+02	1.02192e+00	1.83667e+02
882	1.84612e+02	8.82000e+02	1.02188e+00	1.84000e+02
883	1.84955e+02	8.83000e+02	1.02185e+00	1.84333e+02
884	1.85298e+02	8.84000e+02	1.02182e+00	1.84667e+02
885	1.85635e+02	8.85000e+02	1.02179e+00	1.85000e+02
886	1.85975e+02	8.86000e+02	1.02174e+00	1.85333e+02
887	1.86305e+02	8.87000e+02	1.02170e+00	1.85667e+02
888	1.86644e+02	8.88000e+02	1.02164e+00	1.86000e+02
889	1.86980e+02	8.89000e+02	1.02158e+00	1.86333e+02
890	1.87331e+02	8.90000e+02	1.02151e+00	1.86667e+02
891	1.87656e+02	8.91000e+02	1.02145e+00	1.87000e+02
892	1.88001e+02	8.92000e+02	1.02138e+00	1.87333e+02
893	1.88338e+02	8.93000e+02	1.02131e+00	1.87667e+02
894	1.88679e+02	8.94000e+02	1.02125e+00	1.88000e+02
895	1.89028e+02	8.95000e+02	1.02119e+00	1.88333e+02
896	1.89372e+02	8.96000e+02	1.02113e+00	1.88667e+02
897	1.89697e+02	8.97000e+02	1.02107e+00	1.89000e+02
898	1.90032e+02	8.98000e+02	1.02100e+00	1.89333e+02
899	1.90371e+02	8.99000e+02	1.02094e+00	1.89667e+02
900	1.90711e+02	9.00000e+02	1.02087e+00	1.90000e+02
901	1.91055e+02	9.01000e+02	1.02081e+00	1.90333e+02
902	1.91399e+02	9.02000e+02	1.02075e+00	1.90667e+02
903	1.91728e+02	9.03000e+02	1.02069e+00	1.91000e+02
904	1.92068e+02	9.04000e+02	1.02063e+00	1.91333e+02
905	1.92402e+02	9.05000e+02	1.02057e+00	1.91667e+02
906	1.92743e+02	9.06000e+02	1.02051e+00	1.92000e+02
907	1.93090e+02	9.07000e+02	1.02046e+00	1.92333e+02
908	1.93427e+02	9.08000e+02	1.02040e+00	1.92667e+02
909	1.93767e+02	9.09000e+02	1.02034e+00	1.93000e+02
910	1.94098e+02	9.10000e+02	1.02028e+00	1.93333e+02
911	1.94445e+02	9.11000e+02	1.02021e+00	1.93667e+02
912	1.94785e+02	9.12000e+02	1.02013e+00	1.94000e+02
913	1.95124e+02	9.13000e+02	1.02005e+00	1.94333e+02
914	1.95463e+02	9.14000e+02	1.01997e+00	1.94667e+02
915	1.95808e+02	9.15000e+02	1.01988e+00	1.95000e+02
916	1.96133e+02	9.16000e+02	1.01976e+00	1.95333e+02
917	1.96460e+02	9.17000e+02	1.01965e+00	1.95667e+02
918	1.96801e+02	9.18000e+02	1.01954e+00	1.96000e+02
919	1.97138e+02	9.19000e+02	1.01943e+00	1.96333e+02
920	1.97484e+02	9.20000e+02	1.01930e+00	1.96667e+02
921	1.97812e+02	9.21000e+02	1.01918e+00	1.97000e+02
922	1.98153e+02	9.22000e+02	1.01907e+00	1.97333e+02
923	1.98499e+02	9.23000e+02	1.01896e+00	1.97667e+02
924	1.98836e+02	9.24000e+02	1.01886e+00	1.98000e+02
925	1.99168e+02	9.25000e+02	1.01877e+00	1.98333e+02
926	1.99502e+02	9.26000e+02	1.01867e+00	1.98667e+02
927	1.99851e+02	9.27000e+02	1.01858e+00	1.99000e+02
928	2.00182e+02	9.28000e+02	1.01849e+00	1.99333e+02
929	2.00511e+02	9.29000e+02	1.01840e+00	1.99667e+02
930	2.00861e+02	9.30000e+02	1.01830e+00	2.00000e+02
931	2.01195e+02	9.31000e+02	1.01820e+00	2.00333e+02
932	2.01536e+02	9.32000e+02	1.01808e+00	2.00667e+02
933	2.01873e+02	9.33000e+02	1.01797e+00	2.01000e+02
934	2.02211e+02	9.34000e+02	1.01787e+00	2.01333e+02
935	2.02557e+02	9.35000e+02	1.01776e+00	2.01667e+02
936	2.02900e+02	9.36000e+02	1.01764e+00	2.02000e+02
937	2.03241e+02	9.37000e+02	1.01753e+00	2.02333e+02
938	2.03568e+02	9.38000e+02	1.01742e+00	2.02667e+02
939	2.03919e+02	9.39000e+02	1.01731e+00	2.03000e+02
940	2.04250e+02	9.40000e+02	1.01721e+00	2.03333e+02
941	2.04598e+02	9.41000e+02	1.01711e+00	2.03667e+02
942	2.04936e+02	9.42000e+02	1.01701e+00	2.04000e+02
943	2.05265e+02	9.43000e+02	1.01691e+00	2.04333e+02
944	2.05607e+02	9.44000e+02	1.01682e+00	2.04667e+02
945	2.05938e+02	9.45000e+02	1.01672e+00	2.05000e+02
946	2.06276e+02	9.46000e+02	1.01661e+00	2.05333e+02
947	2.06611e+02	9.47000e+02	1.01651e+00	2.05667e+02
948	2.06939e+02	9.48000e+02	1.01639e+00	2.06000e+02
949	2.07287e+02	9.49000e+02	1.01629e+00	2.06333e+02
950	2.07619e+02	9.50000e+02	1.01618e+00	2.06667e+02
951	2.07967e+02	9.51000e+02	1.01607e+00	2.07000e+02
952	2.08306e+02	9.52000e+02	1.01596e+00	2.07333e+02
953	2.08627e+02	9.53000e+02	1.01585e+00	2.07667e+02
954	2.08973e+02	9.54000e+02	1.01573e+00	2.08000e+02
955	2.09305e+02	9.55000e+02	1.01562e+00	2.08333e+02
956	2.09650e+02	9.56000e+02	1.01550e+00	2.08667e+02
957	2.09990e+02	9.57000e+02	1.01538e+00	2.09000e+02
958	2.10323e+02	9.58000e+02	1.01525e+00	2.09333e+02
959	2.10671e+02	9.59000e+02	1.01513e+00	2.09667e+02
960	2.11006e+02	9.60000e+02	1.01500e+00	2.10000e+02
961	2.11351e+02	9.61000e+02	1.01486e+00	2.10333e+02
962	2.11694e+02	9.62000e+02	1.01473e+00	2.10667e+02
963	2.12027e+02	9.63000e+02	1.01459e+00	2.11000e+02
964	2.12376e+02	9.64000e+02	1.01445e+00	2.11333e+02
965	2.12716e+02	9.65000e+02	1.01432e+00	2.11667e+02
966	2.13059e+02	9.66000e+02	1.01420e+00	2.12000e+02
967	2.13388e+02	9.67000e+02	1.01409e+00	2.12333e+02
968	2.13726e+02	9.68000e+02	1.01400e+00	2.12667e+02
969	2.14065e+02	9.69000e+02	1.01390e+00	2.13000e+02
970	2.14407e+02	9.70000e+02	1.01381e+00	2.13333e+02
971	2.14754e+02	9.71000e+02	1.01373e+00	2.13667e+02
972	2.15086e+02	9.72000e+02	1.01365e+00	2.14000e+02
973	2.15424e+02	9.73000e+02	1.01355e+00	2.14333e+02
974	2.15770e+02	9.74000e+02	1.01345e+00	2.14667e+02
975	2.16092e+02	9.75000e+02	1.01333e+00	2.15000e+02
976	2.16433e+02	9.76000e+02	1.01320e+00	2.15333e+02
977	2.16775e+02	9.77000e+02	1.01307e+00	2.15667e+02
978	2.17113e+02	9.78000e+02	1.01295e+00	2.16000e+02
979	2.17454e+02	9.79000e+02	1.01282e+00	2.16333e+02
980	2.17792e+02	9.80000e+02	1.01270e+00	2.16667e+02
981	2.18127e+02	9.81000e+02	1.01257e+00	2.17000e+02
982	2.18471e+02	9.82000e+02	1.01245e+00	2.17333e+02
983	2.18805e+02	9.83000e+02	1.01233e+00	2.17667e+02
984	2.19143e+02	9.84000e+02	1.01223e+00	2.18000e+02
985	2.19480e+02	9.85000e+02	1.01213e+00	2.18333e+02
986	2.19821e+02	9.86000e+02	1.01204e+00	2.18667e+02
987	2.20169e+02	9.87000e+02	1.01196e+00	2.19000e+02
988	2.20518e+02	9.88000e+02	1.01190e+00	2.19333e+02
989	2.20844e+02	9.89000e+02	1.01183e+00	2.19667e+02
990	2.21182e+02	9.90000e+02	1.01175e+00	2.20000e+02
991	2.21516e+02	9.91000e+02	1.01167e+00	2.20333e+02
992	2.21854e+02	9.92000e+02	1.01158e+00	2.20667e+02
993	2.22191e+02	9.93000e+02	1.01149e+00	2.21000e+02
994	2.22539e+02	9.94000e+02	1.01138e+00	2.21333e+02
995	2.22887e+02	9.95000e+02	1.01128e+00	2.21667e+02
996	2.23210e+02	9.96000e+02	1.01114e+00	2.22000e+02
997	2.23548e+02	9.97000e+02	1.01102e+00	2.22333e+02
998	2.23895e+02	9.98000e+02	1.01091e+00	2.22667e+02
999	2.24243e+02	9.99000e+02	1.01080e+00	2.23000e+02
1000	2.24579e+02	1.00000e+03	1.01069e+00	2.23333e+02
1001	2.24922e+02	1.00100e+03	1.01057e+00	2.23667e+02
1002	2.25259e+02	1.00200e+03	1.01046e+00	2.24000e+02
1003	2.25593e+02	1.00300e+03	1.01034e+00	2.24333e+02
1004	2.25936e+02	1.00400e+03	1.01020e+00	2.24667e+02
1005	2.26273e+02	1.00500e+03	1.01006e+00	2.25000e+02
1006	2.26612e+02	1.00600e+03	1.00991e+00	2.25333e+02
1007	2.26934e+02	1.00700e+03	1.00976e+00	2.25667e+02
1008	2.27273e+02	1.00800e+03	1.00957e+00	2.26000e+02
1009	2.27612e+02	1.00900e+03	1.00940e+00	2.26333e+02
1010	2.27955e+02	1.01000e+03	1.00923e+00	2.26667e+02
1011	2.28305e+02	1.01100e+03	1.00907e+00	2.27000e+02
1012	2.28642e+02	1.01200e+03	1.00891e+00	2.27333e+02
1013	2.28979e+02	1.01300e+03	1.00876e+00	2.27667e+02
1014	2.29322e+02	1.01400e+03	1.00861e+00	2.28000e+02
1015	2.29657e+02	1.01500e+03	1.00847e+00	2.28333e+02
1016	2.30008e+02	1.01600e+03	1.00837e+00	2.28667e+02
1017	2.30332e+02	1.01700e+03	1.00826e+00	2.29000e+02
1018	2.30664e+02	1.01800e+03	1.00816e+00	2.29333e+02
1019	2.31005e+02	1.01900e+03	1.00806e+00	2.29667e+02
1020	2.31339e+02	1.02000e+03	1.00798e+00	2.30000e+02
1021	2.31691e+02	1.02100e+03	1.00788e+00	2.30333e+02
1022	2.32036e+02	1.02200e+03	1.00777e+00	2.30667e+02
1023	2.32377e+02	1.02300e+03	1.00766e+00	2.31000e+02
1024	2.32716e+02	1.02400e+03	1.00753e+00	2.31333e+02
1025	2.33056e+02	1.02500e+03	1.00740e+00	2.31667e+02
1026	2.33385e+02	1.02600e+03	1.00727e+00	2.32000e+02
1027	2.33731e+02	1.02700e+03	1.00713e+00	2.32333e+02
1028	2.34069e+02	1.02800e+03	1.00698e+00	2.32667e+02
1029	2.34402e+02	1.02900e+03	1.00684e+00	2.33000e+02
1030	2.34748e+02	1.03000e+03	1.00671e+00	2.33333e+02
1031	2.35076e+02	1.03100e+03	1.00657e+00	2.33667e+02
1032	2.35432e+02	1.03200e+03	1.00644e+00	2.34000e+02
1033	2.35761e+02	1.03300e+03	1.00631e+00	2.34333e+02
1034	2.36100e+02	1.03400e+03	1.00618e+00	2.34667e+02
1035	2.36439e+02	1.03500e+03	1.00604e+00	2.35000e+02
1036	2.36777e+02	1.03600e+03	1.00591e+00	2.35333e+02
1037	2.37124e+02	1.03700e+03	1.00578e+00	2.35667e+02
1038	2.37463e+02	1.03800e+03	1.00565e+00	2.36000e+02
1039	2.37793e+02	1.03900e+03	1.00552e+00	2.36333e+02
1040	2.38134e+02	1.04000e+03	1.00539e+00	2.36667e+02
1041	2.38466e+02	1.04100e+03	1.00528e+00	2.37000e+02
1042	2.38809e+02	1.04200e+03	1.00516e+00	2.37333e+02
1043	2.39136e+02	1.04300e+03	1.00504e+00	2.37667e+02
1044	2.39483e+02	1.04400e+03	1.00493e+00	2.38000e+02
1045	2.39818e+02	1.04500e+03	1.00481e+00	2.38333e+02
1046	2.40166e+02	1.04600e+03	1.00469e+00	2.38667e+02
1047	2.40495e+02	1.04700e+03	1.00458e+00	2.39000e+02
1048	2.40838e+02	1.04800e+03	1.00445e+00	2.39333e+02
1049	2.41173e+02	1.04900e+03	1.00433e+00	2.39667e+02
1050	2.41507e+02	1.05000e+03	1.00420e+00	2.40000e+02
1051	2.41844e+02	1.05100e+03	1.00408e+00	2.40333e+02
1052	2.42179e+02	1.05200e+03	1.00395e+00	2.40667e+02
1053	2.42524e+02	1.05300e+03	1.00381e+00	2.41000e+02
1054	2.42855e+02	1.05400e+03	1.00368e+00	2.41333e+02
1055	2.43193e+02	1.05500e+03	1.00354e+00	2.41667e+02
1056	2.43534e+02	1.05600e+03	1.00340e+00	2.42000e+02
1057	2.43873e+02	1.05700e+03	1.00327e+00	2.42333e+02
1058	2.44216e+02	1.05800e+03	1.00314e+00	2.42667e+02
1059	2.44549e+02	1.05900e+03	1.00301e+00	2.43000e+02
1060	2.44887e+02	1.06000e+03	1.00289e+00	2.43333e+02
1061	2.45216e+02	1.06100e+03	1.00276e+00	2.43667e+02
1062	2.45556e+02	1.06200e+03	1.00262e+00	2.44000e+02
1063	2.45887e+02	1.06300e+03	1.00248e+00	2.44333e+02
1064	2.46222e+02	1.06400e+03	1.00232e+00	2.44667e+02
1065	2.46567e+02	1.06500e+03	1.00217e+00	2.45000e+02
1066	2.46924e+02	1.06600e+03	1.00203e+00	2.45333e+02
1067	2.47259e+02	1.06700e+03	1.00188e+00	2.45667e+02
1068	2.47594e+02	1.06800e+03	1.00173e+00	2.46000e+02
1069	2.47935e+02	1.06900e+03	1.00159e+00	2.46333e+02
1070	2.48258e+02	1.07000e+03	1.00145e+00	2.46667e+02
1071	2.48604e+02	1.07100e+03	1.00132e+00	2.47000e+02
1072	2.48938e+02	1.07200e+03	1.00119e+00	2.47333e+02
1073	2.49275e+02	1.07300e+03	1.00107e+00	2.47667e+02
1074	2.49620e+02	1.07400e+03	1.00095e+00	2.48000e+02
1075	2.49950e+02	1.07500e+03	1.00083e+00	2.48333e+02
1076	2.50294e+02	1.07600e+03	1.00072e+00	2.48667e+02
1077	2.50627e+02	1.07700e+03	1.00060e+00	2.49000e+02
1078	2.50961e+02	1.07800e+03	1.00049e+00	2.49333e+02
1079	2.51296e+02	1.07900e+03	1.00037e+00	2.49667e+02
1080	2.51635e+02	1.08000e+03	1.00026e+00	2.50000e+02
1081	2.51968e+02	1.08100e+03	1.00015e+00	2.50333e+02
1082	2.52305e+02	1.08200e+03	1.00003e+00	2.50667e+02
1083	2.52639e+02	1.08300e+03	9.99910e-01	2.51000e+02
1084	2.52971e+02	1.08400e+03	9.99780e-01	2.51333e+02
1085	2.53325e+02	1.08500e+03	9.99653e-01	2.51667e+02
1086	2.53658e+02	1.08600e+03	9.99524e-01	2.52000e+02
1087	2.53990e+02	1.08700e+03	9.99392e-01	2.52333e+02
1088	2.54320e+02	1.08800e+03	9.99253e-01	2.52667e+02
1089	2.54657e+02	1.08900e+03	9.99119e-01	2.53000e+02
1090	2.55002e+02	1.09000e+03	9.98988e-01	2.53333e+02
1091	2.55330e+02	1.09100e+03	9.98858e-01	2.53667e+02
1092	2.55667e+02	1.09200e+03	9.98729e-01	2.54000e+02
1093	2.56001e+02	1.09300e+03	9.98597e-01	2.54333e+02
1094	2.56348e+02	1.09400e+03	9.98462e-01	2.54667e+02
1095	2.56666e+02	1.09500e+03	9.98326e-01	2.55000e+02
1096	2.57006e+02	1.09600e+03	9.98185e-01	2.55333e+02
1097	2.57346e+02	1.09700e+03	9.98042e-01	2.55667e+02
1098	2.57685e+02	1.09800e+03	9.97898e-01	2.56000e+02
1099	2.58012e+02	1.09900e+03	9.97752e-01	2.56333e+02
1100	2.58366e+02	1.10000e+03	9.97598e-01	2.56667e+02
1101	2.58699e+02	1.10100e+03	9.97447e-01	2.57000e+02
1102	2.59025e+02	1.10200e+03	9.97296e-01	2.57333e+02
1103	2.59371e+02	1.10300e+03	9.97144e-01	2.57667e+02
1104	2.59724e+02	1.10400e+03	9.96989e-01	2.58000e+02
1105	2.60060e+02	1.10500e+03	9.96834e-01	2.58333e+02
1106	2.60393e+02	1.10600e+03	9.96683e-01	2.58667e+02
1107	2.60730e+02	1.10700e+03	9.96534e-01	2.59000e+02
1108	2.61076e+02	1.10800e+03	9.96393e-01	2.59333e+02
1109	2.61408e+02	1.10900e+03	9.96256e-01	2.59667e+02
1110	2.61733e+02	1.11000e+03	9.96124e-01	2.60000e+02
1111	2.62076e+02	1.11100e+03	9.95995e-01	2.60333e+02
1112	2.62417e+02	1.11200e+03	9.95881e-01	2.60667e+02
1113	2.62755e+02	1.11300e+03	9.95756e-01	2.61000e+02
1114	2.63089e+02	1.11400e+03	9.95627e-01	2.61333e+02
1115	2.63420e+02	1.11500e+03	9.95495e-01	2.61667e+02
1116	2.63769e+02	1.11600e+03	9.95353e-01	2.62000e+02
1117	2.64097e+02	1.11700e+03	9.95213e-01	2.62333e+02
1118	2.64426e+02	1.11800e+03	9.95075e-01	2.62667e+02
1119	2.64781e+02	1.11900e+03	9.94938e-01	2.63000e+02
1120	2.65112e+02	1.12000e+03	9.94801e-01	2.63333e+02
1121	2.65452e+02	1.12100e+03	9.94672e-01	2.63667e+02
1122	2.65776e+02	1.12200e+03	9.94544e-01	2.64000e+02
1123	2.66114e+02	1.12300e+03	9.94415e-01	2.64333e+02
1124	2.66461e+02	1.12400e+03	9.94298e-01	2.64667e+02
1125	2.66795e+02	1.12500e+03	9.94172e-01	2.65000e+02
1126	2.67132e+02	1.12600e+03	9.94045e-01	2.65333e+02
1127	2.67468e+02	1.12700e+03	9.93920e-01	2.65667e+02
1128	2.67808e+02	1.12800e+03	9.93788e-01	2.66000e+02
1129	2.68145e+02	1.12900e+03	9.93658e-01	2.66333e+02
1130	2.68474e+02	1.13000e+03	9.93525e-01	2.66667e+02
1131	2.68803e+02	1.13100e+03	9.93389e-01	2.67000e+02
1132	2.69153e+02	1.13200e+03	9.93248e-01	2.67333e+02
1133	2.69503e+02	1.13300e+03	9.93103e-01	2.67667e+02
1134	2.69830e+02	1.13400e+03	9.92956e-01	2.68000e+02
1135	2.70162e+02	1.13500e+03	9.92806e-01	2.68333e+02
1136	2.70511e+02	1.13600e+03	9.92645e-01	2.68667e+02
1137	2.70840e+02	1.13700e+03	9.92490e-01	2.69000e+02
1138	2.71171e+02	1.13800e+03	9.92336e-01	2.69333e+02
1139	2.71516e+02	1.13900e+03	9.92183e-01	2.69667e+02
1140	2.71842e+02	1.14000e+03	9.92033e-01	2.70000e+02
1141	2.72181e+02	1.14100e+03	9.91884e-01	2.70333e+02
1142	2.72511e+02	1.14200e+03	9.91736e-01	2.70667e+02
1143	2.72859e+02	1.14300e+03	9.91588e-01	2.71000e+02
1144	2.73195e+02	1.14400e+03	9.91445e-01	2.71333e+02
1145	2.73518e+02	1.14500e+03	9.91298e-01	2.71667e+02
1146	2.73862e+02	1.14600e+03	9.91151e-01	2.72000e+02
1147	2.74195e+02	1.14700e+03	9.91002e-01	2.72333e+02
1148	2.74544e+02	1.14800e+03	9.90850e-01	2.72667e+02
1149	2.74874e+02	1.14900e+03	9.90698e-01	2.73000e+02
1150	2.75203e+02	1.15000e+03	9.90545e-01	2.73333e+02
1151	2.75552e+02	1.15100e+03	9.90392e-01	2.73667e+02
1152	2.75884e+02	1.15200e+03	9.90232e-01	2.74000e+02
1153	2.76229e+02	1.15300e+03	9.90067e-01	2.74333e+02
1154	2.76556e+02	1.15400e+03	9.89890e-01	2.74667e+02
1155	2.76901e+02	1.15500e+03	9.89706e-01	2.75000e+02
1156	2.77237e+02	1.15600e+03	9.89495e-01	2.75333e+02
1157	2.77561e+02	1.15700e+03	9.89283e-01	2.75667e+02
1158	2.77900e+02	1.15800e+03	9.89065e-01	2.76000e+02
1159	2.78241e+02	1.15900e+03	9.88843e-01	2.76333e+02
1160	2.78576e+02	1.16000e+03	9.88590e-01	2.76667e+02
1161	2.78914e+02	1.16100e+03	9.88352e-01	2.77000e+02
1162	2.79240e+02	1.16200e+03	9.88119e-01	2.77333e+02
1163	2.79585e+02	1.16300e+03	9.87889e-01	2.77667e+02
1164	2.79912e+02	1.16400e+03	9.87665e-01	2.78000e+02
1165	2.80259e+02	1.16500e+03	9.87443e-01	2.78333e+02
1166	2.80590e+02	1.16600e+03	9.87226e-01	2.78667e+02
1167	2.80924e+02	1.16700e+03	9.87013e-01	2.79000e+02
1168	2.81263e+02	1.16800e+03	9.86822e-01	2.79333e+02
1169	2.81604e+02	1.16900e+03	9.86631e-01	2.79667e+02
1170	2.81936e+02	1.17000e+03	9.86444e-01	2.80000e+02
1171	2.82268e+02	1.17100e+03	9.86261e-01	2.80333e+02
1172	2.82604e+02	1.17200e+03	9.86094e-01	2.80667e+02
1173	2.82957e+02	1.17300e+03	9.85918e-01	2.81000e+02
1174	2.83286e+02	1.17400e+03	9.85741e-01	2.81333e+02
1175	2.83614e+02	1.17500e+03	9.85564e-01	2.81667e+02
1176	2.83953e+02	1.17600e+03	9.85381e-01	2.82000e+02
1177	2.84303e+02	1.17700e+03	9.85201e-01	2.82333e+02
1178	2.84641e+02	1.17800e+03	9.85020e-01	2.82667e+02
1179	2.84971e+02	1.17900e+03	9.84838e-01	2.83000e+02
1180	2.85303e+02	1.18000e+03	9.84651e-01	2.83333e+02
1181	2.85639e+02	1.18100e+03	9.84466e-01	2.83667e+02
1182	2.85976e+02	1.18200e+03	9.84280e-01	2.84000e+02
1183	2.86311e+02	1.18300e+03	9.84095e-01	2.84333e+02
1184	2.86650e+02	1.18400e+03	9.83907e-01	2.84667e+02
1185	2.86985e+02	1.18500e+03	9.83723e-01	2.85000e+02
1186	2.87325e+02	1.18600e+03	9.83541e-01	2.85333e+02
1187	2.87658e+02	1.18700e+03	9.83359e-01	2.85667e+02
1188	2.87983e+02	1.18800e+03	9.83183e-01	2.86000e+02
1189	2.88327e+02	1.18900e+03	9.83006e-01	2.86333e+02
1190	2.88659e+02	1.19000e+03	9.82827e-01	2.86667e+02
1191	2.88998e+02	1.19100e+03	9.82648e-01	2.87000e+02
1192	2.89333e+02	1.19200e+03	9.82466e-01	2.87333e+02
1193	2.89670e+02	1.19300e+03	9.82279e-01	2.87667e+02
1194	2.90006e+02	1.19400e+03	9.82086e-01	2.88000e+02
1195	2.90348e+02	1.19500e+03	9.81891e-01	2.88333e+02
1196	2.90695e+02	1.19600e+03	9.81681e-01	2.88667e+02
1197	2.91037e+02	1.19700e+03	9.81477e-01	2.89000e+02
1198	2.91354e+02	1.19800e+03	9.81272e-01	2.89333e+02
1199	2.91684e+02	1.19900e+03	9.81065e-01	2.89667e+02
1200	2.92039e+02	1.20000e+03	9.80848e-01	2.90000e+02
1201	2.92365e+02	1.20100e+03	9.80627e-01	2.90333e+02
1202	2.92707e+02	1.20200e+03	9.80398e-01	2.90667e+02
1203	2.93043e+02	1.20300e+03	9.80165e-01	2.91000e+02
1204	2.93371e+02	1.20400e+03	9.79914e-01	2.91333e+02
1205	2.93699e+02	1.20500e+03	9.79668e-01	2.91667e+02
1206	2.94040e+02	1.20600e+03	9.79420e-01	2.92000e+02
1207	2.94386e+02	1.20700e+03	9.79172e-01	2.92333e+02
1208	2.94727e+02	1.20800e+03	9.78913e-01	2.92667e+02
1209	2.95064e+02	1.20900e+03	9.78657e-01	2.93000e+02
1210	2.95387e+02	1.21000e+03	9.78402e-01	2.93333e+02
1211	2.95731e+02	1.21100e+03	9.78147e-01	2.93667e+02
1212	2.96060e+02	1.21200e+03	9.77889e-01	2.94000e+02
1213	2.96397e+02	1.21300e+03	9.77630e-01	2.94333e+02
1214	2.96737e+02	1.21400e+03	9.77367e-01	2.94667e+02
1215	2.97075e+02	1.21500e+03	9.77102e-01	2.95000e+02
1216	2.97411e+02	1.21600e+03	9.76826e-01	2.95333e+02
1217	2.97749e+02	1.21700e+03	9.76550e-01	2.95667e+02
1218	2.98091e+02	1.21800e+03	9.76269e-01	2.96000e+02
1219	2.98419e+02	1.21900e+03	9.75985e-01	2.96333e+02
1220	2.98762e+02	1.22000e+03	9.75682e-01	2.96667e+02
1221	2.99091e+02	1.22100e+03	9.75382e-01	2.97000e+02
1222	2.99431e+02	1.22200e+03	9.75081e-01	2.97333e+02
1223	2.99772e+02	1.22300e+03	9.74779e-01	2.97667e+02
1224	3.00102e+02	1.22400e+03	9.74470e-01	2.98000e+02
1225	3.00435e+02	1.22500e+03	9.74170e-01	2.98333e+02
1226	3.00770e+02	1.22600e+03	9.73875e-01	2.98667e+02
1227	3.01095e+02	1.22700e+03	9.73584e-01	2.99000e+02
1228	3.01442e+02	1.22800e+03	9.73304e-01	2.99333e+02
1229	3.01773e+02	1.22900e+03	9.73019e-01	2.99667e+02
1230	3.02118e+02	1.23000e+03	9.72730e-01	3.00000e+02
1231	3.02439e+02	1.23100e+03	9.72437e-01	3.00333e+02
1232	3.02785e+02	1.23200e+03	9.72134e-01	3.00667e+02
1233	3.03129e+02	1.23300e+03	9.71823e-01	3.01000e+02
1234	3.03454e+02	1.23400e+03	9.71505e-01	3.01333e+02
1235	3.03791e+02	1.23500e+03	9.71183e-01	3.01667e+02
1236	3.04126e+02	1.23600e+03	9.70835e-01	3.02000e+02
1237	3.04463e+02	1.23700e+03	9.70500e-01	3.02333e+02
1238	3.04798e+02	1.23800e+03	9.70167e-01	3.02667e+02
1239	3.05127e+02	1.23900e+03	9.69833e-01	3.03000e+02
1240	3.05462e+02	1.24000e+03	9.69493e-01	3.03333e+02
1241	3.05800e+02	1.24100e+03	9.69153e-01	3.03667e+02
1242	3.06133e+02	1.24200e+03	9.68810e-01	3.04000e+02
1243	3.06462e+02	1.24300e+03	9.68465e-01	3.04333e+02
1244	3.06790e+02	1.24400e+03	9.68110e-01	3.04667e+02
1245	3.07126e+02	1.24500e+03	9.67758e-01	3.05000e+02
1246	3.07462e+02	1.24600e+03	9.67404e-01	3.05333e+02
1247	3.07799e+02	1.24700e+03	9.67048e-01	3.05667e+02
1248	3.08134e+02	1.24800e+03	9.66685e-01	3.06000e+02
1249	3.08460e+02	1.24900e+03	9.66325e-01	3.06333e+02
1250	3.08800e+02	1.25000e+03	9.65964e-01	3.06667e+02
1251	3.09130e+02	1.25100e+03	9.65601e-01	3.07000e+02
1252	3.09478e+02	1.25200e+03	9.65235e-01	3.07333e+02
1253	3.09809e+02	1.25300e+03	9.64869e-01	3.07667e+02
1254	3.10142e+02	1.25400e+03	9.64501e-01	3.08000e+02
1255	3.10472e+02	1.25500e+03	9.64130e-01	3.08333e+02
1256	3.10813e+02	1.25600e+03	9.63748e-01	3.08667e+02
1257	3.11140e+02	1.25700e+03	9.63363e-01	3.09000e+02
1258	3.11478e+02	1.25800e+03	9.62976e-01	3.09333e+02
1259	3.11820e+02	1.25900e+03	9.62586e-01	3.09667e+02
1260	3.12158e+02	1.26000e+03	9.62187e-01	3.10000e+02
1261	3.12499e+02	1.26100e+03	9.61798e-01	3.10333e+02
1262	3.12832e+02	1.26200e+03	9.61415e-01	3.10667e+02
1263	3.13171e+02	1.26300e+03	9.61033e-01	3.11000e+02
1264	3.13510e+02	1.26400e+03	9.60660e-01	3.11333e+02
1265	3.13850e+02	1.26500e+03	9.60279e-01	3.11667e+02
1266	3.14193e+02	1.26600e+03	9.59894e-01	3.12000e+02
1267	3.14527e+02	1.26700e+03	9.59504e-01	3.12333e+02
1268	3.14866e+02	1.26800e+03	9.59101e-01	3.12667e+02
1269	3.15196e+02	1.26900e+03	9.58692e-01	3.13000e+02
1270	3.15533e+02	1.27000e+03	9.58275e-01	3.13333e+02
1271	3.15873e+02	1.27100e+03	9.57853e-01	3.13667e+02
1272	3.16203e+02	1.27200e+03	9.57405e-01	3.14000e+02
1273	3.16536e+02	1.27300e+03	9.56972e-01	3.14333e+02
1274	3.16889e+02	1.27400e+03	9.56546e-01	3.14667e+02
1275	3.17220e+02	1.27500e+03	9.56123e-01	3.15000e+02
1276	3.17553e+02	1.27600e+03	9.55708e-01	3.15333e+02
1277	3.17890e+02	1.27700e+03	9.55294e-01	3.15667e+02
1278	3.18231e+02	1.27800e+03	9.54881e-01	3.16000e+02
1279	3.18569e+02	1.27900e+03	9.54466e-01	3.16333e+02
1280	3.18907e+02	1.28000e+03	9.54058e-01	3.16667e+02
1281	3.19240e+02	1.28100e+03	9.53641e-01	3.17000e+02
1282	3.19586e+02	1.28200e+03	9.53223e-01	3.17333e+02
1283	3.19926e+02	1.28300e+03	9.52806e-01	3.17667e+02
1284	3.20259e+02	1.28400e+03	9.52382e-01	3.18000e+02
1285	3.20595e+02	1.28500e+03	9.51965e-01	3.18333e+02
1286	3.20945e+02	1.28600e+03	9.51552e-01	3.18667e+02
1287	3.21282e+02	1.28700e+03	9.51140e-01	3.19000e+02
1288	3.21621e+02	1.28800e+03	9.50735e-01	3.19333e+02
1289	3.21960e+02	1.28900e+03	9.50325e-01	3.19667e+02
1290	3.22294e+02	1.29000e+03	9.49913e-01	3.20000e+02
1291	3.22638e+02	1.29100e+03	9.49501e-01	3.20333e+02
1292	3.22975e+02	1.29200e+03	9.49081e-01	3.20667e+02
1293	3.23303e+02	1.29300e+03	9.48660e-01	3.21000e+02
1294	3.23644e+02	1.29400e+03	9.48233e-01	3.21333e+02
1295	3.23976e+02	1.29500e+03	9.47800e-01	3.21667e+02
1296	3.24303e+02	1.29600e+03	9.47349e-01	3.22000e+02
1297	3.24640e+02	1.29700e+03	9.46895e-01	3.22333e+02
1298	3.24983e+02	1.29800e+03	9.46433e-01	3.22667e+02
1299	3.25330e+02	1.29900e+03	9.45967e-01	3.23000e+02
1300	3.25651e+02	1.30000e+03	9.45473e-01	3.23333e+02
1301	3.25990e+02	1.30100e+03	9.44986e-01	3.23667e+02
1302	3.26321e+02	1.30200e+03	9.44498e-01	3.24000e+02
1303	3.26665e+02	1.30300e+03	9.44008e-01	3.24333e+02
1304	3.27006e+02	1.30400e+03	9.43504e-01	3.24667e+02
1305	3.27345e+02	1.30500e+03	9.43005e-01	3.25000e+02
1306	3.27682e+02	1.30600e+03	9.42506e-01	3.25333e+02
1307	3.28013e+02	1.30700e+03	9.42006e-01	3.25667e+02
1308	3.28345e+02	1.30800e+03	9.41501e-01	3.26000e+02
1309	3.28684e+02	1.30900e+03	9.40995e-01	3.26333e+02
1310	3.29027e+02	1.31000e+03	9.40482e-01	3.26667e+02
1311	3.29357e+02	1.31100e+03	9.39965e-01	3.27000e+02
1312	3.29686e+02	1.31200e+03	9.39430e-01	3.27333e+02
1313	3.30024e+02	1.31300e+03	9.38887e-01	3.27667e+02
1314	3.30364e+02	1.31400e+03	9.38331e-01	3.28000e+02
1315	3.30692e+02	1.31500e+03	9.37767e-01	3.28333e+02
1316	3.31031e+02	1.31600e+03	9.37160e-01	3.28667e+02
1317	3.31355e+02	1.31700e+03	9.36560e-01	3.29000e+02
1318	3.31686e+02	1.31800e+03	9.35952e-01	3.29333e+02
1319	3.32022e+02	1.31900e+03	9.35337e-01	3.29667e+02
1320	3.32367e+02	1.32000e+03	9.34685e-01	3.30000e+02
1321	3.32698e+02	1.32100e+03	9.34040e-01	3.30333e+02
1322	3.33021e+02	1.32200e+03	9.33389e-01	3.30667e+02
1323	3.33357e+02	1.32300e+03	9.32731e-01	3.31000e+02
1324	3.33690e+02	1.32400e+03	9.32042e-01	3.31333e+02
1325	3.34019e+02	1.32500e+03	9.31357e-01	3.31667e+02
1326	3.34360e+02	1.32600e+03	9.30666e-01	3.32000e+02
1327	3.34691e+02	1.32700e+03	9.29970e-01	3.32333e+02
1328	3.35042e+02	1.32800e+03	9.29240e-01	3.32667e+02
1329	3.35375e+02	1.32900e+03	9.28512e-01	3.33000e+02
1330	3.35704e+02	1.33000e+03	9.27773e-01	3.33333e+02
1331	3.36029e+02	1.33100e+03	9.27024e-01	3.33667e+02
1332	3.36355e+02	1.33200e+03	9.26230e-01	3.34000e+02
1333	3.36698e+02	1.33300e+03	9.25436e-01	3.34333e+02
1334	3.37026e+02	1.33400e+03	9.24627e-01	3.34667e+02
1335	3.37370e+02	1.33500e+03	9.23806e-01	3.35000e+02
1336	3.37707e+02	1.33600e+03	9.22923e-01	3.35333e+02
1337	3.38033e+02	1.33700e+03	9.22050e-01	3.35667e+02
1338	3.38357e+02	1.33800e+03	9.21163e-01	3.36000e+02
1339	3.38700e+02	1.33900e+03	9.20264e-01	3.36333e+02
1340	3.39028e+02	1.34000e+03	9.19298e-01	3.36667e+02
1341	3.39370e+02	1.34100e+03	9.18336e-01	3.37000e+02
1342	3.39706e+02	1.34200e+03	9.17358e-01	3.37333e+02
1343	3.40039e+02	1.34300e+03	9.16367e-01	3.37667e+02
1344	3.40361e+02	1.34400e+03	9.15301e-01	3.38000e+02
1345	3.40694e+02	1.34500e+03	9.14249e-01	3.38333e+02
1346	3.41031e+02	1.34600e+03	9.13185e-01	3.38667e+02
1347	3.41373e+02	1.34700e+03	9.12108e-01	3.39000e+02
1348	3.41713e+02	1.34800e+03	9.10965e-01	3.39333e+02
1349	3.42038e+02	1.34900e+03	9.09828e-01	3.39667e+02
1350	3.42377e+02	1.35000e+03	9.08672e-01	3.40000e+02
1351	3.42704e+02	1.35100e+03	9.07502e-01	3.40333e+02
1352	3.43037e+02	1.35200e+03	9.06256e-01	3.40667e+02
1353	3.43368e+02	1.35300e+03	9.05014e-01	3.41000e+02
1354	3.43700e+02	1.35400e+03	9.03750e-01	3.41333e+02
1355	3.44028e+02	1.35500e+03	9.02467e-01	3.41667e+02
1356	3.44373e+02	1.35600e+03	9.01092e-01	3.42000e+02
1357	3.44699e+02	1.35700e+03	8.99728e-01	3.42333e+02
1358	3.45034e+02	1.35800e+03	8.98345e-01	3.42667e+02
1359	3.45374e+02	1.35900e+03	8.96941e-01	3.43000e+02
1360	3.45711e+02	1.36000e+03	8.95442e-01	3.43333e+02
1361	3.46044e+02	1.36100e+03	8.93956e-01	3.43667e+02
1362	3.46375e+02	1.36200e+03	8.92449e-01	3.44000e+02
1363	3.46707e+02	1.36300e+03	8.90921e-01	3.44333e+02
1364	3.47044e+02	1.36400e+03	8.89290e-01	3.44667e+02
1365	3.47370e+02	1.36500e+03	8.87667e-01	3.45000e+02
1366	3.47711e+02	1.36600e+03	8.86021e-01	3.45333e+02
1367	3.48041e+02	1.36700e+03	8.84352e-01	3.45667e+02
1368	3.48368e+02	1.36800e+03	8.82564e-01	3.46000e+02
1369	3.48704e+02	1.36900e+03	8.80790e-01	3.46333e+02
1370	3.49038e+02	1.37000e+03	8.78988e-01	3.46667e+02
1371	3.49365e+02	1.37100e+03	8.77160e-01	3.47000e+02
1372	3.49705e+02	1.37200e+03	8.75198e-01	3.47333e+02
1373	3.50044e+02	1.37300e+03	8.73248e-01	3.47667e+02
1374	3.50371e+02	1.37400e+03	8.71268e-01	3.48000e+02
1375	3.50714e+02	1.37500e+03	8.69262e-01	3.48333e+02
1376	3.51047e+02	1.37600e+03	8.67118e-01	3.48667e+02
1377	3.51388e+02	1.37700e+03	8.65002e-01	3.49000e+02
1378	3.51725e+02	1.37800e+03	8.62865e-01	3.49333e+02
1379	3.52054e+02	1.37900e+03	8.60705e-01	3.49667e+02
1380	3.52392e+02	1.38000e+03	8.58430e-01	3.50000e+02
1381	3.52735e+02	1.38100e+03	8.56166e-01	3.50333e+02
1382	3.53068e+02	1.38200e+03	8.53873e-01	3.50667e+02
1383	3.53391e+02	1.38300e+03	8.51553e-01	3.51000e+02
1384	3.53729e+02	1.38400e+03	8.49101e-01	3.51333e+02
1385	3.54063e+02	1.38500e+03	8.46660e-01	3.51667e+02
1386	3.54403e+02	1.38600e+03	8.44182e-01	3.52000e+02
1387	3.54726e+02	1.38700e+03	8.41674e-01	3.52333e+02
1388	3.55070e+02	1.38800e+03	8.39010e-01	3.52667e+02
1389	3.55397e+02	1.38900e+03	8.36362e-01	3.53000e+02
1390	3.55742e+02	1.39000e+03	8.33678e-01	3.53333e+02
1391	3.56077e+02	1.39100e+03	8.30962e-01	3.53667e+02
1392	3.56404e+02	1.39200e+03	8.28083e-01	3.54000e+02
1393	3.56749e+02	1.39300e+03	8.25228e-01	3.54333e+02
1394	3.57079e+02	1.39400e+03	8.22337e-01	3.54667e+02
1395	3.57415e+02	1.39500e+03	8.19413e-01	3.55000e+02
1396	3.57750e+02	1.39600e+03	8.16323e-01	3.55333e+02
1397	3.58091e+02	1.39700e+03	8.13248e-01	3.55667e+02
1398	3.58429e+02	1.39800e+03	8.10127e-01	3.56000e+02
1399	3.58758e+02	1.39900e+03	8.06968e-01	3.56333e+02
1400	3.59098e+02	1.40000e+03	8.03615e-01	3.56667e+02
1401	3.59439e+02	1.40100e+03	8.00286e-01	3.57000e+02
1402	3.59768e+02	1.40200e+03	7.96916e-01	3.57333e+02
1403	3.60102e+02	1.40300e+03	7.93510e-01	3.57667e+02
1404	3.60445e+02	1.40400e+03	7.89910e-01	3.58000e+02
1405	3.60778e+02	1.40500e+03	7.86344e-01	3.58333e+02
1406	3.61117e+02	1.40600e+03	7.82740e-01	3.58667e+02
1407	3.61457e+02	1.40700e+03	7.79099e-01	3.59000e+02
1408	3.61780e+02	1.40800e+03	7.75275e-01	3.59333e+02
1409	3.62120e+02	1.40900e+03	7.71468e-01	3.59667e+02
1410	3.62458e+02	1.41000e+03	7.67616e-01	3.60000e+02
1411	3.62794e+02	1.41100e+03	7.63723e-01	3.60333e+02
1412	3.63130e+02	1.41200e+03	7.59624e-01	3.60667e+02
1413	3.63462e+02	1.41300e+03	7.55548e-01	3.61000e+02
1414	3.63780e+02	1.41400e+03	7.51422e-01	3.61333e+02
1415	3.64115e+02	1.41500e+03	7.47250e-01	3.61667e+02
1416	3.64451e+02	1.41600e+03	7.42846e-01	3.62000e+02
1417	3.64793e+02	1.41700e+03	7.38465e-01	3.62333e+02
1418	3.65127e+02	1.41800e+03	7.34033e-01	3.62667e+02
1419	3.65464e+02	1.41900e+03	7.29557e-01	3.63000e+02
1420	3.65793e+02	1.42000e+03	7.24837e-01	3.63333e+02
1421	3.66127e+02	1.42100e+03	7.20161e-01	3.63667e+02
1422	3.66465e+02	1.42200e+03	7.15446e-01	3.64000e+02
1423	3.66796e+02	1.42300e+03	7.10692e-01	3.64333e+02
1424	3.67128e+02	1.42400e+03	7.05734e-01	3.64667e+02
1425	3.67458e+02	1.42500e+03	7.00810e-01	3.65000e+02
1426	3.67798e+02	1.42600e+03	6.95850e-01	3.65333e+02
1427	3.68131e+02	1.42700e+03	6.90856e-01	3.65667e+02
1428	3.68455e+02	1.42800e+03	6.85689e-01	3.66000e+02
1429	3.68792e+02	1.42900e+03	6.80550e-01	3.66333e+02
1430	3.69125e+02	1.43000e+03	6.75381e-01	3.66667e+02
1431	3.69450e+02	1.43100e+03	6.70181e-01	3.67000e+02
1432	3.69789e+02	1.43200e+03	6.64825e-01	3.67333e+02
1433	3.70114e+02	1.43300e+03	6.59486e-01	3.67667e+02
1434	3.70449e+02	1.43400e+03	6.54110e-01	3.68000e+02
1435	3.70790e+02	1.43500e+03	6.48704e-01	3.68333e+02
1436	3.71115e+02	1.43600e+03	6.43133e-01	3.68667e+02
1437	3.71446e+02	1.43700e+03	6.37582e-01	3.69000e+02
1438	3.71776e+02	1.43800e+03	6.31992e-01	3.69333e+02
1439	3.72111e+02	1.43900e+03	6.26368e-01	3.69667e+02
1440	3.72448e+02	1.44000e+03	6.20565e-01	3.70000e+02
1441	3.72772e+02	1.44100e+03	6.14781e-01	3.70333e+02
1442	3.73104e+02	1.44200e+03	6.08952e-01	3.70667e+02
1443	3.73441e+02	1.44300e+03	6.03085e-01	3.71000e+02
1444	3.73767e+02	1.44400e+03	5.97034e-01	3.71333e+02
1445	3.74103e+02	1.44500e+03	5.91015e-01	3.71667e+02
1446	3.74435e+02	1.44600e+03	5.84965e-01	3.72000e+02
1447	3.74765e+02	1.44700e+03	5.78885e-01	3.72333e+02
1448	3.75106e+02	1.44800e+03	5.72657e-01	3.72667e+02
1449	3.75433e+02	1.44900e+03	5.66462e-01	3.73000e+02
1450	3.75765e+02	1.45000e+03	5.60249e-01	3.73333e+02
1451	3.76099e+02	1.45100e+03	5.54017e-01	3.73667e+02
1452	3.76444e+02	1.45200e+03	5.47696e-01	3.74000e+02
1453	3.76777e+02	1.45300e+03	5.41409e-01	3.74333e+02
1454	3.77090e+02	1.45400e+03	5.35120e-01	3.74667e+02
1455	3.77432e+02	1.45500e+03	5.28828e-01	3.75000e+02
1456	3.77772e+02	1.45600e+03	5.22510e-01	3.75333e+02
1457	3.78091e+02	1.45700e+03	5.16206e-01	3.75667e+02
1458	3.78421e+02	1.45800e+03	5.09901e-01	3.76000e+02
1459	3.78761e+02	1.45900e+03	5.03590e-01	3.76333e+02
1460	3.79088e+02	1.46000e+03	4.97268e-01	3.76667e+02
1461	3.79432e+02	1.46100e+03	4.90939e-01	3.77000e+02
1462	3.79764e+02	1.46200e+03	4.84603e-01	3.77333e+02
1463	3.80093e+02	1.46300e+03	4.78261e-01	3.77667e+02
1464	3.80428e+02	1.46400e+03	4.71887e-01	3.78000e+02
1465	3.80753e+02	1.46500e+03	4.65522e-01	3.78333e+02
1466	3.81082e+02	1.46600e+03	4.59154e-01	3.78667e+02
1467	3.81413e+02	1.46700e+03	4.52783e-01	3.79000e+02
1468	3.81752e+02	1.46800e+03	4.46398e-01	3.79333e+02
1469	3.82082e+02	1.46900e+03	4.40024e-01	3.79667e+02
1470	3.82418e+02	1.47000e+03	4.33656e-01	3.80000e+02
1471	3.82749e+02	1.47100e+03	4.27292e-01	3.80333e+02
1472	3.83086e+02	1.47200e+03	4.20938e-01	3.80667e+02
1473	3.83420e+02	1.47300e+03	4.14585e-01	3.81000e+02
1474	3.83753e+02	1.47400e+03	4.08231e-01	3.81333e+02
1475	3.84080e+02	1.47500e+03	4.01879e-01	3.81667e+02
1476	3.84414e+02	1.47600e+03	3.95522e-01	3.82000e+02
1477	3.84751e+02	1.47700e+03	3.89139e-01	3.82333e+02
1478	3.85079e+02	1.47800e+03	3.82722e-01	3.82667e+02
1479	3.85415e+02	1.47900e+03	3.76279e-01	3.83000e+02
1480	3.85744e+02	1.48000e+03	3.69717e-01	3.83333e+02
1481	3.86077e+02	1.48100e+03	3.63130e-01	3.83667e+02
1482	3.86413e+02	1.48200e+03	3.56490e-01	3.84000e+02
1483	3.86736e+02	1.48300e+03	3.49812e-01	3.84333e+02
1484	3.87073e+02	1.48400e+03	3.42941e-01	3.84667e+02
1485	3.87404e+02	1.48500e+03	3.36129e-01	3.85000e+02
1486	3.87749e+02	1.48600e+03	3.29315e-01	3.85333e+02
1487	3.88075e+02	1.48700e+03	3.22495e-01	3.85667e+02
1488	3.88407e+02	1.48800e+03	3.15624e-01	3.86000e+02
1489	3.88731e+02	1.48900e+03	3.08814e-01	3.86333e+02
1490	3.89076e+02	1.49000e+03	3.02040e-01	3.86667e+02
1491	3.89411e+02	1.49100e+03	2.95291e-01	3.87000e+02
1492	3.89745e+02	1.49200e+03	2.88666e-01	3.87333e+02
1493	3.90073e+02	1.49300e+03	2.82051e-01	3.87667e+02
1494	3.90403e+02	1.49400e+03	2.75486e-01	3.88000e+02
1495	3.90739e+02	1.49500e+03	2.68962e-01	3.88333e+02
1496	3.91085e+02	1.49600e+03	2.62647e-01	3.88667e+02
1497	3.91417e+02	1.49700e+03	2.56318e-01	3.89000e+02
1498	3.91747e+02	1.49800e+03	2.50046e-01	3.89333e+02
1499	3.92092e+02	1.49900e+03	2.43823e-01	3.89667e+02
1500	3.92425e+02	1.50000e+03	2.37856e-01	3.90000e+02
1501	3.92755e+02	1.50100e+03	2.31862e-01	3.90333e+02
1502	3.93090e+02	1.50200e+03	2.25928e-01	3.90667e+02
1503	3.93415e+02	1.50300e+03	2.20050e-01	3.91000e+02
1504	3.93769e+02	1.50400e+03	2.14452e-01	3.91333e+02
1505	3.94094e+02	1.50500e+03	2.08817e-01	3.91667e+02
1506	3.94443e+02	1.50600e+03	2.03240e-01	3.92000e+02
1507	3.94781e+02	1.50700e+03	1.97718e-01	3.92333e+02
1508	3.95107e+02	1.50800e+03	1.92474e-01	3.92667e+02
1509	3.95450e+02	1.50900e+03	1.87193e-01	3.93000e+02
1510	3.95789e+02	1.51000e+03	1.81970e-01	3.93333e+02
1511	3.96133e+02	1.51100e+03	1.76799e-01	3.93667e+02
1512	3.96460e+02	1.51200e+03	1.71908e-01	3.94000e+02
1513	3.96798e+02	1.51300e+03	1.66988e-01	3.94333e+02
1514	3.97139e+02	1.51400e+03	1.62136e-01	3.94667e+02
1515	3.97473e+02	1.51500e+03	1.57343e-01	3.95000e+02
1516	3.97804e+02	1.51600e+03	1.52858e-01	3.95333e+02
1517	3.98135e+02	1.51700e+03	1.48340e-01	3.95667e+02
1518	3.98467e+02	1.51800e+03	1.43895e-01	3.96000e+02
1519	3.98799e+02	1.51900e+03	1.39512e-01	3.96333e+02
1520	3.99139e+02	1.52000e+03	1.35453e-01	3.96667e+02
1521	3.99477e+02	1.52100e+03	1.31344e-01	3.97000e+02
1522	3.99812e+02	1.52200e+03	1.27299e-01	3.97333e+02
1523	4.00147e+02	1.52300e+03	1.23311e-01	3.97667e+02
1524	4.00488e+02	1.52400e+03	1.19620e-01	3.98000e+02
1525	4.00822e+02	1.52500e+03	1.15880e-01	3.98333e+02
1526	4.01167e+02	1.52600e+03	1.12193e-01	3.98667e+02
1527	4.01501e+02	1.52700e+03	1.08557e-01	3.99000e+02
1528	4.01832e+02	1.52800e+03	1.05188e-01	3.99333e+02
1529	4.02174e+02	1.52900e+03	1.01779e-01	3.99667e+02
1530	4.02503e+02	1.53000e+03	9.84223e-02	4.00000e+02
1531	4.02838e+02	1.53100e+03	9.51159e-02	4.00333e+02
1532	4.03171e+02	1.53200e+03	9.20642e-02	4.00667e+02
1533	4.03503e+02	1.53300e+03	8.89792e-02	4.01000e+02
1534	4.03853e+02	1.53400e+03	8.59497e-02	4.01333e+02
1535	4.04185e+02	1.53500e+03	8.29709e-02	4.01667e+02
1536	4.04526e+02	1.53600e+03	8.02521e-02	4.02000e+02
1537	4.04856e+02	1.53700e+03	7.74976e-02	4.02333e+02
1538	4.05192e+02	1.53800e+03	7.47941e-02	4.02667e+02
1539	4.05535e+02	1.53900e+03	7.21382e-02	4.03000e+02
1540	4.05867e+02	1.54000e+03	6.97307e-02	4.03333e+02
1541	4.06203e+02	1.54100e+03	6.72795e-02	4.03667e+02
1542	4.06533e+02	1.54200e+03	6.48712e-02	4.04000e+02
1543	4.06885e+02	1.54300e+03	6.25052e-02	4.04333e+02
1544	4.07220e+02	1.54400e+03	6.03581e-02	4.04667e+02
1545	4.07564e+02	1.54500e+03	5.81804e-02	4.05000e+02
1546	4.07887e+02	1.54600e+03	5.60445e-02	4.05333e+02
1547	4.08214e+02	1.54700e+03	5.39477e-02	4.05667e+02
1548	4.08552e+02	1.54800e+03	5.20582e-02	4.06000e+02
1549	4.08880e+02	1.54900e+03	5.01389e-02	4.06333e+02
1550	4.09217e+02	1.55000e+03	4.82619e-02	4.06667e+02
1551	4.09547e+02	1.55100e+03	4.64244e-02	4.07000e+02
1552	4.09885e+02	1.55200e+03	4.47824e-02	4.07333e+02
1553	4.10221e+02	1.55300e+03	4.31082e-02	4.07667e+02
1554	4.10559e+02	1.55400e+03	4.14654e-02	4.08000e+02
1555	4.10885e+02	1.55500e+03	3.98525e-02	4.08333e+02
1556	4.11211e+02	1.55600e+03	3.84004e-02	4.08667e+02
1557	4.11549e+02	1.55700e+03	3.69087e-02	4.09000e+02
1558	4.11876e+02	1.55800e+03	3.54400e-02	4.09333e+02
1559	4.12205e+02	1.55900e+03	3.39985e-02	4.09667e+02
1560	4.12545e+02	1.56000e+03	3.26998e-02	4.10000e+02
1561	4.12882e+02	1.56100e+03	3.14094e-02	4.10333e+02
1562	4.13218e+02	1.56200e+03	3.01723e-02	4.10667e+02
1563	4.13554e+02	1.56300e+03	2.89776e-02	4.11000e+02
1564	4.13882e+02	1.56400e+03	2.79832e-02	4.11333e+02
1565	4.14230e+02	1.56500e+03	2.69503e-02	4.11667e+02
1566	4.14555e+02	1.56600e+03	2.59396e-02	4.12000e+02
1567	4.14895e+02	1.56700e+03	2.49501e-02	4.12333e+02
1568	4.15242e+02	1.56800e+03	2.40964e-02	4.12667e+02
1569	4.15560e+02	1.56900e+03	2.31921e-02	4.13000e+02
1570	4.15907e+02	1.57000e+03	2.22964e-02	4.13333e+02
1571	4.16242e+02	1.57100e+03	2.14169e-02	4.13667e+02
1572	4.16581e+02	1.57200e+03	2.06012e-02	4.14000e+02
1573	4.16927e+02	1.57300e+03	1.97931e-02	4.14333e+02
1574	4.17263e+02	1.57400e+03	1.90094e-02	4.14667e+02
1575	4.17598e+02	1.57500e+03	1.82440e-02	4.15000e+02
1576	4.17932e+02	1.57600e+03	1.75755e-02	4.15333e+02
1577	4.18276e+02	1.57700e+03	1.68863e-02	4.15667e+02
1578	4.18611e+02	1.57800e+03	1.62118e-02	4.16000e+02
1579	4.18940e+02	1.57900e+03	1.55521e-02	4.16333e+02
1580	4.19288e+02	1.58000e+03	1.49638e-02	4.16667e+02
1581	4.19630e+02	1.58100e+03	1.43601e-02	4.17000e+02
1582	4.19974e+02	1.58200e+03	1.37675e-02	4.17333e+02
1583	4.20312e+02	1.58300e+03	1.31867e-02	4.17667e+02
1584	4.20651e+02	1.58400e+03	1.26666e-02	4.18000e+02
1585	4.21004e+02	1.58500e+03	1.21424e-02	4.18333e+02
1586	4.21348e+02	1.58600e+03	1.16351e-02	4.18667e+02
1587	4.21692e+02	1.58700e+03	1.11421e-02	4.19000e+02
1588	4.22025e+02	1.58800e+03	1.07158e-02	4.19333e+02
1589	4.22366e+02	1.58900e+03	1.02779e-02	4.19667e+02
1590	4.22699e+02	1.59000e+03	9.84922e-03	4.20000e+02
1591	4.23040e+02	1.59100e+03	9.42936e-03	4.20333e+02
1592	4.23372e+02	1.59200e+03	9.06312e-03	4.20667e+02
1593	4.23711e+02	1.59300e+03	8.68220e-03	4.21000e+02
1594	4.24042e+02	1.59400e+03	8.30611e-03	4.21333e+02
1595	4.24370e+02	1.59500e+03	7.93629e-03	4.21667e+02
1596	4.24712e+02	1.59600e+03	7.59912e-03	4.22000e+02
1597	4.25053e+02	1.59700e+03	7.25950e-03	4.22333e+02
1598	4.25371e+02	1.59800e+03	6.92997e-03	4.22667e+02
1599	4.25712e+02	1.59900e+03	6.60999e-03	4.23000e+02
1600	4.26047e+02	1.60000e+03	6.33518e-03	4.23333e+02
1601	4.26386e+02	1.60100e+03	6.05944e-03	4.23667e+02
1602	4.26720e+02	1.60200e+03	5.79415e-03	4.24000e+02
1603	4.27056e+02	1.60300e+03	5.53666e-03	4.24333e+02
1604	4.27389e+02	1.60400e+03	5.32385e-03	4.24667e+02
1605	4.27721e+02	1.60500e+03	5.09311e-03	4.25000e+02
1606	4.28056e+02	1.60600e+03	4.86014e-03	4.25333e+02
1607	4.28374e+02	1.60700e+03	4.62701e-03	4.25667e+02
1608	4.28717e+02	1.60800e+03	4.39807e-03	4.26000e+02
1609	4.29039e+02	1.60900e+03	4.16339e-03	4.26333e+02
1610	4.29367e+02	1.61000e+03	3.92652e-03	4.26667e+02
1611	4.29690e+02	1.61100e+03	3.68933e-03	4.27000e+02
1612	4.30025e+02	1.61200e+03	3.45659e-03	4.27333e+02
1613	4.30357e+02	1.61300e+03	3.23957e-03	4.27667e+02
1614	4.30682e+02	1.61400e+03	3.03830e-03	4.28000e+02
1615	4.31018e+02	1.61500e+03	2.84932e-03	4.28333e+02
1616	4.31351e+02	1.61600e+03	2.71263e-03	4.28667e+02
1617	4.31675e+02	1.61700e+03	2.57030e-03	4.29000e+02
1618	4.32001e+02	1.61800e+03	2.43512e-03	4.29333e+02
1619	4.32330e+02	1.61900e+03	2.30603e-03	4.29667e+02
1620	4.32661e+02	1.62000e+03	2.22180e-03	4.30000e+02
1621	4.32996e+02	1.62100e+03	2.11440e-03	4.30333e+02
1622	4.33326e+02	1.62200e+03	1.99947e-03	4.30667e+02
1623	4.33656e+02	1.62300e+03	1.88159e-03	4.31000e+02
1624	4.33987e+02	1.62400e+03	1.75785e-03	4.31333e+02
1625	4.34325e+02	1.62500e+03	1.63197e-03	4.31667e+02
1626	4.34662e+02	1.62600e+03	1.50172e-03	4.32000e+02
1627	4.34978e+02	1.62700e+03	1.36947e-03	4.32333e+02
1628	4.35314e+02	1.62800e+03	1.22823e-03	4.32667e+02
1629	4.35642e+02	1.62900e+03	1.09379e-03	4.33000e+02
1630	4.35979e+02	1.63000e+03	9.61929e-04	4.33333e+02
1631	4.36314e+02	1.63100e+03	8.31305e-04	4.33667e+02
1632	4.36642e+02	1.63200e+03	7.11892e-04	4.34000e+02
1633	4.36968e+02	1.63300e+03	5.98409e-04	4.34333e+02
1634	4.37313e+02	1.63400e+03	4.93052e-04	4.34667e+02
1635	4.37634e+02	1.63500e+03	3.93192e-04	4.35000e+02
1636	4.37962e+02	1.63600e+03	3.17910e-04	4.35333e+02
1637	4.38297e+02	1.63700e+03	2.35290e-04	4.35667e+02
1638	4.38625e+02	1.63800e+03	1.54354e-04	4.36000e+02
1639	4.38956e+02	1.63900e+03	7.54837e-05	4.36333e+02
1640	4.39287e+02	1.64000e+03	1.08846e-05	4.36667e+02
1641	4.39614e+02	1.64100e+03	-5.83577e-05	4.37000e+02
1642	4.39934e+02	1.64200e+03	-1.27080e-04	4.37333e+02
1643	4.40267e+02	1.64300e+03	-1.94901e-04	4.37667e+02
1644	4.40600e+02	1.64400e+03	-2.61926e-04	4.38000e+02
1645	4.40930e+02	1.64500e+03	-3.29384e-04	4.38333e+02
1646	4.41259e+02	1.64600e+03	-3.94742e-04	4.38667e+02
1647	4.41588e+02	1.64700e+03	-4.58492e-04	4.39000e+02
1648	4.41919e+02	1.64800e+03	-5.17879e-04	4.39333e+02
1649	4.42253e+02	1.64900e+03	-5.72828e-04	4.39667e+02
1650	4.42603e+02	1.65000e+03	-6.24158e-04	4.40000e+02
1651	4.42934e+02	1.65100e+03	-6.74034e-04	4.40333e+02
1652	4.43272e+02	1.65200e+03	-7.08873e-04	4.40667e+02
1653	4.43607e+02	1.65300e+03	-7.47857e-04	4.41000e+02
1654	4.43940e+02	1.65400e+03	-7.86889e-04	4.41333e+02
1655	4.44259e+02	1.65500e+03	-8.25044e-04	4.41667e+02
1656	4.44589e+02	1.65600e+03	-8.59683e-04	4.42000e+02
1657	4.44919e+02	1.65700e+03	-8.97450e-04	4.42333e+02
1658	4.45244e+02	1.65800e+03	-9.34200e-04	4.42667e+02
1659	4.45593e+02	1.65900e+03	-9.69800e-04	4.43000e+02
1660	4.45924e+02	1.66000e+03	-1.00195e-03	4.43333e+02
1661	4.46263e+02	1.66100e+03	-1.02984e-03	4.43667e+02
1662	4.46596e+02	1.66200e+03	-1.05565e-03	4.44000e+02
1663	4.46931e+02	1.66300e+03	-1.08117e-03	4.44333e+02
1664	4.47265e+02	1.66400e+03	-1.10118e-03	4.44667e+02
1665	4.47602e+02	1.66500e+03	-1.13007e-03	4.45000e+02
1666	4.47933e+02	1.66600e+03	-1.16322e-03	4.45333e+02
1667	4.48260e+02	1.66700e+03	-1.19745e-03	4.45667e+02
1668	4.48584e+02	1.66800e+03	-1.24246e-03	4.46000e+02
1669	4.48921e+02	1.66900e+03	-1.28515e-03	4.46333e+02
1670	4.49249e+02	1.67000e+03	-1.32927e-03	4.46667e+02
1671	4.49572e+02	1.67100e+03	-1.37459e-03	4.47000e+02
1672	4.49900e+02	1.67200e+03	-1.42495e-03	4.47333e+02
1673	4.50227e+02	1.67300e+03	-1.46973e-03	4.47667e+02
1674	4.50553e+02	1.67400e+03	-1.50783e-03	4.48000e+02
1675	4.50890e+02	1.67500e+03	-1.54138e-03	4.48333e+02
1676	4.51210e+02	1.67600e+03	-1.55955e-03	4.48667e+02
1677	4.51540e+02	1.67700e+03	-1.57247e-03	4.49000e+02
1678	4.51874e+02	1.67800e+03	-1.57920e-03	4.49333e+02
1679	4.52203e+02	1.67900e+03	-1.58223e-03	4.49667e+02
1680	4.52532e+02	1.68000e+03	-1.55990e-03	4.50000e+02
1681	4.52857e+02	1.68100e+03	-1.55274e-03	4.50333e+02
1682	4.53202e+02	1.68200e+03	-1.55382e-03	4.50667e+02
1683	4.53527e+02	1.68300e+03	-1.56056e-03	4.51000e+02
1684	4.53852e+02	1.68400e+03	-1.58275e-03	4.51333e+02
1685	4.54183e+02	1.68500e+03	-1.60610e-03	4.51667e+02
1686	4.54515e+02	1.68600e+03	-1.63065e-03	4.52000e+02
1687	4.54855e+02	1.68700e+03	-1.65440e-03	4.52333e+02
1688	4.55205e+02	1.68800e+03	-1.68829e-03	4.52667e+02
1689	4.55543e+02	1.68900e+03	-1.70703e-03	4.53000e+02
1690	4.55866e+02	1.69000e+03	-1.71860e-03	4.53333e+02
1691	4.56197e+02	1.69100e+03	-1.72664e-03	4.53667e+02
1692	4.56525e+02	1.69200e+03	-1.71039e-03	4.54000e+02
1693	4.56863e+02	1.69300e+03	-1.70363e-03	4.54333e+02
1694	4.57189e+02	1.69400e+03	-1.69829e-03	4.54667e+02
1695	4.57523e+02	1.69500e+03	-1.69301e-03	4.55000e+02
1696	4.57851e+02	1.69600e+03	-1.68559e-03	4.55333e+02
1697	4.58181e+02	1.69700e+03	-1.68200e-03	4.55667e+02
1698	4.58506e+02	1.69800e+03	-1.67931e-03	4.56000e+02
1699	4.58835e+02	1.69900e+03	-1.67663e-03	4.56333e+02
1700	4.59161e+02	1.70000e+03	-1.67865e-03	4.56667e+02
1701	4.59489e+02	1.70100e+03	-1.67586e-03	4.57000e+02
1702	4.59823e+02	1.70200e+03	-1.67107e-03	4.57333e+02
1703	4.60148e+02	1.70300e+03	-1.66594e-03	4.57667e+02
1704	4.60471e+02	1.70400e+03	-1.65788e-03	4.58000e+02
1705	4.60799e+02	1.70500e+03	-1.65271e-03	4.58333e+02
1706	4.61133e+02	1.70600e+03	-1.65068e-03	4.58667e+02
1707	4.61455e+02	1.70700e+03	-1.65183e-03	4.59000e+02
1708	4.61780e+02	1.70800e+03	-1.66806e-03	4.59333e+02
1709	4.62123e+02	1.70900e+03	-1.68923e-03	4.59667e+02
1710	4.62449e+02	1.71000e+03	-1.71689e-03	4.60000e+02
1711	4.62778e+02	1.71100e+03	-1.74887e-03	4.60333e+02
1712	4.63115e+02	1.71200e+03	-1.80303e-03	4.60667e+02
1713	4.63444e+02	1.71300e+03	-1.84171e-03	4.61000e+02
1714	4.63764e+02	1.71400e+03	-1.87245e-03	4.61333e+02
1715	4.64082e+02	1.71500e+03	-1.89896e-03	4.61667e+02
1716	4.64409e+02	1.71600e+03	-1.90938e-03	4.62000e+02
1717	4.64720e+02	1.71700e+03	-1.91653e-03	4.62333e+02
1718	4.65009e+02	1.71800e+03	-1.91805e-03	4.62667e+02
1719	4.65311e+02	1.71900e+03	-1.91572e-03	4.63000e+02
1720	4.65611e+02	1.72000e+03	-1.88924e-03	4.63333e+02
1721	4.65918e+02	1.72100e+03	-1.87533e-03	4.63667e+02
1722	4.66227e+02	1.72200e+03	-1.86531e-03	4.64000e+02
1723	4.66537e+02	1.72300e+03	-1.85697e-03	4.64333e+02
1724	4.66860e+02	1.72400e+03	-1.85472e-03	4.64667e+02
1725	4.67187e+02	1.72500e+03	-1.85609e-03	4.65000e+02
1726	4.67506e+02	1.72600e+03	-1.86164e-03	4.65333e+02
1727	4.67832e+02	1.72700e+03	-1.86978e-03	4.65667e+02
1728	4.68164e+02	1.72800e+03	-1.89145e-03	4.66000e+02
1729	4.68495e+02	1.72900e+03	-1.90676e-03	4.66333e+02
1730	4.68812e+02	1.73000e+03	-1.92185e-03	4.66667e+02
1731	4.69139e+02	1.73100e+03	-1.93758e-03	4.67000e+02
1732	4.69465e+02	1.73200e+03	-1.95303e-03	4.67333e+02
1733	4.69782e+02	1.73300e+03	-1.96586e-03	4.67667e+02
1734	4.70112e+02	1.73400e+03	-1.97619e-03	4.68000e+02
1735	4.70439e+02	1.73500e+03	-1.98469e-03	4.68333e+02
1736	4.70757e+02	1.73600e+03	-1.98362e-03	4.68667e+02
1737	4.71094e+02	1.73700e+03	-1.98260e-03	4.69000e+02
1738	4.71412e+02	1.73800e+03	-1.97994e-03	4.69333e+02
1739	4.71745e+02	1.73900e+03	-1.97564e-03	4.69667e+02
1740	4.72072e+02	1.74000e+03	-1.96044e-03	4.70000e+02
1741	4.72385e+02	1.74100e+03	-1.95168e-03	4.70333e+02
1742	4.72698e+02	1.74200e+03	-1.94669e-03	4.70667e+02
1743	4.73029e+02	1.74300e+03	-1.94491e-03	4.71000e+02
1744	4.73354e+02	1.74400e+03	-1.95582e-03	4.71333e+02
1745	4.73681e+02	1.74500e+03	-1.97041e-03	4.71667e+02
1746	4.74001e+02	1.74600e+03	-1.98810e-03	4.72000e+02
1747	4.74330e+02	1.74700e+03	-2.00670e-03	4.72333e+02
1748	4.74652e+02	1.74800e+03	-2.04500e-03	4.72667e+02
1749	4.74975e+02	1.74900e+03	-2.07378e-03	4.73000e+02
1750	4.75310e+02	1.75000e+03	-2.09960e-03	4.73333e+02
1751	4.75635e+02	1.75100e+03	-2.12331e-03	4.73667e+02
1752	4.75948e+02	1.75200e+03	-2.13483e-03	4.74000e+02
1753	4.76269e+02	1.75300e+03	-2.14295e-03	4.74333e+02
1754	4.76588e+02	1.75400e+03	-2.14678e-03	4.74667e+02
1755	4.76915e+02	1.75500e+03	-2.14807e-03	4.75000e+02
1756	4.77241e+02	1.75600e+03	-2.13288e-03	4.75333e+02
1757	4.77556e+02	1.75700e+03	-2.12741e-03	4.75667e+02
1758	4.77877e+02	1.75800e+03	-2.12666e-03	4.76000e+02
1759	4.78204e+02	1.75900e+03	-2.12960e-03	4.76333e+02
1760	4.78531e+02	1.76000e+03	-2.14975e-03	4.76667e+02
1761	4.78847e+02	1.76100e+03	-2.17498e-03	4.77000e+02
1762	4.79172e+02	1.76200e+03	-2.20530e-03	4.77333e+02
1763	4.79511e+02	1.76300e+03	-2.23850e-03	4.77667e+02
1764	4.79839e+02	1.76400e+03	-2.28882e-03	4.78000e+02
1765	4.80159e+02	1.76500e+03	-2.31741e-03	4.78333e+02
1766	4.80492e+02	1.76600e+03	-2.33318e-03	4.78667e+02
1767	4.80827e+02	1.76700e+03	-2.34186e-03	4.79000e+02
1768	4.81141e+02	1.76800e+03	-2.32125e-03	4.79333e+02
1769	4.81463e+02	1.76900e+03	-2.31044e-03	4.79667e+02
1770	4.81793e+02	1.77000e+03	-2.30309e-03	4.80000e+02
1771	4.82126e+02	1.77100e+03	-2.29717e-03	4.80333e+02
1772	4.82443e+02	1.77200e+03	-2.28653e-03	4.80667e+02
1773	4.82767e+02	1.77300e+03	-2.28856e-03	4.81000e+02
1774	4.83096e+02	1.77400e+03	-2.29671e-03	4.81333e+02
1775	4.83416e+02	1.77500e+03	-2.30883e-03	4.81667e+02
1776	4.83738e+02	1.77600e+03	-2.35189e-03	4.82000e+02
1777	4.84064e+02	1.77700e+03	-2.38600e-03	4.82333e+02
1778	4.84394e+02	1.77800e+03	-2.41576e-03	4.82667e+02
1779	4.84730e+02	1.77900e+03	-2.44149e-03	4.83000e+02
1780	4.85050e+02	1.78000e+03	-2.46265e-03	4.83333e+02
1781	4.85377e+02	1.78100e+03	-2.47263e-03	4.83667e+02
1782	4.85707e+02	1.78200e+03	-2.47641e-03	4.84000e+02
1783	4.86029e+02	1.78300e+03	-2.47692e-03	4.84333e+02
1784	4.86361e+02	1.78400e+03	-2.44744e-03	4.84667e+02
1785	4.86688e+02	1.78500e+03	-2.43069e-03	4.85000e+02
1786	4.87015e+02	1.78600e+03	-2.41380e-03	4.85333e+02
1787	4.87339e+02	1.78700e+03	-2.39544e-03	4.85667e+02
1788	4.87665e+02	1.78800e+03	-2.37496e-03	4.86000e+02
1789	4.87992e+02	1.78900e+03	-2.35773e-03	4.86333e+02
1790	4.88326e+02	1.79000e+03	-2.34394e-03	4.86667e+02
1791	4.88645e+02	1.79100e+03	-2.33247e-03	4.87000e+02
1792	4.88967e+02	1.79200e+03	-2.32920e-03	4.87333e+02
1793	4.89289e+02	1.79300e+03	-2.32773e-03	4.87667e+02
1794	4.89621e+02	1.79400e+03	-2.32928e-03	4.88000e+02
1795	4.89942e+02	1.79500e+03	-2.33292e-03	4.88333e+02
1796	4.90266e+02	1.79600e+03	-2.35209e-03	4.88667e+02
1797	4.90592e+02	1.79700e+03	-2.36613e-03	4.89000e+02
1798	4.90925e+02	1.79800e+03	-2.37853e-03	4.89333e+02
1799	4.91252e+02	1.79900e+03	-2.38998e-03	4.89667e+02
1800	4.91585e+02	1.80000e+03	-2.39805e-03	4.90000e+02
1801	4.91911e+02	1.80100e+03	-2.39778e-03	4.90333e+02
1802	4.92240e+02	1.80200e+03	-2.38937e-03	4.90667e+02
1803	4.92561e+02	1.80300e+03	-2.37568e-03	4.91000e+02
1804	4.92893e+02	1.80400e+03	-2.33856e-03	4.91333e+02
1805	4.93216e+02	1.80500e+03	-2.31015e-03	4.91667e+02
1806	4.93535e+02	1.80600e+03	-2.28535e-03	4.92000e+02
1807	4.93859e+02	1.80700e+03	-2.26315e-03	4.92333e+02
1808	4.94192e+02	1.80800e+03	-2.24809e-03	4.92667e+02
1809	4.94514e+02	1.80900e+03	-2.24439e-03	4.93000e+02
1810	4.94837e+02	1.81000e+03	-2.24633e-03	4.93333e+02
1811	4.95164e+02	1.81100e+03	-2.25021e-03	4.93667e+02
1812	4.95498e+02	1.81200e+03	-2.27774e-03	4.94000e+02
1813	4.95832e+02	1.81300e+03	-2.29017e-03	4.94333e+02
1814	4.96153e+02	1.81400e+03	-2.30056e-03	4.94667e+02
1815	4.96479e+02	1.81500e+03	-2.31265e-03	4.95000e+02
1816	4.96796e+02	1.81600e+03	-2.33022e-03	4.95333e+02
1817	4.97121e+02	1.81700e+03	-2.35974e-03	4.95667e+02
1818	4.97449e+02	1.81800e+03	-2.39853e-03	4.96000e+02
1819	4.97778e+02	1.81900e+03	-2.44223e-03	4.96333e+02
1820	4.98103e+02	1.82000e+03	-2.50529e-03	4.96667e+02
1821	4.98432e+02	1.82100e+03	-2.54300e-03	4.97000e+02
1822	4.98769e+02	1.82200e+03	-2.55978e-03	4.97333e+02
1823	4.99083e+02	1.82300e+03	-2.56302e-03	4.97667e+02
1824	4.99410e+02	1.82400e+03	-2.52125e-03	4.98000e+02
1825	4.99739e+02	1.82500e+03	-2.48203e-03	4.98333e+02
1826	5.00056e+02	1.82600e+03	-2.44073e-03	4.98667e+02
1827	5.00389e+02	1.82700e+03	-2.39890e-03	4.99000e+02
1828	5.00712e+02	1.82800e+03	-2.32730e-03	4.99333e+02
1829	5.01038e+02	1.82900e+03	-2.28765e-03	4.99667e+02
1830	5.01367e+02	1.83000e+03	-2.26137e-03	5.00000e+02
1831	5.01703e+02	1.83100e+03	-2.24146e-03	5.00333e+02
1832	5.02021e+02	1.83200e+03	-2.26489e-03	5.00667e+02
1833	5.02346e+02	1.83300e+03	-2.27526e-03	5.01000e+02
1834	5.02668e+02	1.83400e+03	-2.28773e-03	5.01333e+02
1835	5.03003e+02	1.83500e+03	-2.30270e-03	5.01667e+02
1836	5.03333e+02	1.83600e+03	-2.33038e-03	5.02000e+02
1837	5.03646e+02	1.83700e+03	-2.35152e-03	5.02333e+02
1838	5.03979e+02	1.83800e+03	-2.37492e-03	5.02667e+02
1839	5.04313e+02	1.83900e+03	-2.40040e-03	5.03000e+02
1840	5.04633e+02	1.84000e+03	-2.42456e-03	5.03333e+02
1841	5.04961e+02	1.84100e+03	-2.44930e-03	5.03667e+02
1842	5.05283e+02	1.84200e+03	-2.47142e-03	5.04000e+02
1843	5.05611e+02	1.84300e+03	-2.49096e-03	5.04333e+02
1844	5.05936e+02	1.84400e+03	-2.50782e-03	5.04667e+02
1845	5.06260e+02	1.84500e+03	-2.52262e-03	5.05000e+02
1846	5.06586e+02	1.84600e+03	-2.53603e-03	5.05333e+02
1847	5.06910e+02	1.84700e+03	-2.54857e-03	5.05667e+02
1848	5.07250e+02	1.84800e+03	-2.55322e-03	5.06000e+02
1849	5.07569e+02	1.84900e+03	-2.56309e-03	5.06333e+02
1850	5.07895e+02	1.85000e+03	-2.57487e-03	5.06667e+02
1851	5.08228e+02	1.85100e+03	-2.58745e-03	5.07000e+02
1852	5.08549e+02	1.85200e+03	-2.61083e-03	5.07333e+02
1853	5.08874e+02	1.85300e+03	-2.64061e-03	5.07667e+02
1854	5.09206e+02	1.85400e+03	-2.67747e-03	5.08000e+02
1855	5.09526e+02	1.85500e+03	-2.71724e-03	5.08333e+02
1856	5.09866e+02	1.85600e+03	-2.76286e-03	5.08667e+02
1857	5.10189e+02	1.85700e+03	-2.78993e-03	5.09000e+02
1858	5.10515e+02	1.85800e+03	-2.80364e-03	5.09333e+02
1859	5.10854e+02	1.85900e+03	-2.80964e-03	5.09667e+02
1860	5.11181e+02	1.86000e+03	-2.78470e-03	5.10000e+02
1861	5.11508e+02	1.86100e+03	-2.76882e-03	5.10333e+02
1862	5.11836e+02	1.86200e+03	-2.75395e-03	5.10667e+02
1863	5.12158e+02	1.86300e+03	-2.73898e-03	5.11000e+02
1864	5.12492e+02	1.86400e+03	-2.71158e-03	5.11333e+02
1865	5.12816e+02	1.86500e+03	-2.69514e-03	5.11667e+02
1866	5.13148e+02	1.86600e+03	-2.68251e-03	5.12000e+02
1867	5.13470e+02	1.86700e+03	-2.67117e-03	5.12333e+02
1868	5.13791e+02	1.86800e+03	-2.67142e-03	5.12667e+02
1869	5.14107e+02	1.86900e+03	-2.66596e-03	5.13000e+02
1870	5.14453e+02	1.87000e+03	-2.65964e-03	5.13333e+02
1871	5.14780e+02	1.87100e+03	-2.65363e-03	5.13667e+02
1872	5.15103e+02	1.87200e+03	-2.65136e-03	5.14000e+02
1873	5.15430e+02	1.87300e+03	-2.65276e-03	5.14333e+02
1874	5.15754e+02	1.87400e+03	-2.65818e-03	5.14667e+02
1875	5.16078e+02	1.87500e+03	-2.66574e-03	5.15000e+02
1876	5.16412e+02	1.87600e+03	-2.67821e-03	5.15333e+02
1877	5.16745e+02	1.87700e+03	-2.68313e-03	5.15667e+02
1878	5.17063e+02	1.87800e+03	-2.68382e-03	5.16000e+02
1879	5.17392e+02	1.87900e+03	-2.68240e-03	5.16333e+02
1880	5.17716e+02	1.88000e+03	-2.67428e-03	5.16667e+02
1881	5.18046e+02	1.88100e+03	-2.67026e-03	5.17000e+02
1882	5.18379e+02	1.88200e+03	-2.66860e-03	5.17333e+02
1883	5.18707e+02	1.88300e+03	-2.66839e-03	5.17667e+02
1884	5.19039e+02	1.88400e+03	-2.66959e-03	5.18000e+02
1885	5.19360e+02	1.88500e+03	-2.67192e-03	5.18333e+02
1886	5.19684e+02	1.88600e+03	-2.67413e-03	5.18667e+02
1887	5.20013e+02	1.88700e+03	-2.67578e-03	5.19000e+02
1888	5.20347e+02	1.88800e+03	-2.67865e-03	5.19333e+02
1889	5.20672e+02	1.88900e+03	-2.67636e-03	5.19667e+02
1890	5.21001e+02	1.89000e+03	-2.67184e-03	5.20000e+02
1891	5.21336e+02	1.89100e+03	-2.66678e-03	5.20333e+02
1892	5.21669e+02	1.89200e+03	-2.65720e-03	5.20667e+02
1893	5.21985e+02	1.89300e+03	-2.65620e-03	5.21000e+02
1894	5.22314e+02	1.89400e+03	-2.66090e-03	5.21333e+02
1895	5.22644e+02	1.89500e+03	-2.66827e-03	5.21667e+02
1896	5.22975e+02	1.89600e+03	-2.68354e-03	5.22000e+02
1897	5.23304e+02	1.89700e+03	-2.69244e-03	5.22333e+02
1898	5.23632e+02	1.89800e+03	-2.69934e-03	5.22667e+02
1899	5.23956e+02	1.89900e+03	-2.70520e-03	5.23000e+02
1900	5.24290e+02	1.90000e+03	-2.70767e-03	5.23333e+02
1901	5.24615e+02	1.90100e+03	-2.71042e-03	5.23667e+02
1902	5.24943e+02	1.90200e+03	-2.71250e-03	5.24000e+02
1903	5.25279e+02	1.90300e+03	-2.71401e-03	5.24333e+02
1904	5.25607e+02	1.90400e+03	-2.71126e-03	5.24667e+02
1905	5.25932e+02	1.90500e+03	-2.70989e-03	5.25000e+02
1906	5.26257e+02	1.90600e+03	-2.70801e-03	5.25333e+02
1907	5.26595e+02	1.90700e+03	-2.70552e-03	5.25667e+02
1908	5.26919e+02	1.90800e+03	-2.70102e-03	5.26000e+02
1909	5.27249e+02	1.90900e+03	-2.69821e-03	5.26333e+02
1910	5.27591e+02	1.91000e+03	-2.69785e-03	5.26667e+02
1911	5.27924e+02	1.91100e+03	-2.69913e-03	5.27000e+02
1912	5.28253e+02	1.91200e+03	-2.70134e-03	5.27333e+02
1913	5.28575e+02	1.91300e+03	-2.70245e-03	5.27667e+02
1914	5.28898e+02	1.91400e+03	-2.70232e-03	5.28000e+02
1915	5.29232e+02	1.91500e+03	-2.70143e-03	5.28333e+02
1916	5.29566e+02	1.91600e+03	-2.70361e-03	5.28667e+02
1917	5.29893e+02	1.91700e+03	-2.70723e-03	5.29000e+02
1918	5.30230e+02	1.91800e+03	-2.71342e-03	5.29333e+02
1919	5.30546e+02	1.91900e+03	-2.72183e-03	5.29667e+02
1920	5.30869e+02	1.92000e+03	-2.73410e-03	5.30000e+02
1921	5.31207e+02	1.92100e+03	-2.74402e-03	5.30333e+02
1922	5.31530e+02	1.92200e+03	-2.75291e-03	5.30667e+02
1923	5.31867e+02	1.92300e+03	-2.76087e-03	5.31000e+02
1924	5.32191e+02	1.92400e+03	-2.76505e-03	5.31333e+02
1925	5.32521e+02	1.92500e+03	-2.76336e-03	5.31667e+02
1926	5.32844e+02	1.92600e+03	-2.75676e-03	5.32000e+02
1927	5.33173e+02	1.92700e+03	-2.74789e-03	5.32333e+02
1928	5.33504e+02	1.92800e+03	-2.72786e-03	5.32667e+02
1929	5.33834e+02	1.92900e+03	-2.71623e-03	5.33000e+02
1930	5.34163e+02	1.93000e+03	-2.70800e-03	5.33333e+02
1931	5.34490e+02	1.93100e+03	-2.70112e-03	5.33667e+02
1932	5.34819e+02	1.93200e+03	-2.69931e-03	5.34000e+02
1933	5.35148e+02	1.93300e+03	-2.69793e-03	5.34333e+02
1934	5.35466e+02	1.93400e+03	-2.69909e-03	5.34667e+02
1935	5.35797e+02	1.93500e+03	-2.70313e-03	5.35000e+02
1936	5.36136e+02	1.93600e+03	-2.71741e-03	5.35333e+02
1937	5.36458e+02	1.93700e+03	-2.72585e-03	5.35667e+02
1938	5.36789e+02	1.93800e+03	-2.73079e-03	5.36000e+02
1939	5.37120e+02	1.93900e+03	-2.73421e-03	5.36333e+02
1940	5.37457e+02	1.94000e+03	-2.73753e-03	5.36667e+02
1941	5.37772e+02	1.94100e+03	-2.73863e-03	5.37000e+02
1942	5.38109e+02	1.94200e+03	-2.73903e-03	5.37333e+02
1943	5.38432e+02	1.94300e+03	-2.73897e-03	5.37667e+02
1944	5.38756e+02	1.94400e+03	-2.73276e-03	5.38000e+02
1945	5.39089e+02	1.94500e+03	-2.73101e-03	5.38333e+02
1946	5.39417e+02	1.94600e+03	-2.73030e-03	5.38667e+02
1947	5.39744e+02	1.94700e+03	-2.72962e-03	5.39000e+02
1948	5.40072e+02	1.94800e+03	-2.73241e-03	5.39333e+02
1949	5.40406e+02	1.94900e+03	-2.73383e-03	5.39667e+02
1950	5.40733e+02	1.95000e+03	-2.73423e-03	5.40000e+02
1951	5.41069e+02	1.95100e+03	-2.73375e-03	5.40333e+02
1952	5.41381e+02	1.95200e+03	-2.72953e-03	5.40667e+02
1953	5.41713e+02	1.95300e+03	-2.72362e-03	5.41000e+02
1954	5.42039e+02	1.95400e+03	-2.71757e-03	5.41333e+02
1955	5.42365e+02	1.95500e+03	-2.71283e-03	5.41667e+02
1956	5.42696e+02	1.95600e+03	-2.71187e-03	5.42000e+02
1957	5.43029e+02	1.95700e+03	-2.71709e-03	5.42333e+02
1958	5.43348e+02	1.95800e+03	-2.72483e-03	5.42667e+02
1959	5.43677e+02	1.95900e+03	-2.73387e-03	5.43000e+02
1960	5.44006e+02	1.96000e+03	-2.75447e-03	5.43333e+02
1961	5.44346e+02	1.96100e+03	-2.76413e-03	5.43667e+02
1962	5.44676e+02	1.96200e+03	-2.77039e-03	5.44000e+02
1963	5.44999e+02	1.96300e+03	-2.77595e-03	5.44333e+02
1964	5.45320e+02	1.96400e+03	-2.77338e-03	5.44667e+02
1965	5.45656e+02	1.96500e+03	-2.77484e-03	5.45000e+02
1966	5.45983e+02	1.96600e+03	-2.77685e-03	5.45333e+02
1967	5.46310e+02	1.96700e+03	-2.77887e-03	5.45667e+02
1968	5.46647e+02	1.96800e+03	-2.78078e-03	5.46000e+02
1969	5.46980e+02	1.96900e+03	-2.78122e-03	5.46333e+02
1970	5.47293e+02	1.97000e+03	-2.77970e-03	5.46667e+02
1971	5.47619e+02	1.97100e+03	-2.77678e-03	5.47000e+02
1972	5.47948e+02	1.97200e+03	-2.77109e-03	5.47333e+02
1973	5.48286e+02	1.97300e+03	-2.76658e-03	5.47667e+02
1974	5.48609e+02	1.97400e+03	-2.76258e-03	5.48000e+02
1975	5.48947e+02	1.97500e+03	-2.75884e-03	5.48333e+02
1976	5.49270e+02	1.97600e+03	-2.75236e-03	5.48667e+02
1977	5.49607e+02	1.97700e+03	-2.74675e-03	5.49000e+02
1978	5.49938e+02	1.97800e+03	-2.74223e-03	5.49333e+02
1979	5.50244e+02	1.97900e+03	-2.73862e-03	5.49667e+02
1980	5.50573e+02	1.98000e+03	-2.74199e-03	5.50000e+02
1981	5.50916e+02	1.98100e+03	-2.74985e-03	5.50333e+02
1982	5.51239e+02	1.98200e+03	-2.76275e-03	5.50667e+02
1983	5.51565e+02	1.98300e+03	-2.77893e-03	5.51000e+02
1984	5.51889e+02	1.98400e+03	-2.81139e-03	5.51333e+02
1985	5.52225e+02	1.98500e+03	-2.83782e-03	5.51667e+02
1986	5.52556e+02	1.98600e+03	-2.86231e-03	5.52000e+02
1987	5.52880e+02	1.98700e+03	-2.88598e-03	5.52333e+02
1988	5.53212e+02	1.98800e+03	-2.91328e-03	5.52667e+02
1989	5.53539e+02	1.98900e+03	-2.93776e-03	5.53000e+02
1990	5.53861e+02	1.99000e+03	-2.96167e-03	5.53333e+02
1991	5.54189e+02	1.99100e+03	-2.98553e-03	5.53667e+02
1992	5.54532e+02	1.99200e+03	-3.01085e-03	5.54000e+02
1993	5.54837e+02	1.99300e+03	-3.03984e-03	5.54333e+02
1994	5.55181e+02	1.99400e+03	-3.06926e-03	5.54667e+02
1995	5.55513e+02	1.99500e+03	-3.09822e-03	5.55000e+02
1996	5.55845e+02	1.99600e+03	-3.11979e-03	5.55333e+02
1997	5.56165e+02	1.99700e+03	-3.12715e-03	5.55667e+02
1998	5.56497e+02	1.99800e+03	-3.12045e-03	5.56000e+02
1999	5.56833e+02	1.99900e+03	-3.10300e-03	5.56333e+02
2000	5.57158e+02	2.00000e+03	-3.03518e-03	5.56667e+02
2001	5.57485e+02	2.00100e+03	-2.97639e-03	5.57000e+02
2002	5.57806e+02	2.00200e+03	-2.91779e-03	5.57333e+02
2003	5.58139e+02	2.00300e+03	-2.86085e-03	5.57667e+02
2004	5.58476e+02	2.00400e+03	-2.79597e-03	5.58000e+02
2005	5.58800e+02	2.00500e+03	-2.76246e-03	5.58333e+02
2006	5.59129e+02	2.00600e+03	-2.74883e-03	5.58667e+02
2007	5.59453e+02	2.00700e+03	-2.74680e-03	5.59000e+02
2008	5.59791e+02	2.00800e+03	-2.80630e-03	5.59333e+02
2009	5.60117e+02	2.00900e+03	-2.84399e-03	5.59667e+02
2010	5.60440e+02	2.01000e+03	-2.87962e-03	5.60000e+02
2011	5.60773e+02	2.01100e+03	-2.91419e-03	5.60333e+02
2012	5.61104e+02	2.01200e+03	-2.95382e-03	5.60667e+02
2013	5.61433e+02	2.01300e+03	-2.97614e-03	5.61000e+02
2014	5.61755e+02	2.01400e+03	-2.99010e-03	5.61333e+02
2015	5.62088e+02	2.01500e+03	-3.00050e-03	5.61667e+02
2016	5.62420e+02	2.01600e+03	-2.97852e-03	5.62000e+02
2017	5.62754e+02	2.01700e+03	-2.96698e-03	5.62333e+02
2018	5.63073e+02	2.01800e+03	-2.95363e-03	5.62667e+02
2019	5.63398e+02	2.01900e+03	-2.93747e-03	5.63000e+02
2020	5.63722e+02	2.02000e+03	-2.90968e-03	5.63333e+02
2021	5.64062e+02	2.02100e+03	-2.88604e-03	5.63667e+02
2022	5.64391e+02	2.02200e+03	-2.86318e-03	5.64000e+02
2023	5.64725e+02	2.02300e+03	-2.84086e-03	5.64333e+02
2024	5.65055e+02	2.02400e+03	-2.81965e-03	5.64667e+02
2025	5.65377e+02	2.02500e+03	-2.80499e-03	5.65000e+02
2026	5.65708e+02	2.02600e+03	-2.79449e-03	5.65333e+02
2027	5.66041e+02	2.02700e+03	-2.78496e-03	5.65667e+02
2028	5.66354e+02	2.02800e+03	-2.78596e-03	5.66000e+02
2029	5.66685e+02	2.02900e+03	-2.78171e-03	5.66333e+02
2030	5.67029e+02	2.03000e+03	-2.77773e-03	5.66667e+02
2031	5.67364e+02	2.03100e+03	-2.77477e-03	5.67000e+02
2032	5.67676e+02	2.03200e+03	-2.78047e-03	5.67333e+02
2033	5.68003e+02	2.03300e+03	-2.79353e-03	5.67667e+02
2034	5.68344e+02	2.03400e+03	-2.81227e-03	5.68000e+02
2035	5.68668e+02	2.03500e+03	-2.83455e-03	5.68333e+02
2036	5.69005e+02	2.03600e+03	-2.88397e-03	5.68667e+02
2037	5.69332e+02	2.03700e+03	-2.92698e-03	5.69000e+02
2038	5.69667e+02	2.03800e+03	-2.96928e-03	5.69333e+02
2039	5.69992e+02	2.03900e+03	-3.01160e-03	5.69667e+02
2040	5.70319e+02	2.04000e+03	-3.05758e-03	5.70000e+02
2041	5.70651e+02	2.04100e+03	-3.08913e-03	5.70333e+02
2042	5.70985e+02	2.04200e+03	-3.11044e-03	5.70667e+02
2043	5.71318e+02	2.04300e+03	-3.12508e-03	5.71000e+02
2044	5.71645e+02	2.04400e+03	-3.10661e-03	5.71333e+02
2045	5.71968e+02	2.04500e+03	-3.09452e-03	5.71667e+02
2046	5.72302e+02	2.04600e+03	-3.07924e-03	5.72000e+02
2047	5.72639e+02	2.04700e+03	-3.06091e-03	5.72333e+02
2048	5.72957e+02	2.04800e+03	-3.02386e-03	5.72667e+02
2049	5.73290e+02	2.04900e+03	-2.99967e-03	5.73000e+02
2050	5.73617e+02	2.05000e+03	-2.97962e-03	5.73333e+02
2051	5.73950e+02	2.05100e+03	-2.96083e-03	5.73667e+02
2052	5.74289e+02	2.05200e+03	-2.94992e-03	5.74000e+02
2053	5.74614e+02	2.05300e+03	-2.93833e-03	5.74333e+02
2054	5.74942e+02	2.05400e+03	-2.92848e-03	5.74667e+02
2055	5.75278e+02	2.05500e+03	-2.92017e-03	5.75000e+02
2056	5.75607e+02	2.05600e+03	-2.92102e-03	5.75333e+02
2057	5.75935e+02	2.05700e+03	-2.92118e-03	5.75667e+02
2058	5.76257e+02	2.05800e+03	-2.92414e-03	5.76000e+02
2059	5.76595e+02	2.05900e+03	-2.92966e-03	5.76333e+02
2060	5.76924e+02	2.06000e+03	-2.94350e-03	5.76667e+02
2061	5.77252e+02	2.06100e+03	-2.95172e-03	5.77000e+02
2062	5.77578e+02	2.06200e+03	-2.95737e-03	5.77333e+02
2063	5.77910e+02	2.06300e+03	-2.96236e-03	5.77667e+02
2064	5.78243e+02	2.06400e+03	-2.96479e-03	5.78000e+02
2065	5.78580e+02	2.06500e+03	-2.96616e-03	5.78333e+02
2066	5.78896e+02	2.06600e+03	-2.97032e-03	5.78667e+02
2067	5.79227e+02	2.06700e+03	-2.97800e-03	5.79000e+02
2068	5.79564e+02	2.06800e+03	-2.98786e-03	5.79333e+02
2069	5.79897e+02	2.06900e+03	-2.99995e-03	5.79667e+02
2070	5.80228e+02	2.07000e+03	-3.01081e-03	5.80000e+02
2071	5.80556e+02	2.07100e+03	-3.01994e-03	5.80333e+02
2072	5.80887e+02	2.07200e+03	-3.03241e-03	5.80667e+02
2073	5.81216e+02	2.07300e+03	-3.03532e-03	5.81000e+02
2074	5.81542e+02	2.07400e+03	-3.03295e-03	5.81333e+02
2075	5.81876e+02	2.07500e+03	-3.02791e-03	5.81667e+02
2076	5.82208e+02	2.07600e+03	-3.00583e-03	5.82000e+02
2077	5.82534e+02	2.07700e+03	-2.99339e-03	5.82333e+02
2078	5.82860e+02	2.07800e+03	-2.98521e-03	5.82667e+02
2079	5.83190e+02	2.07900e+03	-2.97921e-03	5.83000e+02
2080	5.83520e+02	2.08000e+03	-2.98349e-03	5.83333e+02
2081	5.83847e+02	2.08100e+03	-2.99160e-03	5.83667e+02
2082	5.84187e+02	2.08200e+03	-3.00304e-03	5.84000e+02
2083	5.84519e+02	2.08300e+03	-3.01679e-03	5.84333e+02
2084	5.84848e+02	2.08400e+03	-3.04689e-03	5.84667e+02
2085	5.85183e+02	2.08500e+03	-3.06640e-03	5.85000e+02
2086	5.85507e+02	2.08600e+03	-3.08032e-03	5.85333e+02
2087	5.85833e+02	2.08700e+03	-3.09012e-03	5.85667e+02
2088	5.86178e+02	2.08800e+03	-3.08298e-03	5.86000e+02
2089	5.86505e+02	2.08900e+03	-3.07301e-03	5.86333e+02
2090	5.86836e+02	2.09000e+03	-3.05837e-03	5.86667e+02
2091	5.87168e+02	2.09100e+03	-3.04065e-03	5.87000e+02
2092	5.87493e+02	2.09200e+03	-3.00337e-03	5.87333e+02
2093	5.87827e+02	2.09300e+03	-2.98175e-03	5.87667e+02
2094	5.88156e+02	2.09400e+03	-2.96818e-03	5.88000e+02
2095	5.88485e+02	2.09500e+03	-2.95841e-03	5.88333e+02
2096	5.88814e+02	2.09600e+03	-2.95817e-03	5.88667e+02
2097	5.89152e+02	2.09700e+03	-2.95208e-03	5.89000e+02
2098	5.89471e+02	2.09800e+03	-2.94407e-03	5.89333e+02
2099	5.89806e+02	2.09900e+03	-2.93551e-03	5.89667e+02
2100	5.90133e+02	2.10000e+03	-2.92843e-03	5.90000e+02
2101	5.90457e+02	2.10100e+03	-2.92047e-03	5.90333e+02
2102	5.90794e+02	2.10200e+03	-2.91425e-03	5.90667e+02
2103	5.91118e+02	2.10300e+03	-2.90949e-03	5.91000e+02
2104	5.91463e+02	2.10400e+03	-2.91105e-03	5.91333e+02
2105	5.91787e+02	2.10500e+03	-2.91769e-03	5.91667e+02
2106	5.92114e+02	2.10600e+03	-2.92841e-03	5.92000e+02
2107	5.92447e+02	2.10700e+03	-2.94248e-03	5.92333e+02
2108	5.92779e+02	2.10800e+03	-2.97214e-03	5.92667e+02
2109	5.93108e+02	2.10900e+03	-2.99209e-03	5.93000e+02
2110	5.93435e+02	2.11000e+03	-3.00932e-03	5.93333e+02
2111	5.93761e+02	2.11100e+03	-3.02708e-03	5.93667e+02
2112	5.94089e+02	2.11200e+03	-3.04571e-03	5.94000e+02
2113	5.94417e+02	2.11300e+03	-3.06339e-03	5.94333e+02
2114	5.94760e+02	2.11400e+03	-3.07932e-03	5.94667e+02
2115	5.95082e+02	2.11500e+03	-3.09288e-03	5.95000e+02
2116	5.95415e+02	2.11600e+03	-3.09753e-03	5.95333e+02
2117	5.95741e+02	2.11700e+03	-3.09953e-03	5.95667e+02
2118	5.96076e+02	2.11800e+03	-3.10001e-03	5.96000e+02
2119	5.96404e+02	2.11900e+03	-3.10031e-03	5.96333e+02
2120	5.96719e+02	2.12000e+03	-3.09403e-03	5.96667e+02
2121	5.97051e+02	2.12100e+03	-3.10130e-03	5.97000e+02
2122	5.97381e+02	2.12200e+03	-3.11753e-03	5.97333e+02
2123	5.97713e+02	2.12300e+03	-3.13912e-03	5.97667e+02
2124	5.98050e+02	2.12400e+03	-3.18056e-03	5.98000e+02
2125	5.98381e+02	2.12500e+03	-3.20407e-03	5.98333e+02
2126	5.98707e+02	2.12600e+03	-3.21024e-03	5.98667e+02
2127	5.99033e+02	2.12700e+03	-3.20486e-03	5.99000e+02
2128	5.99356e+02	2.12800e+03	-3.17246e-03	5.99333e+02
2129	5.99691e+02	2.12900e+03	-3.13632e-03	5.99667e+02
2130	6.00022e+02	2.13000e+03	-3.09531e-03	6.00000e+02
2131	6.00351e+02	2.13100e+03	-3.05205e-03	6.00333e+02
2132	6.00672e+02	2.13200e+03	-2.97699e-03	6.00667e+02
2133	6.01007e+02	2.13300e+03	-2.92888e-03	6.01000e+02
2134	6.01334e+02	2.13400e+03	-2.89105e-03	6.01333e+02
2135	6.01661e+02	2.13500e+03	-2.85814e-03	6.01667e+02
2136	6.01986e+02	2.13600e+03	-2.86227e-03	6.02000e+02
2137	6.02327e+02	2.13700e+03	-2.86369e-03	6.02333e+02
2138	6.02668e+02	2.13800e+03	-2.87160e-03	6.02667e+02
2139	6.02988e+02	2.13900e+03	-2.88504e-03	6.03000e+02
2140	6.03308e+02	2.14000e+03	-2.93050e-03	6.03333e+02
2141	6.03638e+02	2.14100e+03	-2.96654e-03	6.03667e+02
2142	6.03971e+02	2.14200e+03	-3.00568e-03	6.04000e+02
2143	6.04296e+02	2.14300e+03	-3.04723e-03	6.04333e+02
2144	6.04631e+02	2.14400e+03	-3.10291e-03	6.04667e+02
2145	6.04966e+02	2.14500e+03	-3.15651e-03	6.05000e+02
2146	6.05290e+02	2.14600e+03	-3.21091e-03	6.05333e+02
2147	6.05619e+02	2.14700e+03	-3.26468e-03	6.05667e+02
2148	6.05945e+02	2.14800e+03	-3.31224e-03	6.06000e+02
2149	6.06289e+02	2.14900e+03	-3.34367e-03	6.06333e+02
2150	6.06614e+02	2.15000e+03	-3.35647e-03	6.06667e+02
2151	6.06940e+02	2.15100e+03	-3.35608e-03	6.07000e+02
2152	6.07276e+02	2.15200e+03	-3.30247e-03	6.07333e+02
2153	6.07608e+02	2.15300e+03	-3.25617e-03	6.07667e+02
2154	6.07945e+02	2.15400e+03	-3.20653e-03	6.08000e+02
2155	6.08272e+02	2.15500e+03	-3.15447e-03	6.08333e+02
2156	6.08603e+02	2.15600e+03	-3.07520e-03	6.08667e+02
2157	6.08923e+02	2.15700e+03	-3.02917e-03	6.09000e+02
2158	6.09253e+02	2.15800e+03	-2.99901e-03	6.09333e+02
2159	6.09600e+02	2.15900e+03	-2.97586e-03	6.09667e+02
2160	6.09915e+02	2.16000e+03	-2.99749e-03	6.10000e+02
2161	6.10245e+02	2.16100e+03	-3.00766e-03	6.10333e+02
2162	6.10583e+02	2.16200e+03	-3.01889e-03	6.10667e+02
2163	6.10911e+02	2.16300e+03	-3.03164e-03	6.11000e+02
2164	6.11242e+02	2.16400e+03	-3.05548e-03	6.11333e+02
2165	6.11573e+02	2.16500e+03	-3.06313e-03	6.11667e+02
2166	6.11899e+02	2.16600e+03	-3.06457e-03	6.12000e+02
2167	6.12230e+02	2.16700e+03	-3.06370e-03	6.12333e+02
2168	6.12565e+02	2.16800e+03	-3.04632e-03	6.12667e+02
2169	6.12887e+02	2.16900e+03	-3.04112e-03	6.13000e+02
2170	6.13218e+02	2.17000e+03	-3.04002e-03	6.13333e+02
2171	6.13554e+02	2.17100e+03	-3.03977e-03	6.13667e+02
2172	6.13881e+02	2.17200e+03	-3.04231e-03	6.14000e+02
2173	6.14216e+02	2.17300e+03	-3.03986e-03	6.14333e+02
2174	6.14539e+02	2.17400e+03	-3.03371e-03	6.14667e+02
2175	6.14873e+02	2.17500e+03	-3.02521e-03	6.15000e+02
2176	6.15204e+02	2.17600e+03	-3.00988e-03	6.15333e+02
2177	6.15532e+02	2.17700e+03	-2.99779e-03	6.15667e+02
2178	6.15861e+02	2.17800e+03	-2.99069e-03	6.16000e+02
2179	6.16192e+02	2.17900e+03	-2.98881e-03	6.16333e+02
2180	6.16533e+02	2.18000e+03	-3.00205e-03	6.16667e+02
2181	6.16852e+02	2.18100e+03	-3.02597e-03	6.17000e+02
2182	6.17177e+02	2.18200e+03	-3.05961e-03	6.17333e+02
2183	6.17521e+02	2.18300e+03	-3.09757e-03	6.17667e+02
2184	6.17850e+02	2.18400e+03	-3.15427e-03	6.18000e+02
2185	6.18181e+02	2.18500e+03	-3.18004e-03	6.18333e+02
2186	6.18512e+02	2.18600e+03	-3.18753e-03	6.18667e+02
2187	6.18847e+02	2.18700e+03	-3.18485e-03	6.19000e+02
2188	6.19176e+02	2.18800e+03	-3.13877e-03	6.19333e+02
2189	6.19509e+02	2.18900e+03	-3.10738e-03	6.19667e+02
2190	6.19832e+02	2.19000e+03	-3.07853e-03	6.20000e+02
2191	6.20166e+02	2.19100e+03	-3.05058e-03	6.20333e+02
2192	6.20505e+02	2.19200e+03	-3.01264e-03	6.20667e+02
2193	6.20831e+02	2.19300e+03	-2.99169e-03	6.21000e+02
2194	6.21159e+02	2.19400e+03	-2.97885e-03	6.21333e+02
2195	6.21503e+02	2.19500e+03	-2.96970e-03	6.21667e+02
2196	6.21827e+02	2.19600e+03	-2.98693e-03	6.22000e+02
2197	6.22161e+02	2.19700e+03	-2.99236e-03	6.22333e+02
2198	6.22487e+02	2.19800e+03	-2.99678e-03	6.22667e+02
2199	6.22828e+02	2.19900e+03	-3.00219e-03	6.23000e+02
2200	6.23153e+02	2.20000e+03	-3.00970e-03	6.23333e+02
2201	6.23492e+02	2.20100e+03	-3.01568e-03	6.23667e+02
2202	6.23819e+02	2.20200e+03	-3.02293e-03	6.24000e+02
2203	6.24148e+02	2.20300e+03	-3.03075e-03	6.24333e+02
2204	6.24478e+02	2.20400e+03	-3.04066e-03	6.24667e+02
2205	6.24809e+02	2.20500e+03	-3.05405e-03	6.25000e+02
2206	6.25138e+02	2.20600e+03	-3.06933e-03	6.25333e+02
2207	6.25488e+02	2.20700e+03	-3.08519e-03	6.25667e+02
2208	6.25806e+02	2.20800e+03	-3.10555e-03	6.26000e+02
2209	6.26141e+02	2.20900e+03	-3.11773e-03	6.26333e+02
2210	6.26476e+02	2.21000e+03	-3.12405e-03	6.26667e+02
2211	6.26817e+02	2.21100e+03	-3.12710e-03	6.27000e+02
2212	6.27154e+02	2.21200e+03	-3.11460e-03	6.27333e+02
2213	6.27465e+02	2.21300e+03	-3.10506e-03	6.27667e+02
2214	6.27799e+02	2.21400e+03	-3.09675e-03	6.28000e+02
2215	6.28136e+02	2.21500e+03	-3.08917e-03	6.28333e+02
2216	6.28461e+02	2.21600e+03	-3.07749e-03	6.28667e+02
2217	6.28791e+02	2.21700e+03	-3.07419e-03	6.29000e+02
2218	6.29127e+02	2.21800e+03	-3.07330e-03	6.29333e+02
2219	6.29458e+02	2.21900e+03	-3.07308e-03	6.29667e+02
2220	6.29797e+02	2.22000e+03	-3.08223e-03	6.30000e+02
2221	6.30123e+02	2.22100e+03	-3.08026e-03	6.30333e+02
2222	6.30440e+02	2.22200e+03	-3.06831e-03	6.30667e+02
2223	6.30784e+02	2.22300e+03	-3.04847e-03	6.31000e+02
2224	6.31127e+02	2.22400e+03	-2.99385e-03	6.31333e+02
2225	6.31455e+02	2.22500e+03	-2.93460e-03	6.31667e+02
2226	6.31780e+02	2.22600e+03	-2.86856e-03	6.32000e+02
2227	6.32119e+02	2.22700e+03	-2.79938e-03	6.32333e+02
2228	6.32453e+02	2.22800e+03	-2.70710e-03	6.32667e+02
2229	6.32772e+02	2.22900e+03	-2.65214e-03	6.33000e+02
2230	6.33119e+02	2.23000e+03	-2.62533e-03	6.33333e+02
2231	6.33433e+02	2.23100e+03	-2.61960e-03	6.33667e+02
2232	6.33758e+02	2.23200e+03	-2.71137e-03	6.34000e+02
2233	6.34097e+02	2.23300e+03	-2.80525e-03	6.34333e+02
2234	6.34424e+02	2.23400e+03	-2.91570e-03	6.34667e+02
2235	6.34767e+02	2.23500e+03	-3.03510e-03	6.35000e+02
2236	6.35095e+02	2.23600e+03	-3.22765e-03	6.35333e+02
2237	6.35427e+02	2.23700e+03	-3.35070e-03	6.35667e+02
2238	6.35754e+02	2.23800e+03	-3.44071e-03	6.36000e+02
2239	6.36098e+02	2.23900e+03	-3.51453e-03	6.36333e+02
2240	6.36425e+02	2.24000e+03	-3.51050e-03	6.36667e+02
2241	6.36749e+02	2.24100e+03	-3.52634e-03	6.37000e+02
2242	6.37073e+02	2.24200e+03	-3.53810e-03	6.37333e+02
2243	6.37418e+02	2.24300e+03	-3.54462e-03	6.37667e+02
2244	6.37749e+02	2.24400e+03	-3.50012e-03	6.38000e+02
2245	6.38091e+02	2.24500e+03	-3.47103e-03	6.38333e+02
2246	6.38406e+02	2.24600e+03	-3.43940e-03	6.38667e+02
2247	6.38740e+02	2.24700e+03	-3.40493e-03	6.39000e+02
2248	6.39066e+02	2.24800e+03	-3.36392e-03	6.39333e+02
2249	6.39404e+02	2.24900e+03	-3.33504e-03	6.39667e+02
2250	6.39737e+02	2.25000e+03	-3.31706e-03	6.40000e+02
2251	6.40068e+02	2.25100e+03	-3.30462e-03	6.40333e+02
2252	6.40399e+02	2.25200e+03	-3.30367e-03	6.40667e+02
2253	6.40730e+02	2.25300e+03	-3.29298e-03	6.41000e+02
2254	6.41071e+02	2.25400e+03	-3.27525e-03	6.41333e+02
2255	6.41398e+02	2.25500e+03	-3.25304e-03	6.41667e+02
2256	6.41732e+02	2.25600e+03	-3.22642e-03	6.42000e+02
2257	6.42058e+02	2.25700e+03	-3.20432e-03	6.42333e+02
2258	6.42394e+02	2.25800e+03	-3.19061e-03	6.42667e+02
2259	6.42725e+02	2.25900e+03	-3.18327e-03	6.43000e+02
2260	6.43060e+02	2.26000e+03	-3.18841e-03	6.43333e+02
2261	6.43383e+02	2.26100e+03	-3.20356e-03	6.43667e+02
2262	6.43718e+02	2.26200e+03	-3.22237e-03	6.44000e+02
2263	6.44055e+02	2.26300e+03	-3.24014e-03	6.44333e+02
2264	6.44378e+02	2.26400e+03	-3.27790e-03	6.44667e+02
2265	6.44707e+02	2.26500e+03	-3.29459e-03	6.45000e+02
2266	6.45038e+02	2.26600e+03	-3.30537e-03	6.45333e+02
2267	6.45376e+02	2.26700e+03	-3.31444e-03	6.45667e+02
2268	6.45699e+02	2.26800e+03	-3.29935e-03	6.46000e+02
2269	6.46032e+02	2.26900e+03	-3.29384e-03	6.46333e+02
2270	6.46376e+02	2.27000e+03	-3.28760e-03	6.46667e+02
2271	6.46698e+02	2.27100e+03	-3.28052e-03	6.47000e+02
2272	6.47029e+02	2.27200e+03	-3.27491e-03	6.47333e+02
2273	6.47365e+02	2.27300e+03	-3.27420e-03	6.47667e+02
2274	6.47697e+02	2.27400e+03	-3.27763e-03	6.48000e+02
2275	6.48018e+02	2.27500e+03	-3.28380e-03	6.48333e+02
2276	6.48352e+02	2.27600e+03	-3.30212e-03	6.48667e+02
2277	6.48682e+02	2.27700e+03	-3.31786e-03	6.49000e+02
2278	6.49017e+02	2.27800e+03	-3.33239e-03	6.49333e+02
2279	6.49361e+02	2.27900e+03	-3.34477e-03	6.49667e+02
2280	6.49683e+02	2.28000e+03	-3.35509e-03	6.50000e+02
2281	6.50009e+02	2.28100e+03	-3.35747e-03	6.50333e+02
2282	6.50345e+02	2.28200e+03	-3.35547e-03	6.50667e+02
2283	6.50681e+02	2.28300e+03	-3.35096e-03	6.51000e+02
2284	6.51005e+02	2.28400e+03	-3.32595e-03	6.51333e+02
2285	6.51340e+02	2.28500e+03	-3.30962e-03	6.51667e+02
2286	6.51674e+02	2.28600e+03	-3.29340e-03	6.52000e+02
2287	6.52005e+02	2.28700e+03	-3.27612e-03	6.52333e+02
2288	6.52332e+02	2.28800e+03	-3.26028e-03	6.52667e+02
2289	6.52659e+02	2.28900e+03	-3.24886e-03	6.53000e+02
2290	6.52999e+02	2.29000e+03	-3.24336e-03	6.53333e+02
2291	6.53324e+02	2.29100e+03	-3.24329e-03	6.53667e+02
2292	6.53660e+02	2.29200e+03	-3.25712e-03	6.54000e+02
2293	6.53989e+02	2.29300e+03	-3.26735e-03	6.54333e+02
2294	6.54320e+02	2.29400e+03	-3.27595e-03	6.54667e+02
2295	6.54644e+02	2.29500e+03	-3.28208e-03	6.55000e+02
2296	6.54982e+02	2.29600e+03	-3.28893e-03	6.55333e+02
2297	6.55304e+02	2.29700e+03	-3.28762e-03	6.55667e+02
2298	6.55643e+02	2.29800e+03	-3.28185e-03	6.56000e+02
2299	6.55972e+02	2.29900e+03	-3.27387e-03	6.56333e+02
2300	6.56302e+02	2.30000e+03	-3.24783e-03	6.56667e+02
2301	6.56634e+02	2.30100e+03	-3.23033e-03	6.57000e+02
2302	6.56975e+02	2.30200e+03	-3.21388e-03	6.57333e+02
2303	6.57301e+02	2.30300e+03	-3.19730e-03	6.57667e+02
2304	6.57635e+02	2.30400e+03	-3.18157e-03	6.58000e+02
2305	6.57964e+02	2.30500e+03	-3.16594e-03	6.58333e+02
2306	6.58293e+02	2.30600e+03	-3.15079e-03	6.58667e+02
2307	6.58636e+02	2.30700e+03	-3.13613e-03	6.59000e+02
2308	6.58964e+02	2.30800e+03	-3.12551e-03	6.59333e+02
2309	6.59282e+02	2.30900e+03	-3.11732e-03	6.59667e+02
2310	6.59609e+02	2.31000e+03	-3.11154e-03	6.60000e+02
2311	6.59944e+02	2.31100e+03	-3.10662e-03	6.60333e+02
2312	6.60264e+02	2.31200e+03	-3.10919e-03	6.60667e+02
2313	6.60607e+02	2.31300e+03	-3.10840e-03	6.61000e+02
2314	6.60949e+02	2.31400e+03	-3.10620e-03	6.61333e+02
2315	6.61275e+02	2.31500e+03	-3.10396e-03	6.61667e+02
2316	6.61613e+02	2.31600e+03	-3.10105e-03	6.62000e+02
2317	6.61929e+02	2.31700e+03	-3.09433e-03	6.62333e+02
2318	6.62265e+02	2.31800e+03	-3.08515e-03	6.62667e+02
2319	6.62603e+02	2.31900e+03	-3.07518e-03	6.63000e+02
2320	6.62926e+02	2.32000e+03	-3.06320e-03	6.63333e+02
2321	6.63267e+02	2.32100e+03	-3.05817e-03	6.63667e+02
2322	6.63596e+02	2.32200e+03	-3.05612e-03	6.64000e+02
2323	6.63916e+02	2.32300e+03	-3.05475e-03	6.64333e+02
2324	6.64249e+02	2.32400e+03	-3.06240e-03	6.64667e+02
2325	6.64589e+02	2.32500e+03	-3.06732e-03	6.65000e+02
2326	6.64915e+02	2.32600e+03	-3.07429e-03	6.65333e+02
2327	6.65242e+02	2.32700e+03	-3.08316e-03	6.65667e+02
2328	6.65567e+02	2.32800e+03	-3.09933e-03	6.66000e+02
2329	6.65906e+02	2.32900e+03	-3.11635e-03	6.66333e+02
2330	6.66239e+02	2.33000e+03	-3.13610e-03	6.66667e+02
2331	6.66571e+02	2.33100e+03	-3.15821e-03	6.67000e+02
2332	6.66905e+02	2.33200e+03	-3.18950e-03	6.67333e+02
2333	6.67228e+02	2.33300e+03	-3.21409e-03	6.67667e+02
2334	6.67570e+02	2.33400e+03	-3.23314e-03	6.68000e+02
2335	6.67891e+02	2.33500e+03	-3.24832e-03	6.68333e+02
2336	6.68224e+02	2.33600e+03	-3.25235e-03	6.68667e+02
2337	6.68559e+02	2.33700e+03	-3.25301e-03	6.69000e+02
2338	6.68885e+02	2.33800e+03	-3.25027e-03	6.69333e+02
2339	6.69213e+02	2.33900e+03	-3.24600e-03	6.69667e+02
2340	6.69554e+02	2.34000e+03	-3.22525e-03	6.70000e+02
2341	6.69880e+02	2.34100e+03	-3.21428e-03	6.70333e+02
2342	6.70210e+02	2.34200e+03	-3.20635e-03	6.70667e+02
2343	6.70541e+02	2.34300e+03	-3.20104e-03	6.71000e+02
2344	6.70880e+02	2.34400e+03	-3.20797e-03	6.71333e+02
2345	6.71212e+02	2.34500e+03	-3.21514e-03	6.71667e+02
2346	6.71536e+02	2.34600e+03	-3.22481e-03	6.72000e+02
2347	6.71866e+02	2.34700e+03	-3.23616e-03	6.72333e+02
2348	6.72203e+02	2.34800e+03	-3.25969e-03	6.72667e+02
2349	6.72534e+02	2.34900e+03	-3.27484e-03	6.73000e+02
2350	6.72872e+02	2.35000e+03	-3.28732e-03	6.73333e+02
2351	6.73197e+02	2.35100e+03	-3.29912e-03	6.73667e+02
2352	6.73531e+02	2.35200e+03	-3.30288e-03	6.74000e+02
2353	6.73864e+02	2.35300e+03	-3.30337e-03	6.74333e+02
2354	6.74197e+02	2.35400e+03	-3.29950e-03	6.74667e+02
2355	6.74531e+02	2.35500e+03	-3.29334e-03	6.75000e+02
2356	6.74876e+02	2.35600e+03	-3.27494e-03	6.75333e+02
2357	6.75199e+02	2.35700e+03	-3.26296e-03	6.75667e+02
2358	6.75527e+02	2.35800e+03	-3.25377e-03	6.76000e+02
2359	6.75867e+02	2.35900e+03	-3.24635e-03	6.76333e+02
2360	6.76193e+02	2.36000e+03	-3.24387e-03	6.76667e+02
2361	6.76527e+02	2.36100e+03	-3.24561e-03	6.77000e+02
2362	6.76858e+02	2.36200e+03	-3.25112e-03	6.77333e+02
2363	6.77185e+02	2.36300e+03	-3.25897e-03	6.77667e+02
2364	6.77538e+02	2.36400e+03	-3.28125e-03	6.78000e+02
2365	6.77852e+02	2.36500e+03	-3.29599e-03	6.78333e+02
2366	6.78189e+02	2.36600e+03	-3.30867e-03	6.78667e+02
2367	6.78519e+02	2.36700e+03	-3.32072e-03	6.79000e+02
2368	6.78853e+02	2.36800e+03	-3.32917e-03	6.79333e+02
2369	6.79174e+02	2.36900e+03	-3.33488e-03	6.79667e+02
2370	6.79517e+02	2.37000e+03	-3.34002e-03	6.80000e+02
2371	6.79845e+02	2.37100e+03	-3.34613e-03	6.80333e+02
2372	6.80177e+02	2.37200e+03	-3.34881e-03	6.80667e+02
2373	6.80513e+02	2.37300e+03	-3.35781e-03	6.81000e+02
2374	6.80849e+02	2.37400e+03	-3.36878e-03	6.81333e+02
2375	6.81182e+02	2.37500e+03	-3.37908e-03	6.81667e+02
2376	6.81508e+02	2.37600e+03	-3.39229e-03	6.82000e+02
2377	6.81840e+02	2.37700e+03	-3.39772e-03	6.82333e+02
2378	6.82180e+02	2.37800e+03	-3.40184e-03	6.82667e+02
2379	6.82518e+02	2.37900e+03	-3.40712e-03	6.83000e+02
2380	6.82843e+02	2.38000e+03	-3.40703e-03	6.83333e+02
2381	6.83175e+02	2.38100e+03	-3.41509e-03	6.83667e+02
2382	6.83508e+02	2.38200e+03	-3.42571e-03	6.84000e+02
2383	6.83843e+02	2.38300e+03	-3.43609e-03	6.84333e+02
2384	6.84169e+02	2.38400e+03	-3.45056e-03	6.84667e+02
2385	6.84511e+02	2.38500e+03	-3.45568e-03	6.85000e+02
2386	6.84849e+02	2.38600e+03	-3.45433e-03	6.85333e+02
2387	6.85180e+02	2.38700e+03	-3.44917e-03	6.85667e+02
2388	6.85508e+02	2.38800e+03	-3.42543e-03	6.86000e+02
2389	6.85846e+02	2.38900e+03	-3.40460e-03	6.86333e+02
2390	6.86184e+02	2.39000e+03	-3.38080e-03	6.86667e+02
2391	6.86518e+02	2.39100e+03	-3.35455e-03	6.87000e+02
2392	6.86839e+02	2.39200e+03	-3.31608e-03	6.87333e+02
2393	6.87173e+02	2.39300e+03	-3.28604e-03	6.87667e+02
2394	6.87510e+02	2.39400e+03	-3.26088e-03	6.88000e+02
2395	6.87840e+02	2.39500e+03	-3.23969e-03	6.88333e+02
2396	6.88170e+02	2.39600e+03	-3.23687e-03	6.88667e+02
2397	6.88495e+02	2.39700e+03	-3.24026e-03	6.89000e+02
2398	6.88837e+02	2.39800e+03	-3.25031e-03	6.89333e+02
2399	6.89168e+02	2.39900e+03	-3.26387e-03	6.89667e+02
2400	6.89497e+02	2.40000e+03	-3.30502e-03	6.90000e+02
2401	6.89833e+02	2.40100e+03	-3.33137e-03	6.90333e+02
2402	6.90166e+02	2.40200e+03	-3.35316e-03	6.90667e+02
2403	6.90505e+02	2.40300e+03	-3.37340e-03	6.91000e+02
2404	6.90831e+02	2.40400e+03	-3.38881e-03	6.91333e+02
2405	6.91003e+02	2.40500e+03	-3.40111e-03	6.91667e+02
2406	6.91143e+02	2.40600e+03	-3.40798e-03	6.92000e+02
2407	6.91353e+02	2.40700e+03	-3.41144e-03	6.92333e+02
2408	6.91597e+02	2.40800e+03	-3.39510e-03	6.92667e+02
2409	6.91863e+02	2.40900e+03	-3.37972e-03	6.93000e+02
2410	6.92111e+02	2.41000e+03	-3.36227e-03	6.93333e+02
2411	6.92346e+02	2.41100e+03	-3.34359e-03	6.93667e+02
2412	6.92566e+02	2.41200e+03	-3.31030e-03	6.94000e+02
2413	6.92795e+02	2.41300e+03	-3.29062e-03	6.94333e+02
2414	6.93009e+02	2.41400e+03	-3.27913e-03	6.94667e+02
2415	6.93224e+02	2.41500e+03	-3.27258e-03	6.95000e+02
2416	6.93421e+02	2.41600e+03	-3.28135e-03	6.95333e+02
2417	6.93611e+02	2.41700e+03	-3.28714e-03	6.95667e+02
2418	6.93809e+02	2.41800e+03	-3.29395e-03	6.96000e+02
2419	6.93993e+02	2.41900e+03	-3.30143e-03	6.96333e+02
2420	6.94165e+02	2.42000e+03	-3.31848e-03	6.96667e+02
2421	6.94334e+02	2.42100e+03	-3.32928e-03	6.97000e+02
2422	6.94495e+02	2.42200e+03	-3.33883e-03	6.97333e+02
2423	6.94668e+02	2.42300e+03	-3.34785e-03	6.97667e+02
2424	6.94823e+02	2.42400e+03	-3.35110e-03	6.98000e+02
2425	6.94974e+02	2.42500e+03	-3.35543e-03	6.98333e+02
2426	6.95115e+02	2.42600e+03	-3.35773e-03	6.98667e+02
2427	6.95263e+02	2.42700e+03	-3.35828e-03	6.99000e+02
2428	6.95395e+02	2.42800e+03	-3.35642e-03	6.99333e+02
2429	6.95530e+02	2.42900e+03	-3.35487e-03	6.99667e+02
2430	6.95669e+02	2.43000e+03	-3.35224e-03	7.00000e+02
