index	ts	t	weight	tr
[#]	[°C]	[s]	[mg]	[°C]
683	1.31212e+02	6.83000e+02	5.93068e+00	1.31500e+02
684	1.31699e+02	6.84000e+02	5.93058e+00	1.32000e+02
685	1.32205e+02	6.85000e+02	5.93049e+00	1.32500e+02
686	1.32713e+02	6.86000e+02	5.93041e+00	1.33000e+02
687	1.33227e+02	6.87000e+02	5.93033e+00	1.33500e+02
688	1.33713e+02	6.88000e+02	5.93025e+00	1.34000e+02
689	1.34216e+02	6.89000e+02	5.93017e+00	1.34500e+02
690	1.34735e+02	6.90000e+02	5.93008e+00	1.35000e+02
691	1.35224e+02	6.91000e+02	5.92999e+00	1.35500e+02
692	1.35735e+02	6.92000e+02	5.92988e+00	1.36000e+02
693	1.36237e+02	6.93000e+02	5.92978e+00	1.36500e+02
694	1.36743e+02	6.94000e+02	5.92967e+00	1.37000e+02
695	1.37246e+02	6.95000e+02	5.92956e+00	1.37500e+02
696	1.37756e+02	6.96000e+02	5.92943e+00	1.38000e+02
697	1.38261e+02	6.97000e+02	5.92930e+00	1.38500e+02
698	1.38770e+02	6.98000e+02	5.92917e+00	1.39000e+02
699	1.39267e+02	6.99000e+02	5.92904e+00	1.39500e+02
700	1.39780e+02	7.00000e+02	5.92889e+00	1.40000e+02
701	1.40271e+02	7.01000e+02	5.92876e+00	1.40500e+02
702	1.40779e+02	7.02000e+02	5.92863e+00	1.41000e+02
703	1.41276e+02	7.03000e+02	5.92850e+00	1.41500e+02
704	1.41784e+02	7.04000e+02	5.92836e+00	1.42000e+02
705	1.42298e+02	7.05000e+02	5.92822e+00	1.42500e+02
706	1.42795e+02	7.06000e+02	5.92805e+00	1.43000e+02
707	1.43298e+02	7.07000e+02	5.92788e+00	1.43500e+02
708	1.43811e+02	7.08000e+02	5.92766e+00	1.44000e+02
709	1.44319e+02	7.09000e+02	5.92744e+00	1.44500e+02
710	1.44816e+02	7.10000e+02	5.92721e+00	1.45000e+02
711	1.45310e+02	7.11000e+02	5.92697e+00	1.45500e+02
712	1.45832e+02	7.12000e+02	5.92668e+00	1.46000e+02
713	1.46330e+02	7.13000e+02	5.92641e+00	1.46500e+02
714	1.46832e+02	7.14000e+02	5.92614e+00	1.47000e+02
715	1.47336e+02	7.15000e+02	5.92586e+00	1.47500e+02
716	1.47841e+02	7.16000e+02	5.92557e+00	1.48000e+02
717	1.48354e+02	7.17000e+02	5.92528e+00	1.48500e+02
718	1.48860e+02	7.18000e+02	5.92500e+00	1.49000e+02
719	1.49361e+02	7.19000e+02	5.92471e+00	1.49500e+02
720	1.49874e+02	7.20000e+02	5.92441e+00	1.50000e+02
721	1.50373e+02	7.21000e+02	5.92409e+00	1.50500e+02
722	1.50880e+02	7.22000e+02	5.92376e+00	1.51000e+02
723	1.51388e+02	7.23000e+02	5.92342e+00	1.51500e+02
724	1.51902e+02	7.24000e+02	5.92303e+00	1.52000e+02
725	1.52398e+02	7.25000e+02	5.92265e+00	1.52500e+02
726	1.52908e+02	7.26000e+02	5.92226e+00	1.53000e+02
727	1.53391e+02	7.27000e+02	5.92186e+00	1.53500e+02
728	1.53917e+02	7.28000e+02	5.92143e+00	1.54000e+02
729	1.54424e+02	7.29000e+02	5.92100e+00	1.54500e+02
730	1.54927e+02	7.30000e+02	5.92058e+00	1.55000e+02
731	1.55442e+02	7.31000e+02	5.92015e+00	1.55500e+02
732	1.55947e+02	7.32000e+02	5.91969e+00	1.56000e+02
733	1.56445e+02	7.33000e+02	5.91925e+00	1.56500e+02
734	1.56962e+02	7.34000e+02	5.91880e+00	1.57000e+02
735	1.57454e+02	7.35000e+02	5.91835e+00	1.57500e+02
736	1.57968e+02	7.36000e+02	5.91789e+00	1.58000e+02
737	1.58463e+02	7.37000e+02	5.91744e+00	1.58500e+02
738	1.58988e+02	7.38000e+02	5.91698e+00	1.59000e+02
739	1.59487e+02	7.39000e+02	5.91652e+00	1.59500e+02
740	1.60000e+02	7.40000e+02	5.91605e+00	1.60000e+02
741	1.60521e+02	7.41000e+02	5.91557e+00	1.60500e+02
742	1.61005e+02	7.42000e+02	5.91507e+00	1.61000e+02
743	1.61520e+02	7.43000e+02	5.91456e+00	1.61500e+02
744	1.62025e+02	7.44000e+02	5.91400e+00	1.62000e+02
745	1.62536e+02	7.45000e+02	5.91346e+00	1.62500e+02
746	1.63039e+02	7.46000e+02	5.91292e+00	1.63000e+02
747	1.63549e+02	7.47000e+02	5.91237e+00	1.63500e+02
748	1.64058e+02	7.48000e+02	5.91180e+00	1.64000e+02
749	1.64560e+02	7.49000e+02	5.91122e+00	1.64500e+02
750	1.65054e+02	7.50000e+02	5.91064e+00	1.65000e+02
751	1.65575e+02	7.51000e+02	5.91005e+00	1.65500e+02
752	1.66086e+02	7.52000e+02	5.90943e+00	1.66000e+02
753	1.66585e+02	7.53000e+02	5.90881e+00	1.66500e+02
754	1.67095e+02	7.54000e+02	5.90817e+00	1.67000e+02
755	1.67600e+02	7.55000e+02	5.90753e+00	1.67500e+02
756	1.68126e+02	7.56000e+02	5.90684e+00	1.68000e+02
757	1.68622e+02	7.57000e+02	5.90614e+00	1.68500e+02
758	1.69132e+02	7.58000e+02	5.90544e+00	1.69000e+02
759	1.69639e+02	7.59000e+02	5.90471e+00	1.69500e+02
760	1.70146e+02	7.60000e+02	5.90392e+00	1.70000e+02
761	1.70651e+02	7.61000e+02	5.90313e+00	1.70500e+02
762	1.71157e+02	7.62000e+02	5.90231e+00	1.71000e+02
763	1.71678e+02	7.63000e+02	5.90148e+00	1.71500e+02
764	1.72173e+02	7.64000e+02	5.90057e+00	1.72000e+02
765	1.72687e+02	7.65000e+02	5.89968e+00	1.72500e+02
766	1.73190e+02	7.66000e+02	5.89877e+00	1.73000e+02
767	1.73697e+02	7.67000e+02	5.89784e+00	1.73500e+02
768	1.74202e+02	7.68000e+02	5.89684e+00	1.74000e+02
769	1.74714e+02	7.69000e+02	5.89583e+00	1.74500e+02
770	1.75220e+02	7.70000e+02	5.89479e+00	1.75000e+02
771	1.75739e+02	7.71000e+02	5.89372e+00	1.75500e+02
772	1.76242e+02	7.72000e+02	5.89253e+00	1.76000e+02
773	1.76750e+02	7.73000e+02	5.89135e+00	1.76500e+02
774	1.77255e+02	7.74000e+02	5.89013e+00	1.77000e+02
775	1.77762e+02	7.75000e+02	5.88888e+00	1.77500e+02
776	1.78264e+02	7.76000e+02	5.88746e+00	1.78000e+02
777	1.78775e+02	7.77000e+02	5.88606e+00	1.78500e+02
778	1.79281e+02	7.78000e+02	5.88460e+00	1.79000e+02
779	1.79789e+02	7.79000e+02	5.88312e+00	1.79500e+02
780	1.80296e+02	7.80000e+02	5.88142e+00	1.80000e+02
781	1.80810e+02	7.81000e+02	5.87975e+00	1.80500e+02
782	1.81317e+02	7.82000e+02	5.87802e+00	1.81000e+02
783	1.81815e+02	7.83000e+02	5.87625e+00	1.81500e+02
784	1.82334e+02	7.84000e+02	5.87425e+00	1.82000e+02
785	1.82840e+02	7.85000e+02	5.87228e+00	1.82500e+02
786	1.83350e+02	7.86000e+02	5.87028e+00	1.83000e+02
787	1.83853e+02	7.87000e+02	5.86823e+00	1.83500e+02
788	1.84361e+02	7.88000e+02	5.86596e+00	1.84000e+02
789	1.84870e+02	7.89000e+02	5.86372e+00	1.84500e+02
790	1.85385e+02	7.90000e+02	5.86143e+00	1.85000e+02
791	1.85882e+02	7.91000e+02	5.85910e+00	1.85500e+02
792	1.86380e+02	7.92000e+02	5.85654e+00	1.86000e+02
793	1.86897e+02	7.93000e+02	5.85400e+00	1.86500e+02
794	1.87415e+02	7.94000e+02	5.85139e+00	1.87000e+02
795	1.87932e+02	7.95000e+02	5.84874e+00	1.87500e+02
796	1.88431e+02	7.96000e+02	5.84584e+00	1.88000e+02
797	1.88930e+02	7.97000e+02	5.84300e+00	1.88500e+02
798	1.89435e+02	7.98000e+02	5.84011e+00	1.89000e+02
799	1.89945e+02	7.99000e+02	5.83720e+00	1.89500e+02
800	1.90449e+02	8.00000e+02	5.83411e+00	1.90000e+02
801	1.90961e+02	8.01000e+02	5.83106e+00	1.90500e+02
802	1.91477e+02	8.02000e+02	5.82799e+00	1.91000e+02
803	1.91976e+02	8.03000e+02	5.82489e+00	1.91500e+02
804	1.92478e+02	8.04000e+02	5.82167e+00	1.92000e+02
805	1.92995e+02	8.05000e+02	5.81847e+00	1.92500e+02
806	1.93496e+02	8.06000e+02	5.81524e+00	1.93000e+02
807	1.94002e+02	8.07000e+02	5.81200e+00	1.93500e+02
808	1.94521e+02	8.08000e+02	5.80864e+00	1.94000e+02
809	1.95030e+02	8.09000e+02	5.80531e+00	1.94500e+02
810	1.95543e+02	8.10000e+02	5.80197e+00	1.95000e+02
811	1.96046e+02	8.11000e+02	5.79862e+00	1.95500e+02
812	1.96553e+02	8.12000e+02	5.79521e+00	1.96000e+02
813	1.97054e+02	8.13000e+02	5.79184e+00	1.96500e+02
814	1.97569e+02	8.14000e+02	5.78847e+00	1.97000e+02
815	1.98082e+02	8.15000e+02	5.78511e+00	1.97500e+02
816	1.98581e+02	8.16000e+02	5.78179e+00	1.98000e+02
817	1.99103e+02	8.17000e+02	5.77849e+00	1.98500e+02
818	1.99612e+02	8.18000e+02	5.77522e+00	1.99000e+02
819	2.00123e+02	8.19000e+02	5.77197e+00	1.99500e+02
820	2.00633e+02	8.20000e+02	5.76883e+00	2.00000e+02
821	2.01146e+02	8.21000e+02	5.76568e+00	2.00500e+02
822	2.01645e+02	8.22000e+02	5.76256e+00	2.01000e+02
823	2.02162e+02	8.23000e+02	5.75947e+00	2.01500e+02
824	2.02678e+02	8.24000e+02	5.75652e+00	2.02000e+02
825	2.03187e+02	8.25000e+02	5.75358e+00	2.02500e+02
826	2.03700e+02	8.26000e+02	5.75069e+00	2.03000e+02
827	2.04212e+02	8.27000e+02	5.74784e+00	2.03500e+02
828	2.04717e+02	8.28000e+02	5.74520e+00	2.04000e+02
829	2.05217e+02	8.29000e+02	5.74255e+00	2.04500e+02
830	2.05742e+02	8.30000e+02	5.73996e+00	2.05000e+02
831	2.06259e+02	8.31000e+02	5.73741e+00	2.05500e+02
832	2.06757e+02	8.32000e+02	5.73511e+00	2.06000e+02
833	2.07270e+02	8.33000e+02	5.73278e+00	2.06500e+02
834	2.07786e+02	8.34000e+02	5.73050e+00	2.07000e+02
835	2.08299e+02	8.35000e+02	5.72827e+00	2.07500e+02
836	2.08803e+02	8.36000e+02	5.72629e+00	2.08000e+02
837	2.09330e+02	8.37000e+02	5.72429e+00	2.08500e+02
838	2.09834e+02	8.38000e+02	5.72235e+00	2.09000e+02
839	2.10356e+02	8.39000e+02	5.72047e+00	2.09500e+02
840	2.10858e+02	8.40000e+02	5.71885e+00	2.10000e+02
841	2.11368e+02	8.41000e+02	5.71718e+00	2.10500e+02
842	2.11882e+02	8.42000e+02	5.71555e+00	2.11000e+02
843	2.12391e+02	8.43000e+02	5.71396e+00	2.11500e+02
844	2.12917e+02	8.44000e+02	5.71260e+00	2.12000e+02
845	2.13422e+02	8.45000e+02	5.71120e+00	2.12500e+02
846	2.13923e+02	8.46000e+02	5.70984e+00	2.13000e+02
847	2.14436e+02	8.47000e+02	5.70851e+00	2.13500e+02
848	2.14950e+02	8.48000e+02	5.70739e+00	2.14000e+02
849	2.15457e+02	8.49000e+02	5.70624e+00	2.14500e+02
850	2.15977e+02	8.50000e+02	5.70513e+00	2.15000e+02
851	2.16486e+02	8.51000e+02	5.70405e+00	2.15500e+02
852	2.16994e+02	8.52000e+02	5.70315e+00	2.16000e+02
853	2.17498e+02	8.53000e+02	5.70220e+00	2.16500e+02
854	2.18011e+02	8.54000e+02	5.70126e+00	2.17000e+02
855	2.18513e+02	8.55000e+02	5.70035e+00	2.17500e+02
856	2.19019e+02	8.56000e+02	5.69953e+00	2.18000e+02
857	2.19530e+02	8.57000e+02	5.69868e+00	2.18500e+02
858	2.20030e+02	8.58000e+02	5.69783e+00	2.19000e+02
859	2.20525e+02	8.59000e+02	5.69699e+00	2.19500e+02
860	2.21020e+02	8.60000e+02	5.69620e+00	2.20000e+02
861	2.21502e+02	8.61000e+02	5.69539e+00	2.20500e+02
862	2.21998e+02	8.62000e+02	5.69459e+00	2.21000e+02
863	2.22488e+02	8.63000e+02	5.69380e+00	2.21500e+02
864	2.22994e+02	8.64000e+02	5.69305e+00	2.22000e+02
865	2.23489e+02	8.65000e+02	5.69229e+00	2.22500e+02
866	2.23983e+02	8.66000e+02	5.69155e+00	2.23000e+02
867	2.24498e+02	8.67000e+02	5.69082e+00	2.23500e+02
868	2.24996e+02	8.68000e+02	5.69013e+00	2.24000e+02
869	2.25504e+02	8.69000e+02	5.68941e+00	2.24500e+02
870	2.26014e+02	8.70000e+02	5.68869e+00	2.25000e+02
871	2.26514e+02	8.71000e+02	5.68796e+00	2.25500e+02
872	2.27014e+02	8.72000e+02	5.68722e+00	2.26000e+02
873	2.27517e+02	8.73000e+02	5.68647e+00	2.26500e+02
874	2.28030e+02	8.74000e+02	5.68571e+00	2.27000e+02
875	2.28540e+02	8.75000e+02	5.68495e+00	2.27500e+02
876	2.29043e+02	8.76000e+02	5.68417e+00	2.28000e+02
877	2.29558e+02	8.77000e+02	5.68340e+00	2.28500e+02
878	2.30059e+02	8.78000e+02	5.68263e+00	2.29000e+02
879	2.30565e+02	8.79000e+02	5.68185e+00	2.29500e+02
880	2.31073e+02	8.80000e+02	5.68107e+00	2.30000e+02
881	2.31567e+02	8.81000e+02	5.68029e+00	2.30500e+02
882	2.32072e+02	8.82000e+02	5.67949e+00	2.31000e+02
883	2.32568e+02	8.83000e+02	5.67869e+00	2.31500e+02
884	2.33076e+02	8.84000e+02	5.67789e+00	2.32000e+02
885	2.33579e+02	8.85000e+02	5.67710e+00	2.32500e+02
886	2.34083e+02	8.86000e+02	5.67632e+00	2.33000e+02
887	2.34584e+02	8.87000e+02	5.67555e+00	2.33500e+02
888	2.35091e+02	8.88000e+02	5.67482e+00	2.34000e+02
889	2.35587e+02	8.89000e+02	5.67408e+00	2.34500e+02
890	2.36089e+02	8.90000e+02	5.67336e+00	2.35000e+02
891	2.36599e+02	8.91000e+02	5.67264e+00	2.35500e+02
892	2.37111e+02	8.92000e+02	5.67196e+00	2.36000e+02
893	2.37609e+02	8.93000e+02	5.67127e+00	2.36500e+02
894	2.38110e+02	8.94000e+02	5.67057e+00	2.37000e+02
895	2.38613e+02	8.95000e+02	5.66988e+00	2.37500e+02
896	2.39120e+02	8.96000e+02	5.66921e+00	2.38000e+02
897	2.39633e+02	8.97000e+02	5.66853e+00	2.38500e+02
898	2.40142e+02	8.98000e+02	5.66786e+00	2.39000e+02
899	2.40648e+02	8.99000e+02	5.66719e+00	2.39500e+02
900	2.41162e+02	9.00000e+02	5.66653e+00	2.40000e+02
901	2.41660e+02	9.01000e+02	5.66587e+00	2.40500e+02
902	2.42171e+02	9.02000e+02	5.66521e+00	2.41000e+02
903	2.42683e+02	9.03000e+02	5.66455e+00	2.41500e+02
904	2.43194e+02	9.04000e+02	5.66390e+00	2.42000e+02
905	2.43702e+02	9.05000e+02	5.66324e+00	2.42500e+02
906	2.44204e+02	9.06000e+02	5.66259e+00	2.43000e+02
907	2.44708e+02	9.07000e+02	5.66195e+00	2.43500e+02
908	2.45228e+02	9.08000e+02	5.66131e+00	2.44000e+02
909	2.45729e+02	9.09000e+02	5.66067e+00	2.44500e+02
910	2.46244e+02	9.10000e+02	5.66004e+00	2.45000e+02
911	2.46747e+02	9.11000e+02	5.65941e+00	2.45500e+02
912	2.47251e+02	9.12000e+02	5.65880e+00	2.46000e+02
913	2.47742e+02	9.13000e+02	5.65819e+00	2.46500e+02
914	2.48246e+02	9.14000e+02	5.65757e+00	2.47000e+02
915	2.48770e+02	9.15000e+02	5.65697e+00	2.47500e+02
916	2.49282e+02	9.16000e+02	5.65638e+00	2.48000e+02
917	2.49778e+02	9.17000e+02	5.65581e+00	2.48500e+02
918	2.50299e+02	9.18000e+02	5.65525e+00	2.49000e+02
919	2.50813e+02	9.19000e+02	5.65470e+00	2.49500e+02
920	2.51312e+02	9.20000e+02	5.65419e+00	2.50000e+02
921	2.51812e+02	9.21000e+02	5.65367e+00	2.50500e+02
922	2.52322e+02	9.22000e+02	5.65315e+00	2.51000e+02
923	2.52834e+02	9.23000e+02	5.65263e+00	2.51500e+02
924	2.53329e+02	9.24000e+02	5.65213e+00	2.52000e+02
925	2.53833e+02	9.25000e+02	5.65162e+00	2.52500e+02
926	2.54352e+02	9.26000e+02	5.65111e+00	2.53000e+02
927	2.54850e+02	9.27000e+02	5.65060e+00	2.53500e+02
928	2.55364e+02	9.28000e+02	5.65009e+00	2.54000e+02
929	2.55863e+02	9.29000e+02	5.64958e+00	2.54500e+02
930	2.56369e+02	9.30000e+02	5.64906e+00	2.55000e+02
931	2.56877e+02	9.31000e+02	5.64854e+00	2.55500e+02
932	2.57389e+02	9.32000e+02	5.64799e+00	2.56000e+02
933	2.57903e+02	9.33000e+02	5.64745e+00	2.56500e+02
934	2.58407e+02	9.34000e+02	5.64691e+00	2.57000e+02
935	2.58917e+02	9.35000e+02	5.64637e+00	2.57500e+02
936	2.59445e+02	9.36000e+02	5.64582e+00	2.58000e+02
937	2.59951e+02	9.37000e+02	5.64528e+00	2.58500e+02
938	2.60466e+02	9.38000e+02	5.64476e+00	2.59000e+02
939	2.60987e+02	9.39000e+02	5.64424e+00	2.59500e+02
940	2.61498e+02	9.40000e+02	5.64376e+00	2.60000e+02
941	2.61992e+02	9.41000e+02	5.64326e+00	2.60500e+02
942	2.62492e+02	9.42000e+02	5.64277e+00	2.61000e+02
943	2.63006e+02	9.43000e+02	5.64228e+00	2.61500e+02
944	2.63503e+02	9.44000e+02	5.64181e+00	2.62000e+02
945	2.64015e+02	9.45000e+02	5.64133e+00	2.62500e+02
946	2.64511e+02	9.46000e+02	5.64084e+00	2.63000e+02
947	2.65007e+02	9.47000e+02	5.64035e+00	2.63500e+02
948	2.65499e+02	9.48000e+02	5.63983e+00	2.64000e+02
949	2.66008e+02	9.49000e+02	5.63932e+00	2.64500e+02
950	2.66509e+02	9.50000e+02	5.63880e+00	2.65000e+02
951	2.67014e+02	9.51000e+02	5.63827e+00	2.65500e+02
952	2.67531e+02	9.52000e+02	5.63771e+00	2.66000e+02
953	2.68042e+02	9.53000e+02	5.63715e+00	2.66500e+02
954	2.68552e+02	9.54000e+02	5.63660e+00	2.67000e+02
955	2.69061e+02	9.55000e+02	5.63604e+00	2.67500e+02
956	2.69565e+02	9.56000e+02	5.63548e+00	2.68000e+02
957	2.70084e+02	9.57000e+02	5.63493e+00	2.68500e+02
958	2.70562e+02	9.58000e+02	5.63436e+00	2.69000e+02
959	2.71074e+02	9.59000e+02	5.63377e+00	2.69500e+02
960	2.71582e+02	9.60000e+02	5.63314e+00	2.70000e+02
961	2.72096e+02	9.61000e+02	5.63247e+00	2.70500e+02
962	2.72625e+02	9.62000e+02	5.63178e+00	2.71000e+02
963	2.73134e+02	9.63000e+02	5.63107e+00	2.71500e+02
964	2.73631e+02	9.64000e+02	5.63025e+00	2.72000e+02
965	2.74134e+02	9.65000e+02	5.62949e+00	2.72500e+02
966	2.74638e+02	9.66000e+02	5.62874e+00	2.73000e+02
967	2.75135e+02	9.67000e+02	5.62798e+00	2.73500e+02
968	2.75661e+02	9.68000e+02	5.62722e+00	2.74000e+02
969	2.76170e+02	9.69000e+02	5.62647e+00	2.74500e+02
970	2.76677e+02	9.70000e+02	5.62570e+00	2.75000e+02
971	2.77166e+02	9.71000e+02	5.62494e+00	2.75500e+02
972	2.77670e+02	9.72000e+02	5.62414e+00	2.76000e+02
973	2.78163e+02	9.73000e+02	5.62332e+00	2.76500e+02
974	2.78668e+02	9.74000e+02	5.62248e+00	2.77000e+02
975	2.79181e+02	9.75000e+02	5.62161e+00	2.77500e+02
976	2.79693e+02	9.76000e+02	5.62065e+00	2.78000e+02
977	2.80199e+02	9.77000e+02	5.61970e+00	2.78500e+02
978	2.80696e+02	9.78000e+02	5.61872e+00	2.79000e+02
979	2.81193e+02	9.79000e+02	5.61772e+00	2.79500e+02
980	2.81692e+02	9.80000e+02	5.61661e+00	2.80000e+02
981	2.82214e+02	9.81000e+02	5.61552e+00	2.80500e+02
982	2.82731e+02	9.82000e+02	5.61442e+00	2.81000e+02
983	2.83232e+02	9.83000e+02	5.61329e+00	2.81500e+02
984	2.83744e+02	9.84000e+02	5.61209e+00	2.82000e+02
985	2.84236e+02	9.85000e+02	5.61089e+00	2.82500e+02
986	2.84736e+02	9.86000e+02	5.60967e+00	2.83000e+02
987	2.85237e+02	9.87000e+02	5.60842e+00	2.83500e+02
988	2.85751e+02	9.88000e+02	5.60709e+00	2.84000e+02
989	2.86264e+02	9.89000e+02	5.60575e+00	2.84500e+02
990	2.86778e+02	9.90000e+02	5.60439e+00	2.85000e+02
991	2.87289e+02	9.91000e+02	5.60301e+00	2.85500e+02
992	2.87787e+02	9.92000e+02	5.60151e+00	2.86000e+02
993	2.88308e+02	9.93000e+02	5.60002e+00	2.86500e+02
994	2.88825e+02	9.94000e+02	5.59850e+00	2.87000e+02
995	2.89331e+02	9.95000e+02	5.59696e+00	2.87500e+02
996	2.89839e+02	9.96000e+02	5.59527e+00	2.88000e+02
997	2.90340e+02	9.97000e+02	5.59360e+00	2.88500e+02
998	2.90841e+02	9.98000e+02	5.59187e+00	2.89000e+02
999	2.91361e+02	9.99000e+02	5.59011e+00	2.89500e+02
1000	2.91857e+02	1.00000e+03	5.58817e+00	2.90000e+02
1001	2.92357e+02	1.00100e+03	5.58624e+00	2.90500e+02
1002	2.92875e+02	1.00200e+03	5.58426e+00	2.91000e+02
1003	2.93377e+02	1.00300e+03	5.58226e+00	2.91500e+02
1004	2.93919e+02	1.00400e+03	5.58006e+00	2.92000e+02
1005	2.94441e+02	1.00500e+03	5.57790e+00	2.92500e+02
1006	2.94954e+02	1.00600e+03	5.57571e+00	2.93000e+02
1007	2.95441e+02	1.00700e+03	5.57347e+00	2.93500e+02
1008	2.95944e+02	1.00800e+03	5.57107e+00	2.94000e+02
1009	2.96490e+02	1.00900e+03	5.56868e+00	2.94500e+02
1010	2.97010e+02	1.01000e+03	5.56624e+00	2.95000e+02
1011	2.97523e+02	1.01100e+03	5.56376e+00	2.95500e+02
1012	2.98026e+02	1.01200e+03	5.56106e+00	2.96000e+02
1013	2.98546e+02	1.01300e+03	5.55840e+00	2.96500e+02
1014	2.99050e+02	1.01400e+03	5.55569e+00	2.97000e+02
1015	2.99553e+02	1.01500e+03	5.55294e+00	2.97500e+02
1016	3.00076e+02	1.01600e+03	5.54999e+00	2.98000e+02
1017	3.00575e+02	1.01700e+03	5.54708e+00	2.98500e+02
1018	3.01074e+02	1.01800e+03	5.54414e+00	2.99000e+02
1019	3.01596e+02	1.01900e+03	5.54116e+00	2.99500e+02
1020	3.02134e+02	1.02000e+03	5.53802e+00	3.00000e+02
1021	3.02642e+02	1.02100e+03	5.53490e+00	3.00500e+02
1022	3.03146e+02	1.02200e+03	5.53172e+00	3.01000e+02
1023	3.03664e+02	1.02300e+03	5.52851e+00	3.01500e+02
1024	3.04168e+02	1.02400e+03	5.52511e+00	3.02000e+02
1025	3.04688e+02	1.02500e+03	5.52173e+00	3.02500e+02
1026	3.05203e+02	1.02600e+03	5.51830e+00	3.03000e+02
1027	3.05730e+02	1.02700e+03	5.51484e+00	3.03500e+02
1028	3.06234e+02	1.02800e+03	5.51119e+00	3.04000e+02
1029	3.06729e+02	1.02900e+03	5.50759e+00	3.04500e+02
1030	3.07242e+02	1.03000e+03	5.50395e+00	3.05000e+02
1031	3.07736e+02	1.03100e+03	5.50028e+00	3.05500e+02
1032	3.08245e+02	1.03200e+03	5.49645e+00	3.06000e+02
1033	3.08760e+02	1.03300e+03	5.49265e+00	3.06500e+02
1034	3.09302e+02	1.03400e+03	5.48882e+00	3.07000e+02
1035	3.09827e+02	1.03500e+03	5.48495e+00	3.07500e+02
1036	3.10353e+02	1.03600e+03	5.48094e+00	3.08000e+02
1037	3.10892e+02	1.03700e+03	5.47696e+00	3.08500e+02
1038	3.11402e+02	1.03800e+03	5.47295e+00	3.09000e+02
1039	3.11904e+02	1.03900e+03	5.46892e+00	3.09500e+02
1040	3.12404e+02	1.04000e+03	5.46478e+00	3.10000e+02
1041	3.12927e+02	1.04100e+03	5.46065e+00	3.10500e+02
1042	3.13435e+02	1.04200e+03	5.45650e+00	3.11000e+02
1043	3.13933e+02	1.04300e+03	5.45233e+00	3.11500e+02
1044	3.14463e+02	1.04400e+03	5.44808e+00	3.12000e+02
1045	3.14994e+02	1.04500e+03	5.44384e+00	3.12500e+02
1046	3.15538e+02	1.04600e+03	5.43958e+00	3.13000e+02
1047	3.16105e+02	1.04700e+03	5.43532e+00	3.13500e+02
1048	3.16615e+02	1.04800e+03	5.43098e+00	3.14000e+02
1049	3.17143e+02	1.04900e+03	5.42664e+00	3.14500e+02
1050	3.17712e+02	1.05000e+03	5.42228e+00	3.15000e+02
1051	3.18241e+02	1.05100e+03	5.41791e+00	3.15500e+02
1052	3.18761e+02	1.05200e+03	5.41347e+00	3.16000e+02
1053	3.19304e+02	1.05300e+03	5.40904e+00	3.16500e+02
1054	3.19829e+02	1.05400e+03	5.40462e+00	3.17000e+02
1055	3.20353e+02	1.05500e+03	5.40020e+00	3.17500e+02
1056	3.20901e+02	1.05600e+03	5.39575e+00	3.18000e+02
1057	3.21535e+02	1.05700e+03	5.39132e+00	3.18500e+02
1058	3.22082e+02	1.05800e+03	5.38689e+00	3.19000e+02
1059	3.22616e+02	1.05900e+03	5.38245e+00	3.19500e+02
1060	3.23118e+02	1.06000e+03	5.37800e+00	3.20000e+02
1061	3.23649e+02	1.06100e+03	5.37354e+00	3.20500e+02
1062	3.24163e+02	1.06200e+03	5.36905e+00	3.21000e+02
1063	3.24713e+02	1.06300e+03	5.36455e+00	3.21500e+02
1064	3.25295e+02	1.06400e+03	5.35996e+00	3.22000e+02
1065	3.25816e+02	1.06500e+03	5.35537e+00	3.22500e+02
1066	3.26364e+02	1.06600e+03	5.35074e+00	3.23000e+02
1067	3.26888e+02	1.06700e+03	5.34609e+00	3.23500e+02
1068	3.27436e+02	1.06800e+03	5.34128e+00	3.24000e+02
1069	3.27944e+02	1.06900e+03	5.33649e+00	3.24500e+02
1070	3.28475e+02	1.07000e+03	5.33165e+00	3.25000e+02
1071	3.28990e+02	1.07100e+03	5.32676e+00	3.25500e+02
1072	3.29532e+02	1.07200e+03	5.32167e+00	3.26000e+02
1073	3.30057e+02	1.07300e+03	5.31657e+00	3.26500e+02
1074	3.30547e+02	1.07400e+03	5.31140e+00	3.27000e+02
1075	3.31052e+02	1.07500e+03	5.30616e+00	3.27500e+02
1076	3.31564e+02	1.07600e+03	5.30060e+00	3.28000e+02
1077	3.32107e+02	1.07700e+03	5.29504e+00	3.28500e+02
1078	3.32658e+02	1.07800e+03	5.28938e+00	3.29000e+02
1079	3.33138e+02	1.07900e+03	5.28364e+00	3.29500e+02
1080	3.33641e+02	1.08000e+03	5.27745e+00	3.30000e+02
1081	3.34149e+02	1.08100e+03	5.27130e+00	3.30500e+02
1082	3.34652e+02	1.08200e+03	5.26503e+00	3.31000e+02
1083	3.35151e+02	1.08300e+03	5.25866e+00	3.31500e+02
1084	3.35642e+02	1.08400e+03	5.25176e+00	3.32000e+02
1085	3.36113e+02	1.08500e+03	5.24490e+00	3.32500e+02
1086	3.36588e+02	1.08600e+03	5.23790e+00	3.33000e+02
1087	3.37077e+02	1.08700e+03	5.23078e+00	3.33500e+02
1088	3.37579e+02	1.08800e+03	5.22304e+00	3.34000e+02
1089	3.38072e+02	1.08900e+03	5.21535e+00	3.34500e+02
1090	3.38563e+02	1.09000e+03	5.20752e+00	3.35000e+02
1091	3.39063e+02	1.09100e+03	5.19954e+00	3.35500e+02
1092	3.39582e+02	1.09200e+03	5.19083e+00	3.36000e+02
1093	3.40093e+02	1.09300e+03	5.18218e+00	3.36500e+02
1094	3.40586e+02	1.09400e+03	5.17334e+00	3.37000e+02
1095	3.41111e+02	1.09500e+03	5.16432e+00	3.37500e+02
1096	3.41651e+02	1.09600e+03	5.15444e+00	3.38000e+02
1097	3.42205e+02	1.09700e+03	5.14465e+00	3.38500e+02
1098	3.42726e+02	1.09800e+03	5.13465e+00	3.39000e+02
1099	3.43251e+02	1.09900e+03	5.12448e+00	3.39500e+02
1100	3.43762e+02	1.10000e+03	5.11336e+00	3.40000e+02
1101	3.44237e+02	1.10100e+03	5.10236e+00	3.40500e+02
1102	3.44726e+02	1.10200e+03	5.09114e+00	3.41000e+02
1103	3.45188e+02	1.10300e+03	5.07972e+00	3.41500e+02
1104	3.45690e+02	1.10400e+03	5.06732e+00	3.42000e+02
1105	3.46221e+02	1.10500e+03	5.05502e+00	3.42500e+02
1106	3.46747e+02	1.10600e+03	5.04248e+00	3.43000e+02
1107	3.47225e+02	1.10700e+03	5.02973e+00	3.43500e+02
1108	3.47706e+02	1.10800e+03	5.01588e+00	3.44000e+02
1109	3.48191e+02	1.10900e+03	5.00213e+00	3.44500e+02
1110	3.48673e+02	1.11000e+03	4.98810e+00	3.45000e+02
1111	3.49150e+02	1.11100e+03	4.97382e+00	3.45500e+02
1112	3.49638e+02	1.11200e+03	4.95829e+00	3.46000e+02
1113	3.50119e+02	1.11300e+03	4.94290e+00	3.46500e+02
1114	3.50564e+02	1.11400e+03	4.92723e+00	3.47000e+02
1115	3.51084e+02	1.11500e+03	4.91131e+00	3.47500e+02
1116	3.51569e+02	1.11600e+03	4.89407e+00	3.48000e+02
1117	3.52071e+02	1.11700e+03	4.87701e+00	3.48500e+02
1118	3.52494e+02	1.11800e+03	4.85966e+00	3.49000e+02
1119	3.52958e+02	1.11900e+03	4.84203e+00	3.49500e+02
1120	3.53426e+02	1.12000e+03	4.82304e+00	3.50000e+02
1121	3.53885e+02	1.12100e+03	4.80418e+00	3.50500e+02
1122	3.54338e+02	1.12200e+03	4.78501e+00	3.51000e+02
1123	3.54802e+02	1.12300e+03	4.76555e+00	3.51500e+02
1124	3.55267e+02	1.12400e+03	4.74463e+00	3.52000e+02
1125	3.55711e+02	1.12500e+03	4.72393e+00	3.52500e+02
1126	3.56198e+02	1.12600e+03	4.70292e+00	3.53000e+02
1127	3.56661e+02	1.12700e+03	4.68163e+00	3.53500e+02
1128	3.57137e+02	1.12800e+03	4.65888e+00	3.54000e+02
1129	3.57615e+02	1.12900e+03	4.63628e+00	3.54500e+02
1130	3.58075e+02	1.13000e+03	4.61335e+00	3.55000e+02
1131	3.58551e+02	1.13100e+03	4.59011e+00	3.55500e+02
1132	3.59025e+02	1.13200e+03	4.56531e+00	3.56000e+02
1133	3.59480e+02	1.13300e+03	4.54071e+00	3.56500e+02
1134	3.59936e+02	1.13400e+03	4.51579e+00	3.57000e+02
1135	3.60429e+02	1.13500e+03	4.49058e+00	3.57500e+02
1136	3.60928e+02	1.13600e+03	4.46380e+00	3.58000e+02
1137	3.61415e+02	1.13700e+03	4.43724e+00	3.58500e+02
1138	3.61902e+02	1.13800e+03	4.41038e+00	3.59000e+02
1139	3.62388e+02	1.13900e+03	4.38324e+00	3.59500e+02
1140	3.62862e+02	1.14000e+03	4.35461e+00	3.60000e+02
1141	3.63359e+02	1.14100e+03	4.32621e+00	3.60500e+02
1142	3.63884e+02	1.14200e+03	4.29751e+00	3.61000e+02
1143	3.64378e+02	1.14300e+03	4.26854e+00	3.61500e+02
1144	3.64870e+02	1.14400e+03	4.23817e+00	3.62000e+02
1145	3.65356e+02	1.14500e+03	4.20797e+00	3.62500e+02
1146	3.65861e+02	1.14600e+03	4.17747e+00	3.63000e+02
1147	3.66369e+02	1.14700e+03	4.14671e+00	3.63500e+02
1148	3.66862e+02	1.14800e+03	4.11459e+00	3.64000e+02
1149	3.67391e+02	1.14900e+03	4.08269e+00	3.64500e+02
1150	3.67869e+02	1.15000e+03	4.05054e+00	3.65000e+02
1151	3.68337e+02	1.15100e+03	4.01815e+00	3.65500e+02
1152	3.68825e+02	1.15200e+03	3.98453e+00	3.66000e+02
1153	3.69316e+02	1.15300e+03	3.95109e+00	3.66500e+02
1154	3.69786e+02	1.15400e+03	3.91740e+00	3.67000e+02
1155	3.70266e+02	1.15500e+03	3.88347e+00	3.67500e+02
1156	3.70757e+02	1.15600e+03	3.84835e+00	3.68000e+02
1157	3.71249e+02	1.15700e+03	3.81340e+00	3.68500e+02
1158	3.71749e+02	1.15800e+03	3.77821e+00	3.69000e+02
1159	3.72241e+02	1.15900e+03	3.74280e+00	3.69500e+02
1160	3.72730e+02	1.16000e+03	3.70623e+00	3.70000e+02
1161	3.73227e+02	1.16100e+03	3.66985e+00	3.70500e+02
1162	3.73710e+02	1.16200e+03	3.63322e+00	3.71000e+02
1163	3.74192e+02	1.16300e+03	3.59637e+00	3.71500e+02
1164	3.74653e+02	1.16400e+03	3.55843e+00	3.72000e+02
1165	3.75154e+02	1.16500e+03	3.52064e+00	3.72500e+02
1166	3.75644e+02	1.16600e+03	3.48263e+00	3.73000e+02
1167	3.76092e+02	1.16700e+03	3.44441e+00	3.73500e+02
1168	3.76559e+02	1.16800e+03	3.40511e+00	3.74000e+02
1169	3.77009e+02	1.16900e+03	3.36598e+00	3.74500e+02
1170	3.77462e+02	1.17000e+03	3.32664e+00	3.75000e+02
1171	3.77944e+02	1.17100e+03	3.28711e+00	3.75500e+02
1172	3.78443e+02	1.17200e+03	3.24655e+00	3.76000e+02
1173	3.78918e+02	1.17300e+03	3.20614e+00	3.76500e+02
1174	3.79391e+02	1.17400e+03	3.16551e+00	3.77000e+02
1175	3.79895e+02	1.17500e+03	3.12470e+00	3.77500e+02
1176	3.80402e+02	1.17600e+03	3.08286e+00	3.78000e+02
1177	3.80891e+02	1.17700e+03	3.04115e+00	3.78500e+02
1178	3.81373e+02	1.17800e+03	2.99920e+00	3.79000e+02
1179	3.81854e+02	1.17900e+03	2.95703e+00	3.79500e+02
1180	3.82331e+02	1.18000e+03	2.91375e+00	3.80000e+02
1181	3.82804e+02	1.18100e+03	2.87056e+00	3.80500e+02
1182	3.83274e+02	1.18200e+03	2.82713e+00	3.81000e+02
1183	3.83769e+02	1.18300e+03	2.78347e+00	3.81500e+02
1184	3.84261e+02	1.18400e+03	2.73866e+00	3.82000e+02
1185	3.84735e+02	1.18500e+03	2.69409e+00	3.82500e+02
1186	3.85223e+02	1.18600e+03	2.64936e+00	3.83000e+02
1187	3.85696e+02	1.18700e+03	2.60448e+00	3.83500e+02
1188	3.86175e+02	1.18800e+03	2.55878e+00	3.84000e+02
1189	3.86658e+02	1.18900e+03	2.51327e+00	3.84500e+02
1190	3.87162e+02	1.19000e+03	2.46769e+00	3.85000e+02
1191	3.87661e+02	1.19100e+03	2.42203e+00	3.85500e+02
1192	3.88156e+02	1.19200e+03	2.37594e+00	3.86000e+02
1193	3.88647e+02	1.19300e+03	2.33005e+00	3.86500e+02
1194	3.89151e+02	1.19400e+03	2.28418e+00	3.87000e+02
1195	3.89642e+02	1.19500e+03	2.23832e+00	3.87500e+02
1196	3.90134e+02	1.19600e+03	2.19246e+00	3.88000e+02
1197	3.90662e+02	1.19700e+03	2.14665e+00	3.88500e+02
1198	3.91152e+02	1.19800e+03	2.10087e+00	3.89000e+02
1199	3.91653e+02	1.19900e+03	2.05510e+00	3.89500e+02
1200	3.92168e+02	1.20000e+03	2.00950e+00	3.90000e+02
1201	3.92672e+02	1.20100e+03	1.96389e+00	3.90500e+02
1202	3.93169e+02	1.20200e+03	1.91834e+00	3.91000e+02
1203	3.93709e+02	1.20300e+03	1.87284e+00	3.91500e+02
1204	3.94228e+02	1.20400e+03	1.82760e+00	3.92000e+02
1205	3.94743e+02	1.20500e+03	1.78242e+00	3.92500e+02
1206	3.95241e+02	1.20600e+03	1.73736e+00	3.93000e+02
1207	3.95751e+02	1.20700e+03	1.69240e+00	3.93500e+02
1208	3.96266e+02	1.20800e+03	1.64797e+00	3.94000e+02
1209	3.96759e+02	1.20900e+03	1.60356e+00	3.94500e+02
1210	3.97271e+02	1.21000e+03	1.55936e+00	3.95000e+02
1211	3.97789e+02	1.21100e+03	1.51535e+00	3.95500e+02
1212	3.98281e+02	1.21200e+03	1.47219e+00	3.96000e+02
1213	3.98781e+02	1.21300e+03	1.42906e+00	3.96500e+02
1214	3.99295e+02	1.21400e+03	1.38628e+00	3.97000e+02
1215	3.99786e+02	1.21500e+03	1.34376e+00	3.97500e+02
1216	4.00277e+02	1.21600e+03	1.30260e+00	3.98000e+02
1217	4.00769e+02	1.21700e+03	1.26140e+00	3.98500e+02
1218	4.01277e+02	1.21800e+03	1.22065e+00	3.99000e+02
1219	4.01777e+02	1.21900e+03	1.18028e+00	3.99500e+02
1220	4.02286e+02	1.22000e+03	1.14180e+00	4.00000e+02
1221	4.02789e+02	1.22100e+03	1.10289e+00	4.00500e+02
1222	4.03293e+02	1.22200e+03	1.06443e+00	4.01000e+02
1223	4.03797e+02	1.22300e+03	1.02756e+00	4.01500e+02
1224	4.04312e+02	1.22400e+03	9.91919e-01	4.02000e+02
1225	4.04823e+02	1.22500e+03	9.55693e-01	4.02500e+02
1226	4.05333e+02	1.22600e+03	9.20576e-01	4.03000e+02
1227	4.05829e+02	1.22700e+03	8.86068e-01	4.03500e+02
1228	4.06337e+02	1.22800e+03	8.54023e-01	4.04000e+02
1229	4.06847e+02	1.22900e+03	8.21922e-01	4.04500e+02
1230	4.07365e+02	1.23000e+03	7.90535e-01	4.05000e+02
1231	4.07889e+02	1.23100e+03	7.59746e-01	4.05500e+02
1232	4.08408e+02	1.23200e+03	7.31257e-01	4.06000e+02
1233	4.08923e+02	1.23300e+03	7.02739e-01	4.06500e+02
1234	4.09426e+02	1.23400e+03	6.75250e-01	4.07000e+02
1235	4.09953e+02	1.23500e+03	6.49020e-01	4.07500e+02
1236	4.10478e+02	1.23600e+03	6.23767e-01	4.08000e+02
1237	4.11008e+02	1.23700e+03	5.98067e-01	4.08500e+02
1238	4.11542e+02	1.23800e+03	5.73792e-01	4.09000e+02
1239	4.12067e+02	1.23900e+03	5.50789e-01	4.09500e+02
1240	4.12604e+02	1.24000e+03	5.29074e-01	4.10000e+02
1241	4.13130e+02	1.24100e+03	5.06899e-01	4.10500e+02
1242	4.13634e+02	1.24200e+03	4.85213e-01	4.11000e+02
1243	4.14149e+02	1.24300e+03	4.64998e-01	4.11500e+02
1244	4.14684e+02	1.24400e+03	4.46219e-01	4.12000e+02
1245	4.15196e+02	1.24500e+03	4.27210e-01	4.12500e+02
1246	4.15673e+02	1.24600e+03	4.08694e-01	4.13000e+02
1247	4.16173e+02	1.24700e+03	3.90619e-01	4.13500e+02
1248	4.16683e+02	1.24800e+03	3.74601e-01	4.14000e+02
1249	4.17173e+02	1.24900e+03	3.58274e-01	4.14500e+02
1250	4.17661e+02	1.25000e+03	3.42362e-01	4.15000e+02
1251	4.18178e+02	1.25100e+03	3.26836e-01	4.15500e+02
1252	4.18725e+02	1.25200e+03	3.13273e-01	4.16000e+02
1253	4.19227e+02	1.25300e+03	2.99399e-01	4.16500e+02
1254	4.19750e+02	1.25400e+03	2.85876e-01	4.17000e+02
1255	4.20262e+02	1.25500e+03	2.72684e-01	4.17500e+02
1256	4.20748e+02	1.25600e+03	2.61253e-01	4.18000e+02
1257	4.21254e+02	1.25700e+03	2.49520e-01	4.18500e+02
1258	4.21771e+02	1.25800e+03	2.38103e-01	4.19000e+02
1259	4.22301e+02	1.25900e+03	2.26992e-01	4.19500e+02
1260	4.22787e+02	1.26000e+03	2.17442e-01	4.20000e+02
1261	4.23285e+02	1.26100e+03	2.07680e-01	4.20500e+02
1262	4.23786e+02	1.26200e+03	1.98229e-01	4.21000e+02
1263	4.24272e+02	1.26300e+03	1.89065e-01	4.21500e+02
1264	4.24756e+02	1.26400e+03	1.81378e-01	4.22000e+02
1265	4.25261e+02	1.26500e+03	1.73436e-01	4.22500e+02
1266	4.25780e+02	1.26600e+03	1.65746e-01	4.23000e+02
1267	4.26307e+02	1.26700e+03	1.58298e-01	4.23500e+02
1268	4.26813e+02	1.26800e+03	1.52106e-01	4.24000e+02
1269	4.27337e+02	1.26900e+03	1.45689e-01	4.24500e+02
1270	4.27851e+02	1.27000e+03	1.39482e-01	4.25000e+02
1271	4.28349e+02	1.27100e+03	1.33479e-01	4.25500e+02
1272	4.28860e+02	1.27200e+03	1.28521e-01	4.26000e+02
1273	4.29386e+02	1.27300e+03	1.23375e-01	4.26500e+02
1274	4.29931e+02	1.27400e+03	1.18399e-01	4.27000e+02
1275	4.30449e+02	1.27500e+03	1.13589e-01	4.27500e+02
1276	4.30995e+02	1.27600e+03	1.09639e-01	4.28000e+02
1277	4.31524e+02	1.27700e+03	1.05527e-01	4.28500e+02
1278	4.32043e+02	1.27800e+03	1.01556e-01	4.29000e+02
1279	4.32535e+02	1.27900e+03	9.77250e-02	4.29500e+02
1280	4.33041e+02	1.28000e+03	9.46074e-02	4.30000e+02
1281	4.33531e+02	1.28100e+03	9.13748e-02	4.30500e+02
1282	4.34064e+02	1.28200e+03	8.82687e-02	4.31000e+02
1283	4.34554e+02	1.28300e+03	8.52839e-02	4.31500e+02
1284	4.35054e+02	1.28400e+03	8.29213e-02	4.32000e+02
1285	4.35562e+02	1.28500e+03	8.04354e-02	4.32500e+02
1286	4.36057e+02	1.28600e+03	7.80372e-02	4.33000e+02
1287	4.36606e+02	1.28700e+03	7.57275e-02	4.33500e+02
1288	4.37136e+02	1.28800e+03	7.38822e-02	4.34000e+02
1289	4.37643e+02	1.28900e+03	7.19276e-02	4.34500e+02
1290	4.38155e+02	1.29000e+03	7.00299e-02	4.35000e+02
1291	4.38653e+02	1.29100e+03	6.81952e-02	4.35500e+02
1292	4.39166e+02	1.29200e+03	6.66819e-02	4.36000e+02
1293	4.39666e+02	1.29300e+03	6.51120e-02	4.36500e+02
1294	4.40163e+02	1.29400e+03	6.35972e-02	4.37000e+02
1295	4.40608e+02	1.29500e+03	6.21366e-02	4.37500e+02
1296	4.41068e+02	1.29600e+03	6.09514e-02	4.38000e+02
1297	4.41508e+02	1.29700e+03	5.97233e-02	4.38500e+02
1298	4.41957e+02	1.29800e+03	5.85449e-02	4.39000e+02
1299	4.42449e+02	1.29900e+03	5.74135e-02	4.39500e+02
1300	4.42918e+02	1.30000e+03	5.65198e-02	4.40000e+02
1301	4.43392e+02	1.30100e+03	5.55722e-02	4.40500e+02
1302	4.43875e+02	1.30200e+03	5.46509e-02	4.41000e+02
1303	4.44364e+02	1.30300e+03	5.37583e-02	4.41500e+02
1304	4.44868e+02	1.30400e+03	5.30271e-02	4.42000e+02
1305	4.45371e+02	1.30500e+03	5.22585e-02	4.42500e+02
1306	4.45883e+02	1.30600e+03	5.15141e-02	4.43000e+02
1307	4.46394e+02	1.30700e+03	5.07960e-02	4.43500e+02
1308	4.46941e+02	1.30800e+03	5.02052e-02	4.44000e+02
1309	4.47426e+02	1.30900e+03	4.96074e-02	4.44500e+02
1310	4.47917e+02	1.31000e+03	4.90422e-02	4.45000e+02
1311	4.48422e+02	1.31100e+03	4.85048e-02	4.45500e+02
1312	4.48901e+02	1.31200e+03	4.81098e-02	4.46000e+02
1313	4.49404e+02	1.31300e+03	4.76846e-02	4.46500e+02
1314	4.49873e+02	1.31400e+03	4.72775e-02	4.47000e+02
1315	4.50344e+02	1.31500e+03	4.68890e-02	4.47500e+02
1316	4.50815e+02	1.31600e+03	4.65955e-02	4.48000e+02
1317	4.51287e+02	1.31700e+03	4.62694e-02	4.48500e+02
1318	4.51824e+02	1.31800e+03	4.59433e-02	4.49000e+02
1319	4.52288e+02	1.31900e+03	4.56210e-02	4.49500e+02
1320	4.52749e+02	1.32000e+03	4.53289e-02	4.50000e+02
1321	4.53242e+02	1.32100e+03	4.50257e-02	4.50500e+02
1322	4.53704e+02	1.32200e+03	4.47275e-02	4.51000e+02
1323	4.54138e+02	1.32300e+03	4.44364e-02	4.51500e+02
1324	4.54592e+02	1.32400e+03	4.41709e-02	4.52000e+02
1325	4.55074e+02	1.32500e+03	4.39167e-02	4.52500e+02
1326	4.55553e+02	1.32600e+03	4.36783e-02	4.53000e+02
1327	4.56016e+02	1.32700e+03	4.34520e-02	4.53500e+02
1328	4.56520e+02	1.32800e+03	4.32908e-02	4.54000e+02
1329	4.56953e+02	1.32900e+03	4.31154e-02	4.54500e+02
1330	4.57425e+02	1.33000e+03	4.29474e-02	4.55000e+02
1331	4.57874e+02	1.33100e+03	4.27882e-02	4.55500e+02
1332	4.58359e+02	1.33200e+03	4.26812e-02	4.56000e+02
1333	4.58895e+02	1.33300e+03	4.25658e-02	4.56500e+02
1334	4.59373e+02	1.33400e+03	4.24629e-02	4.57000e+02
1335	4.59886e+02	1.33500e+03	4.23719e-02	4.57500e+02
1336	4.60373e+02	1.33600e+03	4.23325e-02	4.58000e+02
1337	4.60871e+02	1.33700e+03	4.22876e-02	4.58500e+02
1338	4.61399e+02	1.33800e+03	4.22518e-02	4.59000e+02
1339	4.61908e+02	1.33900e+03	4.22232e-02	4.59500e+02
1340	4.62417e+02	1.34000e+03	4.22347e-02	4.60000e+02
1341	4.62929e+02	1.34100e+03	4.22233e-02	4.60500e+02
1342	4.63477e+02	1.34200e+03	4.22060e-02	4.61000e+02
1343	4.63991e+02	1.34300e+03	4.21877e-02	4.61500e+02
1344	4.64490e+02	1.34400e+03	4.21616e-02	4.62000e+02
1345	4.64961e+02	1.34500e+03	4.21338e-02	4.62500e+02
1346	4.65450e+02	1.34600e+03	4.21025e-02	4.63000e+02
1347	4.65950e+02	1.34700e+03	4.20684e-02	4.63500e+02
1348	4.66464e+02	1.34800e+03	4.20142e-02	4.64000e+02
1349	4.66922e+02	1.34900e+03	4.19606e-02	4.64500e+02
1350	4.67398e+02	1.35000e+03	4.19016e-02	4.65000e+02
1351	4.67884e+02	1.35100e+03	4.18385e-02	4.65500e+02
1352	4.68367e+02	1.35200e+03	4.17603e-02	4.66000e+02
1353	4.68843e+02	1.35300e+03	4.16906e-02	4.66500e+02
1354	4.69322e+02	1.35400e+03	4.16217e-02	4.67000e+02
1355	4.69784e+02	1.35500e+03	4.15528e-02	4.67500e+02
1356	4.70265e+02	1.35600e+03	4.14816e-02	4.68000e+02
1357	4.70744e+02	1.35700e+03	4.14137e-02	4.68500e+02
1358	4.71251e+02	1.35800e+03	4.13534e-02	4.69000e+02
1359	4.71709e+02	1.35900e+03	4.12989e-02	4.69500e+02
1360	4.72177e+02	1.36000e+03	4.12647e-02	4.70000e+02
1361	4.72635e+02	1.36100e+03	4.12376e-02	4.70500e+02
1362	4.73102e+02	1.36200e+03	4.12211e-02	4.71000e+02
1363	4.73571e+02	1.36300e+03	4.12118e-02	4.71500e+02
1364	4.74041e+02	1.36400e+03	4.12397e-02	4.72000e+02
1365	4.74523e+02	1.36500e+03	4.12482e-02	4.72500e+02
1366	4.74996e+02	1.36600e+03	4.12484e-02	4.73000e+02
1367	4.75480e+02	1.36700e+03	4.12433e-02	4.73500e+02
1368	4.75951e+02	1.36800e+03	4.12159e-02	4.74000e+02
1369	4.76439e+02	1.36900e+03	4.11749e-02	4.74500e+02
1370	4.76926e+02	1.37000e+03	4.11213e-02	4.75000e+02
1371	4.77416e+02	1.37100e+03	4.10604e-02	4.75500e+02
1372	4.77898e+02	1.37200e+03	4.09538e-02	4.76000e+02
1373	4.78381e+02	1.37300e+03	4.08738e-02	4.76500e+02
1374	4.78853e+02	1.37400e+03	4.08048e-02	4.77000e+02
1375	4.79340e+02	1.37500e+03	4.07419e-02	4.77500e+02
1376	4.79818e+02	1.37600e+03	4.07004e-02	4.78000e+02
1377	4.80295e+02	1.37700e+03	4.06668e-02	4.78500e+02
1378	4.80781e+02	1.37800e+03	4.06445e-02	4.79000e+02
1379	4.81268e+02	1.37900e+03	4.06295e-02	4.79500e+02
1380	4.81762e+02	1.38000e+03	4.06544e-02	4.80000e+02
1381	4.82244e+02	1.38100e+03	4.06592e-02	4.80500e+02
1382	4.82738e+02	1.38200e+03	4.06580e-02	4.81000e+02
1383	4.83231e+02	1.38300e+03	4.06543e-02	4.81500e+02
1384	4.83696e+02	1.38400e+03	4.06454e-02	4.82000e+02
1385	4.84173e+02	1.38500e+03	4.06309e-02	4.82500e+02
1386	4.84669e+02	1.38600e+03	4.06124e-02	4.83000e+02
1387	4.85153e+02	1.38700e+03	4.05919e-02	4.83500e+02
1388	4.85648e+02	1.38800e+03	4.05501e-02	4.84000e+02
1389	4.86147e+02	1.38900e+03	4.05139e-02	4.84500e+02
1390	4.86649e+02	1.39000e+03	4.04732e-02	4.85000e+02
1391	4.87136e+02	1.39100e+03	4.04279e-02	4.85500e+02
1392	4.87622e+02	1.39200e+03	4.03735e-02	4.86000e+02
1393	4.88121e+02	1.39300e+03	4.03246e-02	4.86500e+02
1394	4.88633e+02	1.39400e+03	4.02816e-02	4.87000e+02
1395	4.89139e+02	1.39500e+03	4.02433e-02	4.87500e+02
1396	4.89637e+02	1.39600e+03	4.02169e-02	4.88000e+02
1397	4.90118e+02	1.39700e+03	4.02008e-02	4.88500e+02
1398	4.90614e+02	1.39800e+03	4.01966e-02	4.89000e+02
1399	4.91096e+02	1.39900e+03	4.02002e-02	4.89500e+02
1400	4.91602e+02	1.40000e+03	4.02395e-02	4.90000e+02
1401	4.92113e+02	1.40100e+03	4.02608e-02	4.90500e+02
1402	4.92594e+02	1.40200e+03	4.02727e-02	4.91000e+02
1403	4.93085e+02	1.40300e+03	4.02774e-02	4.91500e+02
1404	4.93570e+02	1.40400e+03	4.02607e-02	4.92000e+02
1405	4.94059e+02	1.40500e+03	4.02278e-02	4.92500e+02
1406	4.94546e+02	1.40600e+03	4.01796e-02	4.93000e+02
1407	4.95044e+02	1.40700e+03	4.01230e-02	4.93500e+02
1408	4.95544e+02	1.40800e+03	4.00200e-02	4.94000e+02
1409	4.96049e+02	1.40900e+03	3.99509e-02	4.94500e+02
1410	4.96550e+02	1.41000e+03	3.98962e-02	4.95000e+02
1411	4.97056e+02	1.41100e+03	3.98485e-02	4.95500e+02
1412	4.97547e+02	1.41200e+03	3.98305e-02	4.96000e+02
1413	4.98054e+02	1.41300e+03	3.98111e-02	4.96500e+02
1414	4.98556e+02	1.41400e+03	3.97958e-02	4.97000e+02
1415	4.99052e+02	1.41500e+03	3.97838e-02	4.97500e+02
1416	4.99562e+02	1.41600e+03	3.97984e-02	4.98000e+02
1417	5.00052e+02	1.41700e+03	3.97964e-02	4.98500e+02
1418	5.00542e+02	1.41800e+03	3.97901e-02	4.99000e+02
1419	5.01051e+02	1.41900e+03	3.97822e-02	4.99500e+02
1420	5.01545e+02	1.42000e+03	3.97635e-02	5.00000e+02
1421	5.02028e+02	1.42100e+03	3.97454e-02	5.00500e+02
1422	5.02532e+02	1.42200e+03	3.97251e-02	5.01000e+02
1423	5.03029e+02	1.42300e+03	3.97038e-02	5.01500e+02
1424	5.03521e+02	1.42400e+03	3.96745e-02	5.02000e+02
1425	5.04010e+02	1.42500e+03	3.96513e-02	5.02500e+02
1426	5.04506e+02	1.42600e+03	3.96322e-02	5.03000e+02
1427	5.04999e+02	1.42700e+03	3.96155e-02	5.03500e+02
1428	5.05484e+02	1.42800e+03	3.96070e-02	5.04000e+02
1429	5.05974e+02	1.42900e+03	3.95989e-02	5.04500e+02
1430	5.06480e+02	1.43000e+03	3.95922e-02	5.05000e+02
1431	5.06972e+02	1.43100e+03	3.95863e-02	5.05500e+02
1432	5.07465e+02	1.43200e+03	3.95942e-02	5.06000e+02
1433	5.07969e+02	1.43300e+03	3.95977e-02	5.06500e+02
1434	5.08474e+02	1.43400e+03	3.96014e-02	5.07000e+02
1435	5.08968e+02	1.43500e+03	3.96057e-02	5.07500e+02
1436	5.09471e+02	1.43600e+03	3.96089e-02	5.08000e+02
1437	5.09965e+02	1.43700e+03	3.96083e-02	5.08500e+02
1438	5.10491e+02	1.43800e+03	3.96053e-02	5.09000e+02
1439	5.10951e+02	1.43900e+03	3.96009e-02	5.09500e+02
1440	5.11433e+02	1.44000e+03	3.95866e-02	5.10000e+02
1441	5.11930e+02	1.44100e+03	3.95767e-02	5.10500e+02
1442	5.12418e+02	1.44200e+03	3.95684e-02	5.11000e+02
1443	5.12938e+02	1.44300e+03	3.95608e-02	5.11500e+02
1444	5.13517e+02	1.44400e+03	3.95482e-02	5.12000e+02
1445	5.14082e+02	1.44500e+03	3.95292e-02	5.12500e+02
1446	5.14674e+02	1.44600e+03	3.94994e-02	5.13000e+02
1447	5.15125e+02	1.44700e+03	3.94618e-02	5.13500e+02
1448	5.15592e+02	1.44800e+03	3.93958e-02	5.14000e+02
1449	5.16082e+02	1.44900e+03	3.93338e-02	5.14500e+02
1450	5.16593e+02	1.45000e+03	3.92759e-02	5.15000e+02
1451	5.17090e+02	1.45100e+03	3.92218e-02	5.15500e+02
1452	5.17560e+02	1.45200e+03	3.91746e-02	5.16000e+02
1453	5.18035e+02	1.45300e+03	3.91558e-02	5.16500e+02
1454	5.18506e+02	1.45400e+03	3.91557e-02	5.17000e+02
1455	5.18983e+02	1.45500e+03	3.91659e-02	5.17500e+02
1456	5.19474e+02	1.45600e+03	3.92522e-02	5.18000e+02
1457	5.19963e+02	1.45700e+03	3.93138e-02	5.18500e+02
1458	5.20458e+02	1.45800e+03	3.93769e-02	5.19000e+02
1459	5.20957e+02	1.45900e+03	3.94440e-02	5.19500e+02
1460	5.21441e+02	1.46000e+03	3.95209e-02	5.20000e+02
1461	5.21935e+02	1.46100e+03	3.95788e-02	5.20500e+02
1462	5.22427e+02	1.46200e+03	3.96260e-02	5.21000e+02
1463	5.22873e+02	1.46300e+03	3.96664e-02	5.21500e+02
1464	5.23320e+02	1.46400e+03	3.96667e-02	5.22000e+02
1465	5.23806e+02	1.46500e+03	3.96710e-02	5.22500e+02
1466	5.24263e+02	1.46600e+03	3.96664e-02	5.23000e+02
1467	5.24745e+02	1.46700e+03	3.96536e-02	5.23500e+02
1468	5.25231e+02	1.46800e+03	3.95976e-02	5.24000e+02
1469	5.25730e+02	1.46900e+03	3.95500e-02	5.24500e+02
1470	5.26223e+02	1.47000e+03	3.94989e-02	5.25000e+02
1471	5.26704e+02	1.47100e+03	3.94454e-02	5.25500e+02
1472	5.27216e+02	1.47200e+03	3.93755e-02	5.26000e+02
1473	5.27756e+02	1.47300e+03	3.93228e-02	5.26500e+02
1474	5.28236e+02	1.47400e+03	3.92788e-02	5.27000e+02
1475	5.28705e+02	1.47500e+03	3.92398e-02	5.27500e+02
1476	5.29199e+02	1.47600e+03	3.92271e-02	5.28000e+02
1477	5.29681e+02	1.47700e+03	3.92112e-02	5.28500e+02
1478	5.30173e+02	1.47800e+03	3.91983e-02	5.29000e+02
1479	5.30664e+02	1.47900e+03	3.91880e-02	5.29500e+02
1480	5.31199e+02	1.48000e+03	3.91977e-02	5.30000e+02
1481	5.31703e+02	1.48100e+03	3.91964e-02	5.30500e+02
1482	5.32172e+02	1.48200e+03	3.91918e-02	5.31000e+02
1483	5.32649e+02	1.48300e+03	3.91863e-02	5.31500e+02
1484	5.33175e+02	1.48400e+03	3.91784e-02	5.32000e+02
1485	5.33691e+02	1.48500e+03	3.91725e-02	5.32500e+02
1486	5.34195e+02	1.48600e+03	3.91688e-02	5.33000e+02
1487	5.34665e+02	1.48700e+03	3.91672e-02	5.33500e+02
1488	5.35173e+02	1.48800e+03	3.91730e-02	5.34000e+02
1489	5.35653e+02	1.48900e+03	3.91829e-02	5.34500e+02
1490	5.36152e+02	1.49000e+03	3.91984e-02	5.35000e+02
1491	5.36710e+02	1.49100e+03	3.92180e-02	5.35500e+02
1492	5.37393e+02	1.49200e+03	3.92520e-02	5.36000e+02
1493	5.37917e+02	1.49300e+03	3.92760e-02	5.36500e+02
1494	5.38399e+02	1.49400e+03	3.92946e-02	5.37000e+02
1495	5.38874e+02	1.49500e+03	3.93089e-02	5.37500e+02
1496	5.39295e+02	1.49600e+03	3.93035e-02	5.38000e+02
1497	5.39774e+02	1.49700e+03	3.92896e-02	5.38500e+02
1498	5.40245e+02	1.49800e+03	3.92645e-02	5.39000e+02
1499	5.40744e+02	1.49900e+03	3.92324e-02	5.39500e+02
1500	5.41286e+02	1.50000e+03	3.91697e-02	5.40000e+02
1501	5.41763e+02	1.50100e+03	3.91285e-02	5.40500e+02
1502	5.42243e+02	1.50200e+03	3.90956e-02	5.41000e+02
1503	5.42707e+02	1.50300e+03	3.90668e-02	5.41500e+02
1504	5.43199e+02	1.50400e+03	3.90538e-02	5.42000e+02
1505	5.43682e+02	1.50500e+03	3.90416e-02	5.42500e+02
1506	5.44151e+02	1.50600e+03	3.90325e-02	5.43000e+02
1507	5.44628e+02	1.50700e+03	3.90247e-02	5.43500e+02
1508	5.45121e+02	1.50800e+03	3.90286e-02	5.44000e+02
1509	5.45607e+02	1.50900e+03	3.90199e-02	5.44500e+02
1510	5.46080e+02	1.51000e+03	3.90077e-02	5.45000e+02
1511	5.46562e+02	1.51100e+03	3.89950e-02	5.45500e+02
1512	5.47070e+02	1.51200e+03	3.89761e-02	5.46000e+02
1513	5.47560e+02	1.51300e+03	3.89686e-02	5.46500e+02
1514	5.48047e+02	1.51400e+03	3.89667e-02	5.47000e+02
1515	5.48524e+02	1.51500e+03	3.89669e-02	5.47500e+02
1516	5.49004e+02	1.51600e+03	3.89788e-02	5.48000e+02
1517	5.49490e+02	1.51700e+03	3.89810e-02	5.48500e+02
1518	5.49971e+02	1.51800e+03	3.89757e-02	5.49000e+02
1519	5.50460e+02	1.51900e+03	3.89649e-02	5.49500e+02
1520	5.50954e+02	1.52000e+03	3.89359e-02	5.50000e+02
1521	5.51433e+02	1.52100e+03	3.89027e-02	5.50500e+02
1522	5.51915e+02	1.52200e+03	3.88656e-02	5.51000e+02
1523	5.52412e+02	1.52300e+03	3.88271e-02	5.51500e+02
1524	5.52898e+02	1.52400e+03	3.87697e-02	5.52000e+02
1525	5.53377e+02	1.52500e+03	3.87289e-02	5.52500e+02
1526	5.53843e+02	1.52600e+03	3.86934e-02	5.53000e+02
1527	5.54336e+02	1.52700e+03	3.86597e-02	5.53500e+02
1528	5.54825e+02	1.52800e+03	3.86366e-02	5.54000e+02
1529	5.55284e+02	1.52900e+03	3.86041e-02	5.54500e+02
1530	5.55773e+02	1.53000e+03	3.85680e-02	5.55000e+02
1531	5.56265e+02	1.53100e+03	3.85304e-02	5.55500e+02
1532	5.56754e+02	1.53200e+03	3.84879e-02	5.56000e+02
1533	5.57241e+02	1.53300e+03	3.84539e-02	5.56500e+02
1534	5.57727e+02	1.53400e+03	3.84306e-02	5.57000e+02
1535	5.58214e+02	1.53500e+03	3.84158e-02	5.57500e+02
1536	5.58710e+02	1.53600e+03	3.84441e-02	5.58000e+02
1537	5.59189e+02	1.53700e+03	3.84823e-02	5.58500e+02
1538	5.59684e+02	1.53800e+03	3.85327e-02	5.59000e+02
1539	5.60163e+02	1.53900e+03	3.85903e-02	5.59500e+02
1540	5.60650e+02	1.54000e+03	3.86959e-02	5.60000e+02
1541	5.61128e+02	1.54100e+03	3.87625e-02	5.60500e+02
1542	5.61601e+02	1.54200e+03	3.88135e-02	5.61000e+02
1543	5.62090e+02	1.54300e+03	3.88569e-02	5.61500e+02
1544	5.62577e+02	1.54400e+03	3.88541e-02	5.62000e+02
1545	5.63061e+02	1.54500e+03	3.88564e-02	5.62500e+02
1546	5.63549e+02	1.54600e+03	3.88524e-02	5.63000e+02
1547	5.64028e+02	1.54700e+03	3.88431e-02	5.63500e+02
1548	5.64487e+02	1.54800e+03	3.87979e-02	5.64000e+02
1549	5.64953e+02	1.54900e+03	3.87711e-02	5.64500e+02
1550	5.65428e+02	1.55000e+03	3.87489e-02	5.65000e+02
1551	5.65898e+02	1.55100e+03	3.87289e-02	5.65500e+02
1552	5.66371e+02	1.55200e+03	3.87243e-02	5.66000e+02
1553	5.66852e+02	1.55300e+03	3.87259e-02	5.66500e+02
1554	5.67336e+02	1.55400e+03	3.87334e-02	5.67000e+02
1555	5.67813e+02	1.55500e+03	3.87431e-02	5.67500e+02
1556	5.68293e+02	1.55600e+03	3.87618e-02	5.68000e+02
1557	5.68793e+02	1.55700e+03	3.87552e-02	5.68500e+02
1558	5.69291e+02	1.55800e+03	3.87307e-02	5.69000e+02
1559	5.69782e+02	1.55900e+03	3.86956e-02	5.69500e+02
1560	5.70282e+02	1.56000e+03	3.86248e-02	5.70000e+02
1561	5.70784e+02	1.56100e+03	3.85793e-02	5.70500e+02
1562	5.71269e+02	1.56200e+03	3.85502e-02	5.71000e+02
1563	5.71757e+02	1.56300e+03	3.85315e-02	5.71500e+02
1564	5.72259e+02	1.56400e+03	3.85403e-02	5.72000e+02
1565	5.72750e+02	1.56500e+03	3.85604e-02	5.72500e+02
1566	5.73231e+02	1.56600e+03	3.85911e-02	5.73000e+02
1567	5.73718e+02	1.56700e+03	3.86279e-02	5.73500e+02
1568	5.74201e+02	1.56800e+03	3.87168e-02	5.74000e+02
1569	5.74693e+02	1.56900e+03	3.87774e-02	5.74500e+02
1570	5.75204e+02	1.57000e+03	3.88363e-02	5.75000e+02
1571	5.75689e+02	1.57100e+03	3.88995e-02	5.75500e+02
1572	5.76197e+02	1.57200e+03	3.89717e-02	5.76000e+02
1573	5.76685e+02	1.57300e+03	3.90462e-02	5.76500e+02
1574	5.77190e+02	1.57400e+03	3.91133e-02	5.77000e+02
1575	5.77698e+02	1.57500e+03	3.91715e-02	5.77500e+02
1576	5.78191e+02	1.57600e+03	3.92068e-02	5.78000e+02
1577	5.78689e+02	1.57700e+03	3.92135e-02	5.78500e+02
1578	5.79197e+02	1.57800e+03	3.91968e-02	5.79000e+02
1579	5.79711e+02	1.57900e+03	3.91659e-02	5.79500e+02
1580	5.80220e+02	1.58000e+03	3.90457e-02	5.80000e+02
1581	5.80734e+02	1.58100e+03	3.89585e-02	5.80500e+02
1582	5.81256e+02	1.58200e+03	3.88745e-02	5.81000e+02
1583	5.81782e+02	1.58300e+03	3.87899e-02	5.81500e+02
1584	5.82310e+02	1.58400e+03	3.86841e-02	5.82000e+02
1585	5.82803e+02	1.58500e+03	3.85847e-02	5.82500e+02
1586	5.83315e+02	1.58600e+03	3.84781e-02	5.83000e+02
1587	5.83807e+02	1.58700e+03	3.83650e-02	5.83500e+02
1588	5.84303e+02	1.58800e+03	3.82460e-02	5.84000e+02
1589	5.84793e+02	1.58900e+03	3.81350e-02	5.84500e+02
1590	5.85279e+02	1.59000e+03	3.80437e-02	5.85000e+02
1591	5.85786e+02	1.59100e+03	3.79700e-02	5.85500e+02
1592	5.86264e+02	1.59200e+03	3.79446e-02	5.86000e+02
1593	5.86709e+02	1.59300e+03	3.79438e-02	5.86500e+02
1594	5.87177e+02	1.59400e+03	3.79697e-02	5.87000e+02
1595	5.87657e+02	1.59500e+03	3.80120e-02	5.87500e+02
1596	5.88137e+02	1.59600e+03	3.81563e-02	5.88000e+02
1597	5.88619e+02	1.59700e+03	3.82494e-02	5.88500e+02
1598	5.89091e+02	1.59800e+03	3.83280e-02	5.89000e+02
1599	5.89516e+02	1.59900e+03	3.83995e-02	5.89500e+02
1600	5.89990e+02	1.60000e+03	3.84453e-02	5.90000e+02
1601	5.90483e+02	1.60100e+03	3.84736e-02	5.90500e+02
1602	5.90973e+02	1.60200e+03	3.84827e-02	5.91000e+02
1603	5.91470e+02	1.60300e+03	3.84801e-02	5.91500e+02
1604	5.91963e+02	1.60400e+03	3.84165e-02	5.92000e+02
1605	5.92450e+02	1.60500e+03	3.83853e-02	5.92500e+02
1606	5.92920e+02	1.60600e+03	3.83634e-02	5.93000e+02
1607	5.93414e+02	1.60700e+03	3.83445e-02	5.93500e+02
1608	5.93881e+02	1.60800e+03	3.83323e-02	5.94000e+02
1609	5.94363e+02	1.60900e+03	3.83253e-02	5.94500e+02
1610	5.94853e+02	1.61000e+03	3.83218e-02	5.95000e+02
1611	5.95332e+02	1.61100e+03	3.83198e-02	5.95500e+02
1612	5.95818e+02	1.61200e+03	3.83375e-02	5.96000e+02
1613	5.96300e+02	1.61300e+03	3.83443e-02	5.96500e+02
1614	5.96787e+02	1.61400e+03	3.83487e-02	5.97000e+02
1615	5.97280e+02	1.61500e+03	3.83529e-02	5.97500e+02
1616	5.97771e+02	1.61600e+03	3.83563e-02	5.98000e+02
1617	5.98264e+02	1.61700e+03	3.83620e-02	5.98500e+02
1618	5.98747e+02	1.61800e+03	3.83690e-02	5.99000e+02
1619	5.99224e+02	1.61900e+03	3.83775e-02	5.99500e+02
1620	5.99738e+02	1.62000e+03	3.83992e-02	6.00000e+02
1621	6.00226e+02	1.62100e+03	3.84297e-02	6.00500e+02
1622	6.00696e+02	1.62200e+03	3.84714e-02	6.01000e+02
1623	6.01196e+02	1.62300e+03	3.85197e-02	6.01500e+02
1624	6.01682e+02	1.62400e+03	3.85893e-02	6.02000e+02
1625	6.02161e+02	1.62500e+03	3.86388e-02	6.02500e+02
1626	6.02652e+02	1.62600e+03	3.86690e-02	6.03000e+02
1627	6.03125e+02	1.62700e+03	3.86834e-02	6.03500e+02
1628	6.03618e+02	1.62800e+03	3.86420e-02	6.04000e+02
1629	6.04098e+02	1.62900e+03	3.85801e-02	6.04500e+02
1630	6.04586e+02	1.63000e+03	3.84964e-02	6.05000e+02
1631	6.05085e+02	1.63100e+03	3.84021e-02	6.05500e+02
1632	6.05576e+02	1.63200e+03	3.82295e-02	6.06000e+02
1633	6.06049e+02	1.63300e+03	3.81133e-02	6.06500e+02
1634	6.06546e+02	1.63400e+03	3.80204e-02	6.07000e+02
1635	6.07044e+02	1.63500e+03	3.79390e-02	6.07500e+02
1636	6.07529e+02	1.63600e+03	3.79082e-02	6.08000e+02
1637	6.08009e+02	1.63700e+03	3.78730e-02	6.08500e+02
1638	6.08501e+02	1.63800e+03	3.78471e-02	6.09000e+02
1639	6.08981e+02	1.63900e+03	3.78292e-02	6.09500e+02
1640	6.09486e+02	1.64000e+03	3.78679e-02	6.10000e+02
1641	6.09977e+02	1.64100e+03	3.78921e-02	6.10500e+02
1642	6.10460e+02	1.64200e+03	3.79242e-02	6.11000e+02
1643	6.10957e+02	1.64300e+03	3.79652e-02	6.11500e+02
1644	6.11440e+02	1.64400e+03	3.80371e-02	6.12000e+02
1645	6.11932e+02	1.64500e+03	3.80980e-02	6.12500e+02
1646	6.12428e+02	1.64600e+03	3.81537e-02	6.13000e+02
1647	6.12919e+02	1.64700e+03	3.82051e-02	6.13500e+02
1648	6.13406e+02	1.64800e+03	3.82479e-02	6.14000e+02
1649	6.13904e+02	1.64900e+03	3.82698e-02	6.14500e+02
1650	6.14398e+02	1.65000e+03	3.82744e-02	6.15000e+02
1651	6.14879e+02	1.65100e+03	3.82694e-02	6.15500e+02
1652	6.15364e+02	1.65200e+03	3.82147e-02	6.16000e+02
1653	6.15861e+02	1.65300e+03	3.81836e-02	6.16500e+02
1654	6.16360e+02	1.65400e+03	3.81593e-02	6.17000e+02
1655	6.16853e+02	1.65500e+03	3.81376e-02	6.17500e+02
1656	6.17338e+02	1.65600e+03	3.81128e-02	6.18000e+02
1657	6.17842e+02	1.65700e+03	3.80909e-02	6.18500e+02
1658	6.18346e+02	1.65800e+03	3.80696e-02	6.19000e+02
1659	6.18835e+02	1.65900e+03	3.80483e-02	6.19500e+02
1660	6.19331e+02	1.66000e+03	3.80358e-02	6.20000e+02
1661	6.19838e+02	1.66100e+03	3.80226e-02	6.20500e+02
1662	6.20335e+02	1.66200e+03	3.80136e-02	6.21000e+02
1663	6.20834e+02	1.66300e+03	3.80078e-02	6.21500e+02
1664	6.21333e+02	1.66400e+03	3.80119e-02	6.22000e+02
1665	6.21840e+02	1.66500e+03	3.80155e-02	6.22500e+02
1666	6.22339e+02	1.66600e+03	3.80191e-02	6.23000e+02
1667	6.22844e+02	1.66700e+03	3.80225e-02	6.23500e+02
1668	6.23349e+02	1.66800e+03	3.80343e-02	6.24000e+02
1669	6.23859e+02	1.66900e+03	3.80388e-02	6.24500e+02
1670	6.24358e+02	1.67000e+03	3.80396e-02	6.25000e+02
1671	6.24857e+02	1.67100e+03	3.80377e-02	6.25500e+02
1672	6.25352e+02	1.67200e+03	3.80185e-02	6.26000e+02
1673	6.25856e+02	1.67300e+03	3.79973e-02	6.26500e+02
1674	6.26349e+02	1.67400e+03	3.79728e-02	6.27000e+02
1675	6.26841e+02	1.67500e+03	3.79486e-02	6.27500e+02
1676	6.27341e+02	1.67600e+03	3.79179e-02	6.28000e+02
1677	6.27846e+02	1.67700e+03	3.79024e-02	6.28500e+02
1678	6.28339e+02	1.67800e+03	3.78959e-02	6.29000e+02
1679	6.28826e+02	1.67900e+03	3.78937e-02	6.29500e+02
1680	6.29331e+02	1.68000e+03	3.79160e-02	6.30000e+02
1681	6.29830e+02	1.68100e+03	3.79293e-02	6.30500e+02
1682	6.30346e+02	1.68200e+03	3.79424e-02	6.31000e+02
1683	6.30840e+02	1.68300e+03	3.79559e-02	6.31500e+02
1684	6.31355e+02	1.68400e+03	3.79746e-02	6.32000e+02
1685	6.31873e+02	1.68500e+03	3.79870e-02	6.32500e+02
1686	6.32392e+02	1.68600e+03	3.79960e-02	6.33000e+02
1687	6.32905e+02	1.68700e+03	3.80031e-02	6.33500e+02
1688	6.33415e+02	1.68800e+03	3.80008e-02	6.34000e+02
1689	6.33888e+02	1.68900e+03	3.80007e-02	6.34500e+02
1690	6.34389e+02	1.69000e+03	3.79997e-02	6.35000e+02
1691	6.34891e+02	1.69100e+03	3.79981e-02	6.35500e+02
1692	6.35408e+02	1.69200e+03	3.79956e-02	6.36000e+02
1693	6.35920e+02	1.69300e+03	3.80004e-02	6.36500e+02
1694	6.36424e+02	1.69400e+03	3.80128e-02	6.37000e+02
1695	6.36974e+02	1.69500e+03	3.80309e-02	6.37500e+02
1696	6.37504e+02	1.69600e+03	3.80695e-02	6.38000e+02
1697	6.38040e+02	1.69700e+03	3.81029e-02	6.38500e+02
1698	6.38555e+02	1.69800e+03	3.81324e-02	6.39000e+02
1699	6.39035e+02	1.69900e+03	3.81587e-02	6.39500e+02
1700	6.39519e+02	1.70000e+03	3.81771e-02	6.40000e+02
1701	6.40036e+02	1.70100e+03	3.81746e-02	6.40500e+02
1702	6.40529e+02	1.70200e+03	3.81544e-02	6.41000e+02
1703	6.41024e+02	1.70300e+03	3.81231e-02	6.41500e+02
1704	6.41538e+02	1.70400e+03	3.80357e-02	6.42000e+02
1705	6.42029e+02	1.70500e+03	3.79698e-02	6.42500e+02
1706	6.42536e+02	1.70600e+03	3.79113e-02	6.43000e+02
1707	6.43049e+02	1.70700e+03	3.78588e-02	6.43500e+02
1708	6.43540e+02	1.70800e+03	3.78179e-02	6.44000e+02
1709	6.44014e+02	1.70900e+03	3.77998e-02	6.44500e+02
1710	6.44513e+02	1.71000e+03	3.77992e-02	6.45000e+02
1711	6.45015e+02	1.71100e+03	3.78086e-02	6.45500e+02
1712	6.45492e+02	1.71200e+03	3.78774e-02	6.46000e+02
1713	6.45979e+02	1.71300e+03	3.79145e-02	6.46500e+02
1714	6.46463e+02	1.71400e+03	3.79373e-02	6.47000e+02
1715	6.46940e+02	1.71500e+03	3.79509e-02	6.47500e+02
1716	6.47417e+02	1.71600e+03	3.79394e-02	6.48000e+02
1717	6.47895e+02	1.71700e+03	3.79154e-02	6.48500e+02
1718	6.48392e+02	1.71800e+03	3.78782e-02	6.49000e+02
1719	6.48881e+02	1.71900e+03	3.78344e-02	6.49500e+02
1720	6.49377e+02	1.72000e+03	3.77396e-02	6.50000e+02
1721	6.49880e+02	1.72100e+03	3.76771e-02	6.50500e+02
1722	6.50380e+02	1.72200e+03	3.76290e-02	6.51000e+02
1723	6.50876e+02	1.72300e+03	3.75883e-02	6.51500e+02
1724	6.51371e+02	1.72400e+03	3.75911e-02	6.52000e+02
1725	6.51880e+02	1.72500e+03	3.76051e-02	6.52500e+02
1726	6.52378e+02	1.72600e+03	3.76354e-02	6.53000e+02
1727	6.52885e+02	1.72700e+03	3.76764e-02	6.53500e+02
1728	6.53393e+02	1.72800e+03	3.77929e-02	6.54000e+02
1729	6.53912e+02	1.72900e+03	3.78836e-02	6.54500e+02
1730	6.54417e+02	1.73000e+03	3.79758e-02	6.55000e+02
1731	6.54922e+02	1.73100e+03	3.80723e-02	6.55500e+02
1732	6.55434e+02	1.73200e+03	3.81790e-02	6.56000e+02
1733	6.55940e+02	1.73300e+03	3.82655e-02	6.56500e+02
1734	6.56445e+02	1.73400e+03	3.83353e-02	6.57000e+02
1735	6.56950e+02	1.73500e+03	3.83932e-02	6.57500e+02
1736	6.57451e+02	1.73600e+03	3.83909e-02	6.58000e+02
1737	6.57948e+02	1.73700e+03	3.83844e-02	6.58500e+02
1738	6.58445e+02	1.73800e+03	3.83622e-02	6.59000e+02
1739	6.58952e+02	1.73900e+03	3.83284e-02	6.59500e+02
1740	6.59456e+02	1.74000e+03	3.82228e-02	6.60000e+02
1741	6.59962e+02	1.74100e+03	3.81495e-02	6.60500e+02
1742	6.60467e+02	1.74200e+03	3.80818e-02	6.61000e+02
1743	6.60988e+02	1.74300e+03	3.80152e-02	6.61500e+02
1744	6.61493e+02	1.74400e+03	3.79530e-02	6.62000e+02
1745	6.62001e+02	1.74500e+03	3.79005e-02	6.62500e+02
1746	6.62506e+02	1.74600e+03	3.78546e-02	6.63000e+02
1747	6.63005e+02	1.74700e+03	3.78123e-02	6.63500e+02
1748	6.63508e+02	1.74800e+03	3.77981e-02	6.64000e+02
1749	6.64002e+02	1.74900e+03	3.77740e-02	6.64500e+02
1750	6.64499e+02	1.75000e+03	3.77507e-02	6.65000e+02
1751	6.65002e+02	1.75100e+03	3.77286e-02	6.65500e+02
1752	6.65489e+02	1.75200e+03	3.77183e-02	6.66000e+02
1753	6.65980e+02	1.75300e+03	3.77107e-02	6.66500e+02
1754	6.66476e+02	1.75400e+03	3.77104e-02	6.67000e+02
1755	6.66966e+02	1.75500e+03	3.77155e-02	6.67500e+02
1756	6.67448e+02	1.75600e+03	3.77420e-02	6.68000e+02
1757	6.67936e+02	1.75700e+03	3.77646e-02	6.68500e+02
1758	6.68430e+02	1.75800e+03	3.77873e-02	6.69000e+02
1759	6.68939e+02	1.75900e+03	3.78101e-02	6.69500e+02
1760	6.69419e+02	1.76000e+03	3.78395e-02	6.70000e+02
1761	6.69921e+02	1.76100e+03	3.78584e-02	6.70500e+02
1762	6.70427e+02	1.76200e+03	3.78746e-02	6.71000e+02
1763	6.70915e+02	1.76300e+03	3.78903e-02	6.71500e+02
1764	6.71402e+02	1.76400e+03	3.78916e-02	6.72000e+02
1765	6.71903e+02	1.76500e+03	3.78994e-02	6.72500e+02
1766	6.72413e+02	1.76600e+03	3.79061e-02	6.73000e+02
1767	6.72898e+02	1.76700e+03	3.79110e-02	6.73500e+02
1768	6.73385e+02	1.76800e+03	3.79146e-02	6.74000e+02
1769	6.73889e+02	1.76900e+03	3.79134e-02	6.74500e+02
1770	6.74386e+02	1.77000e+03	3.79067e-02	6.75000e+02
1771	6.74879e+02	1.77100e+03	3.78961e-02	6.75500e+02
1772	6.75378e+02	1.77200e+03	3.78696e-02	6.76000e+02
1773	6.75871e+02	1.77300e+03	3.78455e-02	6.76500e+02
1774	6.76361e+02	1.77400e+03	3.78196e-02	6.77000e+02
1775	6.76857e+02	1.77500e+03	3.77926e-02	6.77500e+02
1776	6.77363e+02	1.77600e+03	3.77556e-02	6.78000e+02
1777	6.77848e+02	1.77700e+03	3.77277e-02	6.78500e+02
1778	6.78342e+02	1.77800e+03	3.77058e-02	6.79000e+02
1779	6.78841e+02	1.77900e+03	3.76886e-02	6.79500e+02
1780	6.79338e+02	1.78000e+03	3.76936e-02	6.80000e+02
1781	6.79825e+02	1.78100e+03	3.77006e-02	6.80500e+02
1782	6.80304e+02	1.78200e+03	3.77100e-02	6.81000e+02
1783	6.80800e+02	1.78300e+03	3.77197e-02	6.81500e+02
1784	6.81296e+02	1.78400e+03	3.77342e-02	6.82000e+02
1785	6.81780e+02	1.78500e+03	3.77241e-02	6.82500e+02
1786	6.82278e+02	1.78600e+03	3.76965e-02	6.83000e+02
1787	6.82777e+02	1.78700e+03	3.76578e-02	6.83500e+02
1788	6.83272e+02	1.78800e+03	3.75705e-02	6.84000e+02
1789	6.83758e+02	1.78900e+03	3.75080e-02	6.84500e+02
1790	6.84262e+02	1.79000e+03	3.74599e-02	6.85000e+02
1791	6.84753e+02	1.79100e+03	3.74218e-02	6.85500e+02
1792	6.85256e+02	1.79200e+03	3.74243e-02	6.86000e+02
1793	6.85744e+02	1.79300e+03	3.74514e-02	6.86500e+02
1794	6.86243e+02	1.79400e+03	3.75014e-02	6.87000e+02
1795	6.86427e+02	1.79500e+03	3.75658e-02	6.87500e+02
1796	6.86594e+02	1.79600e+03	3.77230e-02	6.88000e+02
1797	6.86868e+02	1.79700e+03	3.78378e-02	6.88500e+02
1798	6.87222e+02	1.79800e+03	3.79451e-02	6.89000e+02
1799	6.87577e+02	1.79900e+03	3.80506e-02	6.89500e+02
1800	6.87923e+02	1.80000e+03	3.81435e-02	6.90000e+02
1801	6.88266e+02	1.80100e+03	3.82168e-02	6.90500e+02
1802	6.88585e+02	1.80200e+03	3.82672e-02	6.91000e+02
1803	6.88898e+02	1.80300e+03	3.83013e-02	6.91500e+02
1804	6.89216e+02	1.80400e+03	3.82695e-02	6.92000e+02
1805	6.89520e+02	1.80500e+03	3.82486e-02	6.92500e+02
1806	6.89815e+02	1.80600e+03	3.82190e-02	6.93000e+02
1807	6.90087e+02	1.80700e+03	3.81817e-02	6.93500e+02
1808	6.90355e+02	1.80800e+03	3.81009e-02	6.94000e+02
1809	6.90629e+02	1.80900e+03	3.80466e-02	6.94500e+02
1810	6.90879e+02	1.81000e+03	3.80011e-02	6.95000e+02
1811	6.91131e+02	1.81100e+03	3.79595e-02	6.95500e+02
1812	6.91378e+02	1.81200e+03	3.79363e-02	6.96000e+02
1813	6.91612e+02	1.81300e+03	3.79146e-02	6.96500e+02
1814	6.91847e+02	1.81400e+03	3.78973e-02	6.97000e+02
1815	6.92063e+02	1.81500e+03	3.78821e-02	6.97500e+02
1816	6.92288e+02	1.81600e+03	3.78865e-02	6.98000e+02
1817	6.92493e+02	1.81700e+03	3.78779e-02	6.98500e+02
1818	6.92692e+02	1.81800e+03	3.78651e-02	6.99000e+02
1819	6.92894e+02	1.81900e+03	3.78516e-02	6.99500e+02
1820	6.93099e+02	1.82000e+03	3.78362e-02	7.00000e+02
