Index	Ts	t	Weight	Tr
[#]	[°C]	[s]	[mg]	[°C]
682	1.30269e+02	6.82000e+02	2.96349	131.0
683	1.30776e+02	6.83000e+02	2.96348	131.5
684	1.31283e+02	6.84000e+02	2.96347	132.0
685	1.31775e+02	6.85000e+02	2.96346	132.5
686	1.32271e+02	6.86000e+02	2.96345	133.0
687	1.32776e+02	6.87000e+02	2.96345	133.5
688	1.33277e+02	6.88000e+02	2.96344	134.0
689	1.33770e+02	6.89000e+02	2.96344	134.5
690	1.34269e+02	6.90000e+02	2.96343	135.0
691	1.34772e+02	6.91000e+02	2.96342	135.5
692	1.35277e+02	6.92000e+02	2.9634	136.0
693	1.35762e+02	6.93000e+02	2.96337	136.5
694	1.36268e+02	6.94000e+02	2.96334	137.0
695	1.36771e+02	6.95000e+02	2.96331	137.5
696	1.37268e+02	6.96000e+02	2.96327	138.0
697	1.37773e+02	6.97000e+02	2.96323	138.5
698	1.38267e+02	6.98000e+02	2.96319	139.0
699	1.38780e+02	6.99000e+02	2.96316	139.5
700	1.39288e+02	7.00000e+02	2.96312	140.0
701	1.39784e+02	7.01000e+02	2.96308	140.5
702	1.40289e+02	7.02000e+02	2.96305	141.0
703	1.40792e+02	7.03000e+02	2.96302	141.5
704	1.41292e+02	7.04000e+02	2.963	142.0
705	1.41794e+02	7.05000e+02	2.96297	142.5
706	1.42301e+02	7.06000e+02	2.96294	143.0
707	1.42795e+02	7.07000e+02	2.96292	143.5
708	1.43303e+02	7.08000e+02	2.9629	144.0
709	1.43806e+02	7.09000e+02	2.96287	144.5
710	1.44315e+02	7.10000e+02	2.96284	145.0
711	1.44819e+02	7.11000e+02	2.96281	145.5
712	1.45327e+02	7.12000e+02	2.96278	146.0
713	1.45821e+02	7.13000e+02	2.96274	146.5
714	1.46325e+02	7.14000e+02	2.9627	147.0
715	1.46824e+02	7.15000e+02	2.96267	147.5
716	1.47331e+02	7.16000e+02	2.96263	148.0
717	1.47833e+02	7.17000e+02	2.96259	148.5
718	1.48340e+02	7.18000e+02	2.96256	149.0
719	1.48838e+02	7.19000e+02	2.96253	149.5
720	1.49337e+02	7.20000e+02	2.96251	150.0
721	1.49841e+02	7.21000e+02	2.96249	150.5
722	1.50339e+02	7.22000e+02	2.96247	151.0
723	1.50842e+02	7.23000e+02	2.96245	151.5
724	1.51354e+02	7.24000e+02	2.96243	152.0
725	1.51847e+02	7.25000e+02	2.96241	152.5
726	1.52353e+02	7.26000e+02	2.96238	153.0
727	1.52858e+02	7.27000e+02	2.96235	153.5
728	1.53363e+02	7.28000e+02	2.9623	154.0
729	1.53860e+02	7.29000e+02	2.96227	154.5
730	1.54368e+02	7.30000e+02	2.96224	155.0
731	1.54876e+02	7.31000e+02	2.96221	155.5
732	1.55377e+02	7.32000e+02	2.96219	156.0
733	1.55876e+02	7.33000e+02	2.96217	156.5
734	1.56381e+02	7.34000e+02	2.96214	157.0
735	1.56891e+02	7.35000e+02	2.96211	157.5
736	1.57396e+02	7.36000e+02	2.96207	158.0
737	1.57911e+02	7.37000e+02	2.96203	158.5
738	1.58410e+02	7.38000e+02	2.96198	159.0
739	1.58920e+02	7.39000e+02	2.96193	159.5
740	1.59422e+02	7.40000e+02	2.96187	160.0
741	1.59928e+02	7.41000e+02	2.96181	160.5
742	1.60424e+02	7.42000e+02	2.96176	161.0
743	1.60923e+02	7.43000e+02	2.9617	161.5
744	1.61426e+02	7.44000e+02	2.96164	162.0
745	1.61942e+02	7.45000e+02	2.96158	162.5
746	1.62439e+02	7.46000e+02	2.96152	163.0
747	1.62939e+02	7.47000e+02	2.96147	163.5
748	1.63431e+02	7.48000e+02	2.96142	164.0
749	1.63947e+02	7.49000e+02	2.96138	164.5
750	1.64458e+02	7.50000e+02	2.96133	165.0
751	1.64947e+02	7.51000e+02	2.96128	165.5
752	1.65458e+02	7.52000e+02	2.96124	166.0
753	1.65959e+02	7.53000e+02	2.96119	166.5
754	1.66463e+02	7.54000e+02	2.96115	167.0
755	1.66980e+02	7.55000e+02	2.9611	167.5
756	1.67476e+02	7.56000e+02	2.96105	168.0
757	1.67987e+02	7.57000e+02	2.961	168.5
758	1.68499e+02	7.58000e+02	2.96095	169.0
759	1.68997e+02	7.59000e+02	2.9609	169.5
760	1.69505e+02	7.60000e+02	2.96085	170.0
761	1.70008e+02	7.61000e+02	2.9608	170.5
762	1.70513e+02	7.62000e+02	2.96074	171.0
763	1.71014e+02	7.63000e+02	2.96069	171.5
764	1.71529e+02	7.64000e+02	2.96064	172.0
765	1.72036e+02	7.65000e+02	2.96059	172.5
766	1.72543e+02	7.66000e+02	2.96053	173.0
767	1.73045e+02	7.67000e+02	2.96048	173.5
768	1.73556e+02	7.68000e+02	2.96043	174.0
769	1.74044e+02	7.69000e+02	2.96038	174.5
770	1.74561e+02	7.70000e+02	2.96034	175.0
771	1.75064e+02	7.71000e+02	2.96029	175.5
772	1.75563e+02	7.72000e+02	2.96025	176.0
773	1.76080e+02	7.73000e+02	2.96021	176.5
774	1.76583e+02	7.74000e+02	2.96016	177.0
775	1.77083e+02	7.75000e+02	2.96011	177.5
776	1.77594e+02	7.76000e+02	2.96004	178.0
777	1.78093e+02	7.77000e+02	2.95997	178.5
778	1.78609e+02	7.78000e+02	2.9599	179.0
779	1.79113e+02	7.79000e+02	2.95982	179.5
780	1.79621e+02	7.80000e+02	2.95972	180.0
781	1.80128e+02	7.81000e+02	2.95962	180.5
782	1.80630e+02	7.82000e+02	2.95952	181.0
783	1.81136e+02	7.83000e+02	2.95943	181.5
784	1.81643e+02	7.84000e+02	2.95932	182.0
785	1.82152e+02	7.85000e+02	2.95922	182.5
786	1.82654e+02	7.86000e+02	2.95911	183.0
787	1.83157e+02	7.87000e+02	2.95901	183.5
788	1.83664e+02	7.88000e+02	2.95891	184.0
789	1.84173e+02	7.89000e+02	2.95881	184.5
790	1.84678e+02	7.90000e+02	2.95871	185.0
791	1.85172e+02	7.91000e+02	2.9586	185.5
792	1.85692e+02	7.92000e+02	2.9585	186.0
793	1.86190e+02	7.93000e+02	2.95839	186.5
794	1.86713e+02	7.94000e+02	2.95829	187.0
795	1.87213e+02	7.95000e+02	2.95818	187.5
796	1.87720e+02	7.96000e+02	2.95806	188.0
797	1.88227e+02	7.97000e+02	2.95794	188.5
798	1.88726e+02	7.98000e+02	2.9578	189.0
799	1.89235e+02	7.99000e+02	2.95766	189.5
800	1.89735e+02	8.00000e+02	2.95748	190.0
801	1.90244e+02	8.01000e+02	2.95731	190.5
802	1.90749e+02	8.02000e+02	2.95714	191.0
803	1.91253e+02	8.03000e+02	2.95696	191.5
804	1.91767e+02	8.04000e+02	2.95675	192.0
805	1.92276e+02	8.05000e+02	2.95656	192.5
806	1.92785e+02	8.06000e+02	2.95637	193.0
807	1.93288e+02	8.07000e+02	2.95618	193.5
808	1.93789e+02	8.08000e+02	2.95598	194.0
809	1.94293e+02	8.09000e+02	2.95578	194.5
810	1.94796e+02	8.10000e+02	2.95557	195.0
811	1.95303e+02	8.11000e+02	2.95535	195.5
812	1.95818e+02	8.12000e+02	2.95512	196.0
813	1.96318e+02	8.13000e+02	2.95489	196.5
814	1.96813e+02	8.14000e+02	2.95465	197.0
815	1.97325e+02	8.15000e+02	2.9544	197.5
816	1.97819e+02	8.16000e+02	2.95414	198.0
817	1.98340e+02	8.17000e+02	2.95388	198.5
818	1.98850e+02	8.18000e+02	2.95362	199.0
819	1.99356e+02	8.19000e+02	2.95335	199.5
820	1.99853e+02	8.20000e+02	2.95309	200.0
821	2.00365e+02	8.21000e+02	2.95282	200.5
822	2.00860e+02	8.22000e+02	2.95256	201.0
823	2.01380e+02	8.23000e+02	2.95231	201.5
824	2.01876e+02	8.24000e+02	2.95205	202.0
825	2.02387e+02	8.25000e+02	2.95178	202.5
826	2.02897e+02	8.26000e+02	2.95151	203.0
827	2.03403e+02	8.27000e+02	2.95124	203.5
828	2.03900e+02	8.28000e+02	2.95094	204.0
829	2.04409e+02	8.29000e+02	2.95065	204.5
830	2.04913e+02	8.30000e+02	2.95035	205.0
831	2.05422e+02	8.31000e+02	2.95004	205.5
832	2.05924e+02	8.32000e+02	2.94971	206.0
833	2.06444e+02	8.33000e+02	2.94938	206.5
834	2.06949e+02	8.34000e+02	2.94905	207.0
835	2.07455e+02	8.35000e+02	2.94872	207.5
836	2.07965e+02	8.36000e+02	2.94837	208.0
837	2.08475e+02	8.37000e+02	2.94803	208.5
838	2.08984e+02	8.38000e+02	2.9477	209.0
839	2.09486e+02	8.39000e+02	2.94736	209.5
840	2.10002e+02	8.40000e+02	2.94703	210.0
841	2.10504e+02	8.41000e+02	2.94669	210.5
842	2.11012e+02	8.42000e+02	2.94636	211.0
843	2.11529e+02	8.43000e+02	2.94602	211.5
844	2.12038e+02	8.44000e+02	2.94567	212.0
845	2.12536e+02	8.45000e+02	2.94532	212.5
846	2.13042e+02	8.46000e+02	2.94497	213.0
847	2.13563e+02	8.47000e+02	2.94461	213.5
848	2.14073e+02	8.48000e+02	2.94423	214.0
849	2.14580e+02	8.49000e+02	2.94386	214.5
850	2.15086e+02	8.50000e+02	2.94348	215.0
851	2.15602e+02	8.51000e+02	2.9431	215.5
852	2.16106e+02	8.52000e+02	2.94272	216.0
853	2.16629e+02	8.53000e+02	2.94234	216.5
854	2.17128e+02	8.54000e+02	2.94196	217.0
855	2.17647e+02	8.55000e+02	2.94158	217.5
856	2.18154e+02	8.56000e+02	2.94121	218.0
857	2.18668e+02	8.57000e+02	2.94084	218.5
858	2.19166e+02	8.58000e+02	2.94047	219.0
859	2.19674e+02	8.59000e+02	2.94009	219.5
860	2.20185e+02	8.60000e+02	2.93972	220.0
861	2.20693e+02	8.61000e+02	2.93935	220.5
862	2.21194e+02	8.62000e+02	2.93897	221.0
863	2.21715e+02	8.63000e+02	2.93859	221.5
864	2.22225e+02	8.64000e+02	2.93821	222.0
865	2.22722e+02	8.65000e+02	2.93784	222.5
866	2.23227e+02	8.66000e+02	2.93746	223.0
867	2.23750e+02	8.67000e+02	2.93709	223.5
868	2.24259e+02	8.68000e+02	2.93672	224.0
869	2.24767e+02	8.69000e+02	2.93634	224.5
870	2.25266e+02	8.70000e+02	2.93597	225.0
871	2.25781e+02	8.71000e+02	2.93559	225.5
872	2.26286e+02	8.72000e+02	2.93522	226.0
873	2.26797e+02	8.73000e+02	2.93486	226.5
874	2.27299e+02	8.74000e+02	2.93449	227.0
875	2.27802e+02	8.75000e+02	2.93413	227.5
876	2.28310e+02	8.76000e+02	2.93377	228.0
877	2.28794e+02	8.77000e+02	2.93342	228.5
878	2.29288e+02	8.78000e+02	2.93306	229.0
879	2.29791e+02	8.79000e+02	2.9327	229.5
880	2.30285e+02	8.80000e+02	2.93233	230.0
881	2.30771e+02	8.81000e+02	2.93197	230.5
882	2.31267e+02	8.82000e+02	2.93159	231.0
883	2.31762e+02	8.83000e+02	2.93121	231.5
884	2.32280e+02	8.84000e+02	2.93082	232.0
885	2.32779e+02	8.85000e+02	2.93042	232.5
886	2.33268e+02	8.86000e+02	2.93003	233.0
887	2.33790e+02	8.87000e+02	2.92963	233.5
888	2.34282e+02	8.88000e+02	2.92923	234.0
889	2.34784e+02	8.89000e+02	2.92883	234.5
890	2.35296e+02	8.90000e+02	2.92844	235.0
891	2.35789e+02	8.91000e+02	2.92804	235.5
892	2.36304e+02	8.92000e+02	2.92763	236.0
893	2.36801e+02	8.93000e+02	2.92721	236.5
894	2.37309e+02	8.94000e+02	2.92677	237.0
895	2.37814e+02	8.95000e+02	2.92633	237.5
896	2.38327e+02	8.96000e+02	2.92585	238.0
897	2.38816e+02	8.97000e+02	2.92538	238.5
898	2.39325e+02	8.98000e+02	2.9249	239.0
899	2.39834e+02	8.99000e+02	2.92442	239.5
900	2.40339e+02	9.00000e+02	2.92393	240.0
901	2.40834e+02	9.01000e+02	2.92344	240.5
902	2.41340e+02	9.02000e+02	2.92296	241.0
903	2.41848e+02	9.03000e+02	2.92248	241.5
904	2.42367e+02	9.04000e+02	2.92202	242.0
905	2.42864e+02	9.05000e+02	2.92157	242.5
906	2.43354e+02	9.06000e+02	2.92111	243.0
907	2.43863e+02	9.07000e+02	2.92066	243.5
908	2.44383e+02	9.08000e+02	2.92023	244.0
909	2.44891e+02	9.09000e+02	2.91979	244.5
910	2.45397e+02	9.10000e+02	2.91935	245.0
911	2.45950e+02	9.11000e+02	2.9189	245.5
912	2.46472e+02	9.12000e+02	2.91845	246.0
913	2.46991e+02	9.13000e+02	2.918	246.5
914	2.47495e+02	9.14000e+02	2.91755	247.0
915	2.48003e+02	9.15000e+02	2.9171	247.5
916	2.48520e+02	9.16000e+02	2.91663	248.0
917	2.49055e+02	9.17000e+02	2.91617	248.5
918	2.49572e+02	9.18000e+02	2.91571	249.0
919	2.50089e+02	9.19000e+02	2.91524	249.5
920	2.50608e+02	9.20000e+02	2.91476	250.0
921	2.51109e+02	9.21000e+02	2.91428	250.5
922	2.51615e+02	9.22000e+02	2.91379	251.0
923	2.52115e+02	9.23000e+02	2.91331	251.5
924	2.52609e+02	9.24000e+02	2.9128	252.0
925	2.53117e+02	9.25000e+02	2.91231	252.5
926	2.53624e+02	9.26000e+02	2.91181	253.0
927	2.54136e+02	9.27000e+02	2.91132	253.5
928	2.54651e+02	9.28000e+02	2.91082	254.0
929	2.55172e+02	9.29000e+02	2.91033	254.5
930	2.55673e+02	9.30000e+02	2.90983	255.0
931	2.56184e+02	9.31000e+02	2.90933	255.5
932	2.56692e+02	9.32000e+02	2.90883	256.0
933	2.57196e+02	9.33000e+02	2.90832	256.5
934	2.57709e+02	9.34000e+02	2.90782	257.0
935	2.58217e+02	9.35000e+02	2.90731	257.5
936	2.58727e+02	9.36000e+02	2.90679	258.0
937	2.59238e+02	9.37000e+02	2.90628	258.5
938	2.59760e+02	9.38000e+02	2.90577	259.0
939	2.60290e+02	9.39000e+02	2.90527	259.5
940	2.60795e+02	9.40000e+02	2.90477	260.0
941	2.61308e+02	9.41000e+02	2.90428	260.5
942	2.61803e+02	9.42000e+02	2.90378	261.0
943	2.62319e+02	9.43000e+02	2.90329	261.5
944	2.62833e+02	9.44000e+02	2.9028	262.0
945	2.63322e+02	9.45000e+02	2.9023	262.5
946	2.63829e+02	9.46000e+02	2.90181	263.0
947	2.64335e+02	9.47000e+02	2.90131	263.5
948	2.64815e+02	9.48000e+02	2.90081	264.0
949	2.65322e+02	9.49000e+02	2.90031	264.5
950	2.65820e+02	9.50000e+02	2.89981	265.0
951	2.66322e+02	9.51000e+02	2.8993	265.5
952	2.66827e+02	9.52000e+02	2.89877	266.0
953	2.67330e+02	9.53000e+02	2.89823	266.5
954	2.67834e+02	9.54000e+02	2.89769	267.0
955	2.68325e+02	9.55000e+02	2.89714	267.5
956	2.68823e+02	9.56000e+02	2.89656	268.0
957	2.69326e+02	9.57000e+02	2.89599	268.5
958	2.69820e+02	9.58000e+02	2.89541	269.0
959	2.70320e+02	9.59000e+02	2.89483	269.5
960	2.70817e+02	9.60000e+02	2.89424	270.0
961	2.71319e+02	9.61000e+02	2.89366	270.5
962	2.71820e+02	9.62000e+02	2.89308	271.0
963	2.72320e+02	9.63000e+02	2.8925	271.5
964	2.72828e+02	9.64000e+02	2.89192	272.0
965	2.73348e+02	9.65000e+02	2.89135	272.5
966	2.73852e+02	9.66000e+02	2.89078	273.0
967	2.74371e+02	9.67000e+02	2.89021	273.5
968	2.74865e+02	9.68000e+02	2.88964	274.0
969	2.75372e+02	9.69000e+02	2.88907	274.5
970	2.75887e+02	9.70000e+02	2.8885	275.0
971	2.76386e+02	9.71000e+02	2.88793	275.5
972	2.76879e+02	9.72000e+02	2.88736	276.0
973	2.77382e+02	9.73000e+02	2.88678	276.5
974	2.77896e+02	9.74000e+02	2.88621	277.0
975	2.78410e+02	9.75000e+02	2.88563	277.5
976	2.78942e+02	9.76000e+02	2.88504	278.0
977	2.79462e+02	9.77000e+02	2.88445	278.5
978	2.79991e+02	9.78000e+02	2.88385	279.0
979	2.80523e+02	9.79000e+02	2.88325	279.5
980	2.81011e+02	9.80000e+02	2.88263	280.0
981	2.81530e+02	9.81000e+02	2.88202	280.5
982	2.82032e+02	9.82000e+02	2.8814	281.0
983	2.82520e+02	9.83000e+02	2.88077	281.5
984	2.83031e+02	9.84000e+02	2.88009	282.0
985	2.83560e+02	9.85000e+02	2.87938	282.5
986	2.84068e+02	9.86000e+02	2.87864	283.0
987	2.84587e+02	9.87000e+02	2.87788	283.5
988	2.85097e+02	9.88000e+02	2.87701	284.0
989	2.85608e+02	9.89000e+02	2.87617	284.5
990	2.86129e+02	9.90000e+02	2.87533	285.0
991	2.86665e+02	9.91000e+02	2.87448	285.5
992	2.87179e+02	9.92000e+02	2.8736	286.0
993	2.87712e+02	9.93000e+02	2.87274	286.5
994	2.88268e+02	9.94000e+02	2.8719	287.0
995	2.88779e+02	9.95000e+02	2.87106	287.5
996	2.89290e+02	9.96000e+02	2.87024	288.0
997	2.89817e+02	9.97000e+02	2.86941	288.5
998	2.90322e+02	9.98000e+02	2.86857	289.0
999	2.90838e+02	9.99000e+02	2.86774	289.5
1000	2.91357e+02	1.00000e+03	2.8669	290.0
1001	2.91878e+02	1.00100e+03	2.86607	290.5
1002	2.92384e+02	1.00200e+03	2.86523	291.0
1003	2.92894e+02	1.00300e+03	2.86439	291.5
1004	2.93411e+02	1.00400e+03	2.86354	292.0
1005	2.93903e+02	1.00500e+03	2.86269	292.5
1006	2.94411e+02	1.00600e+03	2.86185	293.0
1007	2.94914e+02	1.00700e+03	2.861	293.5
1008	2.95429e+02	1.00800e+03	2.86013	294.0
1009	2.95955e+02	1.00900e+03	2.85927	294.5
1010	2.96467e+02	1.01000e+03	2.85839	295.0
1011	2.96961e+02	1.01100e+03	2.8575	295.5
1012	2.97452e+02	1.01200e+03	2.85657	296.0
1013	2.97954e+02	1.01300e+03	2.85564	296.5
1014	2.98450e+02	1.01400e+03	2.8547	297.0
1015	2.98944e+02	1.01500e+03	2.85374	297.5
1016	2.99430e+02	1.01600e+03	2.85273	298.0
1017	2.99923e+02	1.01700e+03	2.85173	298.5
1018	3.00430e+02	1.01800e+03	2.85071	299.0
1019	3.00932e+02	1.01900e+03	2.84969	299.5
1020	3.01445e+02	1.02000e+03	2.8486	300.0
1021	3.01945e+02	1.02100e+03	2.84751	300.5
1022	3.02445e+02	1.02200e+03	2.84641	301.0
1023	3.02960e+02	1.02300e+03	2.84529	301.5
1024	3.03473e+02	1.02400e+03	2.84411	302.0
1025	3.03975e+02	1.02500e+03	2.84293	302.5
1026	3.04474e+02	1.02600e+03	2.84175	303.0
1027	3.04985e+02	1.02700e+03	2.84055	303.5
1028	3.05484e+02	1.02800e+03	2.8393	304.0
1029	3.05991e+02	1.02900e+03	2.83806	304.5
1030	3.06509e+02	1.03000e+03	2.83681	305.0
1031	3.07013e+02	1.03100e+03	2.83555	305.5
1032	3.07539e+02	1.03200e+03	2.83426	306.0
1033	3.08076e+02	1.03300e+03	2.83297	306.5
1034	3.08590e+02	1.03400e+03	2.83168	307.0
1035	3.09111e+02	1.03500e+03	2.83037	307.5
1036	3.09615e+02	1.03600e+03	2.82903	308.0
1037	3.10132e+02	1.03700e+03	2.82769	308.5
1038	3.10644e+02	1.03800e+03	2.82633	309.0
1039	3.11148e+02	1.03900e+03	2.82495	309.5
1040	3.11675e+02	1.04000e+03	2.82352	310.0
1041	3.12205e+02	1.04100e+03	2.82209	310.5
1042	3.12713e+02	1.04200e+03	2.82064	311.0
1043	3.13226e+02	1.04300e+03	2.81918	311.5
1044	3.13730e+02	1.04400e+03	2.81766	312.0
1045	3.14236e+02	1.04500e+03	2.81615	312.5
1046	3.14755e+02	1.04600e+03	2.81464	313.0
1047	3.15249e+02	1.04700e+03	2.81313	313.5
1048	3.15759e+02	1.04800e+03	2.81158	314.0
1049	3.16266e+02	1.04900e+03	2.81004	314.5
1050	3.16756e+02	1.05000e+03	2.80849	315.0
1051	3.17261e+02	1.05100e+03	2.80693	315.5
1052	3.17766e+02	1.05200e+03	2.80535	316.0
1053	3.18271e+02	1.05300e+03	2.80376	316.5
1054	3.18778e+02	1.05400e+03	2.80217	317.0
1055	3.19281e+02	1.05500e+03	2.80057	317.5
1056	3.19785e+02	1.05600e+03	2.79894	318.0
1057	3.20290e+02	1.05700e+03	2.79731	318.5
1058	3.20799e+02	1.05800e+03	2.79567	319.0
1059	3.21294e+02	1.05900e+03	2.79403	319.5
1060	3.21802e+02	1.06000e+03	2.79236	320.0
1061	3.22321e+02	1.06100e+03	2.7907	320.5
1062	3.22826e+02	1.06200e+03	2.78904	321.0
1063	3.23333e+02	1.06300e+03	2.78737	321.5
1064	3.23843e+02	1.06400e+03	2.78569	322.0
1065	3.24354e+02	1.06500e+03	2.784	322.5
1066	3.24853e+02	1.06600e+03	2.7823	323.0
1067	3.25352e+02	1.06700e+03	2.7806	323.5
1068	3.25860e+02	1.06800e+03	2.77886	324.0
1069	3.26372e+02	1.06900e+03	2.77713	324.5
1070	3.26868e+02	1.07000e+03	2.7754	325.0
1071	3.27372e+02	1.07100e+03	2.77365	325.5
1072	3.27879e+02	1.07200e+03	2.77188	326.0
1073	3.28389e+02	1.07300e+03	2.77012	326.5
1074	3.28902e+02	1.07400e+03	2.76836	327.0
1075	3.29418e+02	1.07500e+03	2.76659	327.5
1076	3.29928e+02	1.07600e+03	2.7648	328.0
1077	3.30437e+02	1.07700e+03	2.763	328.5
1078	3.30936e+02	1.07800e+03	2.76119	329.0
1079	3.31422e+02	1.07900e+03	2.75936	329.5
1080	3.31946e+02	1.08000e+03	2.75746	330.0
1081	3.32441e+02	1.08100e+03	2.75555	330.5
1082	3.32935e+02	1.08200e+03	2.7536	331.0
1083	3.33456e+02	1.08300e+03	2.75162	331.5
1084	3.33974e+02	1.08400e+03	2.7495	332.0
1085	3.34493e+02	1.08500e+03	2.74739	332.5
1086	3.35049e+02	1.08600e+03	2.74524	333.0
1087	3.35582e+02	1.08700e+03	2.74306	333.5
1088	3.36103e+02	1.08800e+03	2.74072	334.0
1089	3.36610e+02	1.08900e+03	2.73842	334.5
1090	3.37103e+02	1.09000e+03	2.73609	335.0
1091	3.37622e+02	1.09100e+03	2.73373	335.5
1092	3.38112e+02	1.09200e+03	2.73124	336.0
1093	3.38606e+02	1.09300e+03	2.72876	336.5
1094	3.39125e+02	1.09400e+03	2.72624	337.0
1095	3.39655e+02	1.09500e+03	2.7237	337.5
1096	3.40162e+02	1.09600e+03	2.721	338.0
1097	3.40692e+02	1.09700e+03	2.71831	338.5
1098	3.41242e+02	1.09800e+03	2.71558	339.0
1099	3.41808e+02	1.09900e+03	2.71281	339.5
1100	3.42327e+02	1.10000e+03	2.70983	340.0
1101	3.42875e+02	1.10100e+03	2.70687	340.5
1102	3.43418e+02	1.10200e+03	2.70384	341.0
1103	3.43973e+02	1.10300e+03	2.70076	341.5
1104	3.44474e+02	1.10400e+03	2.69743	342.0
1105	3.44987e+02	1.10500e+03	2.69411	342.5
1106	3.45488e+02	1.10600e+03	2.69073	343.0
1107	3.45994e+02	1.10700e+03	2.68728	343.5
1108	3.46491e+02	1.10800e+03	2.68352	344.0
1109	3.46988e+02	1.10900e+03	2.67979	344.5
1110	3.47471e+02	1.11000e+03	2.67597	345.0
1111	3.47936e+02	1.11100e+03	2.67209	345.5
1112	3.48414e+02	1.11200e+03	2.66784	346.0
1113	3.48895e+02	1.11300e+03	2.66363	346.5
1114	3.49374e+02	1.11400e+03	2.65934	347.0
1115	3.49861e+02	1.11500e+03	2.65497	347.5
1116	3.50346e+02	1.11600e+03	2.65019	348.0
1117	3.50820e+02	1.11700e+03	2.64544	348.5
1118	3.51294e+02	1.11800e+03	2.64057	349.0
1119	3.51774e+02	1.11900e+03	2.6356	349.5
1120	3.52235e+02	1.12000e+03	2.6301	350.0
1121	3.52700e+02	1.12100e+03	2.62462	350.5
1122	3.53191e+02	1.12200e+03	2.61898	351.0
1123	3.53660e+02	1.12300e+03	2.6132	351.5
1124	3.54142e+02	1.12400e+03	2.60672	352.0
1125	3.54624e+02	1.12500e+03	2.60031	352.5
1126	3.55113e+02	1.12600e+03	2.59373	353.0
1127	3.55596e+02	1.12700e+03	2.58701	353.5
1128	3.56069e+02	1.12800e+03	2.57952	354.0
1129	3.56555e+02	1.12900e+03	2.57214	354.5
1130	3.57053e+02	1.13000e+03	2.56462	355.0
1131	3.57552e+02	1.13100e+03	2.55695	355.5
1132	3.58049e+02	1.13200e+03	2.54855	356.0
1133	3.58543e+02	1.13300e+03	2.54025	356.5
1134	3.59039e+02	1.13400e+03	2.53178	357.0
1135	3.59528e+02	1.13500e+03	2.52314	357.5
1136	3.60023e+02	1.13600e+03	2.51366	358.0
1137	3.60514e+02	1.13700e+03	2.50418	358.5
1138	3.60996e+02	1.13800e+03	2.49444	359.0
1139	3.61511e+02	1.13900e+03	2.48446	359.5
1140	3.62018e+02	1.14000e+03	2.47335	360.0
1141	3.62496e+02	1.14100e+03	2.46237	360.5
1142	3.63000e+02	1.14200e+03	2.45114	361.0
1143	3.63481e+02	1.14300e+03	2.4397	361.5
1144	3.63959e+02	1.14400e+03	2.42709	362.0
1145	3.64427e+02	1.14500e+03	2.41467	362.5
1146	3.64911e+02	1.14600e+03	2.40203	363.0
1147	3.65404e+02	1.14700e+03	2.38918	363.5
1148	3.65878e+02	1.14800e+03	2.37528	364.0
1149	3.66354e+02	1.14900e+03	2.36152	364.5
1150	3.66857e+02	1.15000e+03	2.34754	365.0
1151	3.67338e+02	1.15100e+03	2.33335	365.5
1152	3.67834e+02	1.15200e+03	2.31809	366.0
1153	3.68336e+02	1.15300e+03	2.30297	366.5
1154	3.68862e+02	1.15400e+03	2.28759	367.0
1155	3.69354e+02	1.15500e+03	2.27198	367.5
1156	3.69846e+02	1.15600e+03	2.25523	368.0
1157	3.70381e+02	1.15700e+03	2.23861	368.5
1158	3.70929e+02	1.15800e+03	2.22172	369.0
1159	3.71456e+02	1.15900e+03	2.2046	369.5
1160	3.71971e+02	1.16000e+03	2.18627	370.0
1161	3.72452e+02	1.16100e+03	2.16811	370.5
1162	3.72943e+02	1.16200e+03	2.1497	371.0
1163	3.73415e+02	1.16300e+03	2.13105	371.5
1164	3.73901e+02	1.16400e+03	2.11125	372.0
1165	3.74398e+02	1.16500e+03	2.09162	372.5
1166	3.74878e+02	1.16600e+03	2.07177	373.0
1167	3.75358e+02	1.16700e+03	2.05171	373.5
1168	3.75827e+02	1.16800e+03	2.03056	374.0
1169	3.76319e+02	1.16900e+03	2.00956	374.5
1170	3.76814e+02	1.17000e+03	1.98833	375.0
1171	3.77317e+02	1.17100e+03	1.96689	375.5
1172	3.77833e+02	1.17200e+03	1.94437	376.0
1173	3.78344e+02	1.17300e+03	1.92201	376.5
1174	3.78848e+02	1.17400e+03	1.89944	377.0
1175	3.79360e+02	1.17500e+03	1.87668	377.5
1176	3.79858e+02	1.17600e+03	1.85292	378.0
1177	3.80350e+02	1.17700e+03	1.82933	378.5
1178	3.80853e+02	1.17800e+03	1.8056	379.0
1179	3.81353e+02	1.17900e+03	1.78173	379.5
1180	3.81841e+02	1.18000e+03	1.75707	380.0
1181	3.82328e+02	1.18100e+03	1.73259	380.5
1182	3.82824e+02	1.18200e+03	1.70803	381.0
1183	3.83309e+02	1.18300e+03	1.68337	381.5
1184	3.83806e+02	1.18400e+03	1.65822	382.0
1185	3.84305e+02	1.18500e+03	1.63321	382.5
1186	3.84807e+02	1.18600e+03	1.60815	383.0
1187	3.85315e+02	1.18700e+03	1.58304	383.5
1188	3.85815e+02	1.18800e+03	1.55768	384.0
1189	3.86324e+02	1.18900e+03	1.53237	384.5
1190	3.86796e+02	1.19000e+03	1.50703	385.0
1191	3.87293e+02	1.19100e+03	1.48165	385.5
1192	3.87777e+02	1.19200e+03	1.45611	386.0
1193	3.88264e+02	1.19300e+03	1.4306	386.5
1194	3.88727e+02	1.19400e+03	1.40506	387.0
1195	3.89203e+02	1.19500e+03	1.37949	387.5
1196	3.89682e+02	1.19600e+03	1.35377	388.0
1197	3.90161e+02	1.19700e+03	1.3281	388.5
1198	3.90633e+02	1.19800e+03	1.30242	389.0
1199	3.91105e+02	1.19900e+03	1.27673	389.5
1200	3.91580e+02	1.20000e+03	1.25102	390.0
1201	3.92027e+02	1.20100e+03	1.22537	390.5
1202	3.92512e+02	1.20200e+03	1.19977	391.0
1203	3.92979e+02	1.20300e+03	1.17419	391.5
1204	3.93454e+02	1.20400e+03	1.14872	392.0
1205	3.93959e+02	1.20500e+03	1.12319	392.5
1206	3.94435e+02	1.20600e+03	1.09763	393.0
1207	3.94924e+02	1.20700e+03	1.07205	393.5
1208	3.95414e+02	1.20800e+03	1.04644	394.0
1209	3.95903e+02	1.20900e+03	1.02082	394.5
1210	3.96383e+02	1.21000e+03	0.995216	395.0
1211	3.96889e+02	1.21100e+03	0.969638	395.5
1212	3.97398e+02	1.21200e+03	0.9441	396.0
1213	3.97905e+02	1.21300e+03	0.918674	396.5
1214	3.98415e+02	1.21400e+03	0.893355	397.0
1215	3.98940e+02	1.21500e+03	0.868112	397.5
1216	3.99472e+02	1.21600e+03	0.84329	398.0
1217	3.99990e+02	1.21700e+03	0.818491	398.5
1218	4.00517e+02	1.21800e+03	0.79385	399.0
1219	4.01058e+02	1.21900e+03	0.769338	399.5
1220	4.01564e+02	1.22000e+03	0.745469	400.0
1221	4.02076e+02	1.22100e+03	0.721528	400.5
1222	4.02616e+02	1.22200e+03	0.697723	401.0
1223	4.03164e+02	1.22300e+03	0.674036	401.5
1224	4.03714e+02	1.22400e+03	0.651006	402.0
1225	4.04252e+02	1.22500e+03	0.627875	402.5
1226	4.04787e+02	1.22600e+03	0.604914	403.0
1227	4.05309e+02	1.22700e+03	0.582115	403.5
1228	4.05816e+02	1.22800e+03	0.560083	404.0
1229	4.06293e+02	1.22900e+03	0.538099	404.5
1230	4.06844e+02	1.23000e+03	0.516418	405.0
1231	4.07381e+02	1.23100e+03	0.494992	405.5
1232	4.07923e+02	1.23200e+03	0.474835	406.0
1233	4.08429e+02	1.23300e+03	0.454594	406.5
1234	4.08934e+02	1.23400e+03	0.434694	407.0
1235	4.09457e+02	1.23500e+03	0.415101	407.5
1236	4.09990e+02	1.23600e+03	0.397083	408.0
1237	4.10517e+02	1.23700e+03	0.378904	408.5
1238	4.10976e+02	1.23800e+03	0.361101	409.0
1239	4.11464e+02	1.23900e+03	0.343634	409.5
1240	4.11938e+02	1.24000e+03	0.327898	410.0
1241	4.12427e+02	1.24100e+03	0.311951	410.5
1242	4.12937e+02	1.24200e+03	0.296384	411.0
1243	4.13505e+02	1.24300e+03	0.281168	411.5
1244	4.13996e+02	1.24400e+03	0.26775	412.0
1245	4.14502e+02	1.24500e+03	0.254098	412.5
1246	4.15023e+02	1.24600e+03	0.240826	413.0
1247	4.15565e+02	1.24700e+03	0.227904	413.5
1248	4.16107e+02	1.24800e+03	0.216766	414.0
1249	4.16635e+02	1.24900e+03	0.205362	414.5
1250	4.17173e+02	1.25000e+03	0.194298	415.0
1251	4.17680e+02	1.25100e+03	0.183556	415.5
1252	4.18238e+02	1.25200e+03	0.174476	416.0
1253	4.18749e+02	1.25300e+03	0.165127	416.5
1254	4.19259e+02	1.25400e+03	0.156077	417.0
1255	4.19805e+02	1.25500e+03	0.147311	417.5
1256	4.20307e+02	1.25600e+03	0.140019	418.0
1257	4.20800e+02	1.25700e+03	0.132474	418.5
1258	4.21311e+02	1.25800e+03	0.125184	419.0
1259	4.21856e+02	1.25900e+03	0.118137	419.5
1260	4.22367e+02	1.26000e+03	0.112352	420.0
1261	4.22893e+02	1.26100e+03	0.106344	420.5
1262	4.23413e+02	1.26200e+03	0.100547	421.0
1263	4.23934e+02	1.26300e+03	0.0949536	421.5
1264	4.24447e+02	1.26400e+03	0.090413	422.0
1265	4.24971e+02	1.26500e+03	0.0856796	422.5
1266	4.25498e+02	1.26600e+03	0.0811151	423.0
1267	4.25990e+02	1.26700e+03	0.0767162	423.5
1268	4.26518e+02	1.26800e+03	0.0731705	424.0
1269	4.27053e+02	1.26900e+03	0.0694593	424.5
1270	4.27590e+02	1.27000e+03	0.0658759	425.0
1271	4.28125e+02	1.27100e+03	0.0624213	425.5
1272	4.28659e+02	1.27200e+03	0.0596323	426.0
1273	4.29178e+02	1.27300e+03	0.0567117	426.5
1274	4.29736e+02	1.27400e+03	0.0538905	427.0
1275	4.30236e+02	1.27500e+03	0.0511697	427.5
1276	4.30771e+02	1.27600e+03	0.0489604	428.0
1277	4.31308e+02	1.27700e+03	0.0466508	428.5
1278	4.31804e+02	1.27800e+03	0.0444194	429.0
1279	4.32336e+02	1.27900e+03	0.0422662	429.5
1280	4.32850e+02	1.28000e+03	0.0405173	430.0
1281	4.33399e+02	1.28100e+03	0.038695	430.5
1282	4.33952e+02	1.28200e+03	0.0369359	431.0
1283	4.34451e+02	1.28300e+03	0.0352375	431.5
1284	4.35002e+02	1.28400e+03	0.0338548	432.0
1285	4.35546e+02	1.28500e+03	0.0324025	432.5
1286	4.36089e+02	1.28600e+03	0.0309908	433.0
1287	4.36657e+02	1.28700e+03	0.0296222	433.5
1288	4.37156e+02	1.28800e+03	0.0284789	434.0
1289	4.37697e+02	1.28900e+03	0.0272926	434.5
1290	4.38208e+02	1.29000e+03	0.0261415	435.0
1291	4.38741e+02	1.29100e+03	0.0250248	435.5
1292	4.39269e+02	1.29200e+03	0.0240818	436.0
1293	4.39747e+02	1.29300e+03	0.0231048	436.5
1294	4.40233e+02	1.29400e+03	0.0221545	437.0
1295	4.40743e+02	1.29500e+03	0.0212314	437.5
1296	4.41230e+02	1.29600e+03	0.0204477	438.0
1297	4.41705e+02	1.29700e+03	0.019639	438.5
1298	4.42200e+02	1.29800e+03	0.0188539	439.0
1299	4.42706e+02	1.29900e+03	0.0180917	439.5
1300	4.43198e+02	1.30000e+03	0.0174439	440.0
1301	4.43696e+02	1.30100e+03	0.0167749	440.5
1302	4.44206e+02	1.30200e+03	0.0161256	441.0
1303	4.44693e+02	1.30300e+03	0.0154958	441.5
1304	4.45204e+02	1.30400e+03	0.0149647	442.0
1305	4.45703e+02	1.30500e+03	0.0144161	442.5
1306	4.46202e+02	1.30600e+03	0.0138817	443.0
1307	4.46696e+02	1.30700e+03	0.0133617	443.5
1308	4.47190e+02	1.30800e+03	0.0129201	444.0
1309	4.47675e+02	1.30900e+03	0.0124585	444.5
1310	4.48162e+02	1.31000e+03	0.0120071	445.0
1311	4.48632e+02	1.31100e+03	0.0115681	445.5
1312	4.49130e+02	1.31200e+03	0.0111862	446.0
1313	4.49629e+02	1.31300e+03	0.0107976	446.5
1314	4.50134e+02	1.31400e+03	0.0104194	447.0
1315	4.50647e+02	1.31500e+03	0.010051	447.5
1316	4.51175e+02	1.31600e+03	0.00973538	448.0
1317	4.51670e+02	1.31700e+03	0.00940656	448.5
1318	4.52161e+02	1.31800e+03	0.0090844	449.0
1319	4.52681e+02	1.31900e+03	0.00876973	449.5
1320	4.53187e+02	1.32000e+03	0.00849725	450.0
1321	4.53696e+02	1.32100e+03	0.00822554	450.5
1322	4.54186e+02	1.32200e+03	0.00796583	451.0
1323	4.54680e+02	1.32300e+03	0.00771615	451.5
1324	4.55192e+02	1.32400e+03	0.00752393	452.0
1325	4.55694e+02	1.32500e+03	0.00732375	452.5
1326	4.56205e+02	1.32600e+03	0.00713311	453.0
1327	4.56707e+02	1.32700e+03	0.0069517	453.5
1328	4.57205e+02	1.32800e+03	0.00682461	454.0
1329	4.57700e+02	1.32900e+03	0.00668853	454.5
1330	4.58254e+02	1.33000e+03	0.00656078	455.0
1331	4.58836e+02	1.33100e+03	0.00644076	455.5
1332	4.59407e+02	1.33200e+03	0.00636257	456.0
1333	4.59952e+02	1.33300e+03	0.00627426	456.5
1334	4.60494e+02	1.33400e+03	0.00619017	457.0
1335	4.61009e+02	1.33500e+03	0.00611091	457.5
1336	4.61523e+02	1.33600e+03	0.00605709	458.0
1337	4.62001e+02	1.33700e+03	0.00599613	458.5
1338	4.62470e+02	1.33800e+03	0.0059367	459.0
1339	4.62949e+02	1.33900e+03	0.00587864	459.5
1340	4.63444e+02	1.34000e+03	0.00582499	460.0
1341	4.63939e+02	1.34100e+03	0.00576402	460.5
1342	4.64423e+02	1.34200e+03	0.00569921	461.0
1343	4.64947e+02	1.34300e+03	0.00563245	461.5
1344	4.65460e+02	1.34400e+03	0.00555771	462.0
1345	4.66009e+02	1.34500e+03	0.00548944	462.5
1346	4.66437e+02	1.34600e+03	0.00542554	463.0
1347	4.66809e+02	1.34700e+03	0.00536448	463.5
1348	4.67188e+02	1.34800e+03	0.00531535	464.0
1349	4.67632e+02	1.34900e+03	0.00526846	464.5
1350	4.68108e+02	1.35000e+03	0.00522512	465.0
1351	4.68569e+02	1.35100e+03	0.00518453	465.5
1352	4.69009e+02	1.35200e+03	0.00515859	466.0
1353	4.69464e+02	1.35300e+03	0.00512202	466.5
1354	4.69956e+02	1.35400e+03	0.00508084	467.0
1355	4.70445e+02	1.35500e+03	0.00503713	467.5
1356	4.70898e+02	1.35600e+03	0.00498023	468.0
1357	4.71380e+02	1.35700e+03	0.00492393	468.5
1358	4.71857e+02	1.35800e+03	0.00486653	469.0
1359	4.72347e+02	1.35900e+03	0.00480878	469.5
1360	4.72846e+02	1.36000e+03	0.00474966	470.0
1361	4.73334e+02	1.36100e+03	0.00470335	470.5
1362	4.73831e+02	1.36200e+03	0.00466566	471.0
1363	4.74321e+02	1.36300e+03	0.00463302	471.5
1364	4.74821e+02	1.36400e+03	0.00463504	472.0
1365	4.75306e+02	1.36500e+03	0.00463181	472.5
1366	4.75777e+02	1.36600e+03	0.00463093	473.0
1367	4.76271e+02	1.36700e+03	0.00463216	473.5
1368	4.76771e+02	1.36800e+03	0.00464979	474.0
1369	4.77288e+02	1.36900e+03	0.00465374	474.5
1370	4.77761e+02	1.37000e+03	0.00465194	475.0
1371	4.78251e+02	1.37100e+03	0.00464679	475.5
1372	4.78733e+02	1.37200e+03	0.00462108	476.0
1373	4.79202e+02	1.37300e+03	0.00459708	476.5
1374	4.79687e+02	1.37400e+03	0.00457085	477.0
1375	4.80152e+02	1.37500e+03	0.00454295	477.5
1376	4.80623e+02	1.37600e+03	0.00450066	478.0
1377	4.81089e+02	1.37700e+03	0.00446906	478.5
1378	4.81586e+02	1.37800e+03	0.0044435	479.0
1379	4.82066e+02	1.37900e+03	0.00442137	479.5
1380	4.82582e+02	1.38000e+03	0.00441219	480.0
1381	4.83068e+02	1.38100e+03	0.0044016	480.5
1382	4.83544e+02	1.38200e+03	0.00439166	481.0
1383	4.84025e+02	1.38300e+03	0.00438227	481.5
1384	4.84551e+02	1.38400e+03	0.00438007	482.0
1385	4.85032e+02	1.38500e+03	0.00436858	482.5
1386	4.85540e+02	1.38600e+03	0.0043523	483.0
1387	4.86038e+02	1.38700e+03	0.00433335	483.5
1388	4.86526e+02	1.38800e+03	0.00429643	484.0
1389	4.87014e+02	1.38900e+03	0.00426124	484.5
1390	4.87494e+02	1.39000e+03	0.00422341	485.0
1391	4.87998e+02	1.39100e+03	0.00418399	485.5
1392	4.88519e+02	1.39200e+03	0.00413448	486.0
1393	4.88914e+02	1.39300e+03	0.00409385	486.5
1394	4.89336e+02	1.39400e+03	0.00405707	487.0
1395	4.89773e+02	1.39500e+03	0.00402242	487.5
1396	4.90247e+02	1.39600e+03	0.00399864	488.0
1397	4.90746e+02	1.39700e+03	0.00397206	488.5
1398	4.91264e+02	1.39800e+03	0.0039451	489.0
1399	4.91716e+02	1.39900e+03	0.00391836	489.5
1400	4.92180e+02	1.40000e+03	0.00389671	490.0
1401	4.92627e+02	1.40100e+03	0.00387095	490.5
1402	4.93112e+02	1.40200e+03	0.00384587	491.0
1403	4.93581e+02	1.40300e+03	0.00382226	491.5
1404	4.93998e+02	1.40400e+03	0.00380043	492.0
1405	4.94433e+02	1.40500e+03	0.00378293	492.5
1406	4.94877e+02	1.40600e+03	0.00376833	493.0
1407	4.95357e+02	1.40700e+03	0.00375562	493.5
1408	4.95831e+02	1.40800e+03	0.00375512	494.0
1409	4.96286e+02	1.40900e+03	0.00374883	494.5
1410	4.96749e+02	1.41000e+03	0.00374054	495.0
1411	4.97218e+02	1.41100e+03	0.00373131	495.5
1412	4.97710e+02	1.41200e+03	0.00372433	496.0
1413	4.98186e+02	1.41300e+03	0.00371814	496.5
1414	4.98659e+02	1.41400e+03	0.00371285	497.0
1415	4.99140e+02	1.41500e+03	0.00370801	497.5
1416	4.99630e+02	1.41600e+03	0.00370837	498.0
1417	5.00100e+02	1.41700e+03	0.00371102	498.5
1418	5.00602e+02	1.41800e+03	0.00371601	499.0
1419	5.01079e+02	1.41900e+03	0.00372256	499.5
1420	5.01569e+02	1.42000e+03	0.00373623	500.0
1421	5.02085e+02	1.42100e+03	0.00374432	500.5
1422	5.02612e+02	1.42200e+03	0.00374972	501.0
1423	5.03132e+02	1.42300e+03	0.00375358	501.5
1424	5.03642e+02	1.42400e+03	0.00374874	502.0
1425	5.04128e+02	1.42500e+03	0.0037421	502.5
1426	5.04583e+02	1.42600e+03	0.00373285	503.0
1427	5.05063e+02	1.42700e+03	0.00372172	503.5
1428	5.05644e+02	1.42800e+03	0.00369511	504.0
1429	5.06051e+02	1.42900e+03	0.00367214	504.5
1430	5.06478e+02	1.43000e+03	0.00364801	505.0
1431	5.06940e+02	1.43100e+03	0.0036224	505.5
1432	5.07385e+02	1.43200e+03	0.00358684	506.0
1433	5.07857e+02	1.43300e+03	0.00355251	506.5
1434	5.08336e+02	1.43400e+03	0.00351672	507.0
1435	5.08794e+02	1.43500e+03	0.00347972	507.5
1436	5.09252e+02	1.43600e+03	0.0034379	508.0
1437	5.09699e+02	1.43700e+03	0.0034025	508.5
1438	5.10150e+02	1.43800e+03	0.0033732	509.0
1439	5.10604e+02	1.43900e+03	0.00334825	509.5
1440	5.11065e+02	1.44000e+03	0.0033399	510.0
1441	5.11527e+02	1.44100e+03	0.00333224	510.5
1442	5.11992e+02	1.44200e+03	0.00332749	511.0
1443	5.12449e+02	1.44300e+03	0.00332518	511.5
1444	5.12911e+02	1.44400e+03	0.00334196	512.0
1445	5.13368e+02	1.44500e+03	0.00334701	512.5
1446	5.13840e+02	1.44600e+03	0.00334817	513.0
1447	5.14315e+02	1.44700e+03	0.00334815	513.5
1448	5.14782e+02	1.44800e+03	0.00334002	514.0
1449	5.15258e+02	1.44900e+03	0.00333066	514.5
1450	5.15720e+02	1.45000e+03	0.00331844	515.0
1451	5.16175e+02	1.45100e+03	0.00330502	515.5
1452	5.16648e+02	1.45200e+03	0.00328473	516.0
1453	5.17123e+02	1.45300e+03	0.00327078	516.5
1454	5.17581e+02	1.45400e+03	0.00326093	517.0
1455	5.18044e+02	1.45500e+03	0.00325359	517.5
1456	5.18525e+02	1.45600e+03	0.00325839	518.0
1457	5.18997e+02	1.45700e+03	0.00326315	518.5
1458	5.19469e+02	1.45800e+03	0.00326851	519.0
1459	5.19953e+02	1.45900e+03	0.00327384	519.5
1460	5.20437e+02	1.46000e+03	0.00328646	520.0
1461	5.20924e+02	1.46100e+03	0.0032924	520.5
1462	5.21395e+02	1.46200e+03	0.00329769	521.0
1463	5.21876e+02	1.46300e+03	0.00330347	521.5
1464	5.22372e+02	1.46400e+03	0.00330498	522.0
1465	5.22859e+02	1.46500e+03	0.00331069	522.5
1466	5.23356e+02	1.46600e+03	0.00331535	523.0
1467	5.23845e+02	1.46700e+03	0.00331801	523.5
1468	5.24307e+02	1.46800e+03	0.0033167	524.0
1469	5.24800e+02	1.46900e+03	0.00331007	524.5
1470	5.25294e+02	1.47000e+03	0.00330165	525.0
1471	5.25772e+02	1.47100e+03	0.00329259	525.5
1472	5.26255e+02	1.47200e+03	0.0032693	526.0
1473	5.26745e+02	1.47300e+03	0.0032535	526.5
1474	5.27219e+02	1.47400e+03	0.00324007	527.0
1475	5.27702e+02	1.47500e+03	0.00322758	527.5
1476	5.28181e+02	1.47600e+03	0.00321529	528.0
1477	5.28663e+02	1.47700e+03	0.00319993	528.5
1478	5.29145e+02	1.47800e+03	0.00318288	529.0
1479	5.29637e+02	1.47900e+03	0.00316488	529.5
1480	5.30094e+02	1.48000e+03	0.00314043	530.0
1481	5.30572e+02	1.48100e+03	0.00311618	530.5
1482	5.31051e+02	1.48200e+03	0.00309064	531.0
1483	5.31529e+02	1.48300e+03	0.00306442	531.5
1484	5.32009e+02	1.48400e+03	0.00303471	532.0
1485	5.32483e+02	1.48500e+03	0.00300888	532.5
1486	5.32960e+02	1.48600e+03	0.00298573	533.0
1487	5.33430e+02	1.48700e+03	0.00296467	533.5
1488	5.33890e+02	1.48800e+03	0.00295358	534.0
1489	5.34363e+02	1.48900e+03	0.0029431	534.5
1490	5.34813e+02	1.49000e+03	0.00293477	535.0
1491	5.35268e+02	1.49100e+03	0.0029277	535.5
1492	5.35746e+02	1.49200e+03	0.00293104	536.0
1493	5.36251e+02	1.49300e+03	0.00292933	536.5
1494	5.36745e+02	1.49400e+03	0.00292799	537.0
1495	5.37232e+02	1.49500e+03	0.00292783	537.5
1496	5.37727e+02	1.49600e+03	0.00293127	538.0
1497	5.38196e+02	1.49700e+03	0.00293602	538.5
1498	5.38668e+02	1.49800e+03	0.00294137	539.0
1499	5.39136e+02	1.49900e+03	0.00294675	539.5
1500	5.39614e+02	1.50000e+03	0.00295484	540.0
1501	5.40103e+02	1.50100e+03	0.00295838	540.5
1502	5.40592e+02	1.50200e+03	0.00296029	541.0
1503	5.41074e+02	1.50300e+03	0.00296158	541.5
1504	5.41569e+02	1.50400e+03	0.00295531	542.0
1505	5.42053e+02	1.50500e+03	0.00295169	542.5
1506	5.42539e+02	1.50600e+03	0.00294812	543.0
1507	5.43014e+02	1.50700e+03	0.00294394	543.5
1508	5.43491e+02	1.50800e+03	0.00293554	544.0
1509	5.43966e+02	1.50900e+03	0.00292702	544.5
1510	5.44446e+02	1.51000e+03	0.00291742	545.0
1511	5.44928e+02	1.51100e+03	0.00290683	545.5
1512	5.45410e+02	1.51200e+03	0.00289087	546.0
1513	5.45886e+02	1.51300e+03	0.00287621	546.5
1514	5.46374e+02	1.51400e+03	0.00286194	547.0
1515	5.46860e+02	1.51500e+03	0.00284852	547.5
1516	5.47329e+02	1.51600e+03	0.00283698	548.0
1517	5.47813e+02	1.51700e+03	0.00282705	548.5
1518	5.48292e+02	1.51800e+03	0.00281758	549.0
1519	5.48777e+02	1.51900e+03	0.00280839	549.5
1520	5.49265e+02	1.52000e+03	0.00280197	550.0
1521	5.49740e+02	1.52100e+03	0.00278954	550.5
1522	5.50224e+02	1.52200e+03	0.00277345	551.0
1523	5.50721e+02	1.52300e+03	0.00275556	551.5
1524	5.51202e+02	1.52400e+03	0.00273001	552.0
1525	5.51684e+02	1.52500e+03	0.00270829	552.5
1526	5.52156e+02	1.52600e+03	0.00268686	553.0
1527	5.52646e+02	1.52700e+03	0.00266504	553.5
1528	5.53128e+02	1.52800e+03	0.00264439	554.0
1529	5.53617e+02	1.52900e+03	0.00262706	554.5
1530	5.54096e+02	1.53000e+03	0.00261239	555.0
1531	5.54576e+02	1.53100e+03	0.0025995	555.5
1532	5.55071e+02	1.53200e+03	0.00259518	556.0
1533	5.55573e+02	1.53300e+03	0.00259027	556.5
1534	5.56062e+02	1.53400e+03	0.00258604	557.0
1535	5.56553e+02	1.53500e+03	0.00258132	557.5
1536	5.57039e+02	1.53600e+03	0.0025782	558.0
1537	5.57536e+02	1.53700e+03	0.00257041	558.5
1538	5.58029e+02	1.53800e+03	0.00256014	559.0
1539	5.58515e+02	1.53900e+03	0.0025481	559.5
1540	5.59017e+02	1.54000e+03	0.00252544	560.0
1541	5.59521e+02	1.54100e+03	0.002506	560.5
1542	5.60005e+02	1.54200e+03	0.00248634	561.0
1543	5.60495e+02	1.54300e+03	0.00246575	561.5
1544	5.60988e+02	1.54400e+03	0.00243739	562.0
1545	5.61479e+02	1.54500e+03	0.00241099	562.5
1546	5.61983e+02	1.54600e+03	0.00238739	563.0
1547	5.62469e+02	1.54700e+03	0.00236663	563.5
1548	5.62958e+02	1.54800e+03	0.0023543	564.0
1549	5.63454e+02	1.54900e+03	0.00234843	564.5
1550	5.63936e+02	1.55000e+03	0.00234752	565.0
1551	5.64434e+02	1.55100e+03	0.00234932	565.5
1552	5.64933e+02	1.55200e+03	0.00237203	566.0
1553	5.65415e+02	1.55300e+03	0.00238272	566.5
1554	5.65919e+02	1.55400e+03	0.0023894	567.0
1555	5.66416e+02	1.55500e+03	0.00239462	567.5
1556	5.66913e+02	1.55600e+03	0.00239934	568.0
1557	5.67407e+02	1.55700e+03	0.00240781	568.5
1558	5.67913e+02	1.55800e+03	0.00241881	569.0
1559	5.68406e+02	1.55900e+03	0.0024309	569.5
1560	5.68903e+02	1.56000e+03	0.00244546	570.0
1561	5.69411e+02	1.56100e+03	0.00245832	570.5
1562	5.69885e+02	1.56200e+03	0.00246915	571.0
1563	5.70381e+02	1.56300e+03	0.00247802	571.5
1564	5.70870e+02	1.56400e+03	0.00248248	572.0
1565	5.71375e+02	1.56500e+03	0.00248518	572.5
1566	5.71860e+02	1.56600e+03	0.00248633	573.0
1567	5.72353e+02	1.56700e+03	0.00248662	573.5
1568	5.72831e+02	1.56800e+03	0.00247638	574.0
1569	5.73328e+02	1.56900e+03	0.00247076	574.5
1570	5.73831e+02	1.57000e+03	0.00246644	575.0
1571	5.74335e+02	1.57100e+03	0.00246221	575.5
1572	5.74840e+02	1.57200e+03	0.00245537	576.0
1573	5.75336e+02	1.57300e+03	0.002448	576.5
1574	5.75830e+02	1.57400e+03	0.00244044	577.0
1575	5.76339e+02	1.57500e+03	0.00243328	577.5
1576	5.76831e+02	1.57600e+03	0.00242761	578.0
1577	5.77317e+02	1.57700e+03	0.00242436	578.5
1578	5.77821e+02	1.57800e+03	0.00242248	579.0
1579	5.78306e+02	1.57900e+03	0.00242132	579.5
1580	5.78811e+02	1.58000e+03	0.00242841	580.0
1581	5.79304e+02	1.58100e+03	0.00243447	580.5
1582	5.79811e+02	1.58200e+03	0.00244148	581.0
1583	5.80320e+02	1.58300e+03	0.00244881	581.5
1584	5.80818e+02	1.58400e+03	0.00245969	582.0
1585	5.81323e+02	1.58500e+03	0.00246773	582.5
1586	5.81823e+02	1.58600e+03	0.00247412	583.0
1587	5.82316e+02	1.58700e+03	0.00247935	583.5
1588	5.82810e+02	1.58800e+03	0.00247702	584.0
1589	5.83316e+02	1.58900e+03	0.00247367	584.5
1590	5.83823e+02	1.59000e+03	0.00246891	585.0
1591	5.84318e+02	1.59100e+03	0.00246339	585.5
1592	5.84809e+02	1.59200e+03	0.00245079	586.0
1593	5.85297e+02	1.59300e+03	0.00244352	586.5
1594	5.85797e+02	1.59400e+03	0.00243877	587.0
1595	5.86299e+02	1.59500e+03	0.00243584	587.5
1596	5.86791e+02	1.59600e+03	0.00243906	588.0
1597	5.87292e+02	1.59700e+03	0.0024395	588.5
1598	5.87785e+02	1.59800e+03	0.00243825	589.0
1599	5.88288e+02	1.59900e+03	0.002436	589.5
1600	5.88786e+02	1.60000e+03	0.00243286	590.0
1601	5.89286e+02	1.60100e+03	0.00242565	590.5
1602	5.89774e+02	1.60200e+03	0.00241508	591.0
1603	5.90272e+02	1.60300e+03	0.00240304	591.5
1604	5.90769e+02	1.60400e+03	0.00238332	592.0
1605	5.91259e+02	1.60500e+03	0.00236909	592.5
1606	5.91754e+02	1.60600e+03	0.00235606	593.0
1607	5.92257e+02	1.60700e+03	0.00234285	593.5
1608	5.92756e+02	1.60800e+03	0.00233453	594.0
1609	5.93259e+02	1.60900e+03	0.00232905	594.5
1610	5.93758e+02	1.61000e+03	0.00232761	595.0
1611	5.94280e+02	1.61100e+03	0.00232838	595.5
1612	5.94801e+02	1.61200e+03	0.00233819	596.0
1613	5.95329e+02	1.61300e+03	0.00234542	596.5
1614	5.95838e+02	1.61400e+03	0.00235385	597.0
1615	5.96339e+02	1.61500e+03	0.00236324	597.5
1616	5.96835e+02	1.61600e+03	0.00237451	598.0
1617	5.97386e+02	1.61700e+03	0.00238254	598.5
1618	5.97873e+02	1.61800e+03	0.00238984	599.0
1619	5.98407e+02	1.61900e+03	0.00239678	599.5
1620	5.98942e+02	1.62000e+03	0.00239475	600.0
1621	5.99519e+02	1.62100e+03	0.00239075	600.5
1622	6.00089e+02	1.62200e+03	0.0023838	601.0
1623	6.00664e+02	1.62300e+03	0.00237544	601.5
1624	6.00010e+02	1.62400e+03	0.00236126	602.0
1625	6.04160e+02	1.62500e+03	0.00235442	602.5
1626	6.04437e+02	1.62600e+03	0.00235022	603.0
1627	6.04826e+02	1.62700e+03	0.0023466	603.5
1628	6.05244e+02	1.62800e+03	0.0023496	604.0
1629	6.05677e+02	1.62900e+03	0.00235011	604.5
1630	6.06109e+02	1.63000e+03	0.00234944	605.0
1631	6.06581e+02	1.63100e+03	0.00234726	605.5
1632	6.07050e+02	1.63200e+03	0.00234134	606.0
1633	6.07521e+02	1.63300e+03	0.00233274	606.5
1634	6.08001e+02	1.63400e+03	0.00232194	607.0
1635	6.08478e+02	1.63500e+03	0.00230993	607.5
1636	6.08994e+02	1.63600e+03	0.00228687	608.0
1637	6.09412e+02	1.63700e+03	0.00226811	608.5
1638	6.09893e+02	1.63800e+03	0.00225217	609.0
1639	6.10382e+02	1.63900e+03	0.00223898	609.5
1640	6.10867e+02	1.64000e+03	0.00223289	610.0
1641	6.11361e+02	1.64100e+03	0.00223042	610.5
1642	6.11856e+02	1.64200e+03	0.00223121	611.0
1643	6.12330e+02	1.64300e+03	0.00223425	611.5
1644	6.12833e+02	1.64400e+03	0.0022508	612.0
1645	6.13329e+02	1.64500e+03	0.00225591	612.5
1646	6.13816e+02	1.64600e+03	0.0022548	613.0
1647	6.14311e+02	1.64700e+03	0.00225047	613.5
1648	6.14804e+02	1.64800e+03	0.002234	614.0
1649	6.15297e+02	1.64900e+03	0.00221906	614.5
1650	6.15788e+02	1.65000e+03	0.00220256	615.0
1651	6.16283e+02	1.65100e+03	0.00218458	615.5
1652	6.16775e+02	1.65200e+03	0.00215594	616.0
1653	6.17277e+02	1.65300e+03	0.00213435	616.5
1654	6.17764e+02	1.65400e+03	0.00211673	617.0
1655	6.18268e+02	1.65500e+03	0.00210151	617.5
1656	6.18755e+02	1.65600e+03	0.00209508	618.0
1657	6.19248e+02	1.65700e+03	0.00208942	618.5
1658	6.19745e+02	1.65800e+03	0.00208612	619.0
1659	6.20240e+02	1.65900e+03	0.00208449	619.5
1660	6.20732e+02	1.66000e+03	0.0020939	620.0
1661	6.21230e+02	1.66100e+03	0.00209564	620.5
1662	6.21729e+02	1.66200e+03	0.0020948	621.0
1663	6.22229e+02	1.66300e+03	0.00209353	621.5
1664	6.22716e+02	1.66400e+03	0.00208948	622.0
1665	6.23211e+02	1.66500e+03	0.00208577	622.5
1666	6.23710e+02	1.66600e+03	0.00208123	623.0
1667	6.24203e+02	1.66700e+03	0.00207642	623.5
1668	6.24690e+02	1.66800e+03	0.00206824	624.0
1669	6.25178e+02	1.66900e+03	0.00206023	624.5
1670	6.25679e+02	1.67000e+03	0.00205201	625.0
1671	6.26167e+02	1.67100e+03	0.00204374	625.5
1672	6.26665e+02	1.67200e+03	0.00203297	626.0
1673	6.27152e+02	1.67300e+03	0.00202294	626.5
1674	6.27646e+02	1.67400e+03	0.00201274	627.0
1675	6.28150e+02	1.67500e+03	0.00200217	627.5
1676	6.28636e+02	1.67600e+03	0.00199224	628.0
1677	6.29116e+02	1.67700e+03	0.00198281	628.5
1678	6.29613e+02	1.67800e+03	0.00197424	629.0
1679	6.30109e+02	1.67900e+03	0.00196682	629.5
1680	6.30585e+02	1.68000e+03	0.00196598	630.0
1681	6.31075e+02	1.68100e+03	0.00196714	630.5
1682	6.31576e+02	1.68200e+03	0.00197084	631.0
1683	6.32075e+02	1.68300e+03	0.00197621	631.5
1684	6.32555e+02	1.68400e+03	0.00199086	632.0
1685	6.33050e+02	1.68500e+03	0.00200014	632.5
1686	6.33538e+02	1.68600e+03	0.00200708	633.0
1687	6.34039e+02	1.68700e+03	0.00201287	633.5
1688	6.34529e+02	1.68800e+03	0.00201794	634.0
1689	6.35016e+02	1.68900e+03	0.00202352	634.5
1690	6.35508e+02	1.69000e+03	0.00202892	635.0
1691	6.36000e+02	1.69100e+03	0.00203414	635.5
1692	6.36493e+02	1.69200e+03	0.00203827	636.0
1693	6.36982e+02	1.69300e+03	0.00204342	636.5
1694	6.37468e+02	1.69400e+03	0.00204745	637.0
1695	6.37951e+02	1.69500e+03	0.00204961	637.5
1696	6.38450e+02	1.69600e+03	0.00204295	638.0
1697	6.38943e+02	1.69700e+03	0.00203131	638.5
1698	6.39435e+02	1.69800e+03	0.00201385	639.0
1699	6.39918e+02	1.69900e+03	0.00199266	639.5
1700	6.40416e+02	1.70000e+03	0.00195241	640.0
1701	6.40908e+02	1.70100e+03	0.00191979	640.5
1702	6.41417e+02	1.70200e+03	0.0018876	641.0
1703	6.41904e+02	1.70300e+03	0.0018549	641.5
1704	6.42411e+02	1.70400e+03	0.00181921	642.0
1705	6.42913e+02	1.70500e+03	0.00178815	642.5
1706	6.43412e+02	1.70600e+03	0.00176041	643.0
1707	6.43905e+02	1.70700e+03	0.00173433	643.5
1708	6.44409e+02	1.70800e+03	0.00171632	644.0
1709	6.44905e+02	1.70900e+03	0.00169655	644.5
1710	6.45401e+02	1.71000e+03	0.00167688	645.0
1711	6.45888e+02	1.71100e+03	0.00165725	645.5
1712	6.46384e+02	1.71200e+03	0.00164227	646.0
1713	6.46879e+02	1.71300e+03	0.00162676	646.5
1714	6.47377e+02	1.71400e+03	0.00161507	647.0
1715	6.47877e+02	1.71500e+03	0.00160703	647.5
1716	6.48374e+02	1.71600e+03	0.00160963	648.0
1717	6.48862e+02	1.71700e+03	0.0016145	648.5
1718	6.49372e+02	1.71800e+03	0.00162172	649.0
1719	6.49867e+02	1.71900e+03	0.00162998	649.5
1720	6.50362e+02	1.72000e+03	0.00165121	650.0
1721	6.50850e+02	1.72100e+03	0.00166224	650.5
1722	6.51360e+02	1.72200e+03	0.00167089	651.0
1723	6.51855e+02	1.72300e+03	0.00167931	651.5
1724	6.52354e+02	1.72400e+03	0.00167852	652.0
1725	6.52851e+02	1.72500e+03	0.00167951	652.5
1726	6.53351e+02	1.72600e+03	0.00167828	653.0
1727	6.53847e+02	1.72700e+03	0.00167485	653.5
1728	6.54331e+02	1.72800e+03	0.00166113	654.0
1729	6.54818e+02	1.72900e+03	0.00164676	654.5
1730	6.55321e+02	1.73000e+03	0.00163041	655.0
1731	6.55804e+02	1.73100e+03	0.00161287	655.5
1732	6.56301e+02	1.73200e+03	0.0015872	656.0
1733	6.56801e+02	1.73300e+03	0.00156829	656.5
1734	6.57293e+02	1.73400e+03	0.001552	657.0
1735	6.57792e+02	1.73500e+03	0.00153723	657.5
1736	6.58287e+02	1.73600e+03	0.00153275	658.0
1737	6.58791e+02	1.73700e+03	0.00152827	658.5
1738	6.59290e+02	1.73800e+03	0.00152588	659.0
1739	6.59781e+02	1.73900e+03	0.00152489	659.5
1740	6.60277e+02	1.74000e+03	0.00153375	660.0
1741	6.60776e+02	1.74100e+03	0.00153746	660.5
1742	6.61273e+02	1.74200e+03	0.0015385	661.0
1743	6.61774e+02	1.74300e+03	0.00153775	661.5
1744	6.62278e+02	1.74400e+03	0.00153107	662.0
1745	6.62787e+02	1.74500e+03	0.00152389	662.5
1746	6.63281e+02	1.74600e+03	0.00151574	663.0
1747	6.63767e+02	1.74700e+03	0.00150648	663.5
1748	6.64272e+02	1.74800e+03	0.00148928	664.0
1749	6.64767e+02	1.74900e+03	0.00147739	664.5
1750	6.65249e+02	1.75000e+03	0.00146636	665.0
1751	6.65739e+02	1.75100e+03	0.00145539	665.5
1752	6.66229e+02	1.75200e+03	0.00145126	666.0
1753	6.66733e+02	1.75300e+03	0.0014491	666.5
1754	6.67229e+02	1.75400e+03	0.00145135	667.0
1755	6.67729e+02	1.75500e+03	0.00145663	667.5
1756	6.68215e+02	1.75600e+03	0.00147148	668.0
1757	6.68713e+02	1.75700e+03	0.00148149	668.5
1758	6.69214e+02	1.75800e+03	0.00148974	669.0
1759	6.69709e+02	1.75900e+03	0.00149701	669.5
1760	6.70197e+02	1.76000e+03	0.0014986	670.0
1761	6.70703e+02	1.76100e+03	0.00149478	670.5
1762	6.71193e+02	1.76200e+03	0.00148725	671.0
1763	6.71695e+02	1.76300e+03	0.00147803	671.5
1764	6.72181e+02	1.76400e+03	0.0014558	672.0
1765	6.72670e+02	1.76500e+03	0.00144241	672.5
1766	6.73161e+02	1.76600e+03	0.00143294	673.0
1767	6.73669e+02	1.76700e+03	0.00142583	673.5
1768	6.74168e+02	1.76800e+03	0.00143092	674.0
1769	6.74659e+02	1.76900e+03	0.00143755	674.5
1770	6.75150e+02	1.77000e+03	0.00144904	675.0
1771	6.75646e+02	1.77100e+03	0.00146474	675.5
1772	6.76145e+02	1.77200e+03	0.00150562	676.0
1773	6.76638e+02	1.77300e+03	0.00154372	676.5
1774	6.77130e+02	1.77400e+03	0.00158601	677.0
1775	6.77623e+02	1.77500e+03	0.00163193	677.5
1776	6.78117e+02	1.77600e+03	0.00169857	678.0
1777	6.78595e+02	1.77700e+03	0.0017546	678.5
1778	6.79090e+02	1.77800e+03	0.00180427	679.0
1779	6.79578e+02	1.77900e+03	0.00184938	679.5
1780	6.80070e+02	1.78000e+03	0.00187704	680.0
1781	6.80565e+02	1.78100e+03	0.0018969	680.5
1782	6.81043e+02	1.78200e+03	0.00190834	681.0
1783	6.81528e+02	1.78300e+03	0.00191412	681.5
1784	6.82023e+02	1.78400e+03	0.00187781	682.0
1785	6.82501e+02	1.78500e+03	0.00185368	682.5
1786	6.82984e+02	1.78600e+03	0.00182671	683.0
1787	6.83478e+02	1.78700e+03	0.00179568	683.5
1788	6.83963e+02	1.78800e+03	0.00174551	684.0
1789	6.84455e+02	1.78900e+03	0.00170283	684.5
1790	6.84952e+02	1.79000e+03	0.00166193	685.0
1791	6.85437e+02	1.79100e+03	0.00162134	685.5
1792	6.85929e+02	1.79200e+03	0.00158139	686.0
1793	6.86428e+02	1.79300e+03	0.00154789	686.5
1794	6.86961e+02	1.79400e+03	0.00152025	687.0
1795	6.87169e+02	1.79500e+03	0.00149664	687.5
1796	6.87337e+02	1.79600e+03	0.00149486	688.0
1797	6.87632e+02	1.79700e+03	0.00149218	688.5
1798	6.87977e+02	1.79800e+03	0.00149363	689.0
1799	6.88324e+02	1.79900e+03	0.00149733	689.5
1800	6.88674e+02	1.80000e+03	0.00151771	690.0
1801	6.88990e+02	1.80100e+03	0.00152214	690.5
1802	6.89304e+02	1.80200e+03	0.00151524	691.0
1803	6.89608e+02	1.80300e+03	0.00150118	691.5
1804	6.89890e+02	1.80400e+03	0.001471	692.0
1805	6.90181e+02	1.80500e+03	0.00144177	692.5
1806	6.90451e+02	1.80600e+03	0.00140945	693.0
1807	6.90721e+02	1.80700e+03	0.00137544	693.5
1808	6.90986e+02	1.80800e+03	0.00133301	694.0
1809	6.91242e+02	1.80900e+03	0.00130421	694.5
1810	6.91485e+02	1.81000e+03	0.00128219	695.0
1811	6.91720e+02	1.81100e+03	0.00126401	695.5
1812	6.91954e+02	1.81200e+03	0.0012696	696.0
1813	6.92176e+02	1.81300e+03	0.00127131	696.5
1814	6.92382e+02	1.81400e+03	0.00127678	697.0
1815	6.92599e+02	1.81500e+03	0.0012855	697.5
1816	6.92803e+02	1.81600e+03	0.00130811	698.0
1817	6.92998e+02	1.81700e+03	0.00132359	698.5
1818	6.93188e+02	1.81800e+03	0.00133644	699.0
1819	6.93379e+02	1.81900e+03	0.00134772	699.5
1820	6.93568e+02	1.82000e+03	0.00135249	700.0
1821	6.93738e+02	1.82100e+03	0.00135577	700.0
1822	6.93914e+02	1.82200e+03	0.00135938	700.0
1823	6.94075e+02	1.82300e+03	0.00136452	700.0
1824	6.94245e+02	1.82400e+03	0.00136261	700.0
1825	6.94403e+02	1.82500e+03	0.00136609	700.0
1826	6.94555e+02	1.82600e+03	0.00137027	700.0
1827	6.94700e+02	1.82700e+03	0.00137384	700.0
1828	6.94850e+02	1.82800e+03	0.00138135	700.0
1829	6.94993e+02	1.82900e+03	0.00138431	700.0
1830	6.95134e+02	1.83000e+03	0.00138727	700.0
1831	6.95265e+02	1.83100e+03	0.00139201	700.0
1832	6.95384e+02	1.83200e+03	0.00139439	700.0
1833	6.95507e+02	1.83300e+03	0.00139954	700.0
1834	6.95632e+02	1.83400e+03	0.0014062	700.0
1835	6.95742e+02	1.83500e+03	0.00141284	700.0
1836	6.95861e+02	1.83600e+03	0.00142375	700.0
1837	6.95975e+02	1.83700e+03	0.00143094	700.0
1838	6.96081e+02	1.83800e+03	0.00143689	700.0
1839	6.96194e+02	1.83900e+03	0.00144283	700.0
1840	6.96300e+02	1.84000e+03	0.00144505	700.0
1841	6.96405e+02	1.84100e+03	0.00144751	700.0
1842	6.96499e+02	1.84200e+03	0.00144963	700.0
1843	6.96582e+02	1.84300e+03	0.00145242	700.0
1844	6.96683e+02	1.84400e+03	0.00145213	700.0
1845	6.96767e+02	1.84500e+03	0.0014512	700.0
1846	6.96864e+02	1.84600e+03	0.00144831	700.0
1847	6.96945e+02	1.84700e+03	0.00144351	700.0
1848	6.97024e+02	1.84800e+03	0.00143343	700.0
1849	6.97103e+02	1.84900e+03	0.0014225	700.0
1850	6.97183e+02	1.85000e+03	0.00140872	700.0
1851	6.97265e+02	1.85100e+03	0.00139358	700.0
1852	6.97339e+02	1.85200e+03	0.00137286	700.0
1853	6.97412e+02	1.85300e+03	0.00135744	700.0
1854	6.97490e+02	1.85400e+03	0.00134455	700.0
1855	6.97565e+02	1.85500e+03	0.00133303	700.0
1856	6.97635e+02	1.85600e+03	0.0013285	700.0
1857	6.97703e+02	1.85700e+03	0.00132328	700.0
1858	6.97766e+02	1.85800e+03	0.00131614	700.0
1859	6.97830e+02	1.85900e+03	0.00130731	700.0
1860	6.97903e+02	1.86000e+03	0.00130473	700.0
1861	6.97956e+02	1.86100e+03	0.00130123	700.0
1862	6.98007e+02	1.86200e+03	0.00129957	700.0
1863	6.98069e+02	1.86300e+03	0.00129969	700.0
1864	6.98127e+02	1.86400e+03	0.00130298	700.0
1865	6.98180e+02	1.86500e+03	0.0013044	700.0
1866	6.98236e+02	1.86600e+03	0.00130415	700.0
1867	6.98281e+02	1.86700e+03	0.00130254	700.0
1868	6.98334e+02	1.86800e+03	0.0012982	700.0
1869	6.98378e+02	1.86900e+03	0.0012889	700.0
1870	6.98428e+02	1.87000e+03	0.001277	700.0
1871	6.98467e+02	1.87100e+03	0.00126519	700.0
1872	6.98513e+02	1.87200e+03	0.00124487	700.0
1873	6.98568e+02	1.87300e+03	0.00123211	700.0
1874	6.98596e+02	1.87400e+03	0.00122239	700.0
1875	6.98644e+02	1.87500e+03	0.0012141	700.0
1876	6.98688e+02	1.87600e+03	0.00121372	700.0
1877	6.98735e+02	1.87700e+03	0.00121098	700.0
1878	6.98763e+02	1.87800e+03	0.00120868	700.0
1879	6.98805e+02	1.87900e+03	0.00120699	700.0
1880	6.98841e+02	1.88000e+03	0.00120878	700.0
1881	6.98875e+02	1.88100e+03	0.00120897	700.0
1882	6.98915e+02	1.88200e+03	0.001209	700.0
1883	6.98940e+02	1.88300e+03	0.00120911	700.0
1884	6.98989e+02	1.88400e+03	0.00120912	700.0
1885	6.99009e+02	1.88500e+03	0.0012084	700.0
1886	6.99037e+02	1.88600e+03	0.00120667	700.0
1887	6.99057e+02	1.88700e+03	0.0012042	700.0
1888	6.99098e+02	1.88800e+03	0.0011994	700.0
1889	6.99124e+02	1.88900e+03	0.00119541	700.0
1890	6.99155e+02	1.89000e+03	0.0011923	700.0
1891	6.99187e+02	1.89100e+03	0.00118998	700.0
1892	6.99215e+02	1.89200e+03	0.00119059	700.0
1893	6.99241e+02	1.89300e+03	0.00119388	700.0
1894	6.99266e+02	1.89400e+03	0.00119943	700.0
1895	6.99288e+02	1.89500e+03	0.00120638	700.0
1896	6.99327e+02	1.89600e+03	0.00121716	700.0
1897	6.99346e+02	1.89700e+03	0.00122061	700.0
1898	6.99359e+02	1.89800e+03	0.00122177	700.0
1899	6.99381e+02	1.89900e+03	0.00122254	700.0
1900	6.99399e+02	1.90000e+03	0.00121622	700.0
1901	6.99424e+02	1.90100e+03	0.00121364	700.0
1902	6.99446e+02	1.90200e+03	0.00121193	700.0
1903	6.99462e+02	1.90300e+03	0.00121044	700.0
1904	6.99478e+02	1.90400e+03	0.00120967	700.0
1905	6.99504e+02	1.90500e+03	0.00120898	700.0
1906	6.99512e+02	1.90600e+03	0.00120853	700.0
1907	6.99522e+02	1.90700e+03	0.00120823	700.0
1908	6.99544e+02	1.90800e+03	0.00121204	700.0
1909	6.99571e+02	1.90900e+03	0.00121788	700.0
1910	6.99579e+02	1.91000e+03	0.00122411	700.0
1911	6.99589e+02	1.91100e+03	0.00122942	700.0
1912	6.99614e+02	1.91200e+03	0.0012338	700.0
1913	6.99629e+02	1.91300e+03	0.00123292	700.0
1914	6.99641e+02	1.91400e+03	0.0012288	700.0
1915	6.99644e+02	1.91500e+03	0.00122294	700.0
1916	6.99665e+02	1.91600e+03	0.00120706	700.0
1917	6.99670e+02	1.91700e+03	0.00119722	700.0
1918	6.99680e+02	1.91800e+03	0.00118923	700.0
1919	6.99691e+02	1.91900e+03	0.00118199	700.0
1920	6.99694e+02	1.92000e+03	0.00117994	700.0
1921	6.99708e+02	1.92100e+03	0.00117876	700.0
1922	6.99713e+02	1.92200e+03	0.00117906	700.0
1923	6.99715e+02	1.92300e+03	0.00118035	700.0
1924	6.99732e+02	1.92400e+03	0.00118808	700.0
1925	6.99740e+02	1.92500e+03	0.00119214	700.0
1926	6.99745e+02	1.92600e+03	0.00119585	700.0
1927	6.99758e+02	1.92700e+03	0.00120062	700.0
1928	6.99763e+02	1.92800e+03	0.00120796	700.0
1929	6.99776e+02	1.92900e+03	0.0012141	700.0
1930	6.99787e+02	1.93000e+03	0.00121716	700.0
1931	6.99786e+02	1.93100e+03	0.0012178	700.0
1932	6.99798e+02	1.93200e+03	0.00121173	700.0
1933	6.99808e+02	1.93300e+03	0.00120118	700.0
1934	6.99821e+02	1.93400e+03	0.00118687	700.0
1935	6.99823e+02	1.93500e+03	0.00117035	700.0
1936	6.99837e+02	1.93600e+03	0.00113893	700.0
1937	6.99846e+02	1.93700e+03	0.00111637	700.0
1938	6.99842e+02	1.93800e+03	0.00109615	700.0
1939	6.99852e+02	1.93900e+03	0.00107671	700.0
1940	6.99867e+02	1.94000e+03	0.00106314	700.0
1941	6.99884e+02	1.94100e+03	0.00104997	700.0
1942	6.99878e+02	1.94200e+03	0.00103854	700.0
1943	6.99891e+02	1.94300e+03	0.00102839	700.0
1944	6.99898e+02	1.94400e+03	0.00102631	700.0
1945	6.99907e+02	1.94500e+03	0.00102218	700.0
1946	6.99904e+02	1.94600e+03	0.00101921	700.0
1947	6.99919e+02	1.94700e+03	0.00101751	700.0
1948	6.99919e+02	1.94800e+03	0.00102296	700.0
1949	6.99925e+02	1.94900e+03	0.00102871	700.0
1950	6.99925e+02	1.95000e+03	0.00103664	700.0
1951	6.99938e+02	1.95100e+03	0.00104625	700.0
1952	6.99941e+02	1.95200e+03	0.00106559	700.0
1953	6.99950e+02	1.95300e+03	0.00108234	700.0
1954	6.99954e+02	1.95400e+03	0.00109918	700.0
1955	6.99957e+02	1.95500e+03	0.00111635	700.0
1956	6.99981e+02	1.95600e+03	0.00113974	700.0
1957	6.99977e+02	1.95700e+03	0.00116333	700.0
1958	6.99973e+02	1.95800e+03	0.00118726	700.0
1959	6.99986e+02	1.95900e+03	0.00121055	700.0
1960	6.99994e+02	1.96000e+03	0.00123168	700.0
1961	6.99991e+02	1.96100e+03	0.00124825	700.0
1962	6.99993e+02	1.96200e+03	0.00126087	700.0
1963	7.00000e+02	1.96300e+03	0.00127093	700.0
1964	7.00017e+02	1.96400e+03	0.00127001	700.0
1965	7.00013e+02	1.96500e+03	0.00127713	700.0
1966	7.00026e+02	1.96600e+03	0.00128739	700.0
1967	7.00025e+02	1.96700e+03	0.00129788	700.0
1968	7.00029e+02	1.96800e+03	0.00131089	700.0
1969	7.00035e+02	1.96900e+03	0.00132513	700.0
1970	7.00043e+02	1.97000e+03	0.00134112	700.0
1971	7.00054e+02	1.97100e+03	0.00135843	700.0
1972	7.00059e+02	1.97200e+03	0.00138489	700.0
1973	7.00055e+02	1.97300e+03	0.00141028	700.0
1974	7.00060e+02	1.97400e+03	0.00143685	700.0
1975	7.00071e+02	1.97500e+03	0.00146434	700.0
1976	7.00072e+02	1.97600e+03	0.0014961	700.0
1977	7.00068e+02	1.97700e+03	0.00152216	700.0
1978	7.00071e+02	1.97800e+03	0.00154375	700.0
1979	7.00078e+02	1.97900e+03	0.00156222	700.0
1980	7.00070e+02	1.98000e+03	0.00156308	700.0
1981	7.00089e+02	1.98100e+03	0.00156093	700.0
1982	7.00081e+02	1.98200e+03	0.00155266	700.0
1983	7.00091e+02	1.98300e+03	0.00153995	700.0
1984	7.00094e+02	1.98400e+03	0.00150005	700.0
1985	7.00101e+02	1.98500e+03	0.00146958	700.0
1986	7.00109e+02	1.98600e+03	0.00143929	700.0
1987	7.00111e+02	1.98700e+03	0.00140804	700.0
1988	7.00115e+02	1.98800e+03	0.00137182	700.0
1989	7.00117e+02	1.98900e+03	0.00134134	700.0
1990	7.00125e+02	1.99000e+03	0.00131337	700.0
1991	7.00116e+02	1.99100e+03	0.00128655	700.0
1992	7.00112e+02	1.99200e+03	0.00126695	700.0
1993	7.00113e+02	1.99300e+03	0.00124408	700.0
1994	7.00127e+02	1.99400e+03	0.0012201	700.0
1995	7.00134e+02	1.99500e+03	0.00119559	700.0
1996	7.00138e+02	1.99600e+03	0.00116911	700.0
1997	7.00139e+02	1.99700e+03	0.00114118	700.0
1998	7.00137e+02	1.99800e+03	0.00111297	700.0
1999	7.00142e+02	1.99900e+03	0.00108496	700.0
2000	7.00148e+02	2.00000e+03	0.00105676	700.0
2001	7.00143e+02	2.00100e+03	0.00103391	700.0
2002	7.00153e+02	2.00200e+03	0.0010148	700.0
2003	7.00155e+02	2.00300e+03	0.000998004	700.0
2004	7.00167e+02	2.00400e+03	0.000995852	700.0
2005	7.00161e+02	2.00500e+03	0.000991031	700.0
2006	7.00154e+02	2.00600e+03	0.000987758	700.0
2007	7.00152e+02	2.00700e+03	0.000986005	700.0
2008	7.00161e+02	2.00800e+03	0.000993122	700.0
2009	7.00159e+02	2.00900e+03	0.000995366	700.0
2010	7.00161e+02	2.01000e+03	0.000997159	700.0
2011	7.00160e+02	2.01100e+03	0.00100057	700.0
2012	7.00167e+02	2.01200e+03	0.00100643	700.0
2013	7.00165e+02	2.01300e+03	0.00101043	700.0
2014	7.00168e+02	2.01400e+03	0.00101207	700.0
2015	7.00169e+02	2.01500e+03	0.00101214	700.0
2016	7.00171e+02	2.01600e+03	0.00100982	700.0
2017	7.00178e+02	2.01700e+03	0.00100562	700.0
2018	7.00167e+02	2.01800e+03	0.00100043	700.0
2019	7.00174e+02	2.01900e+03	0.000994844	700.0
2020	7.00174e+02	2.02000e+03	0.000984193	700.0
2021	7.00176e+02	2.02100e+03	0.000977309	700.0
2022	7.00181e+02	2.02200e+03	0.000970472	700.0
2023	7.00171e+02	2.02300e+03	0.000963103	700.0
2024	7.00182e+02	2.02400e+03	0.000955136	700.0
2025	7.00187e+02	2.02500e+03	0.000944008	700.0
2026	7.00178e+02	2.02600e+03	0.000931141	700.0
2027	7.00176e+02	2.02700e+03	0.000917327	700.0
2028	7.00177e+02	2.02800e+03	0.000896423	700.0
2029	7.00182e+02	2.02900e+03	0.000880688	700.0
2030	7.00180e+02	2.03000e+03	0.000869608	700.0
2031	7.00177e+02	2.03100e+03	0.000861321	700.0
2032	7.00177e+02	2.03200e+03	0.000863793	700.0
2033	7.00186e+02	2.03300e+03	0.0008687	700.0
2034	7.00181e+02	2.03400e+03	0.000875263	700.0
2035	7.00185e+02	2.03500e+03	0.000882782	700.0
2036	7.00186e+02	2.03600e+03	0.000904804	700.0
2037	7.00191e+02	2.03700e+03	0.000918799	700.0
2038	7.00191e+02	2.03800e+03	0.000930978	700.0
2039	7.00193e+02	2.03900e+03	0.000942811	700.0
2040	7.00194e+02	2.04000e+03	0.000954739	700.0
2041	7.00195e+02	2.04100e+03	0.000971547	700.0
2042	7.00201e+02	2.04200e+03	0.00099082	700.0
2043	7.00189e+02	2.04300e+03	0.00101026	700.0
2044	7.00189e+02	2.04400e+03	0.00103264	700.0
2045	7.00203e+02	2.04500e+03	0.00105081	700.0
2046	7.00204e+02	2.04600e+03	0.00106714	700.0
2047	7.00190e+02	2.04700e+03	0.00108262	700.0
2048	7.00194e+02	2.04800e+03	0.00109261	700.0
2049	7.00203e+02	2.04900e+03	0.00110303	700.0
2050	7.00204e+02	2.05000e+03	0.00111037	700.0
2051	7.00200e+02	2.05100e+03	0.00111477	700.0
2052	7.00203e+02	2.05200e+03	0.00110545	700.0
2053	7.00194e+02	2.05300e+03	0.00109365	700.0
2054	7.00197e+02	2.05400e+03	0.00107775	700.0
2055	7.00192e+02	2.05500e+03	0.00105929	700.0
2056	7.00188e+02	2.05600e+03	0.00102454	700.0
2057	7.00196e+02	2.05700e+03	0.00100141	700.0
2058	7.00192e+02	2.05800e+03	0.000983898	700.0
2059	7.00185e+02	2.05900e+03	0.000969482	700.0
2060	7.00188e+02	2.06000e+03	0.000972036	700.0
2061	7.00191e+02	2.06100e+03	0.000975867	700.0
2062	7.00195e+02	2.06200e+03	0.000982364	700.0
2063	7.00194e+02	2.06300e+03	0.000990432	700.0
2064	7.00197e+02	2.06400e+03	0.00101194	700.0
2065	7.00190e+02	2.06500e+03	0.00102318	700.0
2066	7.00202e+02	2.06600e+03	0.00103352	700.0
2067	7.00195e+02	2.06700e+03	0.00104373	700.0
2068	7.00187e+02	2.06800e+03	0.00104201	700.0
2069	7.00188e+02	2.06900e+03	0.00104313	700.0
2070	7.00193e+02	2.07000e+03	0.00104309	700.0
2071	7.00202e+02	2.07100e+03	0.00104174	700.0
2072	7.00192e+02	2.07200e+03	0.00103507	700.0
2073	7.00193e+02	2.07300e+03	0.00102909	700.0
2074	7.00195e+02	2.07400e+03	0.0010221	700.0
2075	7.00189e+02	2.07500e+03	0.00101424	700.0
2076	7.00191e+02	2.07600e+03	0.00100121	700.0
2077	7.00192e+02	2.07700e+03	0.000989421	700.0
2078	7.00191e+02	2.07800e+03	0.000977043	700.0
2079	7.00188e+02	2.07900e+03	0.000963983	700.0
2080	7.00197e+02	2.08000e+03	0.000948094	700.0
2081	7.00190e+02	2.08100e+03	0.000933781	700.0
2082	7.00189e+02	2.08200e+03	0.000920426	700.0
2083	7.00187e+02	2.08300e+03	0.000907768	700.0
2084	7.00197e+02	2.08400e+03	0.000899686	700.0
2085	7.00196e+02	2.08500e+03	0.00089674	700.0
2086	7.00200e+02	2.08600e+03	0.000901101	700.0
2087	7.00190e+02	2.08700e+03	0.000909986	700.0
2088	7.00197e+02	2.08800e+03	0.000935878	700.0
2089	7.00189e+02	2.08900e+03	0.000957483	700.0
2090	7.00192e+02	2.09000e+03	0.000979901	700.0
2091	7.00190e+02	2.09100e+03	0.00100339	700.0
2092	7.00191e+02	2.09200e+03	0.00103509	700.0
2093	7.00183e+02	2.09300e+03	0.00105926	700.0
2094	7.00181e+02	2.09400e+03	0.00107942	700.0
2095	7.00190e+02	2.09500e+03	0.00109716	700.0
2096	7.00198e+02	2.09600e+03	0.00110061	700.0
2097	7.00205e+02	2.09700e+03	0.00110316	700.0
2098	7.00192e+02	2.09800e+03	0.00110146	700.0
2099	7.00187e+02	2.09900e+03	0.00109656	700.0
2100	7.00185e+02	2.10000e+03	0.00107649	700.0
2101	7.00189e+02	2.10100e+03	0.0010654	700.0
2102	7.00188e+02	2.10200e+03	0.00105523	700.0
2103	7.00180e+02	2.10300e+03	0.001044	700.0
2104	7.00185e+02	2.10400e+03	0.00103157	700.0
2105	7.00191e+02	2.10500e+03	0.00101917	700.0
2106	7.00186e+02	2.10600e+03	0.00100692	700.0
2107	7.00179e+02	2.10700e+03	0.00099492	700.0
2108	7.00184e+02	2.10800e+03	0.00098568	700.0
2109	7.00181e+02	2.10900e+03	0.000979417	700.0
2110	7.00181e+02	2.11000e+03	0.000976156	700.0
2111	7.00185e+02	2.11100e+03	0.000974874	700.0
2112	7.00185e+02	2.11200e+03	0.00098457	700.0
2113	7.00185e+02	2.11300e+03	0.00099149	700.0
2114	7.00180e+02	2.11400e+03	0.000998507	700.0
2115	7.00175e+02	2.11500e+03	0.00100586	700.0
2116	7.00177e+02	2.11600e+03	0.00101972	700.0
2117	7.00175e+02	2.11700e+03	0.00103306	700.0
2118	7.00172e+02	2.11800e+03	0.00104677	700.0
2119	7.00173e+02	2.11900e+03	0.00106005	700.0
2120	7.00173e+02	2.12000e+03	0.00107248	700.0
2121	7.00177e+02	2.12100e+03	0.00108216	700.0
2122	7.00176e+02	2.12200e+03	0.00108909	700.0
2123	7.00172e+02	2.12300e+03	0.00109416	700.0
2124	7.00168e+02	2.12400e+03	0.00109032	700.0
2125	7.00168e+02	2.12500e+03	0.00108727	700.0
2126	7.00171e+02	2.12600e+03	0.00108234	700.0
2127	7.00173e+02	2.12700e+03	0.00107578	700.0
2128	7.00159e+02	2.12800e+03	0.00106043	700.0
2129	7.00166e+02	2.12900e+03	0.0010505	700.0
2130	7.00171e+02	2.13000e+03	0.00104452	700.0
2131	7.00162e+02	2.13100e+03	0.0010404	700.0
2132	7.00158e+02	2.13200e+03	0.00103705	700.0
2133	7.00161e+02	2.13300e+03	0.00103284	700.0
2134	7.00175e+02	2.13400e+03	0.00102728	700.0
2135	7.00163e+02	2.13500e+03	0.00102047	700.0
2136	7.00165e+02	2.13600e+03	0.00100977	700.0
2137	7.00156e+02	2.13700e+03	0.000994396	700.0
2138	7.00157e+02	2.13800e+03	0.000974556	700.0
2139	7.00163e+02	2.13900e+03	0.000951828	700.0
2140	7.00160e+02	2.14000e+03	0.000912337	700.0
2141	7.00154e+02	2.14100e+03	0.000878505	700.0
2142	7.00157e+02	2.14200e+03	0.000846263	700.0
2143	7.00155e+02	2.14300e+03	0.000814892	700.0
2144	7.00154e+02	2.14400e+03	0.00079338	700.0
2145	7.00165e+02	2.14500e+03	0.000782552	700.0
2146	7.00153e+02	2.14600e+03	0.000778074	700.0
2147	7.00156e+02	2.14700e+03	0.000777156	700.0
2148	7.00159e+02	2.14800e+03	0.000805519	700.0
2149	7.00151e+02	2.14900e+03	0.000820523	700.0
2150	7.00148e+02	2.15000e+03	0.000833012	700.0
2151	7.00157e+02	2.15100e+03	0.000845088	700.0
2152	7.00151e+02	2.15200e+03	0.000854568	700.0
2153	7.00156e+02	2.15300e+03	0.000860263	700.0
2154	7.00157e+02	2.15400e+03	0.000862381	700.0
2155	7.00151e+02	2.15500e+03	0.000862166	700.0
2156	7.00152e+02	2.15600e+03	0.000848949	700.0
2157	7.00157e+02	2.15700e+03	0.000841872	700.0
2158	7.00153e+02	2.15800e+03	0.000838087	700.0
2159	7.00149e+02	2.15900e+03	0.00083542	700.0
2160	7.00143e+02	2.16000e+03	0.000830821	700.0
2161	7.00148e+02	2.16100e+03	0.000827819	700.0
2162	7.00146e+02	2.16200e+03	0.000825156	700.0
2163	7.00140e+02	2.16300e+03	0.000822462	700.0
2164	7.00141e+02	2.16400e+03	0.000823162	700.0
2165	7.00142e+02	2.16500e+03	0.000821912	700.0
2166	7.00140e+02	2.16600e+03	0.000820292	700.0
2167	7.00138e+02	2.16700e+03	0.000818661	700.0
2168	7.00132e+02	2.16800e+03	0.000816396	700.0
2169	7.00139e+02	2.16900e+03	0.000814805	700.0
2170	7.00140e+02	2.17000e+03	0.000813476	700.0
2171	7.00136e+02	2.17100e+03	0.000812275	700.0
2172	7.00136e+02	2.17200e+03	0.000811954	700.0
2173	7.00129e+02	2.17300e+03	0.00081139	700.0
2174	7.00132e+02	2.17400e+03	0.000810888	700.0
2175	7.00135e+02	2.17500e+03	0.000810462	700.0
2176	7.00127e+02	2.17600e+03	0.000810471	700.0
2177	7.00130e+02	2.17700e+03	0.000810326	700.0
2178	7.00129e+02	2.17800e+03	0.000810188	700.0
2179	7.00127e+02	2.17900e+03	0.000810075	700.0
2180	7.00119e+02	2.18000e+03	0.000814581	700.0
2181	7.00123e+02	2.18100e+03	0.000822193	700.0
2182	7.00127e+02	2.18200e+03	0.000831358	700.0
2183	7.00125e+02	2.18300e+03	0.00084111	700.0
2184	7.00136e+02	2.18400e+03	0.000861071	700.0
2185	7.00127e+02	2.18500e+03	0.000876763	700.0
2186	7.00124e+02	2.18600e+03	0.00088903	700.0
2187	7.00126e+02	2.18700e+03	0.000899073	700.0
2188	7.00126e+02	2.18800e+03	0.00089789	700.0
2189	7.00133e+02	2.18900e+03	0.000889633	700.0
2190	7.00124e+02	2.19000e+03	0.000876554	700.0
2191	7.00115e+02	2.19100e+03	0.000861088	700.0
2192	7.00115e+02	2.19200e+03	0.000830017	700.0
2193	7.00123e+02	2.19300e+03	0.00081509	700.0
2194	7.00120e+02	2.19400e+03	0.000805492	700.0
2195	7.00113e+02	2.19500e+03	0.000797316	700.0
2196	7.00114e+02	2.19600e+03	0.000801723	700.0
2197	7.00120e+02	2.19700e+03	0.000799382	700.0
2198	7.00120e+02	2.19800e+03	0.000795422	700.0
2199	7.00117e+02	2.19900e+03	0.000790978	700.0
2200	7.00112e+02	2.20000e+03	0.000784236	700.0
2201	7.00112e+02	2.20100e+03	0.000776762	700.0
2202	7.00111e+02	2.20200e+03	0.000768627	700.0
2203	7.00106e+02	2.20300e+03	0.000760154	700.0
2204	7.00115e+02	2.20400e+03	0.00074906	700.0
2205	7.00103e+02	2.20500e+03	0.00074068	700.0
2206	7.00109e+02	2.20600e+03	0.000733429	700.0
2207	7.00112e+02	2.20700e+03	0.000726735	700.0
2208	7.00111e+02	2.20800e+03	0.000725192	700.0
2209	7.00106e+02	2.20900e+03	0.000724671	700.0
2210	7.00101e+02	2.21000e+03	0.00072735	700.0
2211	7.00103e+02	2.21100e+03	0.000732608	700.0
2212	7.00106e+02	2.21200e+03	0.000750716	700.0
2213	7.00103e+02	2.21300e+03	0.000770383	700.0
2214	7.00106e+02	2.21400e+03	0.000796827	700.0
2215	7.00107e+02	2.21500e+03	0.000828161	700.0
2216	7.00108e+02	2.21600e+03	0.000873617	700.0
2217	7.00108e+02	2.21700e+03	0.00090927	700.0
2218	7.00101e+02	2.21800e+03	0.000940386	700.0
2219	7.00105e+02	2.21900e+03	0.000968822	700.0
2220	7.00102e+02	2.22000e+03	0.000983459	700.0
2221	7.00102e+02	2.22100e+03	0.000991609	700.0
2222	7.00093e+02	2.22200e+03	0.000991425	700.0
2223	7.00095e+02	2.22300e+03	0.000985497	700.0
2224	7.00100e+02	2.22400e+03	0.000945716	700.0
2225	7.00096e+02	2.22500e+03	0.000914918	700.0
2226	7.00086e+02	2.22600e+03	0.000882413	700.0
2227	7.00086e+02	2.22700e+03	0.000847491	700.0
2228	7.00092e+02	2.22800e+03	0.000798899	700.0
2229	7.00101e+02	2.22900e+03	0.000761233	700.0
2230	7.00098e+02	2.23000e+03	0.000730704	700.0
2231	7.00091e+02	2.23100e+03	0.000704189	700.0
2232	7.00102e+02	2.23200e+03	0.000689413	700.0
2233	7.00097e+02	2.23300e+03	0.000674696	700.0
2234	7.00094e+02	2.23400e+03	0.000666094	700.0
2235	7.00087e+02	2.23500e+03	0.000662124	700.0
2236	7.00096e+02	2.23600e+03	0.000674256	700.0
2237	7.00091e+02	2.23700e+03	0.000679771	700.0
2238	7.00094e+02	2.23800e+03	0.000684496	700.0
2239	7.00095e+02	2.23900e+03	0.000689375	700.0
2240	7.00099e+02	2.24000e+03	0.000697968	700.0
2241	7.00095e+02	2.24100e+03	0.000703007	700.0
2242	7.00093e+02	2.24200e+03	0.000706686	700.0
2243	7.00094e+02	2.24300e+03	0.000709814	700.0
2244	7.00092e+02	2.24400e+03	0.000703408	700.0
2245	7.00087e+02	2.24500e+03	0.000695185	700.0
2246	7.00083e+02	2.24600e+03	0.000685287	700.0
2247	7.00084e+02	2.24700e+03	0.000674832	700.0
2248	7.00089e+02	2.24800e+03	0.000656914	700.0
2249	7.00092e+02	2.24900e+03	0.000644887	700.0
2250	7.00088e+02	2.25000e+03	0.000635063	700.0
2251	7.00085e+02	2.25100e+03	0.000626218	700.0
2252	7.00081e+02	2.25200e+03	0.000623054	700.0
2253	7.00079e+02	2.25300e+03	0.000618696	700.0
2254	7.00081e+02	2.25400e+03	0.000614979	700.0
2255	7.00081e+02	2.25500e+03	0.000611889	700.0
2256	7.00079e+02	2.25600e+03	0.00061254	700.0
2257	7.00075e+02	2.25700e+03	0.00061171	700.0
2258	7.00072e+02	2.25800e+03	0.000610679	700.0
2259	7.00081e+02	2.25900e+03	0.000609602	700.0
2260	7.00078e+02	2.26000e+03	0.00060752	700.0
2261	7.00076e+02	2.26100e+03	0.000604225	700.0
2262	7.00073e+02	2.26200e+03	0.000601266	700.0
2263	7.00083e+02	2.26300e+03	0.000599781	700.0
2264	7.00083e+02	2.26400e+03	0.000595895	700.0
2265	7.00071e+02	2.26500e+03	0.000590636	700.0
2266	7.00077e+02	2.26600e+03	0.000582815	700.0
2267	7.00078e+02	2.26700e+03	0.000573149	700.0
2268	7.00076e+02	2.26800e+03	0.000559917	700.0
2269	7.00083e+02	2.26900e+03	0.000550635	700.0
2270	7.00073e+02	2.27000e+03	0.000545391	700.0
2271	7.00074e+02	2.27100e+03	0.000541716	700.0
2272	7.00079e+02	2.27200e+03	0.000541919	700.0
2273	7.00073e+02	2.27300e+03	0.000544263	700.0
2274	7.00072e+02	2.27400e+03	0.000548452	700.0
2275	7.00070e+02	2.27500e+03	0.000553787	700.0
2276	7.00065e+02	2.27600e+03	0.000576472	700.0
2277	7.00073e+02	2.27700e+03	0.000598453	700.0
2278	7.00062e+02	2.27800e+03	0.000622155	700.0
2279	7.00059e+02	2.27900e+03	0.000647197	700.0
2280	7.00070e+02	2.28000e+03	0.000684052	700.0
2281	7.00059e+02	2.28100e+03	0.000714358	700.0
2282	7.00066e+02	2.28200e+03	0.000742138	700.0
2283	7.00066e+02	2.28300e+03	0.000768606	700.0
2284	7.00064e+02	2.28400e+03	0.000787931	700.0
2285	7.00059e+02	2.28500e+03	0.000804015	700.0
2286	7.00059e+02	2.28600e+03	0.000815111	700.0
2287	7.00062e+02	2.28700e+03	0.000822518	700.0
2288	7.00061e+02	2.28800e+03	0.000808284	700.0
2289	7.00067e+02	2.28900e+03	0.000795767	700.0
2290	7.00067e+02	2.29000e+03	0.000778958	700.0
2291	7.00071e+02	2.29100e+03	0.000758509	700.0
2292	7.00054e+02	2.29200e+03	0.000722858	700.0
2293	7.00062e+02	2.29300e+03	0.000699098	700.0
2294	7.00063e+02	2.29400e+03	0.000681295	700.0
2295	7.00061e+02	2.29500e+03	0.000666672	700.0
2296	7.00062e+02	2.29600e+03	0.000662895	700.0
2297	7.00064e+02	2.29700e+03	0.000661435	700.0
2298	7.00070e+02	2.29800e+03	0.000663589	700.0
2299	7.00056e+02	2.29900e+03	0.000666903	700.0
2300	7.00062e+02	2.30000e+03	0.000683416	700.0
2301	7.00057e+02	2.30100e+03	0.00069243	700.0
2302	7.00061e+02	2.30200e+03	0.000700062	700.0
2303	7.00055e+02	2.30300e+03	0.000707661	700.0
2304	7.00055e+02	2.30400e+03	0.000714388	700.0
2305	7.00054e+02	2.30500e+03	0.000722318	700.0
2306	7.00063e+02	2.30600e+03	0.000730676	700.0
2307	7.00062e+02	2.30700e+03	0.000739234	700.0
2308	7.00067e+02	2.30800e+03	0.000747248	700.0
2309	7.00066e+02	2.30900e+03	0.00075012	700.0
2310	7.00064e+02	2.31000e+03	0.000749004	700.0
2311	7.00060e+02	2.31100e+03	0.000746838	700.0
2312	7.00062e+02	2.31200e+03	0.000738119	700.0
2313	7.00061e+02	2.31300e+03	0.000732555	700.0
2314	7.00056e+02	2.31400e+03	0.000727761	700.0
2315	7.00058e+02	2.31500e+03	0.000723249	700.0
2316	7.00053e+02	2.31600e+03	0.000718515	700.0
2317	7.00056e+02	2.31700e+03	0.000715111	700.0
2318	7.00050e+02	2.31800e+03	0.000712503	700.0
2319	7.00049e+02	2.31900e+03	0.000710319	700.0
2320	7.00055e+02	2.32000e+03	0.000714128	700.0
2321	7.00052e+02	2.32100e+03	0.000721706	700.0
2322	7.00037e+02	2.32200e+03	0.000733574	700.0
2323	7.00050e+02	2.32300e+03	0.000747059	700.0
2324	7.00055e+02	2.32400e+03	0.000770131	700.0
2325	7.00047e+02	2.32500e+03	0.000788921	700.0
2326	7.00049e+02	2.32600e+03	0.000806714	700.0
2327	7.00053e+02	2.32700e+03	0.000824161	700.0
2328	7.00055e+02	2.32800e+03	0.000840815	700.0
2329	7.00056e+02	2.32900e+03	0.00085418	700.0
2330	7.00054e+02	2.33000e+03	0.000864328	700.0
2331	7.00051e+02	2.33100e+03	0.000872225	700.0
2332	7.00052e+02	2.33200e+03	0.000867384	700.0
2333	7.00052e+02	2.33300e+03	0.000863185	700.0
2334	7.00046e+02	2.33400e+03	0.000856455	700.0
2335	7.00044e+02	2.33500e+03	0.000847704	700.0
2336	7.00047e+02	2.33600e+03	0.000826459	700.0
2337	7.00054e+02	2.33700e+03	0.000810174	700.0
2338	7.00047e+02	2.33800e+03	0.000794234	700.0
2339	7.00042e+02	2.33900e+03	0.000777881	700.0
2340	7.00048e+02	2.34000e+03	0.00075977	700.0
2341	7.00046e+02	2.34100e+03	0.000743296	700.0
2342	7.00049e+02	2.34200e+03	0.000727439	700.0
2343	7.00038e+02	2.34300e+03	0.000711859	700.0
2344	7.00031e+02	2.34400e+03	0.000698189	700.0
2345	7.00036e+02	2.34500e+03	0.000684214	700.0
2346	7.00048e+02	2.34600e+03	0.000670865	700.0
2347	7.00039e+02	2.34700e+03	0.000658088	700.0
2348	7.00043e+02	2.34800e+03	0.000648498	700.0
2349	7.00035e+02	2.34900e+03	0.000639424	700.0
2350	7.00038e+02	2.35000e+03	0.000631476	700.0
2351	7.00039e+02	2.35100e+03	0.000624361	700.0
2352	7.00036e+02	2.35200e+03	0.000622339	700.0
2353	7.00040e+02	2.35300e+03	0.000618817	700.0
2354	7.00040e+02	2.35400e+03	0.000615305	700.0
2355	7.00036e+02	2.35500e+03	0.000611892	700.0
2356	7.00040e+02	2.35600e+03	0.000609009	700.0
2357	7.00043e+02	2.35700e+03	0.000604362	700.0
2358	7.00038e+02	2.35800e+03	0.000598646	700.0
2359	7.00037e+02	2.35900e+03	0.00059233	700.0
2360	7.00040e+02	2.36000e+03	0.000581704	700.0
2361	7.00041e+02	2.36100e+03	0.000571439	700.0
2362	7.00039e+02	2.36200e+03	0.000560017	700.0
2363	7.00044e+02	2.36300e+03	0.000547549	700.0
2364	7.00040e+02	2.36400e+03	0.00052909	700.0
2365	7.00033e+02	2.36500e+03	0.000510446	700.0
2366	7.00032e+02	2.36600e+03	0.000489909	700.0
2367	7.00040e+02	2.36700e+03	0.000467932	700.0
2368	7.00035e+02	2.36800e+03	0.000438995	700.0
2369	7.00045e+02	2.36900e+03	0.000413269	700.0
2370	7.00038e+02	2.37000e+03	0.000389098	700.0
2371	7.00041e+02	2.37100e+03	0.000365953	700.0
2372	7.00043e+02	2.37200e+03	0.000353709	700.0
2373	7.00037e+02	2.37300e+03	0.000349857	700.0
2374	7.00034e+02	2.37400e+03	0.00035301	700.0
2375	7.00032e+02	2.37500e+03	0.000360026	700.0
2376	7.00031e+02	2.37600e+03	0.00039431	700.0
2377	7.00037e+02	2.37700e+03	0.000419305	700.0
2378	7.00041e+02	2.37800e+03	0.000444654	700.0
2379	7.00039e+02	2.37900e+03	0.000471398	700.0
2380	7.00037e+02	2.38000e+03	0.000508815	700.0
2381	7.00032e+02	2.38100e+03	0.000544492	700.0
2382	7.00042e+02	2.38200e+03	0.000579945	700.0
2383	7.00039e+02	2.38300e+03	0.000614383	700.0
2384	7.00034e+02	2.38400e+03	0.000645161	700.0
2385	7.00030e+02	2.38500e+03	0.000670145	700.0
2386	7.00038e+02	2.38600e+03	0.000690097	700.0
2387	7.00031e+02	2.38700e+03	0.000706713	700.0
2388	7.00030e+02	2.38800e+03	0.000703488	700.0
2389	7.00029e+02	2.38900e+03	0.000703765	700.0
2390	7.00035e+02	2.39000e+03	0.000701015	700.0
2391	7.00032e+02	2.39100e+03	0.000695438	700.0
2392	7.00035e+02	2.39200e+03	0.000675297	700.0
2393	7.00033e+02	2.39300e+03	0.000663734	700.0
2394	7.00030e+02	2.39400e+03	0.000656319	700.0
2395	7.00030e+02	2.39500e+03	0.000649966	700.0
2396	7.00020e+02	2.39600e+03	0.000646087	700.0
2397	7.00024e+02	2.39700e+03	0.000644264	700.0
2398	7.00030e+02	2.39800e+03	0.000644001	700.0
2399	7.00024e+02	2.39900e+03	0.000644506	700.0
2400	7.00026e+02	2.40000e+03	0.000652629	700.0
2401	7.00029e+02	2.40100e+03	0.000656195	700.0
2402	7.00024e+02	2.40200e+03	0.000658297	700.0
2403	7.00031e+02	2.40300e+03	0.00065981	700.0
2404	7.00032e+02	2.40400e+03	0.000656833	700.0
2405	7.00027e+02	2.40500e+03	0.000653037	700.0
2406	7.00024e+02	2.40600e+03	0.00064747	700.0
2407	7.00029e+02	2.40700e+03	0.000640599	700.0
2408	7.00026e+02	2.40800e+03	0.000626719	700.0
2409	7.00024e+02	2.40900e+03	0.00061517	700.0
2410	7.00023e+02	2.41000e+03	0.000603627	700.0
2411	7.00022e+02	2.41100e+03	0.000591864	700.0
2412	7.00026e+02	2.41200e+03	0.000579739	700.0
2413	7.00028e+02	2.41300e+03	0.000570316	700.0
2414	7.00028e+02	2.41400e+03	0.000562984	700.0
2415	7.00017e+02	2.41500e+03	0.000556988	700.0
2416	7.00012e+02	2.41600e+03	0.000559023	700.0
2417	7.00023e+02	2.41700e+03	0.00056046	700.0
2418	7.00020e+02	2.41800e+03	0.000563113	700.0
2419	7.00011e+02	2.41900e+03	0.000566749	700.0
2420	7.00016e+02	2.42000e+03	0.000576573	700.0
2421	7.00015e+02	2.42100e+03	0.000582795	700.0
2422	7.00017e+02	2.42200e+03	0.000587992	700.0
2423	7.00020e+02	2.42300e+03	0.000592751	700.0
2424	7.00015e+02	2.42400e+03	0.000593658	700.0
2425	7.00011e+02	2.42500e+03	0.000593021	700.0
2426	7.00013e+02	2.42600e+03	0.000589812	700.0
2427	7.00010e+02	2.42700e+03	0.00058473	700.0
2428	7.00009e+02	2.42800e+03	0.000569087	700.0
2429	7.00016e+02	2.42900e+03	0.000554217	700.0
2430	7.00011e+02	2.43000e+03	0.000537325	700.0
2431	7.00014e+02	2.43100e+03	0.00051878	700.0
2432	7.00014e+02	2.43200e+03	0.000491519	700.0
2433	7.00017e+02	2.43300e+03	0.000469283	700.0
2434	7.00018e+02	2.43400e+03	0.000449176	700.0
2435	7.00011e+02	2.43500e+03	0.000430294	700.0
2436	7.00011e+02	2.43600e+03	0.000418439	700.0
2437	7.00008e+02	2.43700e+03	0.000409565	700.0
2438	7.00017e+02	2.43800e+03	0.000405195	700.0
2439	7.00010e+02	2.43900e+03	0.000404935	700.0
2440	7.00021e+02	2.44000e+03	0.000426623	700.0
2441	7.00013e+02	2.44100e+03	0.000443766	700.0
2442	7.00009e+02	2.44200e+03	0.000460424	700.0
2443	7.00006e+02	2.44300e+03	0.00047716	700.0
2444	7.00012e+02	2.44400e+03	0.000500903	700.0
2445	7.00012e+02	2.44500e+03	0.000514754	700.0
2446	7.00005e+02	2.44600e+03	0.000524239	700.0
2447	7.00000e+02	2.44700e+03	0.000531663	700.0
2448	7.00005e+02	2.44800e+03	0.00052468	700.0
2449	7.00015e+02	2.44900e+03	0.000523634	700.0
2450	7.00002e+02	2.45000e+03	0.000522881	700.0
2451	7.00003e+02	2.45100e+03	0.000521642	700.0
2452	7.00005e+02	2.45200e+03	0.000518287	700.0
2453	6.99999e+02	2.45300e+03	0.000516314	700.0
2454	7.00006e+02	2.45400e+03	0.000514735	700.0
2455	7.00007e+02	2.45500e+03	0.000513264	700.0
2456	7.00008e+02	2.45600e+03	0.000512722	700.0
2457	7.00015e+02	2.45700e+03	0.000511962	700.0
2458	7.00000e+02	2.45800e+03	0.000511297	700.0
2459	6.99998e+02	2.45900e+03	0.00051073	700.0
2460	7.00004e+02	2.46000e+03	0.000510721	700.0
2461	7.00003e+02	2.46100e+03	0.000510511	700.0
2462	7.00003e+02	2.46200e+03	0.000511106	700.0
2463	7.00010e+02	2.46300e+03	0.000513352	700.0
2464	7.00012e+02	2.46400e+03	0.00052186	700.0
2465	7.00003e+02	2.46500e+03	0.000530356	700.0
2466	7.00012e+02	2.46600e+03	0.000539047	700.0
2467	7.00010e+02	2.46700e+03	0.000549185	700.0
2468	7.00014e+02	2.46800e+03	0.000568996	700.0
2469	7.00009e+02	2.46900e+03	0.000583181	700.0
2470	7.00006e+02	2.47000e+03	0.000594455	700.0
2471	7.00007e+02	2.47100e+03	0.000604201	700.0
2472	7.00005e+02	2.47200e+03	0.000608221	700.0
2473	7.00004e+02	2.47300e+03	0.000606083	700.0
2474	7.00000e+02	2.47400e+03	0.000597105	700.0
2475	7.00006e+02	2.47500e+03	0.000584893	700.0
2476	7.00005e+02	2.47600e+03	0.000556665	700.0
2477	7.00014e+02	2.47700e+03	0.000535763	700.0
2478	7.00001e+02	2.47800e+03	0.000516899	700.0
2479	7.00003e+02	2.47900e+03	0.000498976	700.0
2480	7.00012e+02	2.48000e+03	0.000483331	700.0
2481	7.00007e+02	2.48100e+03	0.000471972	700.0
2482	7.00013e+02	2.48200e+03	0.000463428	700.0
2483	7.00007e+02	2.48300e+03	0.000456366	700.0
2484	7.00013e+02	2.48400e+03	0.000460572	700.0
2485	7.00011e+02	2.48500e+03	0.000459362	700.0
2486	7.00010e+02	2.48600e+03	0.000457221	700.0
2487	7.00005e+02	2.48700e+03	0.000455019	700.0
2488	7.00007e+02	2.48800e+03	0.0004517	700.0
2489	7.00011e+02	2.48900e+03	0.000447681	700.0
2490	7.00004e+02	2.49000e+03	0.000443187	700.0
2491	7.00007e+02	2.49100e+03	0.000438465	700.0
2492	7.00007e+02	2.49200e+03	0.000432009	700.0
2493	7.00004e+02	2.49300e+03	0.00042723	700.0
2494	7.00006e+02	2.49400e+03	0.00042367	700.0
2495	7.00008e+02	2.49500e+03	0.000421539	700.0
2496	7.00007e+02	2.49600e+03	0.000428744	700.0
2497	7.00005e+02	2.49700e+03	0.000437175	700.0
2498	7.00012e+02	2.49800e+03	0.000446064	700.0
2499	7.00010e+02	2.49900e+03	0.000455014	700.0
2500	7.00009e+02	2.50000e+03	0.000470599	700.0
2501	7.00003e+02	2.50100e+03	0.000478356	700.0
2502	6.99992e+02	2.50200e+03	0.000482516	700.0
2503	7.00003e+02	2.50300e+03	0.000484893	700.0
2504	7.00016e+02	2.50400e+03	0.000475368	700.0
2505	7.00010e+02	2.50500e+03	0.000469253	700.0
2506	7.00003e+02	2.50600e+03	0.000462775	700.0
2507	7.00003e+02	2.50700e+03	0.000455652	700.0
2508	7.00010e+02	2.50800e+03	0.000444811	700.0
2509	7.00005e+02	2.50900e+03	0.00043719	700.0
2510	7.00011e+02	2.51000e+03	0.000432215	700.0
2511	7.00006e+02	2.51100e+03	0.000430521	700.0
2512	7.00011e+02	2.51200e+03	0.000441691	700.0
2513	7.00011e+02	2.51300e+03	0.00045296	700.0
2514	7.00014e+02	2.51400e+03	0.000465373	700.0
2515	7.00015e+02	2.51500e+03	0.000478257	700.0
2516	7.00009e+02	2.51600e+03	0.000496443	700.0
2517	7.00009e+02	2.51700e+03	0.000502877	700.0
2518	7.00006e+02	2.51800e+03	0.000505139	700.0
2519	7.00006e+02	2.51900e+03	0.000505665	700.0
2520	7.00015e+02	2.52000e+03	0.000487984	700.0
2521	7.00012e+02	2.52100e+03	0.000477946	700.0
2522	7.00009e+02	2.52200e+03	0.000470061	700.0
2523	7.00009e+02	2.52300e+03	0.00046444	700.0
2524	7.00005e+02	2.52400e+03	0.00046536	700.0
2525	7.00009e+02	2.52500e+03	0.00046824	700.0
2526	7.00012e+02	2.52600e+03	0.000473861	700.0
2527	7.00010e+02	2.52700e+03	0.000482851	700.0
2528	7.00011e+02	2.52800e+03	0.000509363	700.0
2529	7.00000e+02	2.52900e+03	0.000528015	700.0
2530	7.00022e+02	2.53000e+03	0.000544209	700.0
2531	7.00000e+02	2.53100e+03	0.000559415	700.0
2532	7.00008e+02	2.53200e+03	0.000573268	700.0
2533	7.00014e+02	2.53300e+03	0.000582219	700.0
2534	6.99988e+02	2.53400e+03	0.000587533	700.0
2535	7.00004e+02	2.53500e+03	0.000590692	700.0
2536	7.00000e+02	2.53600e+03	0.000579682	700.0
2537	7.00000e+02	2.53700e+03	0.000573162	700.0
2538	6.99999e+02	2.53800e+03	0.000566419	700.0
2539	7.00005e+02	2.53900e+03	0.000558987	700.0
2540	6.99998e+02	2.54000e+03	0.000547782	700.0
2541	7.00014e+02	2.54100e+03	0.000539718	700.0
2542	7.00000e+02	2.54200e+03	0.000532802	700.0
2543	7.00006e+02	2.54300e+03	0.00052638	700.0
2544	6.99998e+02	2.54400e+03	0.000523427	700.0
2545	7.00003e+02	2.54500e+03	0.000519668	700.0
2546	7.00007e+02	2.54600e+03	0.000515923	700.0
2547	7.00001e+02	2.54700e+03	0.000512171	700.0
2548	7.00003e+02	2.54800e+03	0.000509083	700.0
2549	7.00003e+02	2.54900e+03	0.000505125	700.0
2550	7.00009e+02	2.55000e+03	0.000501578	700.0
2551	7.00010e+02	2.55100e+03	0.000498635	700.0
2552	7.00010e+02	2.55200e+03	0.000497547	700.0
2553	7.00001e+02	2.55300e+03	0.000499253	700.0
2554	7.00015e+02	2.55400e+03	0.000503873	700.0
2555	7.00007e+02	2.55500e+03	0.000510499	700.0
2556	7.00010e+02	2.55600e+03	0.00052744	700.0
2557	7.00013e+02	2.55700e+03	0.000541775	700.0
2558	7.00010e+02	2.55800e+03	0.000556046	700.0
2559	7.00012e+02	2.55900e+03	0.000570481	700.0
2560	7.00014e+02	2.56000e+03	0.000586567	700.0
2561	7.00011e+02	2.56100e+03	0.000598375	700.0
2562	7.00004e+02	2.56200e+03	0.000609908	700.0
2563	7.00006e+02	2.56300e+03	0.000622727	700.0
2564	7.00011e+02	2.56400e+03	0.000629493	700.0
2565	7.00013e+02	2.56500e+03	0.000636244	700.0
2566	7.00001e+02	2.56600e+03	0.000639441	700.0
2567	7.00005e+02	2.56700e+03	0.000639668	700.0
2568	7.00007e+02	2.56800e+03	0.000629714	700.0
2569	7.00009e+02	2.56900e+03	0.000617015	700.0
2570	7.00008e+02	2.57000e+03	0.000600861	700.0
2571	7.00000e+02	2.57100e+03	0.000582502	700.0
2572	7.00003e+02	2.57200e+03	0.000549225	700.0
2573	7.00010e+02	2.57300e+03	0.000524673	700.0
2574	7.00009e+02	2.57400e+03	0.000501982	700.0
2575	7.00002e+02	2.57500e+03	0.000479577	700.0
2576	7.00003e+02	2.57600e+03	0.000456989	700.0
2577	7.00014e+02	2.57700e+03	0.000430456	700.0
2578	7.00011e+02	2.57800e+03	0.000402984	700.0
2579	7.00020e+02	2.57900e+03	0.000376238	700.0
2580	7.00007e+02	2.58000e+03	0.000349762	700.0
2581	7.00012e+02	2.58100e+03	0.000328428	700.0
2582	7.00012e+02	2.58200e+03	0.000311368	700.0
2583	7.00012e+02	2.58300e+03	0.000297187	700.0
2584	7.00018e+02	2.58400e+03	0.000299521	700.0
2585	7.00011e+02	2.58500e+03	0.000300955	700.0
2586	7.00003e+02	2.58600e+03	0.000304763	700.0
2587	7.00010e+02	2.58700e+03	0.000309004	700.0
2588	7.00012e+02	2.58800e+03	0.000322566	700.0
2589	7.00010e+02	2.58900e+03	0.000329865	700.0
2590	7.00007e+02	2.59000e+03	0.000336126	700.0
2591	7.00013e+02	2.59100e+03	0.000342274	700.0
2592	7.00016e+02	2.59200e+03	0.000341666	700.0
2593	7.00009e+02	2.59300e+03	0.000342923	700.0
2594	7.00005e+02	2.59400e+03	0.000344121	700.0
2595	7.00003e+02	2.59500e+03	0.000345508	700.0
2596	7.00015e+02	2.59600e+03	0.000350607	700.0
2597	7.00005e+02	2.59700e+03	0.00035825	700.0
2598	7.00003e+02	2.59800e+03	0.000365935	700.0
2599	7.00007e+02	2.59900e+03	0.000373212	700.0
2600	7.00015e+02	2.60000e+03	0.000387738	700.0
2601	7.00010e+02	2.60100e+03	0.000400335	700.0
2602	7.00015e+02	2.60200e+03	0.000412478	700.0
2603	7.00006e+02	2.60300e+03	0.000423557	700.0
2604	7.00001e+02	2.60400e+03	0.000429886	700.0
2605	7.00006e+02	2.60500e+03	0.000434603	700.0
2606	7.00001e+02	2.60600e+03	0.000437188	700.0
2607	7.00008e+02	2.60700e+03	0.000438327	700.0
2608	7.00011e+02	2.60800e+03	0.000431915	700.0
2609	6.99997e+02	2.60900e+03	0.000428855	700.0
2610	7.00018e+02	2.61000e+03	0.000426146	700.0
2611	7.00012e+02	2.61100e+03	0.000423321	700.0
2612	7.00011e+02	2.61200e+03	0.000421158	700.0
2613	7.00007e+02	2.61300e+03	0.00042075	700.0
2614	7.00010e+02	2.61400e+03	0.000421907	700.0
2615	7.00010e+02	2.61500e+03	0.000424072	700.0
2616	7.00011e+02	2.61600e+03	0.000431969	700.0
2617	7.00004e+02	2.61700e+03	0.000438469	700.0
2618	7.00003e+02	2.61800e+03	0.000444601	700.0
2619	7.00010e+02	2.61900e+03	0.0004505	700.0
2620	7.00012e+02	2.62000e+03	0.000456392	700.0
2621	7.00006e+02	2.62100e+03	0.000459126	700.0
2622	7.00003e+02	2.62200e+03	0.000459821	700.0
2623	7.00003e+02	2.62300e+03	0.000459294	700.0
2624	7.00012e+02	2.62400e+03	0.000449867	700.0
2625	7.00006e+02	2.62500e+03	0.000441716	700.0
2626	7.00003e+02	2.62600e+03	0.00043172	700.0
2627	7.00013e+02	2.62700e+03	0.000420042	700.0
2628	7.00009e+02	2.62800e+03	0.000400418	700.0
2629	7.00011e+02	2.62900e+03	0.000383241	700.0
2630	7.00002e+02	2.63000e+03	0.000366592	700.0
2631	7.00005e+02	2.63100e+03	0.000350152	700.0
2632	7.00013e+02	2.63200e+03	0.000333979	700.0
2633	7.00014e+02	2.63300e+03	0.000321513	700.0
2634	7.00002e+02	2.63400e+03	0.000311504	700.0
2635	7.00010e+02	2.63500e+03	0.000302944	700.0
2636	7.00015e+02	2.63600e+03	0.000304419	700.0
2637	7.00012e+02	2.63700e+03	0.000304126	700.0
2638	7.00004e+02	2.63800e+03	0.000305941	700.0
2639	7.00007e+02	2.63900e+03	0.000309779	700.0
2640	7.00005e+02	2.64000e+03	0.000323529	700.0
2641	7.00012e+02	2.64100e+03	0.000336259	700.0
2642	7.00007e+02	2.64200e+03	0.00035047	700.0
2643	7.00006e+02	2.64300e+03	0.000365921	700.0
2644	7.00008e+02	2.64400e+03	0.00038825	700.0
2645	7.00006e+02	2.64500e+03	0.000405545	700.0
2646	7.00004e+02	2.64600e+03	0.000420416	700.0
2647	7.00002e+02	2.64700e+03	0.000433906	700.0
2648	6.99997e+02	2.64800e+03	0.000438543	700.0
2649	7.00007e+02	2.64900e+03	0.000441175	700.0
2650	7.00002e+02	2.65000e+03	0.000440427	700.0
2651	6.99997e+02	2.65100e+03	0.000437314	700.0
2652	7.00004e+02	2.65200e+03	0.000413484	700.0
2653	7.00000e+02	2.65300e+03	0.000392094	700.0
2654	7.00014e+02	2.65400e+03	0.000370767	700.0
2655	7.00001e+02	2.65500e+03	0.000349485	700.0
2656	7.00005e+02	2.65600e+03	0.000321924	700.0
2657	7.00003e+02	2.65700e+03	0.000303913	700.0
2658	7.00002e+02	2.65800e+03	0.000291051	700.0
2659	7.00005e+02	2.65900e+03	0.000281843	700.0
2660	6.99997e+02	2.66000e+03	0.000293996	700.0
2661	6.99997e+02	2.66100e+03	0.000301933	700.0
2662	6.99999e+02	2.66200e+03	0.000310883	700.0
2663	7.00000e+02	2.66300e+03	0.000321233	700.0
2664	6.99996e+02	2.66400e+03	0.000344277	700.0
2665	6.99999e+02	2.66500e+03	0.000360675	700.0
2666	7.00001e+02	2.66600e+03	0.000375965	700.0
2667	6.99995e+02	2.66700e+03	0.000391291	700.0
2668	6.99998e+02	2.66800e+03	0.000405774	700.0
2669	7.00003e+02	2.66900e+03	0.000420842	700.0
2670	7.00008e+02	2.67000e+03	0.000435561	700.0
2671	6.99993e+02	2.67100e+03	0.000449898	700.0
2672	6.99992e+02	2.67200e+03	0.000461443	700.0
2673	6.99997e+02	2.67300e+03	0.0004705	700.0
2674	7.00002e+02	2.67400e+03	0.000476454	700.0
2675	6.99995e+02	2.67500e+03	0.000480116	700.0
2676	6.99998e+02	2.67600e+03	0.00047139	700.0
2677	6.99992e+02	2.67700e+03	0.000463579	700.0
2678	7.00008e+02	2.67800e+03	0.000453668	700.0
2679	7.00004e+02	2.67900e+03	0.000442055	700.0
2680	6.99999e+02	2.68000e+03	0.000419854	700.0
2681	7.00003e+02	2.68100e+03	0.000402904	700.0
2682	6.99999e+02	2.68200e+03	0.000387144	700.0
2683	7.00006e+02	2.68300e+03	0.000371698	700.0
2684	7.00001e+02	2.68400e+03	0.000358696	700.0
2685	7.00003e+02	2.68500e+03	0.000347115	700.0
2686	7.00001e+02	2.68600e+03	0.00033708	700.0
2687	6.99998e+02	2.68700e+03	0.000328071	700.0
2688	6.99989e+02	2.68800e+03	0.000325538	700.0
2689	6.99991e+02	2.68900e+03	0.000321231	700.0
2690	6.99992e+02	2.69000e+03	0.000317368	700.0
2691	6.99999e+02	2.69100e+03	0.000314084	700.0
2692	6.99994e+02	2.69200e+03	0.000314031	700.0
2693	6.99990e+02	2.69300e+03	0.000312889	700.0
2694	7.00004e+02	2.69400e+03	0.00031199	700.0
2695	7.00004e+02	2.69500e+03	0.00031152	700.0
2696	7.00003e+02	2.69600e+03	0.000313824	700.0
2697	7.00007e+02	2.69700e+03	0.000316686	700.0
2698	7.00003e+02	2.69800e+03	0.000321113	700.0
2699	7.00004e+02	2.69900e+03	0.000327219	700.0
2700	7.00002e+02	2.70000e+03	0.000345591	700.0
2701	6.99999e+02	2.70100e+03	0.000364852	700.0
2702	6.99998e+02	2.70200e+03	0.000384732	700.0
2703	6.99997e+02	2.70300e+03	0.000404897	700.0
2704	6.99998e+02	2.70400e+03	0.00043345	700.0
2705	6.99999e+02	2.70500e+03	0.000453394	700.0
2706	6.99996e+02	2.70600e+03	0.000469486	700.0
2707	6.99995e+02	2.70700e+03	0.000483523	700.0
2708	6.99999e+02	2.70800e+03	0.000482162	700.0
2709	7.00002e+02	2.70900e+03	0.000478905	700.0
2710	7.00000e+02	2.71000e+03	0.000470478	700.0
2711	7.00006e+02	2.71100e+03	0.00045855	700.0
2712	6.99999e+02	2.71200e+03	0.000443495	700.0
2713	7.00006e+02	2.71300e+03	0.000425581	700.0
2714	7.00003e+02	2.71400e+03	0.000405917	700.0
2715	7.00003e+02	2.71500e+03	0.00038516	700.0
2716	7.00005e+02	2.71600e+03	0.00036452	700.0
2717	7.00002e+02	2.71700e+03	0.000346654	700.0
2718	7.00004e+02	2.71800e+03	0.000334266	700.0
2719	6.99993e+02	2.71900e+03	0.000326388	700.0
2720	6.99992e+02	2.72000e+03	0.00032006	700.0
