index	ts	t	weight	tr
[#]	[°C]	[s]	[mg]	[°C]
683	1.30937e+02	6.83000e+02	1.99419e+00	1.31500e+02
684	1.31431e+02	6.84000e+02	1.99417e+00	1.32000e+02
685	1.31930e+02	6.85000e+02	1.99415e+00	1.32500e+02
686	1.32416e+02	6.86000e+02	1.99414e+00	1.33000e+02
687	1.32930e+02	6.87000e+02	1.99412e+00	1.33500e+02
688	1.33414e+02	6.88000e+02	1.99413e+00	1.34000e+02
689	1.33922e+02	6.89000e+02	1.99412e+00	1.34500e+02
690	1.34419e+02	6.90000e+02	1.99412e+00	1.35000e+02
691	1.34921e+02	6.91000e+02	1.99411e+00	1.35500e+02
692	1.35418e+02	6.92000e+02	1.99411e+00	1.36000e+02
693	1.35915e+02	6.93000e+02	1.99411e+00	1.36500e+02
694	1.36418e+02	6.94000e+02	1.99412e+00	1.37000e+02
695	1.36915e+02	6.95000e+02	1.99412e+00	1.37500e+02
696	1.37403e+02	6.96000e+02	1.99413e+00	1.38000e+02
697	1.37935e+02	6.97000e+02	1.99413e+00	1.38500e+02
698	1.38432e+02	6.98000e+02	1.99413e+00	1.39000e+02
699	1.38964e+02	6.99000e+02	1.99412e+00	1.39500e+02
700	1.39459e+02	7.00000e+02	1.99410e+00	1.40000e+02
701	1.39964e+02	7.01000e+02	1.99408e+00	1.40500e+02
702	1.40472e+02	7.02000e+02	1.99405e+00	1.41000e+02
703	1.40980e+02	7.03000e+02	1.99402e+00	1.41500e+02
704	1.41477e+02	7.04000e+02	1.99397e+00	1.42000e+02
705	1.41969e+02	7.05000e+02	1.99394e+00	1.42500e+02
706	1.42478e+02	7.06000e+02	1.99391e+00	1.43000e+02
707	1.42970e+02	7.07000e+02	1.99389e+00	1.43500e+02
708	1.43479e+02	7.08000e+02	1.99387e+00	1.44000e+02
709	1.43985e+02	7.09000e+02	1.99384e+00	1.44500e+02
710	1.44477e+02	7.10000e+02	1.99383e+00	1.45000e+02
711	1.44968e+02	7.11000e+02	1.99381e+00	1.45500e+02
712	1.45482e+02	7.12000e+02	1.99380e+00	1.46000e+02
713	1.45983e+02	7.13000e+02	1.99379e+00	1.46500e+02
714	1.46482e+02	7.14000e+02	1.99378e+00	1.47000e+02
715	1.46998e+02	7.15000e+02	1.99377e+00	1.47500e+02
716	1.47490e+02	7.16000e+02	1.99376e+00	1.48000e+02
717	1.47981e+02	7.17000e+02	1.99375e+00	1.48500e+02
718	1.48480e+02	7.18000e+02	1.99374e+00	1.49000e+02
719	1.48989e+02	7.19000e+02	1.99373e+00	1.49500e+02
720	1.49478e+02	7.20000e+02	1.99372e+00	1.50000e+02
721	1.49978e+02	7.21000e+02	1.99370e+00	1.50500e+02
722	1.50487e+02	7.22000e+02	1.99368e+00	1.51000e+02
723	1.50992e+02	7.23000e+02	1.99367e+00	1.51500e+02
724	1.51480e+02	7.24000e+02	1.99364e+00	1.52000e+02
725	1.51996e+02	7.25000e+02	1.99361e+00	1.52500e+02
726	1.52480e+02	7.26000e+02	1.99359e+00	1.53000e+02
727	1.52980e+02	7.27000e+02	1.99356e+00	1.53500e+02
728	1.53484e+02	7.28000e+02	1.99352e+00	1.54000e+02
729	1.53976e+02	7.29000e+02	1.99349e+00	1.54500e+02
730	1.54477e+02	7.30000e+02	1.99346e+00	1.55000e+02
731	1.54977e+02	7.31000e+02	1.99342e+00	1.55500e+02
732	1.55475e+02	7.32000e+02	1.99339e+00	1.56000e+02
733	1.55980e+02	7.33000e+02	1.99336e+00	1.56500e+02
734	1.56491e+02	7.34000e+02	1.99333e+00	1.57000e+02
735	1.56993e+02	7.35000e+02	1.99331e+00	1.57500e+02
736	1.57491e+02	7.36000e+02	1.99329e+00	1.58000e+02
737	1.57985e+02	7.37000e+02	1.99327e+00	1.58500e+02
738	1.58481e+02	7.38000e+02	1.99326e+00	1.59000e+02
739	1.58979e+02	7.39000e+02	1.99325e+00	1.59500e+02
740	1.59486e+02	7.40000e+02	1.99325e+00	1.60000e+02
741	1.59995e+02	7.41000e+02	1.99323e+00	1.60500e+02
742	1.60500e+02	7.42000e+02	1.99322e+00	1.61000e+02
743	1.60997e+02	7.43000e+02	1.99321e+00	1.61500e+02
744	1.61496e+02	7.44000e+02	1.99320e+00	1.62000e+02
745	1.61999e+02	7.45000e+02	1.99318e+00	1.62500e+02
746	1.62499e+02	7.46000e+02	1.99317e+00	1.63000e+02
747	1.63006e+02	7.47000e+02	1.99315e+00	1.63500e+02
748	1.63510e+02	7.48000e+02	1.99313e+00	1.64000e+02
749	1.64010e+02	7.49000e+02	1.99310e+00	1.64500e+02
750	1.64520e+02	7.50000e+02	1.99308e+00	1.65000e+02
751	1.65009e+02	7.51000e+02	1.99305e+00	1.65500e+02
752	1.65526e+02	7.52000e+02	1.99300e+00	1.66000e+02
753	1.66032e+02	7.53000e+02	1.99297e+00	1.66500e+02
754	1.66539e+02	7.54000e+02	1.99293e+00	1.67000e+02
755	1.67032e+02	7.55000e+02	1.99289e+00	1.67500e+02
756	1.67535e+02	7.56000e+02	1.99284e+00	1.68000e+02
757	1.68051e+02	7.57000e+02	1.99280e+00	1.68500e+02
758	1.68554e+02	7.58000e+02	1.99276e+00	1.69000e+02
759	1.69058e+02	7.59000e+02	1.99272e+00	1.69500e+02
760	1.69555e+02	7.60000e+02	1.99267e+00	1.70000e+02
761	1.70064e+02	7.61000e+02	1.99261e+00	1.70500e+02
762	1.70562e+02	7.62000e+02	1.99255e+00	1.71000e+02
763	1.71066e+02	7.63000e+02	1.99249e+00	1.71500e+02
764	1.71572e+02	7.64000e+02	1.99242e+00	1.72000e+02
765	1.72074e+02	7.65000e+02	1.99235e+00	1.72500e+02
766	1.72572e+02	7.66000e+02	1.99230e+00	1.73000e+02
767	1.73062e+02	7.67000e+02	1.99225e+00	1.73500e+02
768	1.73559e+02	7.68000e+02	1.99222e+00	1.74000e+02
769	1.74065e+02	7.69000e+02	1.99218e+00	1.74500e+02
770	1.74555e+02	7.70000e+02	1.99216e+00	1.75000e+02
771	1.75061e+02	7.71000e+02	1.99213e+00	1.75500e+02
772	1.75567e+02	7.72000e+02	1.99213e+00	1.76000e+02
773	1.76064e+02	7.73000e+02	1.99211e+00	1.76500e+02
774	1.76565e+02	7.74000e+02	1.99209e+00	1.77000e+02
775	1.77064e+02	7.75000e+02	1.99206e+00	1.77500e+02
776	1.77566e+02	7.76000e+02	1.99203e+00	1.78000e+02
777	1.78074e+02	7.77000e+02	1.99199e+00	1.78500e+02
778	1.78577e+02	7.78000e+02	1.99195e+00	1.79000e+02
779	1.79087e+02	7.79000e+02	1.99191e+00	1.79500e+02
780	1.79584e+02	7.80000e+02	1.99186e+00	1.80000e+02
781	1.80100e+02	7.81000e+02	1.99181e+00	1.80500e+02
782	1.80607e+02	7.82000e+02	1.99177e+00	1.81000e+02
783	1.81119e+02	7.83000e+02	1.99173e+00	1.81500e+02
784	1.81626e+02	7.84000e+02	1.99169e+00	1.82000e+02
785	1.82144e+02	7.85000e+02	1.99165e+00	1.82500e+02
786	1.82660e+02	7.86000e+02	1.99161e+00	1.83000e+02
787	1.83184e+02	7.87000e+02	1.99157e+00	1.83500e+02
788	1.83701e+02	7.88000e+02	1.99153e+00	1.84000e+02
789	1.84227e+02	7.89000e+02	1.99149e+00	1.84500e+02
790	1.84727e+02	7.90000e+02	1.99143e+00	1.85000e+02
791	1.85236e+02	7.91000e+02	1.99138e+00	1.85500e+02
792	1.85743e+02	7.92000e+02	1.99130e+00	1.86000e+02
793	1.86284e+02	7.93000e+02	1.99121e+00	1.86500e+02
794	1.86793e+02	7.94000e+02	1.99112e+00	1.87000e+02
795	1.87344e+02	7.95000e+02	1.99103e+00	1.87500e+02
796	1.87865e+02	7.96000e+02	1.99090e+00	1.88000e+02
797	1.88383e+02	7.97000e+02	1.99079e+00	1.88500e+02
798	1.88906e+02	7.98000e+02	1.99068e+00	1.89000e+02
799	1.89447e+02	7.99000e+02	1.99056e+00	1.89500e+02
800	1.89955e+02	8.00000e+02	1.99045e+00	1.90000e+02
801	1.90471e+02	8.01000e+02	1.99034e+00	1.90500e+02
802	1.90986e+02	8.02000e+02	1.99023e+00	1.91000e+02
803	1.91502e+02	8.03000e+02	1.99013e+00	1.91500e+02
804	1.92013e+02	8.04000e+02	1.99003e+00	1.92000e+02
805	1.92532e+02	8.05000e+02	1.98992e+00	1.92500e+02
806	1.93044e+02	8.06000e+02	1.98980e+00	1.93000e+02
807	1.93562e+02	8.07000e+02	1.98969e+00	1.93500e+02
808	1.94063e+02	8.08000e+02	1.98955e+00	1.94000e+02
809	1.94570e+02	8.09000e+02	1.98941e+00	1.94500e+02
810	1.95078e+02	8.10000e+02	1.98926e+00	1.95000e+02
811	1.95585e+02	8.11000e+02	1.98911e+00	1.95500e+02
812	1.96104e+02	8.12000e+02	1.98893e+00	1.96000e+02
813	1.96616e+02	8.13000e+02	1.98877e+00	1.96500e+02
814	1.97113e+02	8.14000e+02	1.98860e+00	1.97000e+02
815	1.97625e+02	8.15000e+02	1.98844e+00	1.97500e+02
816	1.98138e+02	8.16000e+02	1.98826e+00	1.98000e+02
817	1.98638e+02	8.17000e+02	1.98809e+00	1.98500e+02
818	1.99153e+02	8.18000e+02	1.98792e+00	1.99000e+02
819	1.99661e+02	8.19000e+02	1.98774e+00	1.99500e+02
820	2.00173e+02	8.20000e+02	1.98756e+00	2.00000e+02
821	2.00672e+02	8.21000e+02	1.98738e+00	2.00500e+02
822	2.01187e+02	8.22000e+02	1.98720e+00	2.01000e+02
823	2.01693e+02	8.23000e+02	1.98702e+00	2.01500e+02
824	2.02204e+02	8.24000e+02	1.98683e+00	2.02000e+02
825	2.02727e+02	8.25000e+02	1.98664e+00	2.02500e+02
826	2.03254e+02	8.26000e+02	1.98645e+00	2.03000e+02
827	2.03760e+02	8.27000e+02	1.98626e+00	2.03500e+02
828	2.04271e+02	8.28000e+02	1.98604e+00	2.04000e+02
829	2.04796e+02	8.29000e+02	1.98582e+00	2.04500e+02
830	2.05319e+02	8.30000e+02	1.98560e+00	2.05000e+02
831	2.05823e+02	8.31000e+02	1.98537e+00	2.05500e+02
832	2.06353e+02	8.32000e+02	1.98512e+00	2.06000e+02
833	2.06860e+02	8.33000e+02	1.98489e+00	2.06500e+02
834	2.07360e+02	8.34000e+02	1.98466e+00	2.07000e+02
835	2.07866e+02	8.35000e+02	1.98442e+00	2.07500e+02
836	2.08375e+02	8.36000e+02	1.98419e+00	2.08000e+02
837	2.08896e+02	8.37000e+02	1.98395e+00	2.08500e+02
838	2.09409e+02	8.38000e+02	1.98371e+00	2.09000e+02
839	2.09934e+02	8.39000e+02	1.98346e+00	2.09500e+02
840	2.10439e+02	8.40000e+02	1.98320e+00	2.10000e+02
841	2.10961e+02	8.41000e+02	1.98294e+00	2.10500e+02
842	2.11475e+02	8.42000e+02	1.98267e+00	2.11000e+02
843	2.11973e+02	8.43000e+02	1.98241e+00	2.11500e+02
844	2.12489e+02	8.44000e+02	1.98213e+00	2.12000e+02
845	2.12999e+02	8.45000e+02	1.98186e+00	2.12500e+02
846	2.13518e+02	8.46000e+02	1.98159e+00	2.13000e+02
847	2.14034e+02	8.47000e+02	1.98132e+00	2.13500e+02
848	2.14544e+02	8.48000e+02	1.98107e+00	2.14000e+02
849	2.15068e+02	8.49000e+02	1.98081e+00	2.14500e+02
850	2.15576e+02	8.50000e+02	1.98055e+00	2.15000e+02
851	2.16090e+02	8.51000e+02	1.98030e+00	2.15500e+02
852	2.16607e+02	8.52000e+02	1.98006e+00	2.16000e+02
853	2.17108e+02	8.53000e+02	1.97981e+00	2.16500e+02
854	2.17615e+02	8.54000e+02	1.97956e+00	2.17000e+02
855	2.18114e+02	8.55000e+02	1.97931e+00	2.17500e+02
856	2.18626e+02	8.56000e+02	1.97907e+00	2.18000e+02
857	2.19148e+02	8.57000e+02	1.97881e+00	2.18500e+02
858	2.19653e+02	8.58000e+02	1.97856e+00	2.19000e+02
859	2.20160e+02	8.59000e+02	1.97830e+00	2.19500e+02
860	2.20682e+02	8.60000e+02	1.97802e+00	2.20000e+02
861	2.21194e+02	8.61000e+02	1.97775e+00	2.20500e+02
862	2.21713e+02	8.62000e+02	1.97747e+00	2.21000e+02
863	2.22232e+02	8.63000e+02	1.97720e+00	2.21500e+02
864	2.22734e+02	8.64000e+02	1.97692e+00	2.22000e+02
865	2.23246e+02	8.65000e+02	1.97666e+00	2.22500e+02
866	2.23762e+02	8.66000e+02	1.97640e+00	2.23000e+02
867	2.24271e+02	8.67000e+02	1.97615e+00	2.23500e+02
868	2.24772e+02	8.68000e+02	1.97592e+00	2.24000e+02
869	2.25293e+02	8.69000e+02	1.97567e+00	2.24500e+02
870	2.25783e+02	8.70000e+02	1.97541e+00	2.25000e+02
871	2.26300e+02	8.71000e+02	1.97515e+00	2.25500e+02
872	2.26828e+02	8.72000e+02	1.97488e+00	2.26000e+02
873	2.27341e+02	8.73000e+02	1.97461e+00	2.26500e+02
874	2.27844e+02	8.74000e+02	1.97435e+00	2.27000e+02
875	2.28354e+02	8.75000e+02	1.97408e+00	2.27500e+02
876	2.28869e+02	8.76000e+02	1.97381e+00	2.28000e+02
877	2.29371e+02	8.77000e+02	1.97355e+00	2.28500e+02
878	2.29882e+02	8.78000e+02	1.97328e+00	2.29000e+02
879	2.30392e+02	8.79000e+02	1.97301e+00	2.29500e+02
880	2.30900e+02	8.80000e+02	1.97272e+00	2.30000e+02
881	2.31414e+02	8.81000e+02	1.97243e+00	2.30500e+02
882	2.31924e+02	8.82000e+02	1.97214e+00	2.31000e+02
883	2.32430e+02	8.83000e+02	1.97185e+00	2.31500e+02
884	2.32942e+02	8.84000e+02	1.97153e+00	2.32000e+02
885	2.33454e+02	8.85000e+02	1.97123e+00	2.32500e+02
886	2.33952e+02	8.86000e+02	1.97092e+00	2.33000e+02
887	2.34454e+02	8.87000e+02	1.97061e+00	2.33500e+02
888	2.34979e+02	8.88000e+02	1.97030e+00	2.34000e+02
889	2.35485e+02	8.89000e+02	1.96999e+00	2.34500e+02
890	2.35991e+02	8.90000e+02	1.96968e+00	2.35000e+02
891	2.36503e+02	8.91000e+02	1.96937e+00	2.35500e+02
892	2.37013e+02	8.92000e+02	1.96906e+00	2.36000e+02
893	2.37519e+02	8.93000e+02	1.96875e+00	2.36500e+02
894	2.38017e+02	8.94000e+02	1.96845e+00	2.37000e+02
895	2.38524e+02	8.95000e+02	1.96814e+00	2.37500e+02
896	2.39034e+02	8.96000e+02	1.96784e+00	2.38000e+02
897	2.39555e+02	8.97000e+02	1.96753e+00	2.38500e+02
898	2.40049e+02	8.98000e+02	1.96722e+00	2.39000e+02
899	2.40570e+02	8.99000e+02	1.96691e+00	2.39500e+02
900	2.41076e+02	9.00000e+02	1.96660e+00	2.40000e+02
901	2.41586e+02	9.01000e+02	1.96628e+00	2.40500e+02
902	2.42089e+02	9.02000e+02	1.96596e+00	2.41000e+02
903	2.42599e+02	9.03000e+02	1.96564e+00	2.41500e+02
904	2.43113e+02	9.04000e+02	1.96531e+00	2.42000e+02
905	2.43617e+02	9.05000e+02	1.96498e+00	2.42500e+02
906	2.44118e+02	9.06000e+02	1.96464e+00	2.43000e+02
907	2.44638e+02	9.07000e+02	1.96430e+00	2.43500e+02
908	2.45135e+02	9.08000e+02	1.96394e+00	2.44000e+02
909	2.45633e+02	9.09000e+02	1.96358e+00	2.44500e+02
910	2.46147e+02	9.10000e+02	1.96323e+00	2.45000e+02
911	2.46648e+02	9.11000e+02	1.96287e+00	2.45500e+02
912	2.47153e+02	9.12000e+02	1.96252e+00	2.46000e+02
913	2.47651e+02	9.13000e+02	1.96217e+00	2.46500e+02
914	2.48160e+02	9.14000e+02	1.96182e+00	2.47000e+02
915	2.48674e+02	9.15000e+02	1.96148e+00	2.47500e+02
916	2.49187e+02	9.16000e+02	1.96114e+00	2.48000e+02
917	2.49693e+02	9.17000e+02	1.96080e+00	2.48500e+02
918	2.50193e+02	9.18000e+02	1.96045e+00	2.49000e+02
919	2.50702e+02	9.19000e+02	1.96011e+00	2.49500e+02
920	2.51209e+02	9.20000e+02	1.95976e+00	2.50000e+02
921	2.51723e+02	9.21000e+02	1.95941e+00	2.50500e+02
922	2.52225e+02	9.22000e+02	1.95906e+00	2.51000e+02
923	2.52742e+02	9.23000e+02	1.95871e+00	2.51500e+02
924	2.53246e+02	9.24000e+02	1.95835e+00	2.52000e+02
925	2.53752e+02	9.25000e+02	1.95800e+00	2.52500e+02
926	2.54256e+02	9.26000e+02	1.95765e+00	2.53000e+02
927	2.54778e+02	9.27000e+02	1.95730e+00	2.53500e+02
928	2.55293e+02	9.28000e+02	1.95695e+00	2.54000e+02
929	2.55793e+02	9.29000e+02	1.95660e+00	2.54500e+02
930	2.56302e+02	9.30000e+02	1.95624e+00	2.55000e+02
931	2.56812e+02	9.31000e+02	1.95589e+00	2.55500e+02
932	2.57313e+02	9.32000e+02	1.95553e+00	2.56000e+02
933	2.57808e+02	9.33000e+02	1.95517e+00	2.56500e+02
934	2.58320e+02	9.34000e+02	1.95480e+00	2.57000e+02
935	2.58831e+02	9.35000e+02	1.95443e+00	2.57500e+02
936	2.59340e+02	9.36000e+02	1.95405e+00	2.58000e+02
937	2.59852e+02	9.37000e+02	1.95367e+00	2.58500e+02
938	2.60367e+02	9.38000e+02	1.95330e+00	2.59000e+02
939	2.60884e+02	9.39000e+02	1.95292e+00	2.59500e+02
940	2.61390e+02	9.40000e+02	1.95254e+00	2.60000e+02
941	2.61900e+02	9.41000e+02	1.95217e+00	2.60500e+02
942	2.62404e+02	9.42000e+02	1.95179e+00	2.61000e+02
943	2.62919e+02	9.43000e+02	1.95142e+00	2.61500e+02
944	2.63414e+02	9.44000e+02	1.95104e+00	2.62000e+02
945	2.63931e+02	9.45000e+02	1.95067e+00	2.62500e+02
946	2.64435e+02	9.46000e+02	1.95029e+00	2.63000e+02
947	2.64936e+02	9.47000e+02	1.94991e+00	2.63500e+02
948	2.65447e+02	9.48000e+02	1.94954e+00	2.64000e+02
949	2.65966e+02	9.49000e+02	1.94917e+00	2.64500e+02
950	2.66457e+02	9.50000e+02	1.94880e+00	2.65000e+02
951	2.66980e+02	9.51000e+02	1.94843e+00	2.65500e+02
952	2.67483e+02	9.52000e+02	1.94807e+00	2.66000e+02
953	2.67985e+02	9.53000e+02	1.94769e+00	2.66500e+02
954	2.68488e+02	9.54000e+02	1.94732e+00	2.67000e+02
955	2.68992e+02	9.55000e+02	1.94694e+00	2.67500e+02
956	2.69499e+02	9.56000e+02	1.94654e+00	2.68000e+02
957	2.70007e+02	9.57000e+02	1.94615e+00	2.68500e+02
958	2.70501e+02	9.58000e+02	1.94575e+00	2.69000e+02
959	2.71005e+02	9.59000e+02	1.94535e+00	2.69500e+02
960	2.71514e+02	9.60000e+02	1.94493e+00	2.70000e+02
961	2.72023e+02	9.61000e+02	1.94453e+00	2.70500e+02
962	2.72524e+02	9.62000e+02	1.94412e+00	2.71000e+02
963	2.73030e+02	9.63000e+02	1.94371e+00	2.71500e+02
964	2.73532e+02	9.64000e+02	1.94330e+00	2.72000e+02
965	2.74036e+02	9.65000e+02	1.94289e+00	2.72500e+02
966	2.74539e+02	9.66000e+02	1.94247e+00	2.73000e+02
967	2.75044e+02	9.67000e+02	1.94206e+00	2.73500e+02
968	2.75546e+02	9.68000e+02	1.94164e+00	2.74000e+02
969	2.76044e+02	9.69000e+02	1.94121e+00	2.74500e+02
970	2.76559e+02	9.70000e+02	1.94078e+00	2.75000e+02
971	2.77062e+02	9.71000e+02	1.94035e+00	2.75500e+02
972	2.77560e+02	9.72000e+02	1.93990e+00	2.76000e+02
973	2.78057e+02	9.73000e+02	1.93946e+00	2.76500e+02
974	2.78560e+02	9.74000e+02	1.93901e+00	2.77000e+02
975	2.79070e+02	9.75000e+02	1.93856e+00	2.77500e+02
976	2.79565e+02	9.76000e+02	1.93810e+00	2.78000e+02
977	2.80058e+02	9.77000e+02	1.93765e+00	2.78500e+02
978	2.80559e+02	9.78000e+02	1.93719e+00	2.79000e+02
979	2.81062e+02	9.79000e+02	1.93673e+00	2.79500e+02
980	2.81568e+02	9.80000e+02	1.93627e+00	2.80000e+02
981	2.82077e+02	9.81000e+02	1.93581e+00	2.80500e+02
982	2.82576e+02	9.82000e+02	1.93535e+00	2.81000e+02
983	2.83071e+02	9.83000e+02	1.93488e+00	2.81500e+02
984	2.83579e+02	9.84000e+02	1.93440e+00	2.82000e+02
985	2.84076e+02	9.85000e+02	1.93392e+00	2.82500e+02
986	2.84573e+02	9.86000e+02	1.93343e+00	2.83000e+02
987	2.85085e+02	9.87000e+02	1.93292e+00	2.83500e+02
988	2.85582e+02	9.88000e+02	1.93239e+00	2.84000e+02
989	2.86082e+02	9.89000e+02	1.93186e+00	2.84500e+02
990	2.86585e+02	9.90000e+02	1.93132e+00	2.85000e+02
991	2.87088e+02	9.91000e+02	1.93078e+00	2.85500e+02
992	2.87590e+02	9.92000e+02	1.93021e+00	2.86000e+02
993	2.88096e+02	9.93000e+02	1.92965e+00	2.86500e+02
994	2.88590e+02	9.94000e+02	1.92909e+00	2.87000e+02
995	2.89082e+02	9.95000e+02	1.92854e+00	2.87500e+02
996	2.89587e+02	9.96000e+02	1.92797e+00	2.88000e+02
997	2.90089e+02	9.97000e+02	1.92741e+00	2.88500e+02
998	2.90581e+02	9.98000e+02	1.92684e+00	2.89000e+02
999	2.91076e+02	9.99000e+02	1.92627e+00	2.89500e+02
1000	2.91586e+02	1.00000e+03	1.92568e+00	2.90000e+02
1001	2.92093e+02	1.00100e+03	1.92507e+00	2.90500e+02
1002	2.92577e+02	1.00200e+03	1.92446e+00	2.91000e+02
1003	2.93079e+02	1.00300e+03	1.92385e+00	2.91500e+02
1004	2.93577e+02	1.00400e+03	1.92320e+00	2.92000e+02
1005	2.94073e+02	1.00500e+03	1.92256e+00	2.92500e+02
1006	2.94570e+02	1.00600e+03	1.92194e+00	2.93000e+02
1007	2.95078e+02	1.00700e+03	1.92131e+00	2.93500e+02
1008	2.95580e+02	1.00800e+03	1.92068e+00	2.94000e+02
1009	2.96070e+02	1.00900e+03	1.92006e+00	2.94500e+02
1010	2.96567e+02	1.01000e+03	1.91942e+00	2.95000e+02
1011	2.97069e+02	1.01100e+03	1.91879e+00	2.95500e+02
1012	2.97560e+02	1.01200e+03	1.91814e+00	2.96000e+02
1013	2.98057e+02	1.01300e+03	1.91748e+00	2.96500e+02
1014	2.98549e+02	1.01400e+03	1.91681e+00	2.97000e+02
1015	2.99059e+02	1.01500e+03	1.91614e+00	2.97500e+02
1016	2.99557e+02	1.01600e+03	1.91541e+00	2.98000e+02
1017	3.00055e+02	1.01700e+03	1.91470e+00	2.98500e+02
1018	3.00561e+02	1.01800e+03	1.91397e+00	2.99000e+02
1019	3.01064e+02	1.01900e+03	1.91323e+00	2.99500e+02
1020	3.01549e+02	1.02000e+03	1.91243e+00	3.00000e+02
1021	3.02051e+02	1.02100e+03	1.91165e+00	3.00500e+02
1022	3.02544e+02	1.02200e+03	1.91086e+00	3.01000e+02
1023	3.03044e+02	1.02300e+03	1.91005e+00	3.01500e+02
1024	3.03550e+02	1.02400e+03	1.90921e+00	3.02000e+02
1025	3.04043e+02	1.02500e+03	1.90837e+00	3.02500e+02
1026	3.04564e+02	1.02600e+03	1.90753e+00	3.03000e+02
1027	3.05080e+02	1.02700e+03	1.90669e+00	3.03500e+02
1028	3.05595e+02	1.02800e+03	1.90582e+00	3.04000e+02
1029	3.06111e+02	1.02900e+03	1.90495e+00	3.04500e+02
1030	3.06615e+02	1.03000e+03	1.90407e+00	3.05000e+02
1031	3.07104e+02	1.03100e+03	1.90318e+00	3.05500e+02
1032	3.07604e+02	1.03200e+03	1.90226e+00	3.06000e+02
1033	3.08104e+02	1.03300e+03	1.90133e+00	3.06500e+02
1034	3.08595e+02	1.03400e+03	1.90040e+00	3.07000e+02
1035	3.09101e+02	1.03500e+03	1.89945e+00	3.07500e+02
1036	3.09591e+02	1.03600e+03	1.89845e+00	3.08000e+02
1037	3.10092e+02	1.03700e+03	1.89746e+00	3.08500e+02
1038	3.10590e+02	1.03800e+03	1.89646e+00	3.09000e+02
1039	3.11097e+02	1.03900e+03	1.89545e+00	3.09500e+02
1040	3.11616e+02	1.04000e+03	1.89438e+00	3.10000e+02
1041	3.12128e+02	1.04100e+03	1.89331e+00	3.10500e+02
1042	3.12642e+02	1.04200e+03	1.89223e+00	3.11000e+02
1043	3.13157e+02	1.04300e+03	1.89112e+00	3.11500e+02
1044	3.13646e+02	1.04400e+03	1.88992e+00	3.12000e+02
1045	3.14140e+02	1.04500e+03	1.88873e+00	3.12500e+02
1046	3.14622e+02	1.04600e+03	1.88750e+00	3.13000e+02
1047	3.15120e+02	1.04700e+03	1.88624e+00	3.13500e+02
1048	3.15608e+02	1.04800e+03	1.88486e+00	3.14000e+02
1049	3.16089e+02	1.04900e+03	1.88350e+00	3.14500e+02
1050	3.16575e+02	1.05000e+03	1.88210e+00	3.15000e+02
1051	3.17048e+02	1.05100e+03	1.88069e+00	3.15500e+02
1052	3.17535e+02	1.05200e+03	1.87917e+00	3.16000e+02
1053	3.18027e+02	1.05300e+03	1.87768e+00	3.16500e+02
1054	3.18510e+02	1.05400e+03	1.87619e+00	3.17000e+02
1055	3.19010e+02	1.05500e+03	1.87469e+00	3.17500e+02
1056	3.19483e+02	1.05600e+03	1.87316e+00	3.18000e+02
1057	3.19974e+02	1.05700e+03	1.87164e+00	3.18500e+02
1058	3.20448e+02	1.05800e+03	1.87013e+00	3.19000e+02
1059	3.20935e+02	1.05900e+03	1.86862e+00	3.19500e+02
1060	3.21428e+02	1.06000e+03	1.86713e+00	3.20000e+02
1061	3.21914e+02	1.06100e+03	1.86563e+00	3.20500e+02
1062	3.22400e+02	1.06200e+03	1.86414e+00	3.21000e+02
1063	3.22894e+02	1.06300e+03	1.86266e+00	3.21500e+02
1064	3.23385e+02	1.06400e+03	1.86120e+00	3.22000e+02
1065	3.23885e+02	1.06500e+03	1.85975e+00	3.22500e+02
1066	3.24385e+02	1.06600e+03	1.85831e+00	3.23000e+02
1067	3.24881e+02	1.06700e+03	1.85688e+00	3.23500e+02
1068	3.25387e+02	1.06800e+03	1.85550e+00	3.24000e+02
1069	3.25872e+02	1.06900e+03	1.85411e+00	3.24500e+02
1070	3.26370e+02	1.07000e+03	1.85273e+00	3.25000e+02
1071	3.26876e+02	1.07100e+03	1.85135e+00	3.25500e+02
1072	3.27383e+02	1.07200e+03	1.85001e+00	3.26000e+02
1073	3.27879e+02	1.07300e+03	1.84865e+00	3.26500e+02
1074	3.28391e+02	1.07400e+03	1.84729e+00	3.27000e+02
1075	3.28903e+02	1.07500e+03	1.84592e+00	3.27500e+02
1076	3.29395e+02	1.07600e+03	1.84455e+00	3.28000e+02
1077	3.29905e+02	1.07700e+03	1.84316e+00	3.28500e+02
1078	3.30408e+02	1.07800e+03	1.84176e+00	3.29000e+02
1079	3.30918e+02	1.07900e+03	1.84035e+00	3.29500e+02
1080	3.31423e+02	1.08000e+03	1.83890e+00	3.30000e+02
1081	3.31926e+02	1.08100e+03	1.83745e+00	3.30500e+02
1082	3.32434e+02	1.08200e+03	1.83600e+00	3.31000e+02
1083	3.32937e+02	1.08300e+03	1.83453e+00	3.31500e+02
1084	3.33449e+02	1.08400e+03	1.83302e+00	3.32000e+02
1085	3.33951e+02	1.08500e+03	1.83151e+00	3.32500e+02
1086	3.34454e+02	1.08600e+03	1.82997e+00	3.33000e+02
1087	3.34937e+02	1.08700e+03	1.82842e+00	3.33500e+02
1088	3.35449e+02	1.08800e+03	1.82679e+00	3.34000e+02
1089	3.35951e+02	1.08900e+03	1.82517e+00	3.34500e+02
1090	3.36444e+02	1.09000e+03	1.82352e+00	3.35000e+02
1091	3.36946e+02	1.09100e+03	1.82186e+00	3.35500e+02
1092	3.37455e+02	1.09200e+03	1.82009e+00	3.36000e+02
1093	3.37942e+02	1.09300e+03	1.81833e+00	3.36500e+02
1094	3.38447e+02	1.09400e+03	1.81654e+00	3.37000e+02
1095	3.38947e+02	1.09500e+03	1.81473e+00	3.37500e+02
1096	3.39490e+02	1.09600e+03	1.81278e+00	3.38000e+02
1097	3.40005e+02	1.09700e+03	1.81084e+00	3.38500e+02
1098	3.40533e+02	1.09800e+03	1.80887e+00	3.39000e+02
1099	3.41060e+02	1.09900e+03	1.80687e+00	3.39500e+02
1100	3.41569e+02	1.10000e+03	1.80471e+00	3.40000e+02
1101	3.42064e+02	1.10100e+03	1.80257e+00	3.40500e+02
1102	3.42580e+02	1.10200e+03	1.80038e+00	3.41000e+02
1103	3.43071e+02	1.10300e+03	1.79815e+00	3.41500e+02
1104	3.43561e+02	1.10400e+03	1.79573e+00	3.42000e+02
1105	3.44067e+02	1.10500e+03	1.79333e+00	3.42500e+02
1106	3.44572e+02	1.10600e+03	1.79087e+00	3.43000e+02
1107	3.45067e+02	1.10700e+03	1.78836e+00	3.43500e+02
1108	3.45571e+02	1.10800e+03	1.78563e+00	3.44000e+02
1109	3.46079e+02	1.10900e+03	1.78292e+00	3.44500e+02
1110	3.46578e+02	1.11000e+03	1.78016e+00	3.45000e+02
1111	3.47085e+02	1.11100e+03	1.77734e+00	3.45500e+02
1112	3.47598e+02	1.11200e+03	1.77428e+00	3.46000e+02
1113	3.48107e+02	1.11300e+03	1.77123e+00	3.46500e+02
1114	3.48600e+02	1.11400e+03	1.76812e+00	3.47000e+02
1115	3.49094e+02	1.11500e+03	1.76495e+00	3.47500e+02
1116	3.49595e+02	1.11600e+03	1.76148e+00	3.48000e+02
1117	3.50077e+02	1.11700e+03	1.75803e+00	3.48500e+02
1118	3.50572e+02	1.11800e+03	1.75449e+00	3.49000e+02
1119	3.51063e+02	1.11900e+03	1.75089e+00	3.49500e+02
1120	3.51562e+02	1.12000e+03	1.74691e+00	3.50000e+02
1121	3.52046e+02	1.12100e+03	1.74297e+00	3.50500e+02
1122	3.52544e+02	1.12200e+03	1.73894e+00	3.51000e+02
1123	3.53031e+02	1.12300e+03	1.73484e+00	3.51500e+02
1124	3.53527e+02	1.12400e+03	1.73032e+00	3.52000e+02
1125	3.54016e+02	1.12500e+03	1.72586e+00	3.52500e+02
1126	3.54511e+02	1.12600e+03	1.72131e+00	3.53000e+02
1127	3.55010e+02	1.12700e+03	1.71667e+00	3.53500e+02
1128	3.55502e+02	1.12800e+03	1.71160e+00	3.54000e+02
1129	3.56004e+02	1.12900e+03	1.70657e+00	3.54500e+02
1130	3.56501e+02	1.13000e+03	1.70143e+00	3.55000e+02
1131	3.56986e+02	1.13100e+03	1.69620e+00	3.55500e+02
1132	3.57484e+02	1.13200e+03	1.69046e+00	3.56000e+02
1133	3.57973e+02	1.13300e+03	1.68477e+00	3.56500e+02
1134	3.58471e+02	1.13400e+03	1.67894e+00	3.57000e+02
1135	3.58976e+02	1.13500e+03	1.67300e+00	3.57500e+02
1136	3.59464e+02	1.13600e+03	1.66644e+00	3.58000e+02
1137	3.59952e+02	1.13700e+03	1.65993e+00	3.58500e+02
1138	3.60440e+02	1.13800e+03	1.65325e+00	3.59000e+02
1139	3.60937e+02	1.13900e+03	1.64642e+00	3.59500e+02
1140	3.61435e+02	1.14000e+03	1.63882e+00	3.60000e+02
1141	3.61923e+02	1.14100e+03	1.63127e+00	3.60500e+02
1142	3.62403e+02	1.14200e+03	1.62352e+00	3.61000e+02
1143	3.62891e+02	1.14300e+03	1.61559e+00	3.61500e+02
1144	3.63390e+02	1.14400e+03	1.60674e+00	3.62000e+02
1145	3.63866e+02	1.14500e+03	1.59799e+00	3.62500e+02
1146	3.64354e+02	1.14600e+03	1.58901e+00	3.63000e+02
1147	3.64842e+02	1.14700e+03	1.57984e+00	3.63500e+02
1148	3.65325e+02	1.14800e+03	1.56965e+00	3.64000e+02
1149	3.65813e+02	1.14900e+03	1.55958e+00	3.64500e+02
1150	3.66301e+02	1.15000e+03	1.54930e+00	3.65000e+02
1151	3.66794e+02	1.15100e+03	1.53882e+00	3.65500e+02
1152	3.67284e+02	1.15200e+03	1.52734e+00	3.66000e+02
1153	3.67774e+02	1.15300e+03	1.51605e+00	3.66500e+02
1154	3.68246e+02	1.15400e+03	1.50460e+00	3.67000e+02
1155	3.68746e+02	1.15500e+03	1.49299e+00	3.67500e+02
1156	3.69239e+02	1.15600e+03	1.48054e+00	3.68000e+02
1157	3.69732e+02	1.15700e+03	1.46822e+00	3.68500e+02
1158	3.70226e+02	1.15800e+03	1.45573e+00	3.69000e+02
1159	3.70720e+02	1.15900e+03	1.44308e+00	3.69500e+02
1160	3.71209e+02	1.16000e+03	1.42961e+00	3.70000e+02
1161	3.71706e+02	1.16100e+03	1.41623e+00	3.70500e+02
1162	3.72194e+02	1.16200e+03	1.40266e+00	3.71000e+02
1163	3.72672e+02	1.16300e+03	1.38893e+00	3.71500e+02
1164	3.73158e+02	1.16400e+03	1.37435e+00	3.72000e+02
1165	3.73661e+02	1.16500e+03	1.35990e+00	3.72500e+02
1166	3.74147e+02	1.16600e+03	1.34532e+00	3.73000e+02
1167	3.74632e+02	1.16700e+03	1.33059e+00	3.73500e+02
1168	3.75107e+02	1.16800e+03	1.31514e+00	3.74000e+02
1169	3.75598e+02	1.16900e+03	1.29983e+00	3.74500e+02
1170	3.76098e+02	1.17000e+03	1.28442e+00	3.75000e+02
1171	3.76588e+02	1.17100e+03	1.26890e+00	3.75500e+02
1172	3.77083e+02	1.17200e+03	1.25280e+00	3.76000e+02
1173	3.77561e+02	1.17300e+03	1.23680e+00	3.76500e+02
1174	3.78056e+02	1.17400e+03	1.22071e+00	3.77000e+02
1175	3.78557e+02	1.17500e+03	1.20454e+00	3.77500e+02
1176	3.79049e+02	1.17600e+03	1.18790e+00	3.78000e+02
1177	3.79546e+02	1.17700e+03	1.17136e+00	3.78500e+02
1178	3.80046e+02	1.17800e+03	1.15476e+00	3.79000e+02
1179	3.80548e+02	1.17900e+03	1.13810e+00	3.79500e+02
1180	3.81041e+02	1.18000e+03	1.12112e+00	3.80000e+02
1181	3.81539e+02	1.18100e+03	1.10421e+00	3.80500e+02
1182	3.82033e+02	1.18200e+03	1.08726e+00	3.81000e+02
1183	3.82531e+02	1.18300e+03	1.07026e+00	3.81500e+02
1184	3.83031e+02	1.18400e+03	1.05307e+00	3.82000e+02
1185	3.83530e+02	1.18500e+03	1.03593e+00	3.82500e+02
1186	3.84020e+02	1.18600e+03	1.01878e+00	3.83000e+02
1187	3.84521e+02	1.18700e+03	1.00160e+00	3.83500e+02
1188	3.85032e+02	1.18800e+03	9.84327e-01	3.84000e+02
1189	3.85529e+02	1.18900e+03	9.67076e-01	3.84500e+02
1190	3.86018e+02	1.19000e+03	9.49805e-01	3.85000e+02
1191	3.86511e+02	1.19100e+03	9.32513e-01	3.85500e+02
1192	3.87031e+02	1.19200e+03	9.15153e-01	3.86000e+02
1193	3.87530e+02	1.19300e+03	8.97818e-01	3.86500e+02
1194	3.88022e+02	1.19400e+03	8.80481e-01	3.87000e+02
1195	3.88517e+02	1.19500e+03	8.63141e-01	3.87500e+02
1196	3.89024e+02	1.19600e+03	8.45787e-01	3.88000e+02
1197	3.89518e+02	1.19700e+03	8.28461e-01	3.88500e+02
1198	3.90015e+02	1.19800e+03	8.11150e-01	3.89000e+02
1199	3.90505e+02	1.19900e+03	7.93846e-01	3.89500e+02
1200	3.91003e+02	1.20000e+03	7.76616e-01	3.90000e+02
1201	3.91510e+02	1.20100e+03	7.59399e-01	3.90500e+02
1202	3.92003e+02	1.20200e+03	7.42217e-01	3.91000e+02
1203	3.92511e+02	1.20300e+03	7.25060e-01	3.91500e+02
1204	3.93004e+02	1.20400e+03	7.08015e-01	3.92000e+02
1205	3.93504e+02	1.20500e+03	6.90951e-01	3.92500e+02
1206	3.94000e+02	1.20600e+03	6.73896e-01	3.93000e+02
1207	3.94494e+02	1.20700e+03	6.56851e-01	3.93500e+02
1208	3.95008e+02	1.20800e+03	6.39858e-01	3.94000e+02
1209	3.95502e+02	1.20900e+03	6.22817e-01	3.94500e+02
1210	3.96009e+02	1.21000e+03	6.05768e-01	3.95000e+02
1211	3.96500e+02	1.21100e+03	5.88724e-01	3.95500e+02
1212	3.97011e+02	1.21200e+03	5.71669e-01	3.96000e+02
1213	3.97507e+02	1.21300e+03	5.54658e-01	3.96500e+02
1214	3.97999e+02	1.21400e+03	5.37700e-01	3.97000e+02
1215	3.98510e+02	1.21500e+03	5.20786e-01	3.97500e+02
1216	3.99009e+02	1.21600e+03	5.04063e-01	3.98000e+02
1217	3.99520e+02	1.21700e+03	4.87405e-01	3.98500e+02
1218	4.00013e+02	1.21800e+03	4.70889e-01	3.99000e+02
1219	4.00535e+02	1.21900e+03	4.54484e-01	3.99500e+02
1220	4.01038e+02	1.22000e+03	4.38625e-01	4.00000e+02
1221	4.01541e+02	1.22100e+03	4.22786e-01	4.00500e+02
1222	4.02041e+02	1.22200e+03	4.07148e-01	4.01000e+02
1223	4.02568e+02	1.22300e+03	3.91679e-01	4.01500e+02
1224	4.03066e+02	1.22400e+03	3.77066e-01	4.02000e+02
1225	4.03575e+02	1.22500e+03	3.62389e-01	4.02500e+02
1226	4.04088e+02	1.22600e+03	3.47947e-01	4.03000e+02
1227	4.04597e+02	1.22700e+03	3.33716e-01	4.03500e+02
1228	4.05114e+02	1.22800e+03	3.20534e-01	4.04000e+02
1229	4.05621e+02	1.22900e+03	3.07262e-01	4.04500e+02
1230	4.06146e+02	1.23000e+03	2.94251e-01	4.05000e+02
1231	4.06660e+02	1.23100e+03	2.81472e-01	4.05500e+02
1232	4.07180e+02	1.23200e+03	2.69894e-01	4.06000e+02
1233	4.07695e+02	1.23300e+03	2.58169e-01	4.06500e+02
1234	4.08203e+02	1.23400e+03	2.46707e-01	4.07000e+02
1235	4.08709e+02	1.23500e+03	2.35486e-01	4.07500e+02
1236	4.09224e+02	1.23600e+03	2.25513e-01	4.08000e+02
1237	4.09743e+02	1.23700e+03	2.15383e-01	4.08500e+02
1238	4.10254e+02	1.23800e+03	2.05519e-01	4.09000e+02
1239	4.10768e+02	1.23900e+03	1.95899e-01	4.09500e+02
1240	4.11303e+02	1.24000e+03	1.87525e-01	4.10000e+02
1241	4.11832e+02	1.24100e+03	1.78967e-01	4.10500e+02
1242	4.12341e+02	1.24200e+03	1.70644e-01	4.11000e+02
1243	4.12844e+02	1.24300e+03	1.62542e-01	4.11500e+02
1244	4.13353e+02	1.24400e+03	1.55591e-01	4.12000e+02
1245	4.13861e+02	1.24500e+03	1.48448e-01	4.12500e+02
1246	4.14363e+02	1.24600e+03	1.41509e-01	4.13000e+02
1247	4.14856e+02	1.24700e+03	1.34767e-01	4.13500e+02
1248	4.15346e+02	1.24800e+03	1.29028e-01	4.14000e+02
1249	4.15842e+02	1.24900e+03	1.23121e-01	4.14500e+02
1250	4.16355e+02	1.25000e+03	1.17392e-01	4.15000e+02
1251	4.16852e+02	1.25100e+03	1.11832e-01	4.15500e+02
1252	4.17353e+02	1.25200e+03	1.07146e-01	4.16000e+02
1253	4.17868e+02	1.25300e+03	1.02313e-01	4.16500e+02
1254	4.18373e+02	1.25400e+03	9.76339e-02	4.17000e+02
1255	4.18878e+02	1.25500e+03	9.31033e-02	4.17500e+02
1256	4.19373e+02	1.25600e+03	8.93364e-02	4.18000e+02
1257	4.19877e+02	1.25700e+03	8.54429e-02	4.18500e+02
1258	4.20372e+02	1.25800e+03	8.16828e-02	4.19000e+02
1259	4.20881e+02	1.25900e+03	7.80500e-02	4.19500e+02
1260	4.21374e+02	1.26000e+03	7.50702e-02	4.20000e+02
1261	4.21884e+02	1.26100e+03	7.19673e-02	4.20500e+02
1262	4.22387e+02	1.26200e+03	6.89691e-02	4.21000e+02
1263	4.22890e+02	1.26300e+03	6.60745e-02	4.21500e+02
1264	4.23395e+02	1.26400e+03	6.37071e-02	4.22000e+02
1265	4.23900e+02	1.26500e+03	6.12409e-02	4.22500e+02
1266	4.24400e+02	1.26600e+03	5.88554e-02	4.23000e+02
1267	4.24904e+02	1.26700e+03	5.65503e-02	4.23500e+02
1268	4.25400e+02	1.26800e+03	5.46621e-02	4.24000e+02
1269	4.25897e+02	1.26900e+03	5.26859e-02	4.24500e+02
1270	4.26392e+02	1.27000e+03	5.07671e-02	4.25000e+02
1271	4.26885e+02	1.27100e+03	4.89079e-02	4.25500e+02
1272	4.27382e+02	1.27200e+03	4.73601e-02	4.26000e+02
1273	4.27876e+02	1.27300e+03	4.57531e-02	4.26500e+02
1274	4.28370e+02	1.27400e+03	4.41947e-02	4.27000e+02
1275	4.28866e+02	1.27500e+03	4.26854e-02	4.27500e+02
1276	4.29363e+02	1.27600e+03	4.14275e-02	4.28000e+02
1277	4.29863e+02	1.27700e+03	4.01268e-02	4.28500e+02
1278	4.30358e+02	1.27800e+03	3.88690e-02	4.29000e+02
1279	4.30847e+02	1.27900e+03	3.76528e-02	4.29500e+02
1280	4.31367e+02	1.28000e+03	3.66525e-02	4.30000e+02
1281	4.31843e+02	1.28100e+03	3.56131e-02	4.30500e+02
1282	4.32344e+02	1.28200e+03	3.46063e-02	4.31000e+02
1283	4.32843e+02	1.28300e+03	3.36313e-02	4.31500e+02
1284	4.33339e+02	1.28400e+03	3.28295e-02	4.32000e+02
1285	4.33835e+02	1.28500e+03	3.19921e-02	4.32500e+02
1286	4.34331e+02	1.28600e+03	3.11782e-02	4.33000e+02
1287	4.34814e+02	1.28700e+03	3.03883e-02	4.33500e+02
1288	4.35310e+02	1.28800e+03	2.97204e-02	4.34000e+02
1289	4.35814e+02	1.28900e+03	2.90240e-02	4.34500e+02
1290	4.36307e+02	1.29000e+03	2.83414e-02	4.35000e+02
1291	4.36800e+02	1.29100e+03	2.76736e-02	4.35500e+02
1292	4.37295e+02	1.29200e+03	2.70842e-02	4.36000e+02
1293	4.37789e+02	1.29300e+03	2.64768e-02	4.36500e+02
1294	4.38288e+02	1.29400e+03	2.58798e-02	4.37000e+02
1295	4.38785e+02	1.29500e+03	2.52936e-02	4.37500e+02
1296	4.39281e+02	1.29600e+03	2.47606e-02	4.38000e+02
1297	4.39783e+02	1.29700e+03	2.42205e-02	4.38500e+02
1298	4.40288e+02	1.29800e+03	2.36925e-02	4.39000e+02
1299	4.40780e+02	1.29900e+03	2.31759e-02	4.39500e+02
1300	4.41287e+02	1.30000e+03	2.27162e-02	4.40000e+02
1301	4.41783e+02	1.30100e+03	2.22539e-02	4.40500e+02
1302	4.42284e+02	1.30200e+03	2.18080e-02	4.41000e+02
1303	4.42788e+02	1.30300e+03	2.13763e-02	4.41500e+02
1304	4.43284e+02	1.30400e+03	2.10143e-02	4.42000e+02
1305	4.43794e+02	1.30500e+03	2.06407e-02	4.42500e+02
1306	4.44293e+02	1.30600e+03	2.02790e-02	4.43000e+02
1307	4.44806e+02	1.30700e+03	1.99291e-02	4.43500e+02
1308	4.45293e+02	1.30800e+03	1.96410e-02	4.44000e+02
1309	4.45790e+02	1.30900e+03	1.93375e-02	4.44500e+02
1310	4.46295e+02	1.31000e+03	1.90401e-02	4.45000e+02
1311	4.46810e+02	1.31100e+03	1.87501e-02	4.45500e+02
1312	4.47303e+02	1.31200e+03	1.84989e-02	4.46000e+02
1313	4.47796e+02	1.31300e+03	1.82384e-02	4.46500e+02
1314	4.48302e+02	1.31400e+03	1.79847e-02	4.47000e+02
1315	4.48797e+02	1.31500e+03	1.77390e-02	4.47500e+02
1316	4.49310e+02	1.31600e+03	1.75299e-02	4.48000e+02
1317	4.49807e+02	1.31700e+03	1.73211e-02	4.48500e+02
1318	4.50305e+02	1.31800e+03	1.71220e-02	4.49000e+02
1319	4.50807e+02	1.31900e+03	1.69304e-02	4.49500e+02
1320	4.51291e+02	1.32000e+03	1.67810e-02	4.50000e+02
1321	4.51792e+02	1.32100e+03	1.66202e-02	4.50500e+02
1322	4.52296e+02	1.32200e+03	1.64660e-02	4.51000e+02
1323	4.52785e+02	1.32300e+03	1.63196e-02	4.51500e+02
1324	4.53290e+02	1.32400e+03	1.62064e-02	4.52000e+02
1325	4.53787e+02	1.32500e+03	1.60922e-02	4.52500e+02
1326	4.54285e+02	1.32600e+03	1.59862e-02	4.53000e+02
1327	4.54777e+02	1.32700e+03	1.58868e-02	4.53500e+02
1328	4.55285e+02	1.32800e+03	1.58257e-02	4.54000e+02
1329	4.55775e+02	1.32900e+03	1.57563e-02	4.54500e+02
1330	4.56270e+02	1.33000e+03	1.56923e-02	4.55000e+02
1331	4.56757e+02	1.33100e+03	1.56332e-02	4.55500e+02
1332	4.57261e+02	1.33200e+03	1.55974e-02	4.56000e+02
1333	4.57768e+02	1.33300e+03	1.55534e-02	4.56500e+02
1334	4.58248e+02	1.33400e+03	1.55095e-02	4.57000e+02
1335	4.58732e+02	1.33500e+03	1.54674e-02	4.57500e+02
1336	4.59212e+02	1.33600e+03	1.54376e-02	4.58000e+02
1337	4.59704e+02	1.33700e+03	1.54060e-02	4.58500e+02
1338	4.60194e+02	1.33800e+03	1.53760e-02	4.59000e+02
1339	4.60668e+02	1.33900e+03	1.53471e-02	4.59500e+02
1340	4.61164e+02	1.34000e+03	1.53240e-02	4.60000e+02
1341	4.61668e+02	1.34100e+03	1.52970e-02	4.60500e+02
1342	4.62148e+02	1.34200e+03	1.52678e-02	4.61000e+02
1343	4.62639e+02	1.34300e+03	1.52375e-02	4.61500e+02
1344	4.63138e+02	1.34400e+03	1.52005e-02	4.62000e+02
1345	4.63629e+02	1.34500e+03	1.51627e-02	4.62500e+02
1346	4.64124e+02	1.34600e+03	1.51234e-02	4.63000e+02
1347	4.64617e+02	1.34700e+03	1.50828e-02	4.63500e+02
1348	4.65104e+02	1.34800e+03	1.50332e-02	4.64000e+02
1349	4.65597e+02	1.34900e+03	1.49900e-02	4.64500e+02
1350	4.66080e+02	1.35000e+03	1.49502e-02	4.65000e+02
1351	4.66566e+02	1.35100e+03	1.49122e-02	4.65500e+02
1352	4.67047e+02	1.35200e+03	1.48831e-02	4.66000e+02
1353	4.67540e+02	1.35300e+03	1.48564e-02	4.66500e+02
1354	4.68023e+02	1.35400e+03	1.48324e-02	4.67000e+02
1355	4.68500e+02	1.35500e+03	1.48093e-02	4.67500e+02
1356	4.68989e+02	1.35600e+03	1.47941e-02	4.68000e+02
1357	4.69475e+02	1.35700e+03	1.47698e-02	4.68500e+02
1358	4.69960e+02	1.35800e+03	1.47421e-02	4.69000e+02
1359	4.70457e+02	1.35900e+03	1.47129e-02	4.69500e+02
1360	4.70936e+02	1.36000e+03	1.46779e-02	4.70000e+02
1361	4.71426e+02	1.36100e+03	1.46492e-02	4.70500e+02
1362	4.71914e+02	1.36200e+03	1.46227e-02	4.71000e+02
1363	4.72407e+02	1.36300e+03	1.45972e-02	4.71500e+02
1364	4.72892e+02	1.36400e+03	1.45786e-02	4.72000e+02
1365	4.73380e+02	1.36500e+03	1.45583e-02	4.72500e+02
1366	4.73861e+02	1.36600e+03	1.45369e-02	4.73000e+02
1367	4.74354e+02	1.36700e+03	1.45144e-02	4.73500e+02
1368	4.74845e+02	1.36800e+03	1.44908e-02	4.74000e+02
1369	4.75336e+02	1.36900e+03	1.44643e-02	4.74500e+02
1370	4.75835e+02	1.37000e+03	1.44361e-02	4.75000e+02
1371	4.76330e+02	1.37100e+03	1.44071e-02	4.75500e+02
1372	4.76810e+02	1.37200e+03	1.43729e-02	4.76000e+02
1373	4.77292e+02	1.37300e+03	1.43428e-02	4.76500e+02
1374	4.77780e+02	1.37400e+03	1.43124e-02	4.77000e+02
1375	4.78277e+02	1.37500e+03	1.42809e-02	4.77500e+02
1376	4.78757e+02	1.37600e+03	1.42489e-02	4.78000e+02
1377	4.79251e+02	1.37700e+03	1.42147e-02	4.78500e+02
1378	4.79745e+02	1.37800e+03	1.41813e-02	4.79000e+02
1379	4.80232e+02	1.37900e+03	1.41494e-02	4.79500e+02
1380	4.80721e+02	1.38000e+03	1.41180e-02	4.80000e+02
1381	4.81210e+02	1.38100e+03	1.40914e-02	4.80500e+02
1382	4.81699e+02	1.38200e+03	1.40676e-02	4.81000e+02
1383	4.82190e+02	1.38300e+03	1.40459e-02	4.81500e+02
1384	4.82679e+02	1.38400e+03	1.40370e-02	4.82000e+02
1385	4.83160e+02	1.38500e+03	1.40230e-02	4.82500e+02
1386	4.83650e+02	1.38600e+03	1.40085e-02	4.83000e+02
1387	4.84141e+02	1.38700e+03	1.39943e-02	4.83500e+02
1388	4.84637e+02	1.38800e+03	1.39804e-02	4.84000e+02
1389	4.85109e+02	1.38900e+03	1.39636e-02	4.84500e+02
1390	4.85602e+02	1.39000e+03	1.39446e-02	4.85000e+02
1391	4.86082e+02	1.39100e+03	1.39242e-02	4.85500e+02
1392	4.86569e+02	1.39200e+03	1.39019e-02	4.86000e+02
1393	4.87060e+02	1.39300e+03	1.38841e-02	4.86500e+02
1394	4.87546e+02	1.39400e+03	1.38691e-02	4.87000e+02
1395	4.88035e+02	1.39500e+03	1.38556e-02	4.87500e+02
1396	4.88515e+02	1.39600e+03	1.38477e-02	4.88000e+02
1397	4.89003e+02	1.39700e+03	1.38362e-02	4.88500e+02
1398	4.89490e+02	1.39800e+03	1.38215e-02	4.89000e+02
1399	4.89977e+02	1.39900e+03	1.38049e-02	4.89500e+02
1400	4.90458e+02	1.40000e+03	1.37806e-02	4.90000e+02
1401	4.90946e+02	1.40100e+03	1.37523e-02	4.90500e+02
1402	4.91436e+02	1.40200e+03	1.37202e-02	4.91000e+02
1403	4.91923e+02	1.40300e+03	1.36862e-02	4.91500e+02
1404	4.92411e+02	1.40400e+03	1.36351e-02	4.92000e+02
1405	4.92899e+02	1.40500e+03	1.35913e-02	4.92500e+02
1406	4.93382e+02	1.40600e+03	1.35504e-02	4.93000e+02
1407	4.93866e+02	1.40700e+03	1.35111e-02	4.93500e+02
1408	4.94349e+02	1.40800e+03	1.34764e-02	4.94000e+02
1409	4.94843e+02	1.40900e+03	1.34451e-02	4.94500e+02
1410	4.95331e+02	1.41000e+03	1.34167e-02	4.95000e+02
1411	4.95827e+02	1.41100e+03	1.33899e-02	4.95500e+02
1412	4.96300e+02	1.41200e+03	1.33752e-02	4.96000e+02
1413	4.96795e+02	1.41300e+03	1.33534e-02	4.96500e+02
1414	4.97288e+02	1.41400e+03	1.33294e-02	4.97000e+02
1415	4.97770e+02	1.41500e+03	1.33044e-02	4.97500e+02
1416	4.98253e+02	1.41600e+03	1.32753e-02	4.98000e+02
1417	4.98743e+02	1.41700e+03	1.32458e-02	4.98500e+02
1418	4.99247e+02	1.41800e+03	1.32154e-02	4.99000e+02
1419	4.99742e+02	1.41900e+03	1.31844e-02	4.99500e+02
1420	5.00220e+02	1.42000e+03	1.31508e-02	5.00000e+02
1421	5.00711e+02	1.42100e+03	1.31231e-02	5.00500e+02
1422	5.01210e+02	1.42200e+03	1.31000e-02	5.01000e+02
1423	5.01698e+02	1.42300e+03	1.30796e-02	5.01500e+02
1424	5.02185e+02	1.42400e+03	1.30684e-02	5.02000e+02
1425	5.02681e+02	1.42500e+03	1.30560e-02	5.02500e+02
1426	5.03171e+02	1.42600e+03	1.30465e-02	5.03000e+02
1427	5.03658e+02	1.42700e+03	1.30389e-02	5.03500e+02
1428	5.04140e+02	1.42800e+03	1.30407e-02	5.04000e+02
1429	5.04622e+02	1.42900e+03	1.30399e-02	5.04500e+02
1430	5.05124e+02	1.43000e+03	1.30396e-02	5.05000e+02
1431	5.05599e+02	1.43100e+03	1.30400e-02	5.05500e+02
1432	5.06087e+02	1.43200e+03	1.30465e-02	5.06000e+02
1433	5.06578e+02	1.43300e+03	1.30505e-02	5.06500e+02
1434	5.07075e+02	1.43400e+03	1.30536e-02	5.07000e+02
1435	5.07559e+02	1.43500e+03	1.30561e-02	5.07500e+02
1436	5.08049e+02	1.43600e+03	1.30531e-02	5.08000e+02
1437	5.08546e+02	1.43700e+03	1.30456e-02	5.08500e+02
1438	5.09030e+02	1.43800e+03	1.30324e-02	5.09000e+02
1439	5.09516e+02	1.43900e+03	1.30147e-02	5.09500e+02
1440	5.10019e+02	1.44000e+03	1.29744e-02	5.10000e+02
1441	5.10504e+02	1.44100e+03	1.29385e-02	5.10500e+02
1442	5.11005e+02	1.44200e+03	1.29019e-02	5.11000e+02
1443	5.11485e+02	1.44300e+03	1.28639e-02	5.11500e+02
1444	5.11973e+02	1.44400e+03	1.28106e-02	5.12000e+02
1445	5.12476e+02	1.44500e+03	1.27614e-02	5.12500e+02
1446	5.12966e+02	1.44600e+03	1.27079e-02	5.13000e+02
1447	5.13446e+02	1.44700e+03	1.26499e-02	5.13500e+02
1448	5.13947e+02	1.44800e+03	1.25746e-02	5.14000e+02
1449	5.14440e+02	1.44900e+03	1.25012e-02	5.14500e+02
1450	5.14928e+02	1.45000e+03	1.24334e-02	5.15000e+02
1451	5.15417e+02	1.45100e+03	1.23710e-02	5.15500e+02
1452	5.15903e+02	1.45200e+03	1.23259e-02	5.16000e+02
1453	5.16394e+02	1.45300e+03	1.23059e-02	5.16500e+02
1454	5.16890e+02	1.45400e+03	1.23054e-02	5.17000e+02
1455	5.17389e+02	1.45500e+03	1.23169e-02	5.17500e+02
1456	5.17874e+02	1.45600e+03	1.24077e-02	5.18000e+02
1457	5.18367e+02	1.45700e+03	1.24691e-02	5.18500e+02
1458	5.18852e+02	1.45800e+03	1.25256e-02	5.19000e+02
1459	5.19343e+02	1.45900e+03	1.25812e-02	5.19500e+02
1460	5.19850e+02	1.46000e+03	1.26340e-02	5.20000e+02
1461	5.20340e+02	1.46100e+03	1.26665e-02	5.20500e+02
1462	5.20821e+02	1.46200e+03	1.26864e-02	5.21000e+02
1463	5.21321e+02	1.46300e+03	1.26994e-02	5.21500e+02
1464	5.21801e+02	1.46400e+03	1.26618e-02	5.22000e+02
1465	5.22297e+02	1.46500e+03	1.26423e-02	5.22500e+02
1466	5.22790e+02	1.46600e+03	1.26231e-02	5.23000e+02
1467	5.23284e+02	1.46700e+03	1.26017e-02	5.23500e+02
1468	5.23775e+02	1.46800e+03	1.25691e-02	5.24000e+02
1469	5.24264e+02	1.46900e+03	1.25443e-02	5.24500e+02
1470	5.24760e+02	1.47000e+03	1.25212e-02	5.25000e+02
1471	5.25249e+02	1.47100e+03	1.24979e-02	5.25500e+02
1472	5.25736e+02	1.47200e+03	1.24789e-02	5.26000e+02
1473	5.26229e+02	1.47300e+03	1.24582e-02	5.26500e+02
1474	5.26720e+02	1.47400e+03	1.24376e-02	5.27000e+02
1475	5.27227e+02	1.47500e+03	1.24173e-02	5.27500e+02
1476	5.27717e+02	1.47600e+03	1.24014e-02	5.28000e+02
1477	5.28198e+02	1.47700e+03	1.23891e-02	5.28500e+02
1478	5.28693e+02	1.47800e+03	1.23812e-02	5.29000e+02
1479	5.29183e+02	1.47900e+03	1.23760e-02	5.29500e+02
1480	5.29669e+02	1.48000e+03	1.23834e-02	5.30000e+02
1481	5.30155e+02	1.48100e+03	1.23854e-02	5.30500e+02
1482	5.30647e+02	1.48200e+03	1.23840e-02	5.31000e+02
1483	5.31125e+02	1.48300e+03	1.23804e-02	5.31500e+02
1484	5.31620e+02	1.48400e+03	1.23741e-02	5.32000e+02
1485	5.32106e+02	1.48500e+03	1.23650e-02	5.32500e+02
1486	5.32597e+02	1.48600e+03	1.23571e-02	5.33000e+02
1487	5.33100e+02	1.48700e+03	1.23509e-02	5.33500e+02
1488	5.33591e+02	1.48800e+03	1.23386e-02	5.34000e+02
1489	5.34077e+02	1.48900e+03	1.23307e-02	5.34500e+02
1490	5.34564e+02	1.49000e+03	1.23211e-02	5.35000e+02
1491	5.35052e+02	1.49100e+03	1.23094e-02	5.35500e+02
1492	5.35546e+02	1.49200e+03	1.22959e-02	5.36000e+02
1493	5.36028e+02	1.49300e+03	1.22755e-02	5.36500e+02
1494	5.36522e+02	1.49400e+03	1.22519e-02	5.37000e+02
1495	5.37017e+02	1.49500e+03	1.22268e-02	5.37500e+02
1496	5.37499e+02	1.49600e+03	1.21830e-02	5.38000e+02
1497	5.37996e+02	1.49700e+03	1.21465e-02	5.38500e+02
1498	5.38483e+02	1.49800e+03	1.21108e-02	5.39000e+02
1499	5.38984e+02	1.49900e+03	1.20749e-02	5.39500e+02
1500	5.39470e+02	1.50000e+03	1.20423e-02	5.40000e+02
1501	5.39959e+02	1.50100e+03	1.20152e-02	5.40500e+02
1502	5.40446e+02	1.50200e+03	1.19940e-02	5.41000e+02
1503	5.40933e+02	1.50300e+03	1.19764e-02	5.41500e+02
1504	5.41424e+02	1.50400e+03	1.19743e-02	5.42000e+02
1505	5.41925e+02	1.50500e+03	1.19675e-02	5.42500e+02
1506	5.42410e+02	1.50600e+03	1.19608e-02	5.43000e+02
1507	5.42901e+02	1.50700e+03	1.19546e-02	5.43500e+02
1508	5.43390e+02	1.50800e+03	1.19539e-02	5.44000e+02
1509	5.43874e+02	1.50900e+03	1.19479e-02	5.44500e+02
1510	5.44374e+02	1.51000e+03	1.19402e-02	5.45000e+02
1511	5.44861e+02	1.51100e+03	1.19321e-02	5.45500e+02
1512	5.45346e+02	1.51200e+03	1.19201e-02	5.46000e+02
1513	5.45843e+02	1.51300e+03	1.19118e-02	5.46500e+02
1514	5.46328e+02	1.51400e+03	1.19056e-02	5.47000e+02
1515	5.46821e+02	1.51500e+03	1.19004e-02	5.47500e+02
1516	5.47315e+02	1.51600e+03	1.18989e-02	5.48000e+02
1517	5.47814e+02	1.51700e+03	1.18957e-02	5.48500e+02
1518	5.48293e+02	1.51800e+03	1.18903e-02	5.49000e+02
1519	5.48792e+02	1.51900e+03	1.18825e-02	5.49500e+02
1520	5.49285e+02	1.52000e+03	1.18679e-02	5.50000e+02
1521	5.49781e+02	1.52100e+03	1.18488e-02	5.50500e+02
1522	5.50265e+02	1.52200e+03	1.18261e-02	5.51000e+02
1523	5.50750e+02	1.52300e+03	1.18018e-02	5.51500e+02
1524	5.51256e+02	1.52400e+03	1.17637e-02	5.52000e+02
1525	5.51751e+02	1.52500e+03	1.17336e-02	5.52500e+02
1526	5.52235e+02	1.52600e+03	1.17045e-02	5.53000e+02
1527	5.52731e+02	1.52700e+03	1.16752e-02	5.53500e+02
1528	5.53224e+02	1.52800e+03	1.16392e-02	5.54000e+02
1529	5.53717e+02	1.52900e+03	1.15984e-02	5.54500e+02
1530	5.54202e+02	1.53000e+03	1.15543e-02	5.55000e+02
1531	5.54697e+02	1.53100e+03	1.15077e-02	5.55500e+02
1532	5.55196e+02	1.53200e+03	1.14496e-02	5.56000e+02
1533	5.55689e+02	1.53300e+03	1.14051e-02	5.56500e+02
1534	5.56170e+02	1.53400e+03	1.13715e-02	5.57000e+02
1535	5.56669e+02	1.53500e+03	1.13454e-02	5.57500e+02
1536	5.57161e+02	1.53600e+03	1.13622e-02	5.58000e+02
1537	5.57659e+02	1.53700e+03	1.13855e-02	5.58500e+02
1538	5.58133e+02	1.53800e+03	1.14193e-02	5.59000e+02
1539	5.58635e+02	1.53900e+03	1.14602e-02	5.59500e+02
1540	5.59135e+02	1.54000e+03	1.15469e-02	5.60000e+02
1541	5.59621e+02	1.54100e+03	1.16018e-02	5.60500e+02
1542	5.60117e+02	1.54200e+03	1.16472e-02	5.61000e+02
1543	5.60608e+02	1.54300e+03	1.16891e-02	5.61500e+02
1544	5.61095e+02	1.54400e+03	1.16982e-02	5.62000e+02
1545	5.61591e+02	1.54500e+03	1.17071e-02	5.62500e+02
1546	5.62080e+02	1.54600e+03	1.17070e-02	5.63000e+02
1547	5.62578e+02	1.54700e+03	1.16994e-02	5.63500e+02
1548	5.63076e+02	1.54800e+03	1.16545e-02	5.64000e+02
1549	5.63573e+02	1.54900e+03	1.16220e-02	5.64500e+02
1550	5.64066e+02	1.55000e+03	1.15895e-02	5.65000e+02
1551	5.64558e+02	1.55100e+03	1.15557e-02	5.65500e+02
1552	5.65063e+02	1.55200e+03	1.15154e-02	5.66000e+02
1553	5.65555e+02	1.55300e+03	1.14855e-02	5.66500e+02
1554	5.66046e+02	1.55400e+03	1.14613e-02	5.67000e+02
1555	5.66545e+02	1.55500e+03	1.14405e-02	5.67500e+02
1556	5.67037e+02	1.55600e+03	1.14340e-02	5.68000e+02
1557	5.67527e+02	1.55700e+03	1.14209e-02	5.68500e+02
1558	5.68025e+02	1.55800e+03	1.14070e-02	5.69000e+02
1559	5.68523e+02	1.55900e+03	1.13931e-02	5.69500e+02
1560	5.69020e+02	1.56000e+03	1.13788e-02	5.70000e+02
1561	5.69518e+02	1.56100e+03	1.13609e-02	5.70500e+02
1562	5.70013e+02	1.56200e+03	1.13404e-02	5.71000e+02
1563	5.70517e+02	1.56300e+03	1.13189e-02	5.71500e+02
1564	5.71004e+02	1.56400e+03	1.12924e-02	5.72000e+02
1565	5.71499e+02	1.56500e+03	1.12698e-02	5.72500e+02
1566	5.71991e+02	1.56600e+03	1.12494e-02	5.73000e+02
1567	5.72489e+02	1.56700e+03	1.12309e-02	5.73500e+02
1568	5.72991e+02	1.56800e+03	1.12213e-02	5.74000e+02
1569	5.73479e+02	1.56900e+03	1.12122e-02	5.74500e+02
1570	5.73982e+02	1.57000e+03	1.12050e-02	5.75000e+02
1571	5.74466e+02	1.57100e+03	1.11993e-02	5.75500e+02
1572	5.74970e+02	1.57200e+03	1.12058e-02	5.76000e+02
1573	5.75457e+02	1.57300e+03	1.12090e-02	5.76500e+02
1574	5.75960e+02	1.57400e+03	1.12140e-02	5.77000e+02
1575	5.76458e+02	1.57500e+03	1.12209e-02	5.77500e+02
1576	5.76954e+02	1.57600e+03	1.12364e-02	5.78000e+02
1577	5.77440e+02	1.57700e+03	1.12514e-02	5.78500e+02
1578	5.77939e+02	1.57800e+03	1.12670e-02	5.79000e+02
1579	5.78443e+02	1.57900e+03	1.12830e-02	5.79500e+02
1580	5.78932e+02	1.58000e+03	1.13038e-02	5.80000e+02
1581	5.79435e+02	1.58100e+03	1.13189e-02	5.80500e+02
1582	5.79919e+02	1.58200e+03	1.13312e-02	5.81000e+02
1583	5.80421e+02	1.58300e+03	1.13423e-02	5.81500e+02
1584	5.80914e+02	1.58400e+03	1.13443e-02	5.82000e+02
1585	5.81408e+02	1.58500e+03	1.13470e-02	5.82500e+02
1586	5.81904e+02	1.58600e+03	1.13476e-02	5.83000e+02
1587	5.82399e+02	1.58700e+03	1.13463e-02	5.83500e+02
1588	5.82900e+02	1.58800e+03	1.13356e-02	5.84000e+02
1589	5.83398e+02	1.58900e+03	1.13273e-02	5.84500e+02
1590	5.83896e+02	1.59000e+03	1.13195e-02	5.85000e+02
1591	5.84391e+02	1.59100e+03	1.13118e-02	5.85500e+02
1592	5.84886e+02	1.59200e+03	1.13027e-02	5.86000e+02
1593	5.85378e+02	1.59300e+03	1.12974e-02	5.86500e+02
1594	5.85877e+02	1.59400e+03	1.12934e-02	5.87000e+02
1595	5.86374e+02	1.59500e+03	1.12893e-02	5.87500e+02
1596	5.86869e+02	1.59600e+03	1.12874e-02	5.88000e+02
1597	5.87362e+02	1.59700e+03	1.12808e-02	5.88500e+02
1598	5.87866e+02	1.59800e+03	1.12729e-02	5.89000e+02
1599	5.88369e+02	1.59900e+03	1.12653e-02	5.89500e+02
1600	5.88871e+02	1.60000e+03	1.12524e-02	5.90000e+02
1601	5.89375e+02	1.60100e+03	1.12427e-02	5.90500e+02
1602	5.89885e+02	1.60200e+03	1.12344e-02	5.91000e+02
1603	5.90389e+02	1.60300e+03	1.12268e-02	5.91500e+02
1604	5.90892e+02	1.60400e+03	1.12216e-02	5.92000e+02
1605	5.91396e+02	1.60500e+03	1.12154e-02	5.92500e+02
1606	5.91905e+02	1.60600e+03	1.12086e-02	5.93000e+02
1607	5.92397e+02	1.60700e+03	1.12013e-02	5.93500e+02
1608	5.92899e+02	1.60800e+03	1.11933e-02	5.94000e+02
1609	5.93411e+02	1.60900e+03	1.11835e-02	5.94500e+02
1610	5.93908e+02	1.61000e+03	1.11717e-02	5.95000e+02
1611	5.94404e+02	1.61100e+03	1.11589e-02	5.95500e+02
1612	5.94908e+02	1.61200e+03	1.11432e-02	5.96000e+02
1613	5.95404e+02	1.61300e+03	1.11298e-02	5.96500e+02
1614	5.95890e+02	1.61400e+03	1.11172e-02	5.97000e+02
1615	5.96400e+02	1.61500e+03	1.11050e-02	5.97500e+02
1616	5.96907e+02	1.61600e+03	1.10932e-02	5.98000e+02
1617	5.97405e+02	1.61700e+03	1.10795e-02	5.98500e+02
1618	5.97900e+02	1.61800e+03	1.10637e-02	5.99000e+02
1619	5.98394e+02	1.61900e+03	1.10466e-02	5.99500e+02
1620	5.98903e+02	1.62000e+03	1.10254e-02	6.00000e+02
1621	5.99406e+02	1.62100e+03	1.10035e-02	6.00500e+02
1622	5.99903e+02	1.62200e+03	1.09795e-02	6.01000e+02
1623	6.00410e+02	1.62300e+03	1.09540e-02	6.01500e+02
1624	6.00912e+02	1.62400e+03	1.09221e-02	6.02000e+02
1625	6.01422e+02	1.62500e+03	1.08935e-02	6.02500e+02
1626	6.01925e+02	1.62600e+03	1.08665e-02	6.03000e+02
1627	6.02425e+02	1.62700e+03	1.08405e-02	6.03500e+02
1628	6.02933e+02	1.62800e+03	1.08191e-02	6.04000e+02
1629	6.03436e+02	1.62900e+03	1.08006e-02	6.04500e+02
1630	6.03945e+02	1.63000e+03	1.07860e-02	6.05000e+02
1631	6.04452e+02	1.63100e+03	1.07745e-02	6.05500e+02
1632	6.04966e+02	1.63200e+03	1.07818e-02	6.06000e+02
1633	6.05470e+02	1.63300e+03	1.07898e-02	6.06500e+02
1634	6.05984e+02	1.63400e+03	1.08028e-02	6.07000e+02
1635	6.06486e+02	1.63500e+03	1.08198e-02	6.07500e+02
1636	6.06999e+02	1.63600e+03	1.08567e-02	6.08000e+02
1637	6.07504e+02	1.63700e+03	1.08842e-02	6.08500e+02
1638	6.08008e+02	1.63800e+03	1.09094e-02	6.09000e+02
1639	6.08512e+02	1.63900e+03	1.09342e-02	6.09500e+02
1640	6.09031e+02	1.64000e+03	1.09599e-02	6.10000e+02
1641	6.09545e+02	1.64100e+03	1.09799e-02	6.10500e+02
1642	6.10054e+02	1.64200e+03	1.09942e-02	6.11000e+02
1643	6.10600e+02	1.64300e+03	1.10046e-02	6.11500e+02
1644	6.11133e+02	1.64400e+03	1.09921e-02	6.12000e+02
1645	6.11675e+02	1.64500e+03	1.09774e-02	6.12500e+02
1646	6.12198e+02	1.64600e+03	1.09574e-02	6.13000e+02
1647	6.12736e+02	1.64700e+03	1.09339e-02	6.13500e+02
1648	6.13520e+02	1.64800e+03	1.08934e-02	6.14000e+02
1649	6.14466e+02	1.64900e+03	1.08709e-02	6.14500e+02
1650	6.15312e+02	1.65000e+03	1.08563e-02	6.15000e+02
1651	6.15836e+02	1.65100e+03	1.08454e-02	6.15500e+02
1652	6.16330e+02	1.65200e+03	1.08586e-02	6.16000e+02
1653	6.16842e+02	1.65300e+03	1.08696e-02	6.16500e+02
1654	6.17328e+02	1.65400e+03	1.08843e-02	6.17000e+02
1655	6.17864e+02	1.65500e+03	1.09021e-02	6.17500e+02
1656	6.18339e+02	1.65600e+03	1.09373e-02	6.18000e+02
1657	6.18828e+02	1.65700e+03	1.09622e-02	6.18500e+02
1658	6.19313e+02	1.65800e+03	1.09834e-02	6.19000e+02
1659	6.19794e+02	1.65900e+03	1.10026e-02	6.19500e+02
1660	6.20271e+02	1.66000e+03	1.10119e-02	6.20000e+02
1661	6.20759e+02	1.66100e+03	1.10196e-02	6.20500e+02
1662	6.21238e+02	1.66200e+03	1.10235e-02	6.21000e+02
1663	6.21724e+02	1.66300e+03	1.10243e-02	6.21500e+02
1664	6.22206e+02	1.66400e+03	1.10069e-02	6.22000e+02
1665	6.22718e+02	1.66500e+03	1.09932e-02	6.22500e+02
1666	6.23220e+02	1.66600e+03	1.09775e-02	6.23000e+02
1667	6.23718e+02	1.66700e+03	1.09593e-02	6.23500e+02
1668	6.24204e+02	1.66800e+03	1.09338e-02	6.24000e+02
1669	6.24669e+02	1.66900e+03	1.09170e-02	6.24500e+02
1670	6.25152e+02	1.67000e+03	1.09051e-02	6.25000e+02
1671	6.25633e+02	1.67100e+03	1.08961e-02	6.25500e+02
1672	6.26110e+02	1.67200e+03	1.08993e-02	6.26000e+02
1673	6.26605e+02	1.67300e+03	1.09038e-02	6.26500e+02
1674	6.27103e+02	1.67400e+03	1.09119e-02	6.27000e+02
1675	6.27599e+02	1.67500e+03	1.09222e-02	6.27500e+02
1676	6.28095e+02	1.67600e+03	1.09423e-02	6.28000e+02
1677	6.28606e+02	1.67700e+03	1.09531e-02	6.28500e+02
1678	6.29105e+02	1.67800e+03	1.09604e-02	6.29000e+02
1679	6.29585e+02	1.67900e+03	1.09663e-02	6.29500e+02
1680	6.30074e+02	1.68000e+03	1.09613e-02	6.30000e+02
1681	6.30568e+02	1.68100e+03	1.09554e-02	6.30500e+02
1682	6.31077e+02	1.68200e+03	1.09453e-02	6.31000e+02
1683	6.31574e+02	1.68300e+03	1.09311e-02	6.31500e+02
1684	6.32069e+02	1.68400e+03	1.09018e-02	6.32000e+02
1685	6.32571e+02	1.68500e+03	1.08789e-02	6.32500e+02
1686	6.33072e+02	1.68600e+03	1.08592e-02	6.33000e+02
1687	6.33571e+02	1.68700e+03	1.08414e-02	6.33500e+02
1688	6.34068e+02	1.68800e+03	1.08226e-02	6.34000e+02
1689	6.34563e+02	1.68900e+03	1.08078e-02	6.34500e+02
1690	6.35050e+02	1.69000e+03	1.07945e-02	6.35000e+02
1691	6.35545e+02	1.69100e+03	1.07823e-02	6.35500e+02
1692	6.36041e+02	1.69200e+03	1.07844e-02	6.36000e+02
1693	6.36535e+02	1.69300e+03	1.07851e-02	6.36500e+02
1694	6.37032e+02	1.69400e+03	1.07892e-02	6.37000e+02
1695	6.37526e+02	1.69500e+03	1.07963e-02	6.37500e+02
1696	6.38005e+02	1.69600e+03	1.08142e-02	6.38000e+02
1697	6.38487e+02	1.69700e+03	1.08261e-02	6.38500e+02
1698	6.38987e+02	1.69800e+03	1.08334e-02	6.39000e+02
1699	6.39468e+02	1.69900e+03	1.08370e-02	6.39500e+02
1700	6.39961e+02	1.70000e+03	1.08361e-02	6.40000e+02
1701	6.40448e+02	1.70100e+03	1.08359e-02	6.40500e+02
1702	6.40947e+02	1.70200e+03	1.08384e-02	6.41000e+02
1703	6.41446e+02	1.70300e+03	1.08434e-02	6.41500e+02
1704	6.41938e+02	1.70400e+03	1.08501e-02	6.42000e+02
1705	6.42434e+02	1.70500e+03	1.08673e-02	6.42500e+02
1706	6.42923e+02	1.70600e+03	1.08905e-02	6.43000e+02
1707	6.43412e+02	1.70700e+03	1.09160e-02	6.43500e+02
1708	6.43908e+02	1.70800e+03	1.09587e-02	6.44000e+02
1709	6.44400e+02	1.70900e+03	1.09865e-02	6.44500e+02
1710	6.44883e+02	1.71000e+03	1.10069e-02	6.45000e+02
1711	6.45372e+02	1.71100e+03	1.10227e-02	6.45500e+02
1712	6.45867e+02	1.71200e+03	1.10147e-02	6.46000e+02
1713	6.46365e+02	1.71300e+03	1.10051e-02	6.46500e+02
1714	6.46857e+02	1.71400e+03	1.09909e-02	6.47000e+02
1715	6.47338e+02	1.71500e+03	1.09746e-02	6.47500e+02
1716	6.47823e+02	1.71600e+03	1.09328e-02	6.48000e+02
1717	6.48311e+02	1.71700e+03	1.08993e-02	6.48500e+02
1718	6.48804e+02	1.71800e+03	1.08632e-02	6.49000e+02
1719	6.49284e+02	1.71900e+03	1.08242e-02	6.49500e+02
1720	6.49771e+02	1.72000e+03	1.07735e-02	6.50000e+02
1721	6.50268e+02	1.72100e+03	1.07246e-02	6.50500e+02
1722	6.50752e+02	1.72200e+03	1.06780e-02	6.51000e+02
1723	6.51247e+02	1.72300e+03	1.06326e-02	6.51500e+02
1724	6.51727e+02	1.72400e+03	1.05950e-02	6.52000e+02
1725	6.52208e+02	1.72500e+03	1.05726e-02	6.52500e+02
1726	6.52706e+02	1.72600e+03	1.05670e-02	6.53000e+02
1727	6.53201e+02	1.72700e+03	1.05746e-02	6.53500e+02
1728	6.53686e+02	1.72800e+03	1.06560e-02	6.54000e+02
1729	6.54180e+02	1.72900e+03	1.07365e-02	6.54500e+02
1730	6.54655e+02	1.73000e+03	1.08291e-02	6.55000e+02
1731	6.55151e+02	1.73100e+03	1.09304e-02	6.55500e+02
1732	6.55648e+02	1.73200e+03	1.10826e-02	6.56000e+02
1733	6.56139e+02	1.73300e+03	1.11886e-02	6.56500e+02
1734	6.56626e+02	1.73400e+03	1.12712e-02	6.57000e+02
1735	6.57123e+02	1.73500e+03	1.13402e-02	6.57500e+02
1736	6.57620e+02	1.73600e+03	1.13390e-02	6.58000e+02
1737	6.58112e+02	1.73700e+03	1.13375e-02	6.58500e+02
1738	6.58593e+02	1.73800e+03	1.13196e-02	6.59000e+02
1739	6.59082e+02	1.73900e+03	1.12897e-02	6.59500e+02
1740	6.59580e+02	1.74000e+03	1.11854e-02	6.60000e+02
1741	6.60072e+02	1.74100e+03	1.11155e-02	6.60500e+02
1742	6.60559e+02	1.74200e+03	1.10508e-02	6.61000e+02
1743	6.61052e+02	1.74300e+03	1.09858e-02	6.61500e+02
1744	6.61539e+02	1.74400e+03	1.09226e-02	6.62000e+02
1745	6.62042e+02	1.74500e+03	1.08689e-02	6.62500e+02
1746	6.62529e+02	1.74600e+03	1.08240e-02	6.63000e+02
1747	6.63007e+02	1.74700e+03	1.07851e-02	6.63500e+02
1748	6.63507e+02	1.74800e+03	1.07766e-02	6.64000e+02
1749	6.63996e+02	1.74900e+03	1.07630e-02	6.64500e+02
1750	6.64501e+02	1.75000e+03	1.07532e-02	6.65000e+02
1751	6.64978e+02	1.75100e+03	1.07461e-02	6.65500e+02
1752	6.65474e+02	1.75200e+03	1.07601e-02	6.66000e+02
1753	6.65956e+02	1.75300e+03	1.07622e-02	6.66500e+02
1754	6.66460e+02	1.75400e+03	1.07590e-02	6.67000e+02
1755	6.66947e+02	1.75500e+03	1.07541e-02	6.67500e+02
1756	6.67435e+02	1.75600e+03	1.07432e-02	6.68000e+02
1757	6.67931e+02	1.75700e+03	1.07307e-02	6.68500e+02
1758	6.68426e+02	1.75800e+03	1.07184e-02	6.69000e+02
1759	6.68919e+02	1.75900e+03	1.07082e-02	6.69500e+02
1760	6.69415e+02	1.76000e+03	1.06976e-02	6.70000e+02
1761	6.69909e+02	1.76100e+03	1.06973e-02	6.70500e+02
1762	6.70399e+02	1.76200e+03	1.07045e-02	6.71000e+02
1763	6.70888e+02	1.76300e+03	1.07156e-02	6.71500e+02
1764	6.71381e+02	1.76400e+03	1.07447e-02	6.72000e+02
1765	6.71868e+02	1.76500e+03	1.07622e-02	6.72500e+02
1766	6.72370e+02	1.76600e+03	1.07755e-02	6.73000e+02
1767	6.72861e+02	1.76700e+03	1.07871e-02	6.73500e+02
1768	6.73368e+02	1.76800e+03	1.07968e-02	6.74000e+02
1769	6.73860e+02	1.76900e+03	1.08064e-02	6.74500e+02
1770	6.74357e+02	1.77000e+03	1.08151e-02	6.75000e+02
1771	6.74849e+02	1.77100e+03	1.08234e-02	6.75500e+02
1772	6.75345e+02	1.77200e+03	1.08263e-02	6.76000e+02
1773	6.75830e+02	1.77300e+03	1.08291e-02	6.76500e+02
1774	6.76341e+02	1.77400e+03	1.08300e-02	6.77000e+02
1775	6.76838e+02	1.77500e+03	1.08294e-02	6.77500e+02
1776	6.77328e+02	1.77600e+03	1.08186e-02	6.78000e+02
1777	6.77808e+02	1.77700e+03	1.08060e-02	6.78500e+02
1778	6.78307e+02	1.77800e+03	1.07897e-02	6.79000e+02
1779	6.78822e+02	1.77900e+03	1.07698e-02	6.79500e+02
1780	6.79307e+02	1.78000e+03	1.07339e-02	6.80000e+02
1781	6.79805e+02	1.78100e+03	1.07012e-02	6.80500e+02
1782	6.80297e+02	1.78200e+03	1.06645e-02	6.81000e+02
1783	6.80797e+02	1.78300e+03	1.06248e-02	6.81500e+02
1784	6.81279e+02	1.78400e+03	1.05699e-02	6.82000e+02
1785	6.81766e+02	1.78500e+03	1.05177e-02	6.82500e+02
1786	6.82251e+02	1.78600e+03	1.04661e-02	6.83000e+02
1787	6.82740e+02	1.78700e+03	1.04161e-02	6.83500e+02
1788	6.83234e+02	1.78800e+03	1.03730e-02	6.84000e+02
1789	6.83728e+02	1.78900e+03	1.03486e-02	6.84500e+02
1790	6.84233e+02	1.79000e+03	1.03436e-02	6.85000e+02
1791	6.84727e+02	1.79100e+03	1.03521e-02	6.85500e+02
1792	6.85222e+02	1.79200e+03	1.04366e-02	6.86000e+02
1793	6.85707e+02	1.79300e+03	1.05157e-02	6.86500e+02
1794	6.86203e+02	1.79400e+03	1.06038e-02	6.87000e+02
1795	6.86391e+02	1.79500e+03	1.06991e-02	6.87500e+02
1796	6.86545e+02	1.79600e+03	1.08460e-02	6.88000e+02
1797	6.86845e+02	1.79700e+03	1.09503e-02	6.88500e+02
1798	6.87202e+02	1.79800e+03	1.10373e-02	6.89000e+02
1799	6.87570e+02	1.79900e+03	1.11165e-02	6.89500e+02
1800	6.87935e+02	1.80000e+03	1.11485e-02	6.90000e+02
1801	6.88273e+02	1.80100e+03	1.11787e-02	6.90500e+02
1802	6.88597e+02	1.80200e+03	1.11913e-02	6.91000e+02
1803	6.88922e+02	1.80300e+03	1.11907e-02	6.91500e+02
1804	6.89246e+02	1.80400e+03	1.11353e-02	6.92000e+02
1805	6.89544e+02	1.80500e+03	1.10957e-02	6.92500e+02
1806	6.89835e+02	1.80600e+03	1.10537e-02	6.93000e+02
1807	6.90109e+02	1.80700e+03	1.10083e-02	6.93500e+02
1808	6.90395e+02	1.80800e+03	1.09423e-02	6.94000e+02
1809	6.90671e+02	1.80900e+03	1.08926e-02	6.94500e+02
1810	6.90924e+02	1.81000e+03	1.08485e-02	6.95000e+02
1811	6.91182e+02	1.81100e+03	1.08063e-02	6.95500e+02
1812	6.91435e+02	1.81200e+03	1.07747e-02	6.96000e+02
1813	6.91676e+02	1.81300e+03	1.07370e-02	6.96500e+02
1814	6.91910e+02	1.81400e+03	1.06988e-02	6.97000e+02
1815	6.92136e+02	1.81500e+03	1.06617e-02	6.97500e+02
1816	6.92364e+02	1.81600e+03	1.06339e-02	6.98000e+02
1817	6.92573e+02	1.81700e+03	1.06141e-02	6.98500e+02
1818	6.92783e+02	1.81800e+03	1.06054e-02	6.99000e+02
1819	6.92987e+02	1.81900e+03	1.06054e-02	6.99500e+02
1820	6.93182e+02	1.82000e+03	1.06387e-02	7.00000e+02
