index	ts	t	weight	tr
[#]	[°C]	[s]	[mg]	[°C]
683	1.30824e+02	6.83000e+02	1.20573e+01	1.31500e+02
684	1.31315e+02	6.84000e+02	1.20572e+01	1.32000e+02
685	1.31824e+02	6.85000e+02	1.20570e+01	1.32500e+02
686	1.32327e+02	6.86000e+02	1.20569e+01	1.33000e+02
687	1.32852e+02	6.87000e+02	1.20568e+01	1.33500e+02
688	1.33353e+02	6.88000e+02	1.20566e+01	1.34000e+02
689	1.33844e+02	6.89000e+02	1.20565e+01	1.34500e+02
690	1.34342e+02	6.90000e+02	1.20563e+01	1.35000e+02
691	1.34854e+02	6.91000e+02	1.20562e+01	1.35500e+02
692	1.35349e+02	6.92000e+02	1.20560e+01	1.36000e+02
693	1.35851e+02	6.93000e+02	1.20558e+01	1.36500e+02
694	1.36363e+02	6.94000e+02	1.20556e+01	1.37000e+02
695	1.36858e+02	6.95000e+02	1.20554e+01	1.37500e+02
696	1.37355e+02	6.96000e+02	1.20552e+01	1.38000e+02
697	1.37875e+02	6.97000e+02	1.20549e+01	1.38500e+02
698	1.38373e+02	6.98000e+02	1.20547e+01	1.39000e+02
699	1.38871e+02	6.99000e+02	1.20545e+01	1.39500e+02
700	1.39382e+02	7.00000e+02	1.20542e+01	1.40000e+02
701	1.39871e+02	7.01000e+02	1.20540e+01	1.40500e+02
702	1.40391e+02	7.02000e+02	1.20537e+01	1.41000e+02
703	1.40892e+02	7.03000e+02	1.20534e+01	1.41500e+02
704	1.41389e+02	7.04000e+02	1.20531e+01	1.42000e+02
705	1.41885e+02	7.05000e+02	1.20527e+01	1.42500e+02
706	1.42387e+02	7.06000e+02	1.20524e+01	1.43000e+02
707	1.42887e+02	7.07000e+02	1.20521e+01	1.43500e+02
708	1.43394e+02	7.08000e+02	1.20517e+01	1.44000e+02
709	1.43898e+02	7.09000e+02	1.20513e+01	1.44500e+02
710	1.44401e+02	7.10000e+02	1.20509e+01	1.45000e+02
711	1.44900e+02	7.11000e+02	1.20505e+01	1.45500e+02
712	1.45399e+02	7.12000e+02	1.20501e+01	1.46000e+02
713	1.45897e+02	7.13000e+02	1.20497e+01	1.46500e+02
714	1.46410e+02	7.14000e+02	1.20493e+01	1.47000e+02
715	1.46919e+02	7.15000e+02	1.20488e+01	1.47500e+02
716	1.47423e+02	7.16000e+02	1.20483e+01	1.48000e+02
717	1.47919e+02	7.17000e+02	1.20478e+01	1.48500e+02
718	1.48415e+02	7.18000e+02	1.20473e+01	1.49000e+02
719	1.48919e+02	7.19000e+02	1.20468e+01	1.49500e+02
720	1.49441e+02	7.20000e+02	1.20462e+01	1.50000e+02
721	1.49940e+02	7.21000e+02	1.20456e+01	1.50500e+02
722	1.50442e+02	7.22000e+02	1.20450e+01	1.51000e+02
723	1.50943e+02	7.23000e+02	1.20444e+01	1.51500e+02
724	1.51446e+02	7.24000e+02	1.20437e+01	1.52000e+02
725	1.51947e+02	7.25000e+02	1.20431e+01	1.52500e+02
726	1.52450e+02	7.26000e+02	1.20424e+01	1.53000e+02
727	1.52949e+02	7.27000e+02	1.20417e+01	1.53500e+02
728	1.53445e+02	7.28000e+02	1.20410e+01	1.54000e+02
729	1.53954e+02	7.29000e+02	1.20403e+01	1.54500e+02
730	1.54462e+02	7.30000e+02	1.20396e+01	1.55000e+02
731	1.54960e+02	7.31000e+02	1.20389e+01	1.55500e+02
732	1.55464e+02	7.32000e+02	1.20381e+01	1.56000e+02
733	1.55967e+02	7.33000e+02	1.20373e+01	1.56500e+02
734	1.56474e+02	7.34000e+02	1.20365e+01	1.57000e+02
735	1.56969e+02	7.35000e+02	1.20357e+01	1.57500e+02
736	1.57471e+02	7.36000e+02	1.20349e+01	1.58000e+02
737	1.57983e+02	7.37000e+02	1.20341e+01	1.58500e+02
738	1.58494e+02	7.38000e+02	1.20332e+01	1.59000e+02
739	1.58993e+02	7.39000e+02	1.20324e+01	1.59500e+02
740	1.59511e+02	7.40000e+02	1.20315e+01	1.60000e+02
741	1.60005e+02	7.41000e+02	1.20306e+01	1.60500e+02
742	1.60507e+02	7.42000e+02	1.20297e+01	1.61000e+02
743	1.61020e+02	7.43000e+02	1.20288e+01	1.61500e+02
744	1.61514e+02	7.44000e+02	1.20278e+01	1.62000e+02
745	1.62020e+02	7.45000e+02	1.20269e+01	1.62500e+02
746	1.62528e+02	7.46000e+02	1.20259e+01	1.63000e+02
747	1.63041e+02	7.47000e+02	1.20249e+01	1.63500e+02
748	1.63545e+02	7.48000e+02	1.20239e+01	1.64000e+02
749	1.64048e+02	7.49000e+02	1.20229e+01	1.64500e+02
750	1.64548e+02	7.50000e+02	1.20218e+01	1.65000e+02
751	1.65054e+02	7.51000e+02	1.20208e+01	1.65500e+02
752	1.65554e+02	7.52000e+02	1.20197e+01	1.66000e+02
753	1.66061e+02	7.53000e+02	1.20186e+01	1.66500e+02
754	1.66560e+02	7.54000e+02	1.20175e+01	1.67000e+02
755	1.67066e+02	7.55000e+02	1.20163e+01	1.67500e+02
756	1.67586e+02	7.56000e+02	1.20151e+01	1.68000e+02
757	1.68092e+02	7.57000e+02	1.20139e+01	1.68500e+02
758	1.68596e+02	7.58000e+02	1.20126e+01	1.69000e+02
759	1.69090e+02	7.59000e+02	1.20114e+01	1.69500e+02
760	1.69610e+02	7.60000e+02	1.20100e+01	1.70000e+02
761	1.70101e+02	7.61000e+02	1.20086e+01	1.70500e+02
762	1.70601e+02	7.62000e+02	1.20072e+01	1.71000e+02
763	1.71104e+02	7.63000e+02	1.20058e+01	1.71500e+02
764	1.71617e+02	7.64000e+02	1.20042e+01	1.72000e+02
765	1.72121e+02	7.65000e+02	1.20026e+01	1.72500e+02
766	1.72627e+02	7.66000e+02	1.20010e+01	1.73000e+02
767	1.73123e+02	7.67000e+02	1.19994e+01	1.73500e+02
768	1.73638e+02	7.68000e+02	1.19976e+01	1.74000e+02
769	1.74143e+02	7.69000e+02	1.19958e+01	1.74500e+02
770	1.74631e+02	7.70000e+02	1.19940e+01	1.75000e+02
771	1.75147e+02	7.71000e+02	1.19921e+01	1.75500e+02
772	1.75644e+02	7.72000e+02	1.19899e+01	1.76000e+02
773	1.76157e+02	7.73000e+02	1.19878e+01	1.76500e+02
774	1.76654e+02	7.74000e+02	1.19857e+01	1.77000e+02
775	1.77155e+02	7.75000e+02	1.19834e+01	1.77500e+02
776	1.77666e+02	7.76000e+02	1.19809e+01	1.78000e+02
777	1.78173e+02	7.77000e+02	1.19784e+01	1.78500e+02
778	1.78679e+02	7.78000e+02	1.19758e+01	1.79000e+02
779	1.79172e+02	7.79000e+02	1.19732e+01	1.79500e+02
780	1.79673e+02	7.80000e+02	1.19702e+01	1.80000e+02
781	1.80180e+02	7.81000e+02	1.19672e+01	1.80500e+02
782	1.80683e+02	7.82000e+02	1.19641e+01	1.81000e+02
783	1.81185e+02	7.83000e+02	1.19610e+01	1.81500e+02
784	1.81673e+02	7.84000e+02	1.19575e+01	1.82000e+02
785	1.82190e+02	7.85000e+02	1.19540e+01	1.82500e+02
786	1.82691e+02	7.86000e+02	1.19504e+01	1.83000e+02
787	1.83193e+02	7.87000e+02	1.19467e+01	1.83500e+02
788	1.83701e+02	7.88000e+02	1.19426e+01	1.84000e+02
789	1.84196e+02	7.89000e+02	1.19385e+01	1.84500e+02
790	1.84701e+02	7.90000e+02	1.19343e+01	1.85000e+02
791	1.85217e+02	7.91000e+02	1.19300e+01	1.85500e+02
792	1.85715e+02	7.92000e+02	1.19252e+01	1.86000e+02
793	1.86207e+02	7.93000e+02	1.19205e+01	1.86500e+02
794	1.86712e+02	7.94000e+02	1.19157e+01	1.87000e+02
795	1.87222e+02	7.95000e+02	1.19107e+01	1.87500e+02
796	1.87728e+02	7.96000e+02	1.19053e+01	1.88000e+02
797	1.88228e+02	7.97000e+02	1.18999e+01	1.88500e+02
798	1.88736e+02	7.98000e+02	1.18945e+01	1.89000e+02
799	1.89238e+02	7.99000e+02	1.18889e+01	1.89500e+02
800	1.89747e+02	8.00000e+02	1.18829e+01	1.90000e+02
801	1.90248e+02	8.01000e+02	1.18770e+01	1.90500e+02
802	1.90760e+02	8.02000e+02	1.18710e+01	1.91000e+02
803	1.91267e+02	8.03000e+02	1.18649e+01	1.91500e+02
804	1.91757e+02	8.04000e+02	1.18584e+01	1.92000e+02
805	1.92268e+02	8.05000e+02	1.18520e+01	1.92500e+02
806	1.92775e+02	8.06000e+02	1.18454e+01	1.93000e+02
807	1.93294e+02	8.07000e+02	1.18388e+01	1.93500e+02
808	1.93789e+02	8.08000e+02	1.18319e+01	1.94000e+02
809	1.94297e+02	8.09000e+02	1.18251e+01	1.94500e+02
810	1.94812e+02	8.10000e+02	1.18182e+01	1.95000e+02
811	1.95318e+02	8.11000e+02	1.18112e+01	1.95500e+02
812	1.95825e+02	8.12000e+02	1.18041e+01	1.96000e+02
813	1.96330e+02	8.13000e+02	1.17970e+01	1.96500e+02
814	1.96829e+02	8.14000e+02	1.17899e+01	1.97000e+02
815	1.97336e+02	8.15000e+02	1.17827e+01	1.97500e+02
816	1.97851e+02	8.16000e+02	1.17754e+01	1.98000e+02
817	1.98357e+02	8.17000e+02	1.17682e+01	1.98500e+02
818	1.98870e+02	8.18000e+02	1.17610e+01	1.99000e+02
819	1.99380e+02	8.19000e+02	1.17538e+01	1.99500e+02
820	1.99881e+02	8.20000e+02	1.17466e+01	2.00000e+02
821	2.00393e+02	8.21000e+02	1.17394e+01	2.00500e+02
822	2.00914e+02	8.22000e+02	1.17322e+01	2.01000e+02
823	2.01407e+02	8.23000e+02	1.17250e+01	2.01500e+02
824	2.01930e+02	8.24000e+02	1.17180e+01	2.02000e+02
825	2.02444e+02	8.25000e+02	1.17110e+01	2.02500e+02
826	2.02952e+02	8.26000e+02	1.17040e+01	2.03000e+02
827	2.03469e+02	8.27000e+02	1.16971e+01	2.03500e+02
828	2.03979e+02	8.28000e+02	1.16905e+01	2.04000e+02
829	2.04506e+02	8.29000e+02	1.16839e+01	2.04500e+02
830	2.05013e+02	8.30000e+02	1.16773e+01	2.05000e+02
831	2.05521e+02	8.31000e+02	1.16709e+01	2.05500e+02
832	2.06026e+02	8.32000e+02	1.16648e+01	2.06000e+02
833	2.06540e+02	8.33000e+02	1.16588e+01	2.06500e+02
834	2.07044e+02	8.34000e+02	1.16528e+01	2.07000e+02
835	2.07549e+02	8.35000e+02	1.16470e+01	2.07500e+02
836	2.08072e+02	8.36000e+02	1.16416e+01	2.08000e+02
837	2.08582e+02	8.37000e+02	1.16362e+01	2.08500e+02
838	2.09096e+02	8.38000e+02	1.16309e+01	2.09000e+02
839	2.09605e+02	8.39000e+02	1.16258e+01	2.09500e+02
840	2.10105e+02	8.40000e+02	1.16212e+01	2.10000e+02
841	2.10627e+02	8.41000e+02	1.16165e+01	2.10500e+02
842	2.11141e+02	8.42000e+02	1.16120e+01	2.11000e+02
843	2.11653e+02	8.43000e+02	1.16075e+01	2.11500e+02
844	2.12155e+02	8.44000e+02	1.16037e+01	2.12000e+02
845	2.12683e+02	8.45000e+02	1.15998e+01	2.12500e+02
846	2.13192e+02	8.46000e+02	1.15960e+01	2.13000e+02
847	2.13700e+02	8.47000e+02	1.15923e+01	2.13500e+02
848	2.14223e+02	8.48000e+02	1.15892e+01	2.14000e+02
849	2.14744e+02	8.49000e+02	1.15860e+01	2.14500e+02
850	2.15261e+02	8.50000e+02	1.15829e+01	2.15000e+02
851	2.15764e+02	8.51000e+02	1.15799e+01	2.15500e+02
852	2.16297e+02	8.52000e+02	1.15774e+01	2.16000e+02
853	2.16822e+02	8.53000e+02	1.15748e+01	2.16500e+02
854	2.17318e+02	8.54000e+02	1.15723e+01	2.17000e+02
855	2.17864e+02	8.55000e+02	1.15699e+01	2.17500e+02
856	2.18377e+02	8.56000e+02	1.15678e+01	2.18000e+02
857	2.18884e+02	8.57000e+02	1.15656e+01	2.18500e+02
858	2.19412e+02	8.58000e+02	1.15635e+01	2.19000e+02
859	2.19935e+02	8.59000e+02	1.15614e+01	2.19500e+02
860	2.20493e+02	8.60000e+02	1.15596e+01	2.20000e+02
861	2.21008e+02	8.61000e+02	1.15577e+01	2.20500e+02
862	2.21553e+02	8.62000e+02	1.15559e+01	2.21000e+02
863	2.22091e+02	8.63000e+02	1.15540e+01	2.21500e+02
864	2.22609e+02	8.64000e+02	1.15524e+01	2.22000e+02
865	2.23139e+02	8.65000e+02	1.15507e+01	2.22500e+02
866	2.23652e+02	8.66000e+02	1.15490e+01	2.23000e+02
867	2.24170e+02	8.67000e+02	1.15474e+01	2.23500e+02
868	2.24688e+02	8.68000e+02	1.15458e+01	2.24000e+02
869	2.25206e+02	8.69000e+02	1.15442e+01	2.24500e+02
870	2.25725e+02	8.70000e+02	1.15426e+01	2.25000e+02
871	2.26228e+02	8.71000e+02	1.15410e+01	2.25500e+02
872	2.26734e+02	8.72000e+02	1.15394e+01	2.26000e+02
873	2.27247e+02	8.73000e+02	1.15379e+01	2.26500e+02
874	2.27761e+02	8.74000e+02	1.15363e+01	2.27000e+02
875	2.28260e+02	8.75000e+02	1.15347e+01	2.27500e+02
876	2.28786e+02	8.76000e+02	1.15332e+01	2.28000e+02
877	2.29283e+02	8.77000e+02	1.15316e+01	2.28500e+02
878	2.29799e+02	8.78000e+02	1.15300e+01	2.29000e+02
879	2.30308e+02	8.79000e+02	1.15285e+01	2.29500e+02
880	2.30837e+02	8.80000e+02	1.15269e+01	2.30000e+02
881	2.31341e+02	8.81000e+02	1.15253e+01	2.30500e+02
882	2.31869e+02	8.82000e+02	1.15237e+01	2.31000e+02
883	2.32401e+02	8.83000e+02	1.15222e+01	2.31500e+02
884	2.32916e+02	8.84000e+02	1.15206e+01	2.32000e+02
885	2.33433e+02	8.85000e+02	1.15190e+01	2.32500e+02
886	2.33975e+02	8.86000e+02	1.15174e+01	2.33000e+02
887	2.34502e+02	8.87000e+02	1.15159e+01	2.33500e+02
888	2.35014e+02	8.88000e+02	1.15143e+01	2.34000e+02
889	2.35527e+02	8.89000e+02	1.15128e+01	2.34500e+02
890	2.36034e+02	8.90000e+02	1.15113e+01	2.35000e+02
891	2.36545e+02	8.91000e+02	1.15097e+01	2.35500e+02
892	2.37058e+02	8.92000e+02	1.15082e+01	2.36000e+02
893	2.37562e+02	8.93000e+02	1.15067e+01	2.36500e+02
894	2.38070e+02	8.94000e+02	1.15051e+01	2.37000e+02
895	2.38576e+02	8.95000e+02	1.15036e+01	2.37500e+02
896	2.39104e+02	8.96000e+02	1.15021e+01	2.38000e+02
897	2.39632e+02	8.97000e+02	1.15006e+01	2.38500e+02
898	2.40150e+02	8.98000e+02	1.14991e+01	2.39000e+02
899	2.40670e+02	8.99000e+02	1.14976e+01	2.39500e+02
900	2.41193e+02	9.00000e+02	1.14961e+01	2.40000e+02
901	2.41688e+02	9.01000e+02	1.14947e+01	2.40500e+02
902	2.42211e+02	9.02000e+02	1.14932e+01	2.41000e+02
903	2.42718e+02	9.03000e+02	1.14918e+01	2.41500e+02
904	2.43219e+02	9.04000e+02	1.14904e+01	2.42000e+02
905	2.43737e+02	9.05000e+02	1.14890e+01	2.42500e+02
906	2.44229e+02	9.06000e+02	1.14876e+01	2.43000e+02
907	2.44733e+02	9.07000e+02	1.14863e+01	2.43500e+02
908	2.45243e+02	9.08000e+02	1.14850e+01	2.44000e+02
909	2.45751e+02	9.09000e+02	1.14837e+01	2.44500e+02
910	2.46239e+02	9.10000e+02	1.14824e+01	2.45000e+02
911	2.46750e+02	9.11000e+02	1.14811e+01	2.45500e+02
912	2.47249e+02	9.12000e+02	1.14798e+01	2.46000e+02
913	2.47753e+02	9.13000e+02	1.14785e+01	2.46500e+02
914	2.48257e+02	9.14000e+02	1.14773e+01	2.47000e+02
915	2.48751e+02	9.15000e+02	1.14761e+01	2.47500e+02
916	2.49256e+02	9.16000e+02	1.14749e+01	2.48000e+02
917	2.49755e+02	9.17000e+02	1.14737e+01	2.48500e+02
918	2.50245e+02	9.18000e+02	1.14726e+01	2.49000e+02
919	2.50758e+02	9.19000e+02	1.14714e+01	2.49500e+02
920	2.51251e+02	9.20000e+02	1.14703e+01	2.50000e+02
921	2.51768e+02	9.21000e+02	1.14692e+01	2.50500e+02
922	2.52277e+02	9.22000e+02	1.14682e+01	2.51000e+02
923	2.52781e+02	9.23000e+02	1.14671e+01	2.51500e+02
924	2.53298e+02	9.24000e+02	1.14661e+01	2.52000e+02
925	2.53791e+02	9.25000e+02	1.14651e+01	2.52500e+02
926	2.54302e+02	9.26000e+02	1.14640e+01	2.53000e+02
927	2.54800e+02	9.27000e+02	1.14630e+01	2.53500e+02
928	2.55314e+02	9.28000e+02	1.14620e+01	2.54000e+02
929	2.55830e+02	9.29000e+02	1.14610e+01	2.54500e+02
930	2.56337e+02	9.30000e+02	1.14600e+01	2.55000e+02
931	2.56847e+02	9.31000e+02	1.14590e+01	2.55500e+02
932	2.57357e+02	9.32000e+02	1.14580e+01	2.56000e+02
933	2.57866e+02	9.33000e+02	1.14570e+01	2.56500e+02
934	2.58356e+02	9.34000e+02	1.14560e+01	2.57000e+02
935	2.58865e+02	9.35000e+02	1.14550e+01	2.57500e+02
936	2.59370e+02	9.36000e+02	1.14540e+01	2.58000e+02
937	2.59875e+02	9.37000e+02	1.14531e+01	2.58500e+02
938	2.60391e+02	9.38000e+02	1.14521e+01	2.59000e+02
939	2.60898e+02	9.39000e+02	1.14511e+01	2.59500e+02
940	2.61411e+02	9.40000e+02	1.14502e+01	2.60000e+02
941	2.61923e+02	9.41000e+02	1.14492e+01	2.60500e+02
942	2.62427e+02	9.42000e+02	1.14483e+01	2.61000e+02
943	2.62962e+02	9.43000e+02	1.14473e+01	2.61500e+02
944	2.63484e+02	9.44000e+02	1.14464e+01	2.62000e+02
945	2.63987e+02	9.45000e+02	1.14454e+01	2.62500e+02
946	2.64512e+02	9.46000e+02	1.14444e+01	2.63000e+02
947	2.65041e+02	9.47000e+02	1.14435e+01	2.63500e+02
948	2.65572e+02	9.48000e+02	1.14425e+01	2.64000e+02
949	2.66098e+02	9.49000e+02	1.14416e+01	2.64500e+02
950	2.66615e+02	9.50000e+02	1.14406e+01	2.65000e+02
951	2.67123e+02	9.51000e+02	1.14396e+01	2.65500e+02
952	2.67638e+02	9.52000e+02	1.14386e+01	2.66000e+02
953	2.68149e+02	9.53000e+02	1.14376e+01	2.66500e+02
954	2.68658e+02	9.54000e+02	1.14366e+01	2.67000e+02
955	2.69171e+02	9.55000e+02	1.14356e+01	2.67500e+02
956	2.69691e+02	9.56000e+02	1.14345e+01	2.68000e+02
957	2.70217e+02	9.57000e+02	1.14334e+01	2.68500e+02
958	2.70731e+02	9.58000e+02	1.14324e+01	2.69000e+02
959	2.71225e+02	9.59000e+02	1.14313e+01	2.69500e+02
960	2.71759e+02	9.60000e+02	1.14301e+01	2.70000e+02
961	2.72269e+02	9.61000e+02	1.14290e+01	2.70500e+02
962	2.72792e+02	9.62000e+02	1.14278e+01	2.71000e+02
963	2.73324e+02	9.63000e+02	1.14266e+01	2.71500e+02
964	2.73874e+02	9.64000e+02	1.14254e+01	2.72000e+02
965	2.74408e+02	9.65000e+02	1.14242e+01	2.72500e+02
966	2.74890e+02	9.66000e+02	1.14230e+01	2.73000e+02
967	2.75402e+02	9.67000e+02	1.14217e+01	2.73500e+02
968	2.75922e+02	9.68000e+02	1.14204e+01	2.74000e+02
969	2.76451e+02	9.69000e+02	1.14190e+01	2.74500e+02
970	2.76992e+02	9.70000e+02	1.14177e+01	2.75000e+02
971	2.77562e+02	9.71000e+02	1.14163e+01	2.75500e+02
972	2.78109e+02	9.72000e+02	1.14148e+01	2.76000e+02
973	2.78621e+02	9.73000e+02	1.14134e+01	2.76500e+02
974	2.79156e+02	9.74000e+02	1.14119e+01	2.77000e+02
975	2.79674e+02	9.75000e+02	1.14104e+01	2.77500e+02
976	2.80184e+02	9.76000e+02	1.14087e+01	2.78000e+02
977	2.80685e+02	9.77000e+02	1.14071e+01	2.78500e+02
978	2.81207e+02	9.78000e+02	1.14054e+01	2.79000e+02
979	2.81739e+02	9.79000e+02	1.14037e+01	2.79500e+02
980	2.82270e+02	9.80000e+02	1.14019e+01	2.80000e+02
981	2.82798e+02	9.81000e+02	1.14001e+01	2.80500e+02
982	2.83335e+02	9.82000e+02	1.13982e+01	2.81000e+02
983	2.83859e+02	9.83000e+02	1.13963e+01	2.81500e+02
984	2.84397e+02	9.84000e+02	1.13943e+01	2.82000e+02
985	2.84962e+02	9.85000e+02	1.13923e+01	2.82500e+02
986	2.85474e+02	9.86000e+02	1.13902e+01	2.83000e+02
987	2.86009e+02	9.87000e+02	1.13882e+01	2.83500e+02
988	2.86526e+02	9.88000e+02	1.13859e+01	2.84000e+02
989	2.87028e+02	9.89000e+02	1.13836e+01	2.84500e+02
990	2.87526e+02	9.90000e+02	1.13813e+01	2.85000e+02
991	2.88045e+02	9.91000e+02	1.13790e+01	2.85500e+02
992	2.88536e+02	9.92000e+02	1.13764e+01	2.86000e+02
993	2.89048e+02	9.93000e+02	1.13738e+01	2.86500e+02
994	2.89547e+02	9.94000e+02	1.13712e+01	2.87000e+02
995	2.90039e+02	9.95000e+02	1.13685e+01	2.87500e+02
996	2.90544e+02	9.96000e+02	1.13655e+01	2.88000e+02
997	2.91081e+02	9.97000e+02	1.13626e+01	2.88500e+02
998	2.91576e+02	9.98000e+02	1.13597e+01	2.89000e+02
999	2.92105e+02	9.99000e+02	1.13566e+01	2.89500e+02
1000	2.92611e+02	1.00000e+03	1.13533e+01	2.90000e+02
1001	2.93076e+02	1.00100e+03	1.13500e+01	2.90500e+02
1002	2.93596e+02	1.00200e+03	1.13466e+01	2.91000e+02
1003	2.94116e+02	1.00300e+03	1.13432e+01	2.91500e+02
1004	2.94638e+02	1.00400e+03	1.13394e+01	2.92000e+02
1005	2.95160e+02	1.00500e+03	1.13357e+01	2.92500e+02
1006	2.95666e+02	1.00600e+03	1.13319e+01	2.93000e+02
1007	2.96180e+02	1.00700e+03	1.13280e+01	2.93500e+02
1008	2.96693e+02	1.00800e+03	1.13237e+01	2.94000e+02
1009	2.97200e+02	1.00900e+03	1.13196e+01	2.94500e+02
1010	2.97724e+02	1.01000e+03	1.13153e+01	2.95000e+02
1011	2.98209e+02	1.01100e+03	1.13110e+01	2.95500e+02
1012	2.98726e+02	1.01200e+03	1.13063e+01	2.96000e+02
1013	2.99219e+02	1.01300e+03	1.13016e+01	2.96500e+02
1014	2.99709e+02	1.01400e+03	1.12969e+01	2.97000e+02
1015	3.00233e+02	1.01500e+03	1.12921e+01	2.97500e+02
1016	3.00741e+02	1.01600e+03	1.12869e+01	2.98000e+02
1017	3.01244e+02	1.01700e+03	1.12817e+01	2.98500e+02
1018	3.01735e+02	1.01800e+03	1.12765e+01	2.99000e+02
1019	3.02231e+02	1.01900e+03	1.12712e+01	2.99500e+02
1020	3.02720e+02	1.02000e+03	1.12655e+01	3.00000e+02
1021	3.03214e+02	1.02100e+03	1.12598e+01	3.00500e+02
1022	3.03720e+02	1.02200e+03	1.12541e+01	3.01000e+02
1023	3.04282e+02	1.02300e+03	1.12483e+01	3.01500e+02
1024	3.04781e+02	1.02400e+03	1.12421e+01	3.02000e+02
1025	3.05305e+02	1.02500e+03	1.12360e+01	3.02500e+02
1026	3.05815e+02	1.02600e+03	1.12299e+01	3.03000e+02
1027	3.06313e+02	1.02700e+03	1.12236e+01	3.03500e+02
1028	3.06833e+02	1.02800e+03	1.12170e+01	3.04000e+02
1029	3.07352e+02	1.02900e+03	1.12104e+01	3.04500e+02
1030	3.07863e+02	1.03000e+03	1.12038e+01	3.05000e+02
1031	3.08357e+02	1.03100e+03	1.11970e+01	3.05500e+02
1032	3.08893e+02	1.03200e+03	1.11899e+01	3.06000e+02
1033	3.09430e+02	1.03300e+03	1.11829e+01	3.06500e+02
1034	3.09939e+02	1.03400e+03	1.11758e+01	3.07000e+02
1035	3.10439e+02	1.03500e+03	1.11686e+01	3.07500e+02
1036	3.10970e+02	1.03600e+03	1.11612e+01	3.08000e+02
1037	3.11471e+02	1.03700e+03	1.11537e+01	3.08500e+02
1038	3.11987e+02	1.03800e+03	1.11463e+01	3.09000e+02
1039	3.12488e+02	1.03900e+03	1.11387e+01	3.09500e+02
1040	3.13043e+02	1.04000e+03	1.11309e+01	3.10000e+02
1041	3.13573e+02	1.04100e+03	1.11231e+01	3.10500e+02
1042	3.14090e+02	1.04200e+03	1.11153e+01	3.11000e+02
1043	3.14716e+02	1.04300e+03	1.11074e+01	3.11500e+02
1044	3.15203e+02	1.04400e+03	1.10993e+01	3.12000e+02
1045	3.15695e+02	1.04500e+03	1.10912e+01	3.12500e+02
1046	3.16203e+02	1.04600e+03	1.10831e+01	3.13000e+02
1047	3.16701e+02	1.04700e+03	1.10750e+01	3.13500e+02
1048	3.17244e+02	1.04800e+03	1.10667e+01	3.14000e+02
1049	3.17749e+02	1.04900e+03	1.10584e+01	3.14500e+02
1050	3.18234e+02	1.05000e+03	1.10501e+01	3.15000e+02
1051	3.18804e+02	1.05100e+03	1.10418e+01	3.15500e+02
1052	3.19430e+02	1.05200e+03	1.10333e+01	3.16000e+02
1053	3.19962e+02	1.05300e+03	1.10249e+01	3.16500e+02
1054	3.20510e+02	1.05400e+03	1.10164e+01	3.17000e+02
1055	3.21075e+02	1.05500e+03	1.10080e+01	3.17500e+02
1056	3.21678e+02	1.05600e+03	1.09994e+01	3.18000e+02
1057	3.22180e+02	1.05700e+03	1.09909e+01	3.18500e+02
1058	3.22727e+02	1.05800e+03	1.09824e+01	3.19000e+02
1059	3.23242e+02	1.05900e+03	1.09738e+01	3.19500e+02
1060	3.23793e+02	1.06000e+03	1.09652e+01	3.20000e+02
1061	3.24307e+02	1.06100e+03	1.09565e+01	3.20500e+02
1062	3.24811e+02	1.06200e+03	1.09478e+01	3.21000e+02
1063	3.25323e+02	1.06300e+03	1.09391e+01	3.21500e+02
1064	3.25840e+02	1.06400e+03	1.09303e+01	3.22000e+02
1065	3.26332e+02	1.06500e+03	1.09214e+01	3.22500e+02
1066	3.26824e+02	1.06600e+03	1.09125e+01	3.23000e+02
1067	3.27362e+02	1.06700e+03	1.09036e+01	3.23500e+02
1068	3.27885e+02	1.06800e+03	1.08945e+01	3.24000e+02
1069	3.28417e+02	1.06900e+03	1.08853e+01	3.24500e+02
1070	3.28916e+02	1.07000e+03	1.08761e+01	3.25000e+02
1071	3.29409e+02	1.07100e+03	1.08668e+01	3.25500e+02
1072	3.29899e+02	1.07200e+03	1.08572e+01	3.26000e+02
1073	3.30425e+02	1.07300e+03	1.08477e+01	3.26500e+02
1074	3.30960e+02	1.07400e+03	1.08379e+01	3.27000e+02
1075	3.31470e+02	1.07500e+03	1.08281e+01	3.27500e+02
1076	3.31979e+02	1.07600e+03	1.08179e+01	3.28000e+02
1077	3.32451e+02	1.07700e+03	1.08076e+01	3.28500e+02
1078	3.32949e+02	1.07800e+03	1.07971e+01	3.29000e+02
1079	3.33458e+02	1.07900e+03	1.07866e+01	3.29500e+02
1080	3.33955e+02	1.08000e+03	1.07753e+01	3.30000e+02
1081	3.34449e+02	1.08100e+03	1.07641e+01	3.30500e+02
1082	3.34943e+02	1.08200e+03	1.07527e+01	3.31000e+02
1083	3.35440e+02	1.08300e+03	1.07412e+01	3.31500e+02
1084	3.35937e+02	1.08400e+03	1.07288e+01	3.32000e+02
1085	3.36432e+02	1.08500e+03	1.07164e+01	3.32500e+02
1086	3.36920e+02	1.08600e+03	1.07038e+01	3.33000e+02
1087	3.37436e+02	1.08700e+03	1.06910e+01	3.33500e+02
1088	3.37980e+02	1.08800e+03	1.06772e+01	3.34000e+02
1089	3.38495e+02	1.08900e+03	1.06634e+01	3.34500e+02
1090	3.39001e+02	1.09000e+03	1.06494e+01	3.35000e+02
1091	3.39499e+02	1.09100e+03	1.06352e+01	3.35500e+02
1092	3.40005e+02	1.09200e+03	1.06197e+01	3.36000e+02
1093	3.40527e+02	1.09300e+03	1.06043e+01	3.36500e+02
1094	3.41037e+02	1.09400e+03	1.05886e+01	3.37000e+02
1095	3.41530e+02	1.09500e+03	1.05726e+01	3.37500e+02
1096	3.42032e+02	1.09600e+03	1.05552e+01	3.38000e+02
1097	3.42535e+02	1.09700e+03	1.05379e+01	3.38500e+02
1098	3.43036e+02	1.09800e+03	1.05203e+01	3.39000e+02
1099	3.43566e+02	1.09900e+03	1.05023e+01	3.39500e+02
1100	3.44084e+02	1.10000e+03	1.04828e+01	3.40000e+02
1101	3.44543e+02	1.10100e+03	1.04634e+01	3.40500e+02
1102	3.45019e+02	1.10200e+03	1.04437e+01	3.41000e+02
1103	3.45470e+02	1.10300e+03	1.04235e+01	3.41500e+02
1104	3.46006e+02	1.10400e+03	1.04016e+01	3.42000e+02
1105	3.46511e+02	1.10500e+03	1.03798e+01	3.42500e+02
1106	3.47087e+02	1.10600e+03	1.03577e+01	3.43000e+02
1107	3.47610e+02	1.10700e+03	1.03351e+01	3.43500e+02
1108	3.48130e+02	1.10800e+03	1.03106e+01	3.44000e+02
1109	3.48660e+02	1.10900e+03	1.02863e+01	3.44500e+02
1110	3.49218e+02	1.11000e+03	1.02615e+01	3.45000e+02
1111	3.49700e+02	1.11100e+03	1.02363e+01	3.45500e+02
1112	3.50324e+02	1.11200e+03	1.02089e+01	3.46000e+02
1113	3.50835e+02	1.11300e+03	1.01821e+01	3.46500e+02
1114	3.51340e+02	1.11400e+03	1.01549e+01	3.47000e+02
1115	3.51862e+02	1.11500e+03	1.01261e+01	3.47500e+02
1116	3.52345e+02	1.11600e+03	1.00958e+01	3.48000e+02
1117	3.52851e+02	1.11700e+03	1.00661e+01	3.48500e+02
1118	3.53402e+02	1.11800e+03	1.00358e+01	3.49000e+02
1119	3.53934e+02	1.11900e+03	1.00039e+01	3.49500e+02
1120	3.54434e+02	1.12000e+03	9.97137e+00	3.50000e+02
1121	3.55077e+02	1.12100e+03	9.93834e+00	3.50500e+02
1122	3.55586e+02	1.12200e+03	9.90452e+00	3.51000e+02
1123	3.56079e+02	1.12300e+03	9.87017e+00	3.51500e+02
1124	3.56522e+02	1.12400e+03	9.83278e+00	3.52000e+02
1125	3.56956e+02	1.12500e+03	9.79657e+00	3.52500e+02
1126	3.57422e+02	1.12600e+03	9.75904e+00	3.53000e+02
1127	3.57852e+02	1.12700e+03	9.72021e+00	3.53500e+02
1128	3.58343e+02	1.12800e+03	9.68031e+00	3.54000e+02
1129	3.58839e+02	1.12900e+03	9.64091e+00	3.54500e+02
1130	3.59314e+02	1.13000e+03	9.60037e+00	3.55000e+02
1131	3.59738e+02	1.13100e+03	9.55920e+00	3.55500e+02
1132	3.60121e+02	1.13200e+03	9.51551e+00	3.56000e+02
1133	3.60606e+02	1.13300e+03	9.47193e+00	3.56500e+02
1134	3.61039e+02	1.13400e+03	9.42766e+00	3.57000e+02
1135	3.61453e+02	1.13500e+03	9.38279e+00	3.57500e+02
1136	3.61874e+02	1.13600e+03	9.33565e+00	3.58000e+02
1137	3.62319e+02	1.13700e+03	9.28847e+00	3.58500e+02
1138	3.62763e+02	1.13800e+03	9.24057e+00	3.59000e+02
1139	3.63203e+02	1.13900e+03	9.19207e+00	3.59500e+02
1140	3.63633e+02	1.14000e+03	9.14124e+00	3.60000e+02
1141	3.64147e+02	1.14100e+03	9.09048e+00	3.60500e+02
1142	3.64611e+02	1.14200e+03	9.03873e+00	3.61000e+02
1143	3.65082e+02	1.14300e+03	8.98577e+00	3.61500e+02
1144	3.65566e+02	1.14400e+03	8.93187e+00	3.62000e+02
1145	3.66044e+02	1.14500e+03	8.87838e+00	3.62500e+02
1146	3.66523e+02	1.14600e+03	8.82379e+00	3.63000e+02
1147	3.66996e+02	1.14700e+03	8.76862e+00	3.63500e+02
1148	3.67463e+02	1.14800e+03	8.71015e+00	3.64000e+02
1149	3.67928e+02	1.14900e+03	8.65255e+00	3.64500e+02
1150	3.68397e+02	1.15000e+03	8.59456e+00	3.65000e+02
1151	3.68851e+02	1.15100e+03	8.53615e+00	3.65500e+02
1152	3.69295e+02	1.15200e+03	8.47560e+00	3.66000e+02
1153	3.69759e+02	1.15300e+03	8.41536e+00	3.66500e+02
1154	3.70217e+02	1.15400e+03	8.35469e+00	3.67000e+02
1155	3.70695e+02	1.15500e+03	8.29362e+00	3.67500e+02
1156	3.71161e+02	1.15600e+03	8.23056e+00	3.68000e+02
1157	3.71620e+02	1.15700e+03	8.16782e+00	3.68500e+02
1158	3.72094e+02	1.15800e+03	8.10474e+00	3.69000e+02
1159	3.72584e+02	1.15900e+03	8.04133e+00	3.69500e+02
1160	3.73053e+02	1.16000e+03	7.97612e+00	3.70000e+02
1161	3.73519e+02	1.16100e+03	7.91123e+00	3.70500e+02
1162	3.73976e+02	1.16200e+03	7.84606e+00	3.71000e+02
1163	3.74444e+02	1.16300e+03	7.78059e+00	3.71500e+02
1164	3.74915e+02	1.16400e+03	7.71366e+00	3.72000e+02
1165	3.75398e+02	1.16500e+03	7.64700e+00	3.72500e+02
1166	3.75872e+02	1.16600e+03	7.58008e+00	3.73000e+02
1167	3.76340e+02	1.16700e+03	7.51294e+00	3.73500e+02
1168	3.76778e+02	1.16800e+03	7.44454e+00	3.74000e+02
1169	3.77236e+02	1.16900e+03	7.37631e+00	3.74500e+02
1170	3.77726e+02	1.17000e+03	7.30778e+00	3.75000e+02
1171	3.78213e+02	1.17100e+03	7.23894e+00	3.75500e+02
1172	3.78697e+02	1.17200e+03	7.16865e+00	3.76000e+02
1173	3.79153e+02	1.17300e+03	7.09840e+00	3.76500e+02
1174	3.79628e+02	1.17400e+03	7.02771e+00	3.77000e+02
1175	3.80106e+02	1.17500e+03	6.95661e+00	3.77500e+02
1176	3.80596e+02	1.17600e+03	6.88354e+00	3.78000e+02
1177	3.81087e+02	1.17700e+03	6.81095e+00	3.78500e+02
1178	3.81583e+02	1.17800e+03	6.73795e+00	3.79000e+02
1179	3.82092e+02	1.17900e+03	6.66344e+00	3.79500e+02
1180	3.82653e+02	1.18000e+03	6.58746e+00	3.80000e+02
1181	3.83117e+02	1.18100e+03	6.51172e+00	3.80500e+02
1182	3.83663e+02	1.18200e+03	6.43556e+00	3.81000e+02
1183	3.84318e+02	1.18300e+03	6.35900e+00	3.81500e+02
1184	3.84833e+02	1.18400e+03	6.28055e+00	3.82000e+02
1185	3.85239e+02	1.18500e+03	6.20257e+00	3.82500e+02
1186	3.85853e+02	1.18600e+03	6.12434e+00	3.83000e+02
1187	3.86327e+02	1.18700e+03	6.04587e+00	3.83500e+02
1188	3.86766e+02	1.18800e+03	5.96599e+00	3.84000e+02
1189	3.87219e+02	1.18900e+03	5.88629e+00	3.84500e+02
1190	3.87719e+02	1.19000e+03	5.80633e+00	3.85000e+02
1191	3.88161e+02	1.19100e+03	5.72613e+00	3.85500e+02
1192	3.88590e+02	1.19200e+03	5.64457e+00	3.86000e+02
1193	3.89049e+02	1.19300e+03	5.56317e+00	3.86500e+02
1194	3.89513e+02	1.19400e+03	5.48142e+00	3.87000e+02
1195	3.90025e+02	1.19500e+03	5.39935e+00	3.87500e+02
1196	3.90534e+02	1.19600e+03	5.31568e+00	3.88000e+02
1197	3.90938e+02	1.19700e+03	5.23231e+00	3.88500e+02
1198	3.91397e+02	1.19800e+03	5.14880e+00	3.89000e+02
1199	3.91887e+02	1.19900e+03	5.06440e+00	3.89500e+02
1200	3.92378e+02	1.20000e+03	4.97731e+00	3.90000e+02
1201	3.92885e+02	1.20100e+03	4.89007e+00	3.90500e+02
1202	3.93331e+02	1.20200e+03	4.80286e+00	3.91000e+02
1203	3.93879e+02	1.20300e+03	4.71537e+00	3.91500e+02
1204	3.94290e+02	1.20400e+03	4.62614e+00	3.92000e+02
1205	3.94820e+02	1.20500e+03	4.53733e+00	3.92500e+02
1206	3.95349e+02	1.20600e+03	4.44837e+00	3.93000e+02
1207	3.95764e+02	1.20700e+03	4.35926e+00	3.93500e+02
1208	3.96258e+02	1.20800e+03	4.26930e+00	3.94000e+02
1209	3.96754e+02	1.20900e+03	4.17975e+00	3.94500e+02
1210	3.97323e+02	1.21000e+03	4.09030e+00	3.95000e+02
1211	3.97850e+02	1.21100e+03	4.00088e+00	3.95500e+02
1212	3.98309e+02	1.21200e+03	3.91166e+00	3.96000e+02
1213	3.98790e+02	1.21300e+03	3.82264e+00	3.96500e+02
1214	3.99315e+02	1.21400e+03	3.73375e+00	3.97000e+02
1215	3.99805e+02	1.21500e+03	3.64493e+00	3.97500e+02
1216	4.00356e+02	1.21600e+03	3.55659e+00	3.98000e+02
1217	4.00920e+02	1.21700e+03	3.46797e+00	3.98500e+02
1218	4.01453e+02	1.21800e+03	3.37928e+00	3.99000e+02
1219	4.01897e+02	1.21900e+03	3.29056e+00	3.99500e+02
1220	4.02434e+02	1.22000e+03	3.20178e+00	4.00000e+02
1221	4.02961e+02	1.22100e+03	3.11308e+00	4.00500e+02
1222	4.03411e+02	1.22200e+03	3.02448e+00	4.01000e+02
1223	4.03863e+02	1.22300e+03	2.93595e+00	4.01500e+02
1224	4.04377e+02	1.22400e+03	2.84777e+00	4.02000e+02
1225	4.04924e+02	1.22500e+03	2.75987e+00	4.02500e+02
1226	4.05427e+02	1.22600e+03	2.67234e+00	4.03000e+02
1227	4.05921e+02	1.22700e+03	2.58513e+00	4.03500e+02
1228	4.06402e+02	1.22800e+03	2.49938e+00	4.04000e+02
1229	4.06967e+02	1.22900e+03	2.41342e+00	4.04500e+02
1230	4.07523e+02	1.23000e+03	2.32763e+00	4.05000e+02
1231	4.08081e+02	1.23100e+03	2.24280e+00	4.05500e+02
1232	4.08680e+02	1.23200e+03	2.16084e+00	4.06000e+02
1233	4.09204e+02	1.23300e+03	2.07895e+00	4.06500e+02
1234	4.09732e+02	1.23400e+03	1.99816e+00	4.07000e+02
1235	4.10164e+02	1.23500e+03	1.91830e+00	4.07500e+02
1236	4.10638e+02	1.23600e+03	1.84067e+00	4.08000e+02
1237	4.11131e+02	1.23700e+03	1.76430e+00	4.08500e+02
1238	4.11682e+02	1.23800e+03	1.68992e+00	4.09000e+02
1239	4.12244e+02	1.23900e+03	1.61715e+00	4.09500e+02
1240	4.12789e+02	1.24000e+03	1.54846e+00	4.10000e+02
1241	4.13295e+02	1.24100e+03	1.48068e+00	4.10500e+02
1242	4.13825e+02	1.24200e+03	1.41491e+00	4.11000e+02
1243	4.14346e+02	1.24300e+03	1.35074e+00	4.11500e+02
1244	4.14867e+02	1.24400e+03	1.29083e+00	4.12000e+02
1245	4.15328e+02	1.24500e+03	1.23192e+00	4.12500e+02
1246	4.15917e+02	1.24600e+03	1.17518e+00	4.13000e+02
1247	4.16448e+02	1.24700e+03	1.12014e+00	4.13500e+02
1248	4.16980e+02	1.24800e+03	1.06945e+00	4.14000e+02
1249	4.17550e+02	1.24900e+03	1.01962e+00	4.14500e+02
1250	4.18181e+02	1.25000e+03	9.71808e-01	4.15000e+02
1251	4.18802e+02	1.25100e+03	9.25563e-01	4.15500e+02
1252	4.19511e+02	1.25200e+03	8.83170e-01	4.16000e+02
1253	4.20198e+02	1.25300e+03	8.41519e-01	4.16500e+02
1254	4.21047e+02	1.25400e+03	8.01639e-01	4.17000e+02
1255	4.21540e+02	1.25500e+03	7.63125e-01	4.17500e+02
1256	4.22190e+02	1.25600e+03	7.28031e-01	4.18000e+02
1257	4.22708e+02	1.25700e+03	6.93524e-01	4.18500e+02
1258	4.23187e+02	1.25800e+03	6.60859e-01	4.19000e+02
1259	4.23683e+02	1.25900e+03	6.30077e-01	4.19500e+02
1260	4.24390e+02	1.26000e+03	6.00873e-01	4.20000e+02
1261	4.24929e+02	1.26100e+03	5.71464e-01	4.20500e+02
1262	4.25387e+02	1.26200e+03	5.44156e-01	4.21000e+02
1263	4.25951e+02	1.26300e+03	5.18752e-01	4.21500e+02
1264	4.26495e+02	1.26400e+03	4.95279e-01	4.22000e+02
1265	4.27100e+02	1.26500e+03	4.72029e-01	4.22500e+02
1266	4.27529e+02	1.26600e+03	4.49737e-01	4.23000e+02
1267	4.28029e+02	1.26700e+03	4.28157e-01	4.23500e+02
1268	4.28573e+02	1.26800e+03	4.09509e-01	4.24000e+02
1269	4.28968e+02	1.26900e+03	3.90757e-01	4.24500e+02
1270	4.29382e+02	1.27000e+03	3.72800e-01	4.25000e+02
1271	4.29865e+02	1.27100e+03	3.55515e-01	4.25500e+02
1272	4.30393e+02	1.27200e+03	3.40763e-01	4.26000e+02
1273	4.30924e+02	1.27300e+03	3.25904e-01	4.26500e+02
1274	4.31579e+02	1.27400e+03	3.12036e-01	4.27000e+02
1275	4.32079e+02	1.27500e+03	2.99368e-01	4.27500e+02
1276	4.32581e+02	1.27600e+03	2.87885e-01	4.28000e+02
1277	4.33148e+02	1.27700e+03	2.76284e-01	4.28500e+02
1278	4.33672e+02	1.27800e+03	2.65193e-01	4.29000e+02
1279	4.34140e+02	1.27900e+03	2.54523e-01	4.29500e+02
1280	4.34595e+02	1.28000e+03	2.45841e-01	4.30000e+02
1281	4.35016e+02	1.28100e+03	2.36833e-01	4.30500e+02
1282	4.35481e+02	1.28200e+03	2.28187e-01	4.31000e+02
1283	4.36015e+02	1.28300e+03	2.19882e-01	4.31500e+02
1284	4.36474e+02	1.28400e+03	2.13333e-01	4.32000e+02
1285	4.36942e+02	1.28500e+03	2.06447e-01	4.32500e+02
1286	4.37430e+02	1.28600e+03	1.99831e-01	4.33000e+02
1287	4.37938e+02	1.28700e+03	1.93483e-01	4.33500e+02
1288	4.38455e+02	1.28800e+03	1.88522e-01	4.34000e+02
1289	4.38954e+02	1.28900e+03	1.83285e-01	4.34500e+02
1290	4.39440e+02	1.29000e+03	1.78254e-01	4.35000e+02
1291	4.39917e+02	1.29100e+03	1.73431e-01	4.35500e+02
1292	4.40426e+02	1.29200e+03	1.69668e-01	4.36000e+02
1293	4.40900e+02	1.29300e+03	1.65688e-01	4.36500e+02
1294	4.41397e+02	1.29400e+03	1.61860e-01	4.37000e+02
1295	4.41920e+02	1.29500e+03	1.58188e-01	4.37500e+02
1296	4.42400e+02	1.29600e+03	1.55321e-01	4.38000e+02
1297	4.42887e+02	1.29700e+03	1.52296e-01	4.38500e+02
1298	4.43366e+02	1.29800e+03	1.49392e-01	4.39000e+02
1299	4.43893e+02	1.29900e+03	1.46608e-01	4.39500e+02
1300	4.44358e+02	1.30000e+03	1.44448e-01	4.40000e+02
1301	4.44869e+02	1.30100e+03	1.42163e-01	4.40500e+02
1302	4.45331e+02	1.30200e+03	1.39968e-01	4.41000e+02
1303	4.45822e+02	1.30300e+03	1.37862e-01	4.41500e+02
1304	4.46306e+02	1.30400e+03	1.36227e-01	4.42000e+02
1305	4.46822e+02	1.30500e+03	1.34492e-01	4.42500e+02
1306	4.47318e+02	1.30600e+03	1.32823e-01	4.43000e+02
1307	4.47826e+02	1.30700e+03	1.31221e-01	4.43500e+02
1308	4.48332e+02	1.30800e+03	1.29962e-01	4.44000e+02
1309	4.48852e+02	1.30900e+03	1.28636e-01	4.44500e+02
1310	4.49329e+02	1.31000e+03	1.27362e-01	4.45000e+02
1311	4.49842e+02	1.31100e+03	1.26141e-01	4.45500e+02
1312	4.50341e+02	1.31200e+03	1.25186e-01	4.46000e+02
1313	4.50826e+02	1.31300e+03	1.24181e-01	4.46500e+02
1314	4.51327e+02	1.31400e+03	1.23217e-01	4.47000e+02
1315	4.51812e+02	1.31500e+03	1.22295e-01	4.47500e+02
1316	4.52349e+02	1.31600e+03	1.21580e-01	4.48000e+02
1317	4.52864e+02	1.31700e+03	1.20822e-01	4.48500e+02
1318	4.53365e+02	1.31800e+03	1.20090e-01	4.49000e+02
1319	4.53910e+02	1.31900e+03	1.19387e-01	4.49500e+02
1320	4.54377e+02	1.32000e+03	1.18829e-01	4.50000e+02
1321	4.54777e+02	1.32100e+03	1.18235e-01	4.50500e+02
1322	4.55214e+02	1.32200e+03	1.17660e-01	4.51000e+02
1323	4.55676e+02	1.32300e+03	1.17104e-01	4.51500e+02
1324	4.56151e+02	1.32400e+03	1.16648e-01	4.52000e+02
1325	4.56643e+02	1.32500e+03	1.16177e-01	4.52500e+02
1326	4.57189e+02	1.32600e+03	1.15728e-01	4.53000e+02
1327	4.57753e+02	1.32700e+03	1.15300e-01	4.53500e+02
1328	4.58225e+02	1.32800e+03	1.14973e-01	4.54000e+02
1329	4.58653e+02	1.32900e+03	1.14639e-01	4.54500e+02
1330	4.59107e+02	1.33000e+03	1.14330e-01	4.55000e+02
1331	4.59543e+02	1.33100e+03	1.14042e-01	4.55500e+02
1332	4.60018e+02	1.33200e+03	1.13860e-01	4.56000e+02
1333	4.60490e+02	1.33300e+03	1.13654e-01	4.56500e+02
1334	4.60933e+02	1.33400e+03	1.13459e-01	4.57000e+02
1335	4.61369e+02	1.33500e+03	1.13276e-01	4.57500e+02
1336	4.61801e+02	1.33600e+03	1.13169e-01	4.58000e+02
1337	4.62259e+02	1.33700e+03	1.13045e-01	4.58500e+02
1338	4.62720e+02	1.33800e+03	1.12928e-01	4.59000e+02
1339	4.63221e+02	1.33900e+03	1.12820e-01	4.59500e+02
1340	4.63702e+02	1.34000e+03	1.12757e-01	4.60000e+02
1341	4.64144e+02	1.34100e+03	1.12682e-01	4.60500e+02
1342	4.64613e+02	1.34200e+03	1.12610e-01	4.61000e+02
1343	4.65065e+02	1.34300e+03	1.12543e-01	4.61500e+02
1344	4.65555e+02	1.34400e+03	1.12495e-01	4.62000e+02
1345	4.66063e+02	1.34500e+03	1.12439e-01	4.62500e+02
1346	4.66580e+02	1.34600e+03	1.12382e-01	4.63000e+02
1347	4.67086e+02	1.34700e+03	1.12327e-01	4.63500e+02
1348	4.67603e+02	1.34800e+03	1.12277e-01	4.64000e+02
1349	4.68228e+02	1.34900e+03	1.12226e-01	4.64500e+02
1350	4.68899e+02	1.35000e+03	1.12177e-01	4.65000e+02
1351	4.69392e+02	1.35100e+03	1.12128e-01	4.65500e+02
1352	4.69961e+02	1.35200e+03	1.12086e-01	4.66000e+02
1353	4.70727e+02	1.35300e+03	1.12044e-01	4.66500e+02
1354	4.71847e+02	1.35400e+03	1.12002e-01	4.67000e+02
1355	4.72351e+02	1.35500e+03	1.11961e-01	4.67500e+02
1356	4.73000e+02	1.35600e+03	1.11927e-01	4.68000e+02
1357	4.73545e+02	1.35700e+03	1.11891e-01	4.68500e+02
1358	4.74057e+02	1.35800e+03	1.11858e-01	4.69000e+02
1359	4.74676e+02	1.35900e+03	1.11826e-01	4.69500e+02
1360	4.74955e+02	1.36000e+03	1.11802e-01	4.70000e+02
1361	4.75444e+02	1.36100e+03	1.11777e-01	4.70500e+02
1362	4.75968e+02	1.36200e+03	1.11752e-01	4.71000e+02
1363	4.76389e+02	1.36300e+03	1.11728e-01	4.71500e+02
1364	4.76723e+02	1.36400e+03	1.11709e-01	4.72000e+02
1365	4.77433e+02	1.36500e+03	1.11688e-01	4.72500e+02
1366	4.77975e+02	1.36600e+03	1.11668e-01	4.73000e+02
1367	4.78575e+02	1.36700e+03	1.11649e-01	4.73500e+02
1368	4.79229e+02	1.36800e+03	1.11628e-01	4.74000e+02
1369	4.79675e+02	1.36900e+03	1.11608e-01	4.74500e+02
1370	4.80101e+02	1.37000e+03	1.11588e-01	4.75000e+02
1371	4.80388e+02	1.37100e+03	1.11568e-01	4.75500e+02
1372	4.80883e+02	1.37200e+03	1.11547e-01	4.76000e+02
1373	4.81280e+02	1.37300e+03	1.11525e-01	4.76500e+02
1374	4.81639e+02	1.37400e+03	1.11501e-01	4.77000e+02
1375	4.82080e+02	1.37500e+03	1.11476e-01	4.77500e+02
1376	4.82420e+02	1.37600e+03	1.11447e-01	4.78000e+02
1377	4.82877e+02	1.37700e+03	1.11417e-01	4.78500e+02
1378	4.83415e+02	1.37800e+03	1.11389e-01	4.79000e+02
1379	4.83999e+02	1.37900e+03	1.11361e-01	4.79500e+02
1380	4.84543e+02	1.38000e+03	1.11338e-01	4.80000e+02
1381	4.84983e+02	1.38100e+03	1.11319e-01	4.80500e+02
1382	4.85562e+02	1.38200e+03	1.11303e-01	4.81000e+02
1383	4.86143e+02	1.38300e+03	1.11288e-01	4.81500e+02
1384	4.86672e+02	1.38400e+03	1.11281e-01	4.82000e+02
1385	4.87159e+02	1.38500e+03	1.11265e-01	4.82500e+02
1386	4.87541e+02	1.38600e+03	1.11244e-01	4.83000e+02
1387	4.88046e+02	1.38700e+03	1.11221e-01	4.83500e+02
1388	4.88362e+02	1.38800e+03	1.11187e-01	4.84000e+02
1389	4.88790e+02	1.38900e+03	1.11156e-01	4.84500e+02
1390	4.89234e+02	1.39000e+03	1.11126e-01	4.85000e+02
1391	4.89693e+02	1.39100e+03	1.11097e-01	4.85500e+02
1392	4.89982e+02	1.39200e+03	1.11072e-01	4.86000e+02
1393	4.90341e+02	1.39300e+03	1.11056e-01	4.86500e+02
1394	4.90803e+02	1.39400e+03	1.11048e-01	4.87000e+02
1395	4.91236e+02	1.39500e+03	1.11047e-01	4.87500e+02
1396	4.91686e+02	1.39600e+03	1.11072e-01	4.88000e+02
1397	4.92142e+02	1.39700e+03	1.11086e-01	4.88500e+02
1398	4.92689e+02	1.39800e+03	1.11095e-01	4.89000e+02
1399	4.93208e+02	1.39900e+03	1.11100e-01	4.89500e+02
1400	4.93654e+02	1.40000e+03	1.11098e-01	4.90000e+02
1401	4.94083e+02	1.40100e+03	1.11082e-01	4.90500e+02
1402	4.94577e+02	1.40200e+03	1.11054e-01	4.91000e+02
1403	4.95033e+02	1.40300e+03	1.11018e-01	4.91500e+02
1404	4.95509e+02	1.40400e+03	1.10940e-01	4.92000e+02
1405	4.95911e+02	1.40500e+03	1.10876e-01	4.92500e+02
1406	4.96359e+02	1.40600e+03	1.10813e-01	4.93000e+02
1407	4.96844e+02	1.40700e+03	1.10749e-01	4.93500e+02
1408	4.97341e+02	1.40800e+03	1.10684e-01	4.94000e+02
1409	4.97855e+02	1.40900e+03	1.10632e-01	4.94500e+02
1410	4.98382e+02	1.41000e+03	1.10587e-01	4.95000e+02
1411	4.98834e+02	1.41100e+03	1.10547e-01	4.95500e+02
1412	4.99314e+02	1.41200e+03	1.10537e-01	4.96000e+02
1413	4.99772e+02	1.41300e+03	1.10520e-01	4.96500e+02
1414	5.00243e+02	1.41400e+03	1.10505e-01	4.97000e+02
1415	5.00709e+02	1.41500e+03	1.10493e-01	4.97500e+02
1416	5.01203e+02	1.41600e+03	1.10499e-01	4.98000e+02
1417	5.01661e+02	1.41700e+03	1.10500e-01	4.98500e+02
1418	5.02129e+02	1.41800e+03	1.10503e-01	4.99000e+02
1419	5.02572e+02	1.41900e+03	1.10508e-01	4.99500e+02
1420	5.03044e+02	1.42000e+03	1.10520e-01	5.00000e+02
1421	5.03516e+02	1.42100e+03	1.10525e-01	5.00500e+02
1422	5.03994e+02	1.42200e+03	1.10527e-01	5.01000e+02
1423	5.04460e+02	1.42300e+03	1.10525e-01	5.01500e+02
1424	5.04946e+02	1.42400e+03	1.10511e-01	5.02000e+02
1425	5.05525e+02	1.42500e+03	1.10494e-01	5.02500e+02
1426	5.06188e+02	1.42600e+03	1.10474e-01	5.03000e+02
1427	5.06817e+02	1.42700e+03	1.10452e-01	5.03500e+02
1428	5.07320e+02	1.42800e+03	1.10420e-01	5.04000e+02
1429	5.07664e+02	1.42900e+03	1.10402e-01	5.04500e+02
1430	5.08145e+02	1.43000e+03	1.10390e-01	5.05000e+02
1431	5.08646e+02	1.43100e+03	1.10381e-01	5.05500e+02
1432	5.09218e+02	1.43200e+03	1.10391e-01	5.06000e+02
1433	5.09708e+02	1.43300e+03	1.10396e-01	5.06500e+02
1434	5.10409e+02	1.43400e+03	1.10402e-01	5.07000e+02
1435	5.10799e+02	1.43500e+03	1.10409e-01	5.07500e+02
1436	5.11181e+02	1.43600e+03	1.10420e-01	5.08000e+02
1437	5.11559e+02	1.43700e+03	1.10423e-01	5.08500e+02
1438	5.11966e+02	1.43800e+03	1.10423e-01	5.09000e+02
1439	5.12401e+02	1.43900e+03	1.10419e-01	5.09500e+02
1440	5.12917e+02	1.44000e+03	1.10398e-01	5.10000e+02
1441	5.13425e+02	1.44100e+03	1.10382e-01	5.10500e+02
1442	5.13944e+02	1.44200e+03	1.10365e-01	5.11000e+02
1443	5.14371e+02	1.44300e+03	1.10346e-01	5.11500e+02
1444	5.14823e+02	1.44400e+03	1.10314e-01	5.12000e+02
1445	5.15317e+02	1.44500e+03	1.10282e-01	5.12500e+02
1446	5.15779e+02	1.44600e+03	1.10244e-01	5.13000e+02
1447	5.16281e+02	1.44700e+03	1.10200e-01	5.13500e+02
1448	5.16790e+02	1.44800e+03	1.10131e-01	5.14000e+02
1449	5.17300e+02	1.44900e+03	1.10065e-01	5.14500e+02
1450	5.17766e+02	1.45000e+03	1.10002e-01	5.15000e+02
1451	5.18266e+02	1.45100e+03	1.09943e-01	5.15500e+02
1452	5.18763e+02	1.45200e+03	1.09898e-01	5.16000e+02
1453	5.19261e+02	1.45300e+03	1.09883e-01	5.16500e+02
1454	5.19758e+02	1.45400e+03	1.09894e-01	5.17000e+02
1455	5.20238e+02	1.45500e+03	1.09919e-01	5.17500e+02
1456	5.20732e+02	1.45600e+03	1.10031e-01	5.18000e+02
1457	5.21216e+02	1.45700e+03	1.10112e-01	5.18500e+02
1458	5.21710e+02	1.45800e+03	1.10188e-01	5.19000e+02
1459	5.22190e+02	1.45900e+03	1.10263e-01	5.19500e+02
1460	5.22672e+02	1.46000e+03	1.10338e-01	5.20000e+02
1461	5.23171e+02	1.46100e+03	1.10387e-01	5.20500e+02
1462	5.23657e+02	1.46200e+03	1.10422e-01	5.21000e+02
1463	5.24122e+02	1.46300e+03	1.10448e-01	5.21500e+02
1464	5.24575e+02	1.46400e+03	1.10412e-01	5.22000e+02
1465	5.25031e+02	1.46500e+03	1.10393e-01	5.22500e+02
1466	5.25508e+02	1.46600e+03	1.10367e-01	5.23000e+02
1467	5.25989e+02	1.46700e+03	1.10332e-01	5.23500e+02
1468	5.26488e+02	1.46800e+03	1.10267e-01	5.24000e+02
1469	5.26988e+02	1.46900e+03	1.10215e-01	5.24500e+02
1470	5.27473e+02	1.47000e+03	1.10167e-01	5.25000e+02
1471	5.27954e+02	1.47100e+03	1.10122e-01	5.25500e+02
1472	5.28452e+02	1.47200e+03	1.10079e-01	5.26000e+02
1473	5.28958e+02	1.47300e+03	1.10049e-01	5.26500e+02
1474	5.29454e+02	1.47400e+03	1.10028e-01	5.27000e+02
1475	5.29958e+02	1.47500e+03	1.10013e-01	5.27500e+02
1476	5.30451e+02	1.47600e+03	1.10032e-01	5.28000e+02
1477	5.30931e+02	1.47700e+03	1.10040e-01	5.28500e+02
1478	5.31403e+02	1.47800e+03	1.10047e-01	5.29000e+02
1479	5.31888e+02	1.47900e+03	1.10055e-01	5.29500e+02
1480	5.32384e+02	1.48000e+03	1.10071e-01	5.30000e+02
1481	5.32886e+02	1.48100e+03	1.10081e-01	5.30500e+02
1482	5.33365e+02	1.48200e+03	1.10090e-01	5.31000e+02
1483	5.33870e+02	1.48300e+03	1.10098e-01	5.31500e+02
1484	5.34402e+02	1.48400e+03	1.10103e-01	5.32000e+02
1485	5.34920e+02	1.48500e+03	1.10112e-01	5.32500e+02
1486	5.35407e+02	1.48600e+03	1.10123e-01	5.33000e+02
1487	5.35908e+02	1.48700e+03	1.10135e-01	5.33500e+02
1488	5.36487e+02	1.48800e+03	1.10150e-01	5.34000e+02
1489	5.37021e+02	1.48900e+03	1.10162e-01	5.34500e+02
1490	5.37530e+02	1.49000e+03	1.10169e-01	5.35000e+02
1491	5.38052e+02	1.49100e+03	1.10174e-01	5.35500e+02
1492	5.38596e+02	1.49200e+03	1.10165e-01	5.36000e+02
1493	5.39093e+02	1.49300e+03	1.10152e-01	5.36500e+02
1494	5.39570e+02	1.49400e+03	1.10132e-01	5.37000e+02
1495	5.40059e+02	1.49500e+03	1.10108e-01	5.37500e+02
1496	5.40554e+02	1.49600e+03	1.10055e-01	5.38000e+02
1497	5.41044e+02	1.49700e+03	1.10011e-01	5.38500e+02
1498	5.41531e+02	1.49800e+03	1.09968e-01	5.39000e+02
1499	5.42032e+02	1.49900e+03	1.09925e-01	5.39500e+02
1500	5.42510e+02	1.50000e+03	1.09880e-01	5.40000e+02
1501	5.43066e+02	1.50100e+03	1.09845e-01	5.40500e+02
1502	5.43605e+02	1.50200e+03	1.09818e-01	5.41000e+02
1503	5.44171e+02	1.50300e+03	1.09797e-01	5.41500e+02
1504	5.44693e+02	1.50400e+03	1.09804e-01	5.42000e+02
1505	5.45193e+02	1.50500e+03	1.09809e-01	5.42500e+02
1506	5.45738e+02	1.50600e+03	1.09820e-01	5.43000e+02
1507	5.46336e+02	1.50700e+03	1.09836e-01	5.43500e+02
1508	5.46831e+02	1.50800e+03	1.09873e-01	5.44000e+02
1509	5.47325e+02	1.50900e+03	1.09897e-01	5.44500e+02
1510	5.47850e+02	1.51000e+03	1.09915e-01	5.45000e+02
1511	5.48329e+02	1.51100e+03	1.09932e-01	5.45500e+02
1512	5.48815e+02	1.51200e+03	1.09941e-01	5.46000e+02
1513	5.49299e+02	1.51300e+03	1.09948e-01	5.46500e+02
1514	5.49797e+02	1.51400e+03	1.09952e-01	5.47000e+02
1515	5.50280e+02	1.51500e+03	1.09955e-01	5.47500e+02
1516	5.50771e+02	1.51600e+03	1.09944e-01	5.48000e+02
1517	5.51282e+02	1.51700e+03	1.09935e-01	5.48500e+02
1518	5.51765e+02	1.51800e+03	1.09925e-01	5.49000e+02
1519	5.52247e+02	1.51900e+03	1.09913e-01	5.49500e+02
1520	5.52715e+02	1.52000e+03	1.09894e-01	5.50000e+02
1521	5.53195e+02	1.52100e+03	1.09877e-01	5.50500e+02
1522	5.53650e+02	1.52200e+03	1.09861e-01	5.51000e+02
1523	5.54112e+02	1.52300e+03	1.09846e-01	5.51500e+02
1524	5.54560e+02	1.52400e+03	1.09832e-01	5.52000e+02
1525	5.55007e+02	1.52500e+03	1.09818e-01	5.52500e+02
1526	5.55471e+02	1.52600e+03	1.09802e-01	5.53000e+02
1527	5.55921e+02	1.52700e+03	1.09784e-01	5.53500e+02
1528	5.56365e+02	1.52800e+03	1.09757e-01	5.54000e+02
1529	5.56826e+02	1.52900e+03	1.09719e-01	5.54500e+02
1530	5.57291e+02	1.53000e+03	1.09672e-01	5.55000e+02
1531	5.57764e+02	1.53100e+03	1.09620e-01	5.55500e+02
1532	5.58245e+02	1.53200e+03	1.09544e-01	5.56000e+02
1533	5.58730e+02	1.53300e+03	1.09491e-01	5.56500e+02
1534	5.59216e+02	1.53400e+03	1.09453e-01	5.57000e+02
1535	5.59695e+02	1.53500e+03	1.09426e-01	5.57500e+02
1536	5.60169e+02	1.53600e+03	1.09451e-01	5.58000e+02
1537	5.60661e+02	1.53700e+03	1.09485e-01	5.58500e+02
1538	5.61136e+02	1.53800e+03	1.09530e-01	5.59000e+02
1539	5.61627e+02	1.53900e+03	1.09583e-01	5.59500e+02
1540	5.62105e+02	1.54000e+03	1.09692e-01	5.60000e+02
1541	5.62595e+02	1.54100e+03	1.09761e-01	5.60500e+02
1542	5.63094e+02	1.54200e+03	1.09817e-01	5.61000e+02
1543	5.63582e+02	1.54300e+03	1.09866e-01	5.61500e+02
1544	5.64081e+02	1.54400e+03	1.09874e-01	5.62000e+02
1545	5.64577e+02	1.54500e+03	1.09886e-01	5.62500e+02
1546	5.65068e+02	1.54600e+03	1.09890e-01	5.63000e+02
1547	5.65553e+02	1.54700e+03	1.09886e-01	5.63500e+02
1548	5.66042e+02	1.54800e+03	1.09845e-01	5.64000e+02
1549	5.66550e+02	1.54900e+03	1.09820e-01	5.64500e+02
1550	5.67043e+02	1.55000e+03	1.09797e-01	5.65000e+02
1551	5.67529e+02	1.55100e+03	1.09776e-01	5.65500e+02
1552	5.68029e+02	1.55200e+03	1.09754e-01	5.66000e+02
1553	5.68522e+02	1.55300e+03	1.09739e-01	5.66500e+02
1554	5.68985e+02	1.55400e+03	1.09728e-01	5.67000e+02
1555	5.69474e+02	1.55500e+03	1.09717e-01	5.67500e+02
1556	5.69981e+02	1.55600e+03	1.09718e-01	5.68000e+02
1557	5.70510e+02	1.55700e+03	1.09711e-01	5.68500e+02
1558	5.71049e+02	1.55800e+03	1.09703e-01	5.69000e+02
1559	5.71507e+02	1.55900e+03	1.09695e-01	5.69500e+02
1560	5.71958e+02	1.56000e+03	1.09683e-01	5.70000e+02
1561	5.72426e+02	1.56100e+03	1.09675e-01	5.70500e+02
1562	5.72930e+02	1.56200e+03	1.09669e-01	5.71000e+02
1563	5.73458e+02	1.56300e+03	1.09664e-01	5.71500e+02
1564	5.73987e+02	1.56400e+03	1.09663e-01	5.72000e+02
1565	5.74511e+02	1.56500e+03	1.09660e-01	5.72500e+02
1566	5.75068e+02	1.56600e+03	1.09654e-01	5.73000e+02
1567	5.75600e+02	1.56700e+03	1.09647e-01	5.73500e+02
1568	5.76145e+02	1.56800e+03	1.09639e-01	5.74000e+02
1569	5.76669e+02	1.56900e+03	1.09632e-01	5.74500e+02
1570	5.77167e+02	1.57000e+03	1.09631e-01	5.75000e+02
1571	5.77641e+02	1.57100e+03	1.09634e-01	5.75500e+02
1572	5.78135e+02	1.57200e+03	1.09650e-01	5.76000e+02
1573	5.78653e+02	1.57300e+03	1.09674e-01	5.76500e+02
1574	5.79171e+02	1.57400e+03	1.09703e-01	5.77000e+02
1575	5.79701e+02	1.57500e+03	1.09735e-01	5.77500e+02
1576	5.80217e+02	1.57600e+03	1.09789e-01	5.78000e+02
1577	5.80686e+02	1.57700e+03	1.09823e-01	5.78500e+02
1578	5.81164e+02	1.57800e+03	1.09847e-01	5.79000e+02
1579	5.81681e+02	1.57900e+03	1.09864e-01	5.79500e+02
1580	5.82171e+02	1.58000e+03	1.09856e-01	5.80000e+02
1581	5.82665e+02	1.58100e+03	1.09851e-01	5.80500e+02
1582	5.83181e+02	1.58200e+03	1.09843e-01	5.81000e+02
1583	5.83685e+02	1.58300e+03	1.09832e-01	5.81500e+02
1584	5.84145e+02	1.58400e+03	1.09799e-01	5.82000e+02
1585	5.84614e+02	1.58500e+03	1.09777e-01	5.82500e+02
1586	5.85106e+02	1.58600e+03	1.09756e-01	5.83000e+02
1587	5.85623e+02	1.58700e+03	1.09735e-01	5.83500e+02
1588	5.86129e+02	1.58800e+03	1.09715e-01	5.84000e+02
1589	5.86591e+02	1.58900e+03	1.09697e-01	5.84500e+02
1590	5.87099e+02	1.59000e+03	1.09681e-01	5.85000e+02
1591	5.87622e+02	1.59100e+03	1.09667e-01	5.85500e+02
1592	5.88120e+02	1.59200e+03	1.09664e-01	5.86000e+02
1593	5.88614e+02	1.59300e+03	1.09663e-01	5.86500e+02
1594	5.89101e+02	1.59400e+03	1.09667e-01	5.87000e+02
1595	5.89569e+02	1.59500e+03	1.09675e-01	5.87500e+02
1596	5.90037e+02	1.59600e+03	1.09698e-01	5.88000e+02
1597	5.90517e+02	1.59700e+03	1.09713e-01	5.88500e+02
1598	5.90995e+02	1.59800e+03	1.09724e-01	5.89000e+02
1599	5.91495e+02	1.59900e+03	1.09732e-01	5.89500e+02
1600	5.91973e+02	1.60000e+03	1.09733e-01	5.90000e+02
1601	5.92478e+02	1.60100e+03	1.09730e-01	5.90500e+02
1602	5.92972e+02	1.60200e+03	1.09725e-01	5.91000e+02
1603	5.93466e+02	1.60300e+03	1.09718e-01	5.91500e+02
1604	5.93948e+02	1.60400e+03	1.09698e-01	5.92000e+02
1605	5.94433e+02	1.60500e+03	1.09688e-01	5.92500e+02
1606	5.94931e+02	1.60600e+03	1.09680e-01	5.93000e+02
1607	5.95425e+02	1.60700e+03	1.09672e-01	5.93500e+02
1608	5.95919e+02	1.60800e+03	1.09668e-01	5.94000e+02
1609	5.96423e+02	1.60900e+03	1.09661e-01	5.94500e+02
1610	5.96916e+02	1.61000e+03	1.09653e-01	5.95000e+02
1611	5.97413e+02	1.61100e+03	1.09645e-01	5.95500e+02
1612	5.97903e+02	1.61200e+03	1.09636e-01	5.96000e+02
1613	5.98406e+02	1.61300e+03	1.09629e-01	5.96500e+02
1614	5.98889e+02	1.61400e+03	1.09625e-01	5.97000e+02
1615	5.99375e+02	1.61500e+03	1.09623e-01	5.97500e+02
1616	5.99846e+02	1.61600e+03	1.09622e-01	5.98000e+02
1617	6.00327e+02	1.61700e+03	1.09619e-01	5.98500e+02
1618	6.00812e+02	1.61800e+03	1.09612e-01	5.99000e+02
1619	6.01301e+02	1.61900e+03	1.09603e-01	5.99500e+02
1620	6.01820e+02	1.62000e+03	1.09588e-01	6.00000e+02
1621	6.02342e+02	1.62100e+03	1.09572e-01	6.00500e+02
1622	6.02865e+02	1.62200e+03	1.09557e-01	6.01000e+02
1623	6.03387e+02	1.62300e+03	1.09541e-01	6.01500e+02
1624	6.03901e+02	1.62400e+03	1.09520e-01	6.02000e+02
1625	6.04418e+02	1.62500e+03	1.09505e-01	6.02500e+02
1626	6.04923e+02	1.62600e+03	1.09492e-01	6.03000e+02
1627	6.05408e+02	1.62700e+03	1.09480e-01	6.03500e+02
1628	6.05888e+02	1.62800e+03	1.09474e-01	6.04000e+02
1629	6.06381e+02	1.62900e+03	1.09465e-01	6.04500e+02
1630	6.06879e+02	1.63000e+03	1.09456e-01	6.05000e+02
1631	6.07366e+02	1.63100e+03	1.09447e-01	6.05500e+02
1632	6.07881e+02	1.63200e+03	1.09439e-01	6.06000e+02
1633	6.08443e+02	1.63300e+03	1.09433e-01	6.06500e+02
1634	6.09078e+02	1.63400e+03	1.09429e-01	6.07000e+02
1635	6.09669e+02	1.63500e+03	1.09427e-01	6.07500e+02
1636	6.10174e+02	1.63600e+03	1.09429e-01	6.08000e+02
1637	6.10703e+02	1.63700e+03	1.09429e-01	6.08500e+02
1638	6.11301e+02	1.63800e+03	1.09429e-01	6.09000e+02
1639	6.11832e+02	1.63900e+03	1.09428e-01	6.09500e+02
1640	6.12454e+02	1.64000e+03	1.09428e-01	6.10000e+02
1641	6.12922e+02	1.64100e+03	1.09427e-01	6.10500e+02
1642	6.13341e+02	1.64200e+03	1.09430e-01	6.11000e+02
1643	6.13827e+02	1.64300e+03	1.09435e-01	6.11500e+02
1644	6.14270e+02	1.64400e+03	1.09448e-01	6.12000e+02
1645	6.14709e+02	1.64500e+03	1.09464e-01	6.12500e+02
1646	6.15120e+02	1.64600e+03	1.09481e-01	6.13000e+02
1647	6.15581e+02	1.64700e+03	1.09500e-01	6.13500e+02
1648	6.16048e+02	1.64800e+03	1.09528e-01	6.14000e+02
1649	6.16491e+02	1.64900e+03	1.09545e-01	6.14500e+02
1650	6.16963e+02	1.65000e+03	1.09553e-01	6.15000e+02
1651	6.17443e+02	1.65100e+03	1.09557e-01	6.15500e+02
1652	6.17922e+02	1.65200e+03	1.09546e-01	6.16000e+02
1653	6.18400e+02	1.65300e+03	1.09542e-01	6.16500e+02
1654	6.18876e+02	1.65400e+03	1.09540e-01	6.17000e+02
1655	6.19354e+02	1.65500e+03	1.09537e-01	6.17500e+02
1656	6.19847e+02	1.65600e+03	1.09524e-01	6.18000e+02
1657	6.20337e+02	1.65700e+03	1.09513e-01	6.18500e+02
1658	6.20828e+02	1.65800e+03	1.09500e-01	6.19000e+02
1659	6.21317e+02	1.65900e+03	1.09487e-01	6.19500e+02
1660	6.21806e+02	1.66000e+03	1.09465e-01	6.20000e+02
1661	6.22300e+02	1.66100e+03	1.09445e-01	6.20500e+02
1662	6.22789e+02	1.66200e+03	1.09426e-01	6.21000e+02
1663	6.23287e+02	1.66300e+03	1.09407e-01	6.21500e+02
1664	6.23780e+02	1.66400e+03	1.09388e-01	6.22000e+02
1665	6.24254e+02	1.66500e+03	1.09373e-01	6.22500e+02
1666	6.24753e+02	1.66600e+03	1.09361e-01	6.23000e+02
1667	6.25238e+02	1.66700e+03	1.09350e-01	6.23500e+02
1668	6.25725e+02	1.66800e+03	1.09353e-01	6.24000e+02
1669	6.26222e+02	1.66900e+03	1.09353e-01	6.24500e+02
1670	6.26713e+02	1.67000e+03	1.09355e-01	6.25000e+02
1671	6.27207e+02	1.67100e+03	1.09357e-01	6.25500e+02
1672	6.27704e+02	1.67200e+03	1.09367e-01	6.26000e+02
1673	6.28203e+02	1.67300e+03	1.09375e-01	6.26500e+02
1674	6.28695e+02	1.67400e+03	1.09381e-01	6.27000e+02
1675	6.29180e+02	1.67500e+03	1.09388e-01	6.27500e+02
1676	6.29664e+02	1.67600e+03	1.09392e-01	6.28000e+02
1677	6.30166e+02	1.67700e+03	1.09397e-01	6.28500e+02
1678	6.30668e+02	1.67800e+03	1.09404e-01	6.29000e+02
1679	6.31154e+02	1.67900e+03	1.09412e-01	6.29500e+02
1680	6.31642e+02	1.68000e+03	1.09419e-01	6.30000e+02
1681	6.32125e+02	1.68100e+03	1.09427e-01	6.30500e+02
1682	6.32634e+02	1.68200e+03	1.09435e-01	6.31000e+02
1683	6.33119e+02	1.68300e+03	1.09444e-01	6.31500e+02
1684	6.33623e+02	1.68400e+03	1.09455e-01	6.32000e+02
1685	6.34116e+02	1.68500e+03	1.09460e-01	6.32500e+02
1686	6.34616e+02	1.68600e+03	1.09461e-01	6.33000e+02
1687	6.35115e+02	1.68700e+03	1.09460e-01	6.33500e+02
1688	6.35613e+02	1.68800e+03	1.09449e-01	6.34000e+02
1689	6.36099e+02	1.68900e+03	1.09439e-01	6.34500e+02
1690	6.36609e+02	1.69000e+03	1.09428e-01	6.35000e+02
1691	6.37072e+02	1.69100e+03	1.09417e-01	6.35500e+02
1692	6.37550e+02	1.69200e+03	1.09400e-01	6.36000e+02
1693	6.38048e+02	1.69300e+03	1.09390e-01	6.36500e+02
1694	6.38544e+02	1.69400e+03	1.09385e-01	6.37000e+02
1695	6.39040e+02	1.69500e+03	1.09383e-01	6.37500e+02
1696	6.39549e+02	1.69600e+03	1.09396e-01	6.38000e+02
1697	6.40057e+02	1.69700e+03	1.09409e-01	6.38500e+02
1698	6.40549e+02	1.69800e+03	1.09427e-01	6.39000e+02
1699	6.41046e+02	1.69900e+03	1.09447e-01	6.39500e+02
1700	6.41541e+02	1.70000e+03	1.09479e-01	6.40000e+02
1701	6.42045e+02	1.70100e+03	1.09500e-01	6.40500e+02
1702	6.42554e+02	1.70200e+03	1.09516e-01	6.41000e+02
1703	6.43026e+02	1.70300e+03	1.09529e-01	6.41500e+02
1704	6.43525e+02	1.70400e+03	1.09523e-01	6.42000e+02
1705	6.44007e+02	1.70500e+03	1.09514e-01	6.42500e+02
1706	6.44514e+02	1.70600e+03	1.09497e-01	6.43000e+02
1707	6.45019e+02	1.70700e+03	1.09474e-01	6.43500e+02
1708	6.45517e+02	1.70800e+03	1.09430e-01	6.44000e+02
1709	6.45995e+02	1.70900e+03	1.09399e-01	6.44500e+02
1710	6.46489e+02	1.71000e+03	1.09372e-01	6.45000e+02
1711	6.46995e+02	1.71100e+03	1.09348e-01	6.45500e+02
1712	6.47505e+02	1.71200e+03	1.09335e-01	6.46000e+02
1713	6.48003e+02	1.71300e+03	1.09326e-01	6.46500e+02
1714	6.48512e+02	1.71400e+03	1.09321e-01	6.47000e+02
1715	6.49024e+02	1.71500e+03	1.09317e-01	6.47500e+02
1716	6.49546e+02	1.71600e+03	1.09323e-01	6.48000e+02
1717	6.50055e+02	1.71700e+03	1.09311e-01	6.48500e+02
1718	6.50568e+02	1.71800e+03	1.09285e-01	6.49000e+02
1719	6.51081e+02	1.71900e+03	1.09250e-01	6.49500e+02
1720	6.51568e+02	1.72000e+03	1.09175e-01	6.50000e+02
1721	6.52073e+02	1.72100e+03	1.09110e-01	6.50500e+02
1722	6.52569e+02	1.72200e+03	1.09051e-01	6.51000e+02
1723	6.53052e+02	1.72300e+03	1.08996e-01	6.51500e+02
1724	6.53556e+02	1.72400e+03	1.08952e-01	6.52000e+02
1725	6.54075e+02	1.72500e+03	1.08938e-01	6.52500e+02
1726	6.54546e+02	1.72600e+03	1.08948e-01	6.53000e+02
1727	6.55041e+02	1.72700e+03	1.08970e-01	6.53500e+02
1728	6.55525e+02	1.72800e+03	1.09078e-01	6.54000e+02
1729	6.56023e+02	1.72900e+03	1.09157e-01	6.54500e+02
1730	6.56518e+02	1.73000e+03	1.09239e-01	6.55000e+02
1731	6.57013e+02	1.73100e+03	1.09324e-01	6.55500e+02
1732	6.57509e+02	1.73200e+03	1.09427e-01	6.56000e+02
1733	6.58009e+02	1.73300e+03	1.09511e-01	6.56500e+02
1734	6.58494e+02	1.73400e+03	1.09584e-01	6.57000e+02
1735	6.58998e+02	1.73500e+03	1.09650e-01	6.57500e+02
1736	6.59505e+02	1.73600e+03	1.09678e-01	6.58000e+02
1737	6.60015e+02	1.73700e+03	1.09705e-01	6.58500e+02
1738	6.60502e+02	1.73800e+03	1.09719e-01	6.59000e+02
1739	6.60982e+02	1.73900e+03	1.09724e-01	6.59500e+02
1740	6.61453e+02	1.74000e+03	1.09674e-01	6.60000e+02
1741	6.61942e+02	1.74100e+03	1.09636e-01	6.60500e+02
1742	6.62440e+02	1.74200e+03	1.09590e-01	6.61000e+02
1743	6.62942e+02	1.74300e+03	1.09538e-01	6.61500e+02
1744	6.63422e+02	1.74400e+03	1.09454e-01	6.62000e+02
1745	6.63909e+02	1.74500e+03	1.09386e-01	6.62500e+02
1746	6.64409e+02	1.74600e+03	1.09324e-01	6.63000e+02
1747	6.64898e+02	1.74700e+03	1.09266e-01	6.63500e+02
1748	6.65372e+02	1.74800e+03	1.09221e-01	6.64000e+02
1749	6.65859e+02	1.74900e+03	1.09184e-01	6.64500e+02
1750	6.66348e+02	1.75000e+03	1.09156e-01	6.65000e+02
1751	6.66835e+02	1.75100e+03	1.09136e-01	6.65500e+02
1752	6.67330e+02	1.75200e+03	1.09158e-01	6.66000e+02
1753	6.67815e+02	1.75300e+03	1.09170e-01	6.66500e+02
1754	6.68314e+02	1.75400e+03	1.09187e-01	6.67000e+02
1755	6.68821e+02	1.75500e+03	1.09206e-01	6.67500e+02
1756	6.69317e+02	1.75600e+03	1.09247e-01	6.68000e+02
1757	6.69820e+02	1.75700e+03	1.09275e-01	6.68500e+02
1758	6.70318e+02	1.75800e+03	1.09298e-01	6.69000e+02
1759	6.70821e+02	1.75900e+03	1.09318e-01	6.69500e+02
1760	6.71322e+02	1.76000e+03	1.09326e-01	6.70000e+02
1761	6.71822e+02	1.76100e+03	1.09334e-01	6.70500e+02
1762	6.72318e+02	1.76200e+03	1.09340e-01	6.71000e+02
1763	6.72807e+02	1.76300e+03	1.09344e-01	6.71500e+02
1764	6.73304e+02	1.76400e+03	1.09338e-01	6.72000e+02
1765	6.73802e+02	1.76500e+03	1.09341e-01	6.72500e+02
1766	6.74291e+02	1.76600e+03	1.09345e-01	6.73000e+02
1767	6.74782e+02	1.76700e+03	1.09351e-01	6.73500e+02
1768	6.75277e+02	1.76800e+03	1.09364e-01	6.74000e+02
1769	6.75769e+02	1.76900e+03	1.09375e-01	6.74500e+02
1770	6.76261e+02	1.77000e+03	1.09382e-01	6.75000e+02
1771	6.76761e+02	1.77100e+03	1.09386e-01	6.75500e+02
1772	6.77255e+02	1.77200e+03	1.09380e-01	6.76000e+02
1773	6.77759e+02	1.77300e+03	1.09369e-01	6.76500e+02
1774	6.78261e+02	1.77400e+03	1.09354e-01	6.77000e+02
1775	6.78737e+02	1.77500e+03	1.09339e-01	6.77500e+02
1776	6.79236e+02	1.77600e+03	1.09303e-01	6.78000e+02
1777	6.79726e+02	1.77700e+03	1.09280e-01	6.78500e+02
1778	6.80241e+02	1.77800e+03	1.09262e-01	6.79000e+02
1779	6.80701e+02	1.77900e+03	1.09247e-01	6.79500e+02
1780	6.81183e+02	1.78000e+03	1.09244e-01	6.80000e+02
1781	6.81684e+02	1.78100e+03	1.09241e-01	6.80500e+02
1782	6.82167e+02	1.78200e+03	1.09239e-01	6.81000e+02
1783	6.82650e+02	1.78300e+03	1.09235e-01	6.81500e+02
1784	6.83135e+02	1.78400e+03	1.09228e-01	6.82000e+02
1785	6.83636e+02	1.78500e+03	1.09209e-01	6.82500e+02
1786	6.84126e+02	1.78600e+03	1.09181e-01	6.83000e+02
1787	6.84615e+02	1.78700e+03	1.09150e-01	6.83500e+02
1788	6.85110e+02	1.78800e+03	1.09092e-01	6.84000e+02
1789	6.85595e+02	1.78900e+03	1.09051e-01	6.84500e+02
1790	6.86091e+02	1.79000e+03	1.09020e-01	6.85000e+02
1791	6.86568e+02	1.79100e+03	1.08996e-01	6.85500e+02
1792	6.87061e+02	1.79200e+03	1.09016e-01	6.86000e+02
1793	6.87563e+02	1.79300e+03	1.09048e-01	6.86500e+02
1794	6.88063e+02	1.79400e+03	1.09097e-01	6.87000e+02
1795	6.88244e+02	1.79500e+03	1.09156e-01	6.87500e+02
1796	6.88409e+02	1.79600e+03	1.09279e-01	6.88000e+02
1797	6.88702e+02	1.79700e+03	1.09366e-01	6.88500e+02
1798	6.89040e+02	1.79800e+03	1.09444e-01	6.89000e+02
1799	6.89400e+02	1.79900e+03	1.09518e-01	6.89500e+02
1800	6.89736e+02	1.80000e+03	1.09572e-01	6.90000e+02
1801	6.90046e+02	1.80100e+03	1.09616e-01	6.90500e+02
1802	6.90361e+02	1.80200e+03	1.09645e-01	6.91000e+02
1803	6.90677e+02	1.80300e+03	1.09662e-01	6.91500e+02
1804	6.90966e+02	1.80400e+03	1.09638e-01	6.92000e+02
1805	6.91244e+02	1.80500e+03	1.09624e-01	6.92500e+02
1806	6.91527e+02	1.80600e+03	1.09604e-01	6.93000e+02
1807	6.91798e+02	1.80700e+03	1.09579e-01	6.93500e+02
1808	6.92062e+02	1.80800e+03	1.09530e-01	6.94000e+02
1809	6.92305e+02	1.80900e+03	1.09493e-01	6.94500e+02
1810	6.92556e+02	1.81000e+03	1.09459e-01	6.95000e+02
1811	6.92803e+02	1.81100e+03	1.09427e-01	6.95500e+02
1812	6.93025e+02	1.81200e+03	1.09403e-01	6.96000e+02
1813	6.93229e+02	1.81300e+03	1.09386e-01	6.96500e+02
1814	6.93426e+02	1.81400e+03	1.09376e-01	6.97000e+02
1815	6.93608e+02	1.81500e+03	1.09370e-01	6.97500e+02
1816	6.93811e+02	1.81600e+03	1.09392e-01	6.98000e+02
1817	6.94013e+02	1.81700e+03	1.09409e-01	6.98500e+02
1818	6.94180e+02	1.81800e+03	1.09430e-01	6.99000e+02
1819	6.94369e+02	1.81900e+03	1.09453e-01	6.99500e+02
1820	6.94563e+02	1.82000e+03	1.09485e-01	7.00000e+02
