index	ts	t	weight	tr
[#]	[°C]	[s]	[mg]	[°C]
683	1.30897e+02	6.83000e+02	3.00906e+00	1.31500e+02
684	1.31404e+02	6.84000e+02	3.00900e+00	1.32000e+02
685	1.31899e+02	6.85000e+02	3.00896e+00	1.32500e+02
686	1.32404e+02	6.86000e+02	3.00891e+00	1.33000e+02
687	1.32912e+02	6.87000e+02	3.00887e+00	1.33500e+02
688	1.33401e+02	6.88000e+02	3.00885e+00	1.34000e+02
689	1.33911e+02	6.89000e+02	3.00882e+00	1.34500e+02
690	1.34418e+02	6.90000e+02	3.00879e+00	1.35000e+02
691	1.34907e+02	6.91000e+02	3.00875e+00	1.35500e+02
692	1.35415e+02	6.92000e+02	3.00873e+00	1.36000e+02
693	1.35915e+02	6.93000e+02	3.00869e+00	1.36500e+02
694	1.36422e+02	6.94000e+02	3.00865e+00	1.37000e+02
695	1.36930e+02	6.95000e+02	3.00861e+00	1.37500e+02
696	1.37441e+02	6.96000e+02	3.00856e+00	1.38000e+02
697	1.37925e+02	6.97000e+02	3.00851e+00	1.38500e+02
698	1.38438e+02	6.98000e+02	3.00845e+00	1.39000e+02
699	1.38932e+02	6.99000e+02	3.00838e+00	1.39500e+02
700	1.39429e+02	7.00000e+02	3.00830e+00	1.40000e+02
701	1.39935e+02	7.01000e+02	3.00822e+00	1.40500e+02
702	1.40441e+02	7.02000e+02	3.00814e+00	1.41000e+02
703	1.40937e+02	7.03000e+02	3.00806e+00	1.41500e+02
704	1.41449e+02	7.04000e+02	3.00796e+00	1.42000e+02
705	1.41951e+02	7.05000e+02	3.00787e+00	1.42500e+02
706	1.42446e+02	7.06000e+02	3.00777e+00	1.43000e+02
707	1.42952e+02	7.07000e+02	3.00766e+00	1.43500e+02
708	1.43452e+02	7.08000e+02	3.00753e+00	1.44000e+02
709	1.43957e+02	7.09000e+02	3.00741e+00	1.44500e+02
710	1.44451e+02	7.10000e+02	3.00729e+00	1.45000e+02
711	1.44960e+02	7.11000e+02	3.00717e+00	1.45500e+02
712	1.45463e+02	7.12000e+02	3.00703e+00	1.46000e+02
713	1.45974e+02	7.13000e+02	3.00690e+00	1.46500e+02
714	1.46471e+02	7.14000e+02	3.00678e+00	1.47000e+02
715	1.46970e+02	7.15000e+02	3.00665e+00	1.47500e+02
716	1.47475e+02	7.16000e+02	3.00652e+00	1.48000e+02
717	1.47985e+02	7.17000e+02	3.00638e+00	1.48500e+02
718	1.48497e+02	7.18000e+02	3.00623e+00	1.49000e+02
719	1.49000e+02	7.19000e+02	3.00608e+00	1.49500e+02
720	1.49495e+02	7.20000e+02	3.00590e+00	1.50000e+02
721	1.50005e+02	7.21000e+02	3.00572e+00	1.50500e+02
722	1.50497e+02	7.22000e+02	3.00555e+00	1.51000e+02
723	1.51008e+02	7.23000e+02	3.00536e+00	1.51500e+02
724	1.51509e+02	7.24000e+02	3.00516e+00	1.52000e+02
725	1.51999e+02	7.25000e+02	3.00497e+00	1.52500e+02
726	1.52519e+02	7.26000e+02	3.00478e+00	1.53000e+02
727	1.53020e+02	7.27000e+02	3.00458e+00	1.53500e+02
728	1.53511e+02	7.28000e+02	3.00438e+00	1.54000e+02
729	1.54026e+02	7.29000e+02	3.00418e+00	1.54500e+02
730	1.54523e+02	7.30000e+02	3.00397e+00	1.55000e+02
731	1.55026e+02	7.31000e+02	3.00375e+00	1.55500e+02
732	1.55539e+02	7.32000e+02	3.00353e+00	1.56000e+02
733	1.56033e+02	7.33000e+02	3.00331e+00	1.56500e+02
734	1.56552e+02	7.34000e+02	3.00308e+00	1.57000e+02
735	1.57055e+02	7.35000e+02	3.00286e+00	1.57500e+02
736	1.57550e+02	7.36000e+02	3.00263e+00	1.58000e+02
737	1.58064e+02	7.37000e+02	3.00240e+00	1.58500e+02
738	1.58562e+02	7.38000e+02	3.00217e+00	1.59000e+02
739	1.59057e+02	7.39000e+02	3.00193e+00	1.59500e+02
740	1.59563e+02	7.40000e+02	3.00170e+00	1.60000e+02
741	1.60080e+02	7.41000e+02	3.00146e+00	1.60500e+02
742	1.60588e+02	7.42000e+02	3.00123e+00	1.61000e+02
743	1.61081e+02	7.43000e+02	3.00099e+00	1.61500e+02
744	1.61587e+02	7.44000e+02	3.00075e+00	1.62000e+02
745	1.62090e+02	7.45000e+02	3.00050e+00	1.62500e+02
746	1.62593e+02	7.46000e+02	3.00026e+00	1.63000e+02
747	1.63094e+02	7.47000e+02	3.00001e+00	1.63500e+02
748	1.63604e+02	7.48000e+02	2.99975e+00	1.64000e+02
749	1.64107e+02	7.49000e+02	2.99948e+00	1.64500e+02
750	1.64610e+02	7.50000e+02	2.99921e+00	1.65000e+02
751	1.65119e+02	7.51000e+02	2.99893e+00	1.65500e+02
752	1.65620e+02	7.52000e+02	2.99862e+00	1.66000e+02
753	1.66120e+02	7.53000e+02	2.99832e+00	1.66500e+02
754	1.66622e+02	7.54000e+02	2.99801e+00	1.67000e+02
755	1.67146e+02	7.55000e+02	2.99769e+00	1.67500e+02
756	1.67640e+02	7.56000e+02	2.99735e+00	1.68000e+02
757	1.68149e+02	7.57000e+02	2.99702e+00	1.68500e+02
758	1.68649e+02	7.58000e+02	2.99668e+00	1.69000e+02
759	1.69158e+02	7.59000e+02	2.99634e+00	1.69500e+02
760	1.69675e+02	7.60000e+02	2.99599e+00	1.70000e+02
761	1.70199e+02	7.61000e+02	2.99563e+00	1.70500e+02
762	1.70689e+02	7.62000e+02	2.99526e+00	1.71000e+02
763	1.71185e+02	7.63000e+02	2.99488e+00	1.71500e+02
764	1.71692e+02	7.64000e+02	2.99448e+00	1.72000e+02
765	1.72201e+02	7.65000e+02	2.99408e+00	1.72500e+02
766	1.72704e+02	7.66000e+02	2.99368e+00	1.73000e+02
767	1.73208e+02	7.67000e+02	2.99328e+00	1.73500e+02
768	1.73717e+02	7.68000e+02	2.99285e+00	1.74000e+02
769	1.74220e+02	7.69000e+02	2.99243e+00	1.74500e+02
770	1.74721e+02	7.70000e+02	2.99200e+00	1.75000e+02
771	1.75225e+02	7.71000e+02	2.99156e+00	1.75500e+02
772	1.75739e+02	7.72000e+02	2.99109e+00	1.76000e+02
773	1.76245e+02	7.73000e+02	2.99061e+00	1.76500e+02
774	1.76755e+02	7.74000e+02	2.99012e+00	1.77000e+02
775	1.77253e+02	7.75000e+02	2.98962e+00	1.77500e+02
776	1.77768e+02	7.76000e+02	2.98904e+00	1.78000e+02
777	1.78266e+02	7.77000e+02	2.98847e+00	1.78500e+02
778	1.78777e+02	7.78000e+02	2.98787e+00	1.79000e+02
779	1.79284e+02	7.79000e+02	2.98726e+00	1.79500e+02
780	1.79794e+02	7.80000e+02	2.98656e+00	1.80000e+02
781	1.80302e+02	7.81000e+02	2.98587e+00	1.80500e+02
782	1.80811e+02	7.82000e+02	2.98516e+00	1.81000e+02
783	1.81320e+02	7.83000e+02	2.98442e+00	1.81500e+02
784	1.81829e+02	7.84000e+02	2.98360e+00	1.82000e+02
785	1.82330e+02	7.85000e+02	2.98278e+00	1.82500e+02
786	1.82836e+02	7.86000e+02	2.98194e+00	1.83000e+02
787	1.83347e+02	7.87000e+02	2.98108e+00	1.83500e+02
788	1.83840e+02	7.88000e+02	2.98013e+00	1.84000e+02
789	1.84348e+02	7.89000e+02	2.97918e+00	1.84500e+02
790	1.84856e+02	7.90000e+02	2.97820e+00	1.85000e+02
791	1.85360e+02	7.91000e+02	2.97720e+00	1.85500e+02
792	1.85870e+02	7.92000e+02	2.97608e+00	1.86000e+02
793	1.86374e+02	7.93000e+02	2.97498e+00	1.86500e+02
794	1.86875e+02	7.94000e+02	2.97385e+00	1.87000e+02
795	1.87397e+02	7.95000e+02	2.97269e+00	1.87500e+02
796	1.87903e+02	7.96000e+02	2.97143e+00	1.88000e+02
797	1.88404e+02	7.97000e+02	2.97018e+00	1.88500e+02
798	1.88903e+02	7.98000e+02	2.96891e+00	1.89000e+02
799	1.89423e+02	7.99000e+02	2.96763e+00	1.89500e+02
800	1.89927e+02	8.00000e+02	2.96625e+00	1.90000e+02
801	1.90436e+02	8.01000e+02	2.96489e+00	1.90500e+02
802	1.90940e+02	8.02000e+02	2.96351e+00	1.91000e+02
803	1.91454e+02	8.03000e+02	2.96212e+00	1.91500e+02
804	1.91966e+02	8.04000e+02	2.96065e+00	1.92000e+02
805	1.92470e+02	8.05000e+02	2.95919e+00	1.92500e+02
806	1.92965e+02	8.06000e+02	2.95773e+00	1.93000e+02
807	1.93473e+02	8.07000e+02	2.95626e+00	1.93500e+02
808	1.93981e+02	8.08000e+02	2.95473e+00	1.94000e+02
809	1.94487e+02	8.09000e+02	2.95322e+00	1.94500e+02
810	1.94998e+02	8.10000e+02	2.95171e+00	1.95000e+02
811	1.95505e+02	8.11000e+02	2.95019e+00	1.95500e+02
812	1.96011e+02	8.12000e+02	2.94865e+00	1.96000e+02
813	1.96520e+02	8.13000e+02	2.94713e+00	1.96500e+02
814	1.97019e+02	8.14000e+02	2.94561e+00	1.97000e+02
815	1.97519e+02	8.15000e+02	2.94409e+00	1.97500e+02
816	1.98041e+02	8.16000e+02	2.94260e+00	1.98000e+02
817	1.98545e+02	8.17000e+02	2.94112e+00	1.98500e+02
818	1.99049e+02	8.18000e+02	2.93965e+00	1.99000e+02
819	1.99547e+02	8.19000e+02	2.93820e+00	1.99500e+02
820	2.00054e+02	8.20000e+02	2.93680e+00	2.00000e+02
821	2.00568e+02	8.21000e+02	2.93540e+00	2.00500e+02
822	2.01069e+02	8.22000e+02	2.93401e+00	2.01000e+02
823	2.01590e+02	8.23000e+02	2.93264e+00	2.01500e+02
824	2.02093e+02	8.24000e+02	2.93133e+00	2.02000e+02
825	2.02598e+02	8.25000e+02	2.93002e+00	2.02500e+02
826	2.03110e+02	8.26000e+02	2.92873e+00	2.03000e+02
827	2.03624e+02	8.27000e+02	2.92745e+00	2.03500e+02
828	2.04134e+02	8.28000e+02	2.92627e+00	2.04000e+02
829	2.04637e+02	8.29000e+02	2.92507e+00	2.04500e+02
830	2.05135e+02	8.30000e+02	2.92391e+00	2.05000e+02
831	2.05653e+02	8.31000e+02	2.92276e+00	2.05500e+02
832	2.06155e+02	8.32000e+02	2.92174e+00	2.06000e+02
833	2.06664e+02	8.33000e+02	2.92070e+00	2.06500e+02
834	2.07174e+02	8.34000e+02	2.91969e+00	2.07000e+02
835	2.07679e+02	8.35000e+02	2.91871e+00	2.07500e+02
836	2.08193e+02	8.36000e+02	2.91785e+00	2.08000e+02
837	2.08707e+02	8.37000e+02	2.91698e+00	2.08500e+02
838	2.09217e+02	8.38000e+02	2.91612e+00	2.09000e+02
839	2.09732e+02	8.39000e+02	2.91529e+00	2.09500e+02
840	2.10241e+02	8.40000e+02	2.91456e+00	2.10000e+02
841	2.10734e+02	8.41000e+02	2.91381e+00	2.10500e+02
842	2.11251e+02	8.42000e+02	2.91307e+00	2.11000e+02
843	2.11765e+02	8.43000e+02	2.91236e+00	2.11500e+02
844	2.12250e+02	8.44000e+02	2.91174e+00	2.12000e+02
845	2.12772e+02	8.45000e+02	2.91110e+00	2.12500e+02
846	2.13283e+02	8.46000e+02	2.91049e+00	2.13000e+02
847	2.13792e+02	8.47000e+02	2.90989e+00	2.13500e+02
848	2.14309e+02	8.48000e+02	2.90939e+00	2.14000e+02
849	2.14806e+02	8.49000e+02	2.90888e+00	2.14500e+02
850	2.15319e+02	8.50000e+02	2.90838e+00	2.15000e+02
851	2.15838e+02	8.51000e+02	2.90790e+00	2.15500e+02
852	2.16349e+02	8.52000e+02	2.90750e+00	2.16000e+02
853	2.16858e+02	8.53000e+02	2.90709e+00	2.16500e+02
854	2.17359e+02	8.54000e+02	2.90668e+00	2.17000e+02
855	2.17863e+02	8.55000e+02	2.90628e+00	2.17500e+02
856	2.18374e+02	8.56000e+02	2.90592e+00	2.18000e+02
857	2.18879e+02	8.57000e+02	2.90555e+00	2.18500e+02
858	2.19392e+02	8.58000e+02	2.90518e+00	2.19000e+02
859	2.19912e+02	8.59000e+02	2.90481e+00	2.19500e+02
860	2.20410e+02	8.60000e+02	2.90446e+00	2.20000e+02
861	2.20925e+02	8.61000e+02	2.90410e+00	2.20500e+02
862	2.21428e+02	8.62000e+02	2.90374e+00	2.21000e+02
863	2.21944e+02	8.63000e+02	2.90338e+00	2.21500e+02
864	2.22461e+02	8.64000e+02	2.90303e+00	2.22000e+02
865	2.22966e+02	8.65000e+02	2.90267e+00	2.22500e+02
866	2.23474e+02	8.66000e+02	2.90232e+00	2.23000e+02
867	2.23992e+02	8.67000e+02	2.90197e+00	2.23500e+02
868	2.24497e+02	8.68000e+02	2.90161e+00	2.24000e+02
869	2.24994e+02	8.69000e+02	2.90125e+00	2.24500e+02
870	2.25512e+02	8.70000e+02	2.90089e+00	2.25000e+02
871	2.26022e+02	8.71000e+02	2.90052e+00	2.25500e+02
872	2.26530e+02	8.72000e+02	2.90013e+00	2.26000e+02
873	2.27035e+02	8.73000e+02	2.89976e+00	2.26500e+02
874	2.27546e+02	8.74000e+02	2.89938e+00	2.27000e+02
875	2.28051e+02	8.75000e+02	2.89901e+00	2.27500e+02
876	2.28570e+02	8.76000e+02	2.89863e+00	2.28000e+02
877	2.29081e+02	8.77000e+02	2.89825e+00	2.28500e+02
878	2.29587e+02	8.78000e+02	2.89787e+00	2.29000e+02
879	2.30104e+02	8.79000e+02	2.89748e+00	2.29500e+02
880	2.30599e+02	8.80000e+02	2.89708e+00	2.30000e+02
881	2.31111e+02	8.81000e+02	2.89667e+00	2.30500e+02
882	2.31621e+02	8.82000e+02	2.89626e+00	2.31000e+02
883	2.32129e+02	8.83000e+02	2.89585e+00	2.31500e+02
884	2.32648e+02	8.84000e+02	2.89543e+00	2.32000e+02
885	2.33139e+02	8.85000e+02	2.89502e+00	2.32500e+02
886	2.33638e+02	8.86000e+02	2.89461e+00	2.33000e+02
887	2.34151e+02	8.87000e+02	2.89421e+00	2.33500e+02
888	2.34663e+02	8.88000e+02	2.89382e+00	2.34000e+02
889	2.35170e+02	8.89000e+02	2.89343e+00	2.34500e+02
890	2.35675e+02	8.90000e+02	2.89305e+00	2.35000e+02
891	2.36180e+02	8.91000e+02	2.89267e+00	2.35500e+02
892	2.36686e+02	8.92000e+02	2.89231e+00	2.36000e+02
893	2.37200e+02	8.93000e+02	2.89195e+00	2.36500e+02
894	2.37712e+02	8.94000e+02	2.89159e+00	2.37000e+02
895	2.38207e+02	8.95000e+02	2.89123e+00	2.37500e+02
896	2.38719e+02	8.96000e+02	2.89088e+00	2.38000e+02
897	2.39218e+02	8.97000e+02	2.89052e+00	2.38500e+02
898	2.39725e+02	8.98000e+02	2.89016e+00	2.39000e+02
899	2.40236e+02	8.99000e+02	2.88980e+00	2.39500e+02
900	2.40733e+02	9.00000e+02	2.88944e+00	2.40000e+02
901	2.41236e+02	9.01000e+02	2.88908e+00	2.40500e+02
902	2.41743e+02	9.02000e+02	2.88871e+00	2.41000e+02
903	2.42258e+02	9.03000e+02	2.88835e+00	2.41500e+02
904	2.42776e+02	9.04000e+02	2.88799e+00	2.42000e+02
905	2.43279e+02	9.05000e+02	2.88763e+00	2.42500e+02
906	2.43786e+02	9.06000e+02	2.88728e+00	2.43000e+02
907	2.44285e+02	9.07000e+02	2.88692e+00	2.43500e+02
908	2.44799e+02	9.08000e+02	2.88658e+00	2.44000e+02
909	2.45299e+02	9.09000e+02	2.88624e+00	2.44500e+02
910	2.45804e+02	9.10000e+02	2.88591e+00	2.45000e+02
911	2.46313e+02	9.11000e+02	2.88557e+00	2.45500e+02
912	2.46841e+02	9.12000e+02	2.88525e+00	2.46000e+02
913	2.47340e+02	9.13000e+02	2.88493e+00	2.46500e+02
914	2.47845e+02	9.14000e+02	2.88461e+00	2.47000e+02
915	2.48349e+02	9.15000e+02	2.88429e+00	2.47500e+02
916	2.48853e+02	9.16000e+02	2.88398e+00	2.48000e+02
917	2.49368e+02	9.17000e+02	2.88368e+00	2.48500e+02
918	2.49879e+02	9.18000e+02	2.88339e+00	2.49000e+02
919	2.50394e+02	9.19000e+02	2.88310e+00	2.49500e+02
920	2.50905e+02	9.20000e+02	2.88285e+00	2.50000e+02
921	2.51417e+02	9.21000e+02	2.88259e+00	2.50500e+02
922	2.51939e+02	9.22000e+02	2.88233e+00	2.51000e+02
923	2.52439e+02	9.23000e+02	2.88207e+00	2.51500e+02
924	2.52947e+02	9.24000e+02	2.88183e+00	2.52000e+02
925	2.53475e+02	9.25000e+02	2.88158e+00	2.52500e+02
926	2.53990e+02	9.26000e+02	2.88133e+00	2.53000e+02
927	2.54498e+02	9.27000e+02	2.88108e+00	2.53500e+02
928	2.55014e+02	9.28000e+02	2.88082e+00	2.54000e+02
929	2.55530e+02	9.29000e+02	2.88056e+00	2.54500e+02
930	2.56038e+02	9.30000e+02	2.88030e+00	2.55000e+02
931	2.56572e+02	9.31000e+02	2.88004e+00	2.55500e+02
932	2.57113e+02	9.32000e+02	2.87979e+00	2.56000e+02
933	2.57621e+02	9.33000e+02	2.87953e+00	2.56500e+02
934	2.58138e+02	9.34000e+02	2.87928e+00	2.57000e+02
935	2.58647e+02	9.35000e+02	2.87904e+00	2.57500e+02
936	2.59164e+02	9.36000e+02	2.87881e+00	2.58000e+02
937	2.59693e+02	9.37000e+02	2.87858e+00	2.58500e+02
938	2.60194e+02	9.38000e+02	2.87835e+00	2.59000e+02
939	2.60712e+02	9.39000e+02	2.87812e+00	2.59500e+02
940	2.61239e+02	9.40000e+02	2.87790e+00	2.60000e+02
941	2.61750e+02	9.41000e+02	2.87767e+00	2.60500e+02
942	2.62266e+02	9.42000e+02	2.87744e+00	2.61000e+02
943	2.62792e+02	9.43000e+02	2.87721e+00	2.61500e+02
944	2.63295e+02	9.44000e+02	2.87698e+00	2.62000e+02
945	2.63802e+02	9.45000e+02	2.87676e+00	2.62500e+02
946	2.64308e+02	9.46000e+02	2.87653e+00	2.63000e+02
947	2.64827e+02	9.47000e+02	2.87630e+00	2.63500e+02
948	2.65352e+02	9.48000e+02	2.87608e+00	2.64000e+02
949	2.65879e+02	9.49000e+02	2.87586e+00	2.64500e+02
950	2.66384e+02	9.50000e+02	2.87565e+00	2.65000e+02
951	2.66890e+02	9.51000e+02	2.87544e+00	2.65500e+02
952	2.67386e+02	9.52000e+02	2.87523e+00	2.66000e+02
953	2.67900e+02	9.53000e+02	2.87501e+00	2.66500e+02
954	2.68404e+02	9.54000e+02	2.87478e+00	2.67000e+02
955	2.68906e+02	9.55000e+02	2.87455e+00	2.67500e+02
956	2.69418e+02	9.56000e+02	2.87429e+00	2.68000e+02
957	2.69916e+02	9.57000e+02	2.87403e+00	2.68500e+02
958	2.70436e+02	9.58000e+02	2.87376e+00	2.69000e+02
959	2.70948e+02	9.59000e+02	2.87349e+00	2.69500e+02
960	2.71452e+02	9.60000e+02	2.87319e+00	2.70000e+02
961	2.71948e+02	9.61000e+02	2.87290e+00	2.70500e+02
962	2.72463e+02	9.62000e+02	2.87261e+00	2.71000e+02
963	2.72983e+02	9.63000e+02	2.87231e+00	2.71500e+02
964	2.73485e+02	9.64000e+02	2.87201e+00	2.72000e+02
965	2.74002e+02	9.65000e+02	2.87170e+00	2.72500e+02
966	2.74490e+02	9.66000e+02	2.87139e+00	2.73000e+02
967	2.75014e+02	9.67000e+02	2.87108e+00	2.73500e+02
968	2.75522e+02	9.68000e+02	2.87075e+00	2.74000e+02
969	2.76031e+02	9.69000e+02	2.87042e+00	2.74500e+02
970	2.76532e+02	9.70000e+02	2.87009e+00	2.75000e+02
971	2.77028e+02	9.71000e+02	2.86975e+00	2.75500e+02
972	2.77539e+02	9.72000e+02	2.86938e+00	2.76000e+02
973	2.78046e+02	9.73000e+02	2.86902e+00	2.76500e+02
974	2.78540e+02	9.74000e+02	2.86864e+00	2.77000e+02
975	2.79048e+02	9.75000e+02	2.86826e+00	2.77500e+02
976	2.79544e+02	9.76000e+02	2.86784e+00	2.78000e+02
977	2.80067e+02	9.77000e+02	2.86742e+00	2.78500e+02
978	2.80557e+02	9.78000e+02	2.86699e+00	2.79000e+02
979	2.81057e+02	9.79000e+02	2.86655e+00	2.79500e+02
980	2.81562e+02	9.80000e+02	2.86607e+00	2.80000e+02
981	2.82069e+02	9.81000e+02	2.86560e+00	2.80500e+02
982	2.82580e+02	9.82000e+02	2.86511e+00	2.81000e+02
983	2.83083e+02	9.83000e+02	2.86463e+00	2.81500e+02
984	2.83578e+02	9.84000e+02	2.86409e+00	2.82000e+02
985	2.84079e+02	9.85000e+02	2.86357e+00	2.82500e+02
986	2.84580e+02	9.86000e+02	2.86303e+00	2.83000e+02
987	2.85086e+02	9.87000e+02	2.86248e+00	2.83500e+02
988	2.85588e+02	9.88000e+02	2.86189e+00	2.84000e+02
989	2.86091e+02	9.89000e+02	2.86130e+00	2.84500e+02
990	2.86603e+02	9.90000e+02	2.86069e+00	2.85000e+02
991	2.87106e+02	9.91000e+02	2.86007e+00	2.85500e+02
992	2.87610e+02	9.92000e+02	2.85940e+00	2.86000e+02
993	2.88129e+02	9.93000e+02	2.85873e+00	2.86500e+02
994	2.88634e+02	9.94000e+02	2.85804e+00	2.87000e+02
995	2.89133e+02	9.95000e+02	2.85734e+00	2.87500e+02
996	2.89642e+02	9.96000e+02	2.85658e+00	2.88000e+02
997	2.90149e+02	9.97000e+02	2.85583e+00	2.88500e+02
998	2.90657e+02	9.98000e+02	2.85506e+00	2.89000e+02
999	2.91163e+02	9.99000e+02	2.85427e+00	2.89500e+02
1000	2.91663e+02	1.00000e+03	2.85340e+00	2.90000e+02
1001	2.92177e+02	1.00100e+03	2.85253e+00	2.90500e+02
1002	2.92698e+02	1.00200e+03	2.85162e+00	2.91000e+02
1003	2.93200e+02	1.00300e+03	2.85068e+00	2.91500e+02
1004	2.93706e+02	1.00400e+03	2.84962e+00	2.92000e+02
1005	2.94225e+02	1.00500e+03	2.84858e+00	2.92500e+02
1006	2.94714e+02	1.00600e+03	2.84753e+00	2.93000e+02
1007	2.95216e+02	1.00700e+03	2.84645e+00	2.93500e+02
1008	2.95729e+02	1.00800e+03	2.84528e+00	2.94000e+02
1009	2.96230e+02	1.00900e+03	2.84413e+00	2.94500e+02
1010	2.96732e+02	1.01000e+03	2.84295e+00	2.95000e+02
1011	2.97243e+02	1.01100e+03	2.84176e+00	2.95500e+02
1012	2.97752e+02	1.01200e+03	2.84049e+00	2.96000e+02
1013	2.98241e+02	1.01300e+03	2.83921e+00	2.96500e+02
1014	2.98752e+02	1.01400e+03	2.83791e+00	2.97000e+02
1015	2.99256e+02	1.01500e+03	2.83660e+00	2.97500e+02
1016	2.99747e+02	1.01600e+03	2.83517e+00	2.98000e+02
1017	3.00247e+02	1.01700e+03	2.83375e+00	2.98500e+02
1018	3.00754e+02	1.01800e+03	2.83232e+00	2.99000e+02
1019	3.01258e+02	1.01900e+03	2.83087e+00	2.99500e+02
1020	3.01757e+02	1.02000e+03	2.82931e+00	3.00000e+02
1021	3.02244e+02	1.02100e+03	2.82776e+00	3.00500e+02
1022	3.02746e+02	1.02200e+03	2.82620e+00	3.01000e+02
1023	3.03242e+02	1.02300e+03	2.82461e+00	3.01500e+02
1024	3.03749e+02	1.02400e+03	2.82293e+00	3.02000e+02
1025	3.04245e+02	1.02500e+03	2.82125e+00	3.02500e+02
1026	3.04750e+02	1.02600e+03	2.81955e+00	3.03000e+02
1027	3.05250e+02	1.02700e+03	2.81783e+00	3.03500e+02
1028	3.05743e+02	1.02800e+03	2.81600e+00	3.04000e+02
1029	3.06241e+02	1.02900e+03	2.81418e+00	3.04500e+02
1030	3.06736e+02	1.03000e+03	2.81234e+00	3.05000e+02
1031	3.07234e+02	1.03100e+03	2.81047e+00	3.05500e+02
1032	3.07726e+02	1.03200e+03	2.80850e+00	3.06000e+02
1033	3.08223e+02	1.03300e+03	2.80656e+00	3.06500e+02
1034	3.08711e+02	1.03400e+03	2.80460e+00	3.07000e+02
1035	3.09215e+02	1.03500e+03	2.80262e+00	3.07500e+02
1036	3.09697e+02	1.03600e+03	2.80057e+00	3.08000e+02
1037	3.10193e+02	1.03700e+03	2.79852e+00	3.08500e+02
1038	3.10686e+02	1.03800e+03	2.79646e+00	3.09000e+02
1039	3.11182e+02	1.03900e+03	2.79439e+00	3.09500e+02
1040	3.11676e+02	1.04000e+03	2.79223e+00	3.10000e+02
1041	3.12141e+02	1.04100e+03	2.79008e+00	3.10500e+02
1042	3.12631e+02	1.04200e+03	2.78791e+00	3.11000e+02
1043	3.13121e+02	1.04300e+03	2.78572e+00	3.11500e+02
1044	3.13622e+02	1.04400e+03	2.78346e+00	3.12000e+02
1045	3.14107e+02	1.04500e+03	2.78121e+00	3.12500e+02
1046	3.14601e+02	1.04600e+03	2.77894e+00	3.13000e+02
1047	3.15102e+02	1.04700e+03	2.77667e+00	3.13500e+02
1048	3.15583e+02	1.04800e+03	2.77434e+00	3.14000e+02
1049	3.16060e+02	1.04900e+03	2.77202e+00	3.14500e+02
1050	3.16558e+02	1.05000e+03	2.76970e+00	3.15000e+02
1051	3.17042e+02	1.05100e+03	2.76737e+00	3.15500e+02
1052	3.17529e+02	1.05200e+03	2.76502e+00	3.16000e+02
1053	3.18022e+02	1.05300e+03	2.76268e+00	3.16500e+02
1054	3.18506e+02	1.05400e+03	2.76033e+00	3.17000e+02
1055	3.19007e+02	1.05500e+03	2.75798e+00	3.17500e+02
1056	3.19499e+02	1.05600e+03	2.75561e+00	3.18000e+02
1057	3.19988e+02	1.05700e+03	2.75324e+00	3.18500e+02
1058	3.20472e+02	1.05800e+03	2.75086e+00	3.19000e+02
1059	3.20965e+02	1.05900e+03	2.74848e+00	3.19500e+02
1060	3.21458e+02	1.06000e+03	2.74607e+00	3.20000e+02
1061	3.21952e+02	1.06100e+03	2.74366e+00	3.20500e+02
1062	3.22459e+02	1.06200e+03	2.74126e+00	3.21000e+02
1063	3.22945e+02	1.06300e+03	2.73884e+00	3.21500e+02
1064	3.23446e+02	1.06400e+03	2.73641e+00	3.22000e+02
1065	3.23960e+02	1.06500e+03	2.73398e+00	3.22500e+02
1066	3.24443e+02	1.06600e+03	2.73153e+00	3.23000e+02
1067	3.24946e+02	1.06700e+03	2.72908e+00	3.23500e+02
1068	3.25449e+02	1.06800e+03	2.72658e+00	3.24000e+02
1069	3.25945e+02	1.06900e+03	2.72408e+00	3.24500e+02
1070	3.26437e+02	1.07000e+03	2.72156e+00	3.25000e+02
1071	3.26939e+02	1.07100e+03	2.71903e+00	3.25500e+02
1072	3.27439e+02	1.07200e+03	2.71642e+00	3.26000e+02
1073	3.27930e+02	1.07300e+03	2.71381e+00	3.26500e+02
1074	3.28442e+02	1.07400e+03	2.71117e+00	3.27000e+02
1075	3.28949e+02	1.07500e+03	2.70850e+00	3.27500e+02
1076	3.29438e+02	1.07600e+03	2.70571e+00	3.28000e+02
1077	3.29942e+02	1.07700e+03	2.70291e+00	3.28500e+02
1078	3.30460e+02	1.07800e+03	2.70007e+00	3.29000e+02
1079	3.30939e+02	1.07900e+03	2.69719e+00	3.29500e+02
1080	3.31450e+02	1.08000e+03	2.69411e+00	3.30000e+02
1081	3.31946e+02	1.08100e+03	2.69103e+00	3.30500e+02
1082	3.32457e+02	1.08200e+03	2.68790e+00	3.31000e+02
1083	3.32956e+02	1.08300e+03	2.68471e+00	3.31500e+02
1084	3.33463e+02	1.08400e+03	2.68126e+00	3.32000e+02
1085	3.33962e+02	1.08500e+03	2.67782e+00	3.32500e+02
1086	3.34480e+02	1.08600e+03	2.67430e+00	3.33000e+02
1087	3.34982e+02	1.08700e+03	2.67073e+00	3.33500e+02
1088	3.35488e+02	1.08800e+03	2.66682e+00	3.34000e+02
1089	3.35997e+02	1.08900e+03	2.66293e+00	3.34500e+02
1090	3.36499e+02	1.09000e+03	2.65896e+00	3.35000e+02
1091	3.37013e+02	1.09100e+03	2.65491e+00	3.35500e+02
1092	3.37517e+02	1.09200e+03	2.65047e+00	3.36000e+02
1093	3.38012e+02	1.09300e+03	2.64607e+00	3.36500e+02
1094	3.38534e+02	1.09400e+03	2.64157e+00	3.37000e+02
1095	3.39041e+02	1.09500e+03	2.63699e+00	3.37500e+02
1096	3.39544e+02	1.09600e+03	2.63196e+00	3.38000e+02
1097	3.40073e+02	1.09700e+03	2.62699e+00	3.38500e+02
1098	3.40584e+02	1.09800e+03	2.62190e+00	3.39000e+02
1099	3.41122e+02	1.09900e+03	2.61672e+00	3.39500e+02
1100	3.41654e+02	1.10000e+03	2.61105e+00	3.40000e+02
1101	3.42158e+02	1.10100e+03	2.60541e+00	3.40500e+02
1102	3.42667e+02	1.10200e+03	2.59966e+00	3.41000e+02
1103	3.43175e+02	1.10300e+03	2.59378e+00	3.41500e+02
1104	3.43684e+02	1.10400e+03	2.58735e+00	3.42000e+02
1105	3.44187e+02	1.10500e+03	2.58097e+00	3.42500e+02
1106	3.44693e+02	1.10600e+03	2.57446e+00	3.43000e+02
1107	3.45194e+02	1.10700e+03	2.56782e+00	3.43500e+02
1108	3.45691e+02	1.10800e+03	2.56056e+00	3.44000e+02
1109	3.46192e+02	1.10900e+03	2.55336e+00	3.44500e+02
1110	3.46694e+02	1.11000e+03	2.54602e+00	3.45000e+02
1111	3.47183e+02	1.11100e+03	2.53856e+00	3.45500e+02
1112	3.47681e+02	1.11200e+03	2.53041e+00	3.46000e+02
1113	3.48180e+02	1.11300e+03	2.52235e+00	3.46500e+02
1114	3.48676e+02	1.11400e+03	2.51413e+00	3.47000e+02
1115	3.49186e+02	1.11500e+03	2.50577e+00	3.47500e+02
1116	3.49685e+02	1.11600e+03	2.49669e+00	3.48000e+02
1117	3.50190e+02	1.11700e+03	2.48767e+00	3.48500e+02
1118	3.50695e+02	1.11800e+03	2.47847e+00	3.49000e+02
1119	3.51226e+02	1.11900e+03	2.46911e+00	3.49500e+02
1120	3.51723e+02	1.12000e+03	2.45894e+00	3.50000e+02
1121	3.52226e+02	1.12100e+03	2.44886e+00	3.50500e+02
1122	3.52728e+02	1.12200e+03	2.43862e+00	3.51000e+02
1123	3.53235e+02	1.12300e+03	2.42821e+00	3.51500e+02
1124	3.53738e+02	1.12400e+03	2.41698e+00	3.52000e+02
1125	3.54229e+02	1.12500e+03	2.40585e+00	3.52500e+02
1126	3.54722e+02	1.12600e+03	2.39454e+00	3.53000e+02
1127	3.55196e+02	1.12700e+03	2.38306e+00	3.53500e+02
1128	3.55689e+02	1.12800e+03	2.37075e+00	3.54000e+02
1129	3.56192e+02	1.12900e+03	2.35853e+00	3.54500e+02
1130	3.56694e+02	1.13000e+03	2.34613e+00	3.55000e+02
1131	3.57165e+02	1.13100e+03	2.33356e+00	3.55500e+02
1132	3.57667e+02	1.13200e+03	2.32012e+00	3.56000e+02
1133	3.58155e+02	1.13300e+03	2.30680e+00	3.56500e+02
1134	3.58641e+02	1.13400e+03	2.29329e+00	3.57000e+02
1135	3.59134e+02	1.13500e+03	2.27961e+00	3.57500e+02
1136	3.59618e+02	1.13600e+03	2.26507e+00	3.58000e+02
1137	3.60106e+02	1.13700e+03	2.25065e+00	3.58500e+02
1138	3.60614e+02	1.13800e+03	2.23605e+00	3.59000e+02
1139	3.61101e+02	1.13900e+03	2.22127e+00	3.59500e+02
1140	3.61591e+02	1.14000e+03	2.20565e+00	3.60000e+02
1141	3.62073e+02	1.14100e+03	2.19014e+00	3.60500e+02
1142	3.62556e+02	1.14200e+03	2.17444e+00	3.61000e+02
1143	3.63051e+02	1.14300e+03	2.15857e+00	3.61500e+02
1144	3.63544e+02	1.14400e+03	2.14187e+00	3.62000e+02
1145	3.64038e+02	1.14500e+03	2.12530e+00	3.62500e+02
1146	3.64514e+02	1.14600e+03	2.10857e+00	3.63000e+02
1147	3.65013e+02	1.14700e+03	2.09169e+00	3.63500e+02
1148	3.65523e+02	1.14800e+03	2.07403e+00	3.64000e+02
1149	3.66017e+02	1.14900e+03	2.05650e+00	3.64500e+02
1150	3.66490e+02	1.15000e+03	2.03882e+00	3.65000e+02
1151	3.66990e+02	1.15100e+03	2.02099e+00	3.65500e+02
1152	3.67478e+02	1.15200e+03	2.00243e+00	3.66000e+02
1153	3.67956e+02	1.15300e+03	1.98396e+00	3.66500e+02
1154	3.68465e+02	1.15400e+03	1.96535e+00	3.67000e+02
1155	3.68950e+02	1.15500e+03	1.94660e+00	3.67500e+02
1156	3.69428e+02	1.15600e+03	1.92711e+00	3.68000e+02
1157	3.69935e+02	1.15700e+03	1.90773e+00	3.68500e+02
1158	3.70434e+02	1.15800e+03	1.88820e+00	3.69000e+02
1159	3.70915e+02	1.15900e+03	1.86853e+00	3.69500e+02
1160	3.71411e+02	1.16000e+03	1.84812e+00	3.70000e+02
1161	3.71910e+02	1.16100e+03	1.82782e+00	3.70500e+02
1162	3.72388e+02	1.16200e+03	1.80737e+00	3.71000e+02
1163	3.72884e+02	1.16300e+03	1.78679e+00	3.71500e+02
1164	3.73384e+02	1.16400e+03	1.76554e+00	3.72000e+02
1165	3.73885e+02	1.16500e+03	1.74442e+00	3.72500e+02
1166	3.74365e+02	1.16600e+03	1.72321e+00	3.73000e+02
1167	3.74855e+02	1.16700e+03	1.70189e+00	3.73500e+02
1168	3.75359e+02	1.16800e+03	1.68005e+00	3.74000e+02
1169	3.75856e+02	1.16900e+03	1.65829e+00	3.74500e+02
1170	3.76356e+02	1.17000e+03	1.63644e+00	3.75000e+02
1171	3.76869e+02	1.17100e+03	1.61450e+00	3.75500e+02
1172	3.77365e+02	1.17200e+03	1.59211e+00	3.76000e+02
1173	3.77852e+02	1.17300e+03	1.56979e+00	3.76500e+02
1174	3.78346e+02	1.17400e+03	1.54739e+00	3.77000e+02
1175	3.78848e+02	1.17500e+03	1.52492e+00	3.77500e+02
1176	3.79355e+02	1.17600e+03	1.50206e+00	3.78000e+02
1177	3.79865e+02	1.17700e+03	1.47926e+00	3.78500e+02
1178	3.80358e+02	1.17800e+03	1.45637e+00	3.79000e+02
1179	3.80866e+02	1.17900e+03	1.43339e+00	3.79500e+02
1180	3.81364e+02	1.18000e+03	1.41002e+00	3.80000e+02
1181	3.81856e+02	1.18100e+03	1.38667e+00	3.80500e+02
1182	3.82341e+02	1.18200e+03	1.36323e+00	3.81000e+02
1183	3.82850e+02	1.18300e+03	1.33972e+00	3.81500e+02
1184	3.83339e+02	1.18400e+03	1.31584e+00	3.82000e+02
1185	3.83836e+02	1.18500e+03	1.29212e+00	3.82500e+02
1186	3.84323e+02	1.18600e+03	1.26843e+00	3.83000e+02
1187	3.84816e+02	1.18700e+03	1.24476e+00	3.83500e+02
1188	3.85316e+02	1.18800e+03	1.22113e+00	3.84000e+02
1189	3.85828e+02	1.18900e+03	1.19760e+00	3.84500e+02
1190	3.86325e+02	1.19000e+03	1.17417e+00	3.85000e+02
1191	3.86818e+02	1.19100e+03	1.15081e+00	3.85500e+02
1192	3.87316e+02	1.19200e+03	1.12779e+00	3.86000e+02
1193	3.87812e+02	1.19300e+03	1.10474e+00	3.86500e+02
1194	3.88316e+02	1.19400e+03	1.08175e+00	3.87000e+02
1195	3.88806e+02	1.19500e+03	1.05883e+00	3.87500e+02
1196	3.89299e+02	1.19600e+03	1.03627e+00	3.88000e+02
1197	3.89803e+02	1.19700e+03	1.01366e+00	3.88500e+02
1198	3.90297e+02	1.19800e+03	9.91134e-01	3.89000e+02
1199	3.90798e+02	1.19900e+03	9.68685e-01	3.89500e+02
1200	3.91301e+02	1.20000e+03	9.46615e-01	3.90000e+02
1201	3.91792e+02	1.20100e+03	9.24515e-01	3.90500e+02
1202	3.92290e+02	1.20200e+03	9.02505e-01	3.91000e+02
1203	3.92792e+02	1.20300e+03	8.80571e-01	3.91500e+02
1204	3.93295e+02	1.20400e+03	8.59060e-01	3.92000e+02
1205	3.93809e+02	1.20500e+03	8.37493e-01	3.92500e+02
1206	3.94304e+02	1.20600e+03	8.16025e-01	3.93000e+02
1207	3.94801e+02	1.20700e+03	7.94653e-01	3.93500e+02
1208	3.95299e+02	1.20800e+03	7.73740e-01	3.94000e+02
1209	3.95810e+02	1.20900e+03	7.52819e-01	3.94500e+02
1210	3.96317e+02	1.21000e+03	7.32047e-01	3.95000e+02
1211	3.96832e+02	1.21100e+03	7.11406e-01	3.95500e+02
1212	3.97324e+02	1.21200e+03	6.91424e-01	3.96000e+02
1213	3.97829e+02	1.21300e+03	6.71419e-01	3.96500e+02
1214	3.98342e+02	1.21400e+03	6.51626e-01	3.97000e+02
1215	3.98847e+02	1.21500e+03	6.32014e-01	3.97500e+02
1216	3.99364e+02	1.21600e+03	6.13315e-01	3.98000e+02
1217	3.99866e+02	1.21700e+03	5.94558e-01	3.98500e+02
1218	4.00364e+02	1.21800e+03	5.76049e-01	3.99000e+02
1219	4.00885e+02	1.21900e+03	5.57753e-01	3.99500e+02
1220	4.01415e+02	1.22000e+03	5.40568e-01	4.00000e+02
1221	4.01928e+02	1.22100e+03	5.23247e-01	4.00500e+02
1222	4.02442e+02	1.22200e+03	5.06177e-01	4.01000e+02
1223	4.02954e+02	1.22300e+03	4.89342e-01	4.01500e+02
1224	4.03479e+02	1.22400e+03	4.73685e-01	4.02000e+02
1225	4.03979e+02	1.22500e+03	4.57898e-01	4.02500e+02
1226	4.04488e+02	1.22600e+03	4.42380e-01	4.03000e+02
1227	4.04995e+02	1.22700e+03	4.27104e-01	4.03500e+02
1228	4.05493e+02	1.22800e+03	4.13071e-01	4.04000e+02
1229	4.06005e+02	1.22900e+03	3.98864e-01	4.04500e+02
1230	4.06509e+02	1.23000e+03	3.84909e-01	4.05000e+02
1231	4.07009e+02	1.23100e+03	3.71191e-01	4.05500e+02
1232	4.07514e+02	1.23200e+03	3.58698e-01	4.06000e+02
1233	4.08030e+02	1.23300e+03	3.46037e-01	4.06500e+02
1234	4.08535e+02	1.23400e+03	3.33628e-01	4.07000e+02
1235	4.09026e+02	1.23500e+03	3.21452e-01	4.07500e+02
1236	4.09542e+02	1.23600e+03	3.10471e-01	4.08000e+02
1237	4.10057e+02	1.23700e+03	2.99313e-01	4.08500e+02
1238	4.10559e+02	1.23800e+03	2.88383e-01	4.09000e+02
1239	4.11063e+02	1.23900e+03	2.77668e-01	4.09500e+02
1240	4.11560e+02	1.24000e+03	2.68071e-01	4.10000e+02
1241	4.12068e+02	1.24100e+03	2.58299e-01	4.10500e+02
1242	4.12577e+02	1.24200e+03	2.48739e-01	4.11000e+02
1243	4.13091e+02	1.24300e+03	2.39382e-01	4.11500e+02
1244	4.13608e+02	1.24400e+03	2.31050e-01	4.12000e+02
1245	4.14105e+02	1.24500e+03	2.22565e-01	4.12500e+02
1246	4.14608e+02	1.24600e+03	2.14278e-01	4.13000e+02
1247	4.15101e+02	1.24700e+03	2.06175e-01	4.13500e+02
1248	4.15598e+02	1.24800e+03	1.99023e-01	4.14000e+02
1249	4.16082e+02	1.24900e+03	1.91718e-01	4.14500e+02
1250	4.16581e+02	1.25000e+03	1.84593e-01	4.15000e+02
1251	4.17089e+02	1.25100e+03	1.77637e-01	4.15500e+02
1252	4.17584e+02	1.25200e+03	1.71548e-01	4.16000e+02
1253	4.18089e+02	1.25300e+03	1.65326e-01	4.16500e+02
1254	4.18591e+02	1.25400e+03	1.59269e-01	4.17000e+02
1255	4.19090e+02	1.25500e+03	1.53365e-01	4.17500e+02
1256	4.19584e+02	1.25600e+03	1.48259e-01	4.18000e+02
1257	4.20078e+02	1.25700e+03	1.43025e-01	4.18500e+02
1258	4.20574e+02	1.25800e+03	1.37938e-01	4.19000e+02
1259	4.21071e+02	1.25900e+03	1.32993e-01	4.19500e+02
1260	4.21560e+02	1.26000e+03	1.28767e-01	4.20000e+02
1261	4.22047e+02	1.26100e+03	1.24429e-01	4.20500e+02
1262	4.22544e+02	1.26200e+03	1.20221e-01	4.21000e+02
1263	4.23042e+02	1.26300e+03	1.16136e-01	4.21500e+02
1264	4.23536e+02	1.26400e+03	1.12692e-01	4.22000e+02
1265	4.24032e+02	1.26500e+03	1.09134e-01	4.22500e+02
1266	4.24535e+02	1.26600e+03	1.05684e-01	4.23000e+02
1267	4.25025e+02	1.26700e+03	1.02337e-01	4.23500e+02
1268	4.25522e+02	1.26800e+03	9.95343e-02	4.24000e+02
1269	4.26021e+02	1.26900e+03	9.66437e-02	4.24500e+02
1270	4.26513e+02	1.27000e+03	9.38506e-02	4.25000e+02
1271	4.27022e+02	1.27100e+03	9.11497e-02	4.25500e+02
1272	4.27524e+02	1.27200e+03	8.89231e-02	4.26000e+02
1273	4.28009e+02	1.27300e+03	8.66123e-02	4.26500e+02
1274	4.28505e+02	1.27400e+03	8.43808e-02	4.27000e+02
1275	4.29007e+02	1.27500e+03	8.22261e-02	4.27500e+02
1276	4.29516e+02	1.27600e+03	8.04675e-02	4.28000e+02
1277	4.30014e+02	1.27700e+03	7.86373e-02	4.28500e+02
1278	4.30506e+02	1.27800e+03	7.68710e-02	4.29000e+02
1279	4.30998e+02	1.27900e+03	7.51668e-02	4.29500e+02
1280	4.31499e+02	1.28000e+03	7.37853e-02	4.30000e+02
1281	4.32003e+02	1.28100e+03	7.23436e-02	4.30500e+02
1282	4.32497e+02	1.28200e+03	7.09541e-02	4.31000e+02
1283	4.32994e+02	1.28300e+03	6.96162e-02	4.31500e+02
1284	4.33502e+02	1.28400e+03	6.85432e-02	4.32000e+02
1285	4.33998e+02	1.28500e+03	6.74238e-02	4.32500e+02
1286	4.34497e+02	1.28600e+03	6.63474e-02	4.33000e+02
1287	4.35000e+02	1.28700e+03	6.53127e-02	4.33500e+02
1288	4.35496e+02	1.28800e+03	6.44935e-02	4.34000e+02
1289	4.36003e+02	1.28900e+03	6.36292e-02	4.34500e+02
1290	4.36507e+02	1.29000e+03	6.27970e-02	4.35000e+02
1291	4.36996e+02	1.29100e+03	6.19974e-02	4.35500e+02
1292	4.37506e+02	1.29200e+03	6.13579e-02	4.36000e+02
1293	4.37997e+02	1.29300e+03	6.06863e-02	4.36500e+02
1294	4.38501e+02	1.29400e+03	6.00388e-02	4.37000e+02
1295	4.38998e+02	1.29500e+03	5.94157e-02	4.37500e+02
1296	4.39485e+02	1.29600e+03	5.89151e-02	4.38000e+02
1297	4.39985e+02	1.29700e+03	5.83888e-02	4.38500e+02
1298	4.40470e+02	1.29800e+03	5.78800e-02	4.39000e+02
1299	4.40966e+02	1.29900e+03	5.73894e-02	4.39500e+02
1300	4.41453e+02	1.30000e+03	5.69928e-02	4.40000e+02
1301	4.41938e+02	1.30100e+03	5.65802e-02	4.40500e+02
1302	4.42438e+02	1.30200e+03	5.61850e-02	4.41000e+02
1303	4.42926e+02	1.30300e+03	5.58067e-02	4.41500e+02
1304	4.43417e+02	1.30400e+03	5.55105e-02	4.42000e+02
1305	4.43909e+02	1.30500e+03	5.51996e-02	4.42500e+02
1306	4.44402e+02	1.30600e+03	5.49016e-02	4.43000e+02
1307	4.44902e+02	1.30700e+03	5.46169e-02	4.43500e+02
1308	4.45393e+02	1.30800e+03	5.44068e-02	4.44000e+02
1309	4.45882e+02	1.30900e+03	5.41849e-02	4.44500e+02
1310	4.46374e+02	1.31000e+03	5.39745e-02	4.45000e+02
1311	4.46884e+02	1.31100e+03	5.37748e-02	4.45500e+02
1312	4.47376e+02	1.31200e+03	5.36320e-02	4.46000e+02
1313	4.47875e+02	1.31300e+03	5.34719e-02	4.46500e+02
1314	4.48393e+02	1.31400e+03	5.33155e-02	4.47000e+02
1315	4.48897e+02	1.31500e+03	5.31656e-02	4.47500e+02
1316	4.49410e+02	1.31600e+03	5.30468e-02	4.48000e+02
1317	4.49919e+02	1.31700e+03	5.29202e-02	4.48500e+02
1318	4.50410e+02	1.31800e+03	5.27969e-02	4.49000e+02
1319	4.50898e+02	1.31900e+03	5.26772e-02	4.49500e+02
1320	4.51374e+02	1.32000e+03	5.25764e-02	4.50000e+02
1321	4.51862e+02	1.32100e+03	5.24694e-02	4.50500e+02
1322	4.52364e+02	1.32200e+03	5.23636e-02	4.51000e+02
1323	4.52853e+02	1.32300e+03	5.22603e-02	4.51500e+02
1324	4.53362e+02	1.32400e+03	5.21708e-02	4.52000e+02
1325	4.53861e+02	1.32500e+03	5.20833e-02	4.52500e+02
1326	4.54344e+02	1.32600e+03	5.20004e-02	4.53000e+02
1327	4.54843e+02	1.32700e+03	5.19207e-02	4.53500e+02
1328	4.55335e+02	1.32800e+03	5.18590e-02	4.54000e+02
1329	4.55836e+02	1.32900e+03	5.17920e-02	4.54500e+02
1330	4.56309e+02	1.33000e+03	5.17255e-02	4.55000e+02
1331	4.56784e+02	1.33100e+03	5.16597e-02	4.55500e+02
1332	4.57255e+02	1.33200e+03	5.16043e-02	4.56000e+02
1333	4.57718e+02	1.33300e+03	5.15478e-02	4.56500e+02
1334	4.58206e+02	1.33400e+03	5.14938e-02	4.57000e+02
1335	4.58685e+02	1.33500e+03	5.14426e-02	4.57500e+02
1336	4.59158e+02	1.33600e+03	5.14057e-02	4.58000e+02
1337	4.59631e+02	1.33700e+03	5.13703e-02	4.58500e+02
1338	4.60118e+02	1.33800e+03	5.13383e-02	4.59000e+02
1339	4.60595e+02	1.33900e+03	5.13088e-02	4.59500e+02
1340	4.61079e+02	1.34000e+03	5.12969e-02	4.60000e+02
1341	4.61553e+02	1.34100e+03	5.12788e-02	4.60500e+02
1342	4.62021e+02	1.34200e+03	5.12623e-02	4.61000e+02
1343	4.62513e+02	1.34300e+03	5.12483e-02	4.61500e+02
1344	4.62993e+02	1.34400e+03	5.12424e-02	4.62000e+02
1345	4.63480e+02	1.34500e+03	5.12380e-02	4.62500e+02
1346	4.63956e+02	1.34600e+03	5.12377e-02	4.63000e+02
1347	4.64449e+02	1.34700e+03	5.12401e-02	4.63500e+02
1348	4.64939e+02	1.34800e+03	5.12522e-02	4.64000e+02
1349	4.65429e+02	1.34900e+03	5.12593e-02	4.64500e+02
1350	4.65914e+02	1.35000e+03	5.12641e-02	4.65000e+02
1351	4.66391e+02	1.35100e+03	5.12669e-02	4.65500e+02
1352	4.66877e+02	1.35200e+03	5.12659e-02	4.66000e+02
1353	4.67363e+02	1.35300e+03	5.12607e-02	4.66500e+02
1354	4.67841e+02	1.35400e+03	5.12507e-02	4.67000e+02
1355	4.68332e+02	1.35500e+03	5.12376e-02	4.67500e+02
1356	4.68820e+02	1.35600e+03	5.12087e-02	4.68000e+02
1357	4.69316e+02	1.35700e+03	5.11843e-02	4.68500e+02
1358	4.69802e+02	1.35800e+03	5.11600e-02	4.69000e+02
1359	4.70273e+02	1.35900e+03	5.11355e-02	4.69500e+02
1360	4.70761e+02	1.36000e+03	5.11063e-02	4.70000e+02
1361	4.71252e+02	1.36100e+03	5.10826e-02	4.70500e+02
1362	4.71739e+02	1.36200e+03	5.10610e-02	4.71000e+02
1363	4.72228e+02	1.36300e+03	5.10402e-02	4.71500e+02
1364	4.72716e+02	1.36400e+03	5.10270e-02	4.72000e+02
1365	4.73208e+02	1.36500e+03	5.10122e-02	4.72500e+02
1366	4.73693e+02	1.36600e+03	5.09985e-02	4.73000e+02
1367	4.74185e+02	1.36700e+03	5.09858e-02	4.73500e+02
1368	4.74671e+02	1.36800e+03	5.09772e-02	4.74000e+02
1369	4.75166e+02	1.36900e+03	5.09683e-02	4.74500e+02
1370	4.75644e+02	1.37000e+03	5.09606e-02	4.75000e+02
1371	4.76118e+02	1.37100e+03	5.09540e-02	4.75500e+02
1372	4.76601e+02	1.37200e+03	5.09492e-02	4.76000e+02
1373	4.77103e+02	1.37300e+03	5.09410e-02	4.76500e+02
1374	4.77599e+02	1.37400e+03	5.09286e-02	4.77000e+02
1375	4.78100e+02	1.37500e+03	5.09128e-02	4.77500e+02
1376	4.78588e+02	1.37600e+03	5.08855e-02	4.78000e+02
1377	4.79089e+02	1.37700e+03	5.08568e-02	4.78500e+02
1378	4.79585e+02	1.37800e+03	5.08256e-02	4.79000e+02
1379	4.80064e+02	1.37900e+03	5.07929e-02	4.79500e+02
1380	4.80564e+02	1.38000e+03	5.07479e-02	4.80000e+02
1381	4.81053e+02	1.38100e+03	5.07131e-02	4.80500e+02
1382	4.81544e+02	1.38200e+03	5.06821e-02	4.81000e+02
1383	4.82028e+02	1.38300e+03	5.06524e-02	4.81500e+02
1384	4.82525e+02	1.38400e+03	5.06322e-02	4.82000e+02
1385	4.83017e+02	1.38500e+03	5.06108e-02	4.82500e+02
1386	4.83511e+02	1.38600e+03	5.05915e-02	4.83000e+02
1387	4.84003e+02	1.38700e+03	5.05739e-02	4.83500e+02
1388	4.84502e+02	1.38800e+03	5.05645e-02	4.84000e+02
1389	4.84997e+02	1.38900e+03	5.05540e-02	4.84500e+02
1390	4.85491e+02	1.39000e+03	5.05458e-02	4.85000e+02
1391	4.85981e+02	1.39100e+03	5.05392e-02	4.85500e+02
1392	4.86471e+02	1.39200e+03	5.05434e-02	4.86000e+02
1393	4.86970e+02	1.39300e+03	5.05482e-02	4.86500e+02
1394	4.87457e+02	1.39400e+03	5.05563e-02	4.87000e+02
1395	4.87953e+02	1.39500e+03	5.05667e-02	4.87500e+02
1396	4.88453e+02	1.39600e+03	5.05880e-02	4.88000e+02
1397	4.88943e+02	1.39700e+03	5.06030e-02	4.88500e+02
1398	4.89430e+02	1.39800e+03	5.06142e-02	4.89000e+02
1399	4.89919e+02	1.39900e+03	5.06222e-02	4.89500e+02
1400	4.90404e+02	1.40000e+03	5.06182e-02	4.90000e+02
1401	4.90899e+02	1.40100e+03	5.06100e-02	4.90500e+02
1402	4.91392e+02	1.40200e+03	5.05959e-02	4.91000e+02
1403	4.91888e+02	1.40300e+03	5.05770e-02	4.91500e+02
1404	4.92367e+02	1.40400e+03	5.05279e-02	4.92000e+02
1405	4.92858e+02	1.40500e+03	5.04873e-02	4.92500e+02
1406	4.93335e+02	1.40600e+03	5.04465e-02	4.93000e+02
1407	4.93812e+02	1.40700e+03	5.04040e-02	4.93500e+02
1408	4.94293e+02	1.40800e+03	5.03513e-02	4.94000e+02
1409	4.94787e+02	1.40900e+03	5.03086e-02	4.94500e+02
1410	4.95281e+02	1.41000e+03	5.02711e-02	4.95000e+02
1411	4.95766e+02	1.41100e+03	5.02363e-02	4.95500e+02
1412	4.96247e+02	1.41200e+03	5.02199e-02	4.96000e+02
1413	4.96733e+02	1.41300e+03	5.02042e-02	4.96500e+02
1414	4.97207e+02	1.41400e+03	5.01933e-02	4.97000e+02
1415	4.97694e+02	1.41500e+03	5.01857e-02	4.97500e+02
1416	4.98163e+02	1.41600e+03	5.01929e-02	4.98000e+02
1417	4.98658e+02	1.41700e+03	5.01893e-02	4.98500e+02
1418	4.99141e+02	1.41800e+03	5.01822e-02	4.99000e+02
1419	4.99626e+02	1.41900e+03	5.01735e-02	4.99500e+02
1420	5.00114e+02	1.42000e+03	5.01587e-02	5.00000e+02
1421	5.00608e+02	1.42100e+03	5.01456e-02	5.00500e+02
1422	5.01091e+02	1.42200e+03	5.01313e-02	5.01000e+02
1423	5.01578e+02	1.42300e+03	5.01156e-02	5.01500e+02
1424	5.02057e+02	1.42400e+03	5.00888e-02	5.02000e+02
1425	5.02537e+02	1.42500e+03	5.00621e-02	5.02500e+02
1426	5.03019e+02	1.42600e+03	5.00348e-02	5.03000e+02
1427	5.03502e+02	1.42700e+03	5.00068e-02	5.03500e+02
1428	5.03992e+02	1.42800e+03	4.99729e-02	5.04000e+02
1429	5.04473e+02	1.42900e+03	4.99479e-02	5.04500e+02
1430	5.04960e+02	1.43000e+03	4.99298e-02	5.05000e+02
1431	5.05446e+02	1.43100e+03	4.99159e-02	5.05500e+02
1432	5.05916e+02	1.43200e+03	4.99205e-02	5.06000e+02
1433	5.06412e+02	1.43300e+03	4.99220e-02	5.06500e+02
1434	5.06897e+02	1.43400e+03	4.99242e-02	5.07000e+02
1435	5.07376e+02	1.43500e+03	4.99267e-02	5.07500e+02
1436	5.07864e+02	1.43600e+03	4.99349e-02	5.08000e+02
1437	5.08348e+02	1.43700e+03	4.99328e-02	5.08500e+02
1438	5.08834e+02	1.43800e+03	4.99265e-02	5.09000e+02
1439	5.09323e+02	1.43900e+03	4.99181e-02	5.09500e+02
1440	5.09802e+02	1.44000e+03	4.98920e-02	5.10000e+02
1441	5.10290e+02	1.44100e+03	4.98737e-02	5.10500e+02
1442	5.10776e+02	1.44200e+03	4.98565e-02	5.11000e+02
1443	5.11262e+02	1.44300e+03	4.98388e-02	5.11500e+02
1444	5.11746e+02	1.44400e+03	4.98168e-02	5.12000e+02
1445	5.12233e+02	1.44500e+03	4.97915e-02	5.12500e+02
1446	5.12720e+02	1.44600e+03	4.97577e-02	5.13000e+02
1447	5.13196e+02	1.44700e+03	4.97171e-02	5.13500e+02
1448	5.13687e+02	1.44800e+03	4.96511e-02	5.14000e+02
1449	5.14176e+02	1.44900e+03	4.95877e-02	5.14500e+02
1450	5.14659e+02	1.45000e+03	4.95285e-02	5.15000e+02
1451	5.15147e+02	1.45100e+03	4.94735e-02	5.15500e+02
1452	5.15634e+02	1.45200e+03	4.94312e-02	5.16000e+02
1453	5.16133e+02	1.45300e+03	4.94221e-02	5.16500e+02
1454	5.16615e+02	1.45400e+03	4.94376e-02	5.17000e+02
1455	5.17095e+02	1.45500e+03	4.94677e-02	5.17500e+02
1456	5.17578e+02	1.45600e+03	4.95865e-02	5.18000e+02
1457	5.18060e+02	1.45700e+03	4.96713e-02	5.18500e+02
1458	5.18548e+02	1.45800e+03	4.97522e-02	5.19000e+02
1459	5.19037e+02	1.45900e+03	4.98335e-02	5.19500e+02
1460	5.19516e+02	1.46000e+03	4.99134e-02	5.20000e+02
1461	5.20001e+02	1.46100e+03	4.99697e-02	5.20500e+02
1462	5.20481e+02	1.46200e+03	5.00107e-02	5.21000e+02
1463	5.20962e+02	1.46300e+03	5.00424e-02	5.21500e+02
1464	5.21447e+02	1.46400e+03	5.00157e-02	5.22000e+02
1465	5.21939e+02	1.46500e+03	5.00062e-02	5.22500e+02
1466	5.22426e+02	1.46600e+03	4.99927e-02	5.23000e+02
1467	5.22914e+02	1.46700e+03	4.99737e-02	5.23500e+02
1468	5.23398e+02	1.46800e+03	4.99279e-02	5.24000e+02
1469	5.23890e+02	1.46900e+03	4.98934e-02	5.24500e+02
1470	5.24379e+02	1.47000e+03	4.98613e-02	5.25000e+02
1471	5.24863e+02	1.47100e+03	4.98304e-02	5.25500e+02
1472	5.25339e+02	1.47200e+03	4.97995e-02	5.26000e+02
1473	5.25834e+02	1.47300e+03	4.97737e-02	5.26500e+02
1474	5.26313e+02	1.47400e+03	4.97511e-02	5.27000e+02
1475	5.26798e+02	1.47500e+03	4.97297e-02	5.27500e+02
1476	5.27286e+02	1.47600e+03	4.97199e-02	5.28000e+02
1477	5.27764e+02	1.47700e+03	4.97054e-02	5.28500e+02
1478	5.28258e+02	1.47800e+03	4.96908e-02	5.29000e+02
1479	5.28746e+02	1.47900e+03	4.96768e-02	5.29500e+02
1480	5.29234e+02	1.48000e+03	4.96673e-02	5.30000e+02
1481	5.29717e+02	1.48100e+03	4.96578e-02	5.30500e+02
1482	5.30205e+02	1.48200e+03	4.96483e-02	5.31000e+02
1483	5.30694e+02	1.48300e+03	4.96383e-02	5.31500e+02
1484	5.31192e+02	1.48400e+03	4.96282e-02	5.32000e+02
1485	5.31675e+02	1.48500e+03	4.96160e-02	5.32500e+02
1486	5.32162e+02	1.48600e+03	4.96049e-02	5.33000e+02
1487	5.32649e+02	1.48700e+03	4.95951e-02	5.33500e+02
1488	5.33143e+02	1.48800e+03	4.95865e-02	5.34000e+02
1489	5.33626e+02	1.48900e+03	4.95842e-02	5.34500e+02
1490	5.34118e+02	1.49000e+03	4.95858e-02	5.35000e+02
1491	5.34612e+02	1.49100e+03	4.95888e-02	5.35500e+02
1492	5.35098e+02	1.49200e+03	4.96017e-02	5.36000e+02
1493	5.35587e+02	1.49300e+03	4.96073e-02	5.36500e+02
1494	5.36081e+02	1.49400e+03	4.96112e-02	5.37000e+02
1495	5.36572e+02	1.49500e+03	4.96145e-02	5.37500e+02
1496	5.37056e+02	1.49600e+03	4.96077e-02	5.38000e+02
1497	5.37558e+02	1.49700e+03	4.95996e-02	5.38500e+02
1498	5.38044e+02	1.49800e+03	4.95888e-02	5.39000e+02
1499	5.38527e+02	1.49900e+03	4.95757e-02	5.39500e+02
1500	5.39020e+02	1.50000e+03	4.95514e-02	5.40000e+02
1501	5.39521e+02	1.50100e+03	4.95323e-02	5.40500e+02
1502	5.40013e+02	1.50200e+03	4.95148e-02	5.41000e+02
1503	5.40495e+02	1.50300e+03	4.94982e-02	5.41500e+02
1504	5.40985e+02	1.50400e+03	4.94841e-02	5.42000e+02
1505	5.41472e+02	1.50500e+03	4.94716e-02	5.42500e+02
1506	5.41970e+02	1.50600e+03	4.94621e-02	5.43000e+02
1507	5.42463e+02	1.50700e+03	4.94554e-02	5.43500e+02
1508	5.42955e+02	1.50800e+03	4.94592e-02	5.44000e+02
1509	5.43445e+02	1.50900e+03	4.94593e-02	5.44500e+02
1510	5.43940e+02	1.51000e+03	4.94588e-02	5.45000e+02
1511	5.44425e+02	1.51100e+03	4.94589e-02	5.45500e+02
1512	5.44928e+02	1.51200e+03	4.94632e-02	5.46000e+02
1513	5.45412e+02	1.51300e+03	4.94640e-02	5.46500e+02
1514	5.45908e+02	1.51400e+03	4.94650e-02	5.47000e+02
1515	5.46400e+02	1.51500e+03	4.94673e-02	5.47500e+02
1516	5.46895e+02	1.51600e+03	4.94702e-02	5.48000e+02
1517	5.47387e+02	1.51700e+03	4.94739e-02	5.48500e+02
1518	5.47876e+02	1.51800e+03	4.94759e-02	5.49000e+02
1519	5.48364e+02	1.51900e+03	4.94766e-02	5.49500e+02
1520	5.48864e+02	1.52000e+03	4.94759e-02	5.50000e+02
1521	5.49349e+02	1.52100e+03	4.94702e-02	5.50500e+02
1522	5.49848e+02	1.52200e+03	4.94609e-02	5.51000e+02
1523	5.50337e+02	1.52300e+03	4.94495e-02	5.51500e+02
1524	5.50828e+02	1.52400e+03	4.94256e-02	5.52000e+02
1525	5.51323e+02	1.52500e+03	4.94045e-02	5.52500e+02
1526	5.51812e+02	1.52600e+03	4.93787e-02	5.53000e+02
1527	5.52312e+02	1.52700e+03	4.93483e-02	5.53500e+02
1528	5.52805e+02	1.52800e+03	4.92977e-02	5.54000e+02
1529	5.53297e+02	1.52900e+03	4.92441e-02	5.54500e+02
1530	5.53788e+02	1.53000e+03	4.91854e-02	5.55000e+02
1531	5.54282e+02	1.53100e+03	4.91235e-02	5.55500e+02
1532	5.54782e+02	1.53200e+03	4.90454e-02	5.56000e+02
1533	5.55287e+02	1.53300e+03	4.89909e-02	5.56500e+02
1534	5.55775e+02	1.53400e+03	4.89538e-02	5.57000e+02
1535	5.56273e+02	1.53500e+03	4.89283e-02	5.57500e+02
1536	5.56770e+02	1.53600e+03	4.89658e-02	5.58000e+02
1537	5.57260e+02	1.53700e+03	4.90060e-02	5.58500e+02
1538	5.57746e+02	1.53800e+03	4.90577e-02	5.59000e+02
1539	5.58245e+02	1.53900e+03	4.91166e-02	5.59500e+02
1540	5.58747e+02	1.54000e+03	4.92264e-02	5.60000e+02
1541	5.59239e+02	1.54100e+03	4.92926e-02	5.60500e+02
1542	5.59733e+02	1.54200e+03	4.93407e-02	5.61000e+02
1543	5.60227e+02	1.54300e+03	4.93798e-02	5.61500e+02
1544	5.60729e+02	1.54400e+03	4.93660e-02	5.62000e+02
1545	5.61233e+02	1.54500e+03	4.93613e-02	5.62500e+02
1546	5.61725e+02	1.54600e+03	4.93517e-02	5.63000e+02
1547	5.62228e+02	1.54700e+03	4.93378e-02	5.63500e+02
1548	5.62719e+02	1.54800e+03	4.92949e-02	5.64000e+02
1549	5.63226e+02	1.54900e+03	4.92726e-02	5.64500e+02
1550	5.63721e+02	1.55000e+03	4.92556e-02	5.65000e+02
1551	5.64220e+02	1.55100e+03	4.92399e-02	5.65500e+02
1552	5.64711e+02	1.55200e+03	4.92398e-02	5.66000e+02
1553	5.65209e+02	1.55300e+03	4.92351e-02	5.66500e+02
1554	5.65701e+02	1.55400e+03	4.92310e-02	5.67000e+02
1555	5.66214e+02	1.55500e+03	4.92282e-02	5.67500e+02
1556	5.66718e+02	1.55600e+03	4.92325e-02	5.68000e+02
1557	5.67206e+02	1.55700e+03	4.92342e-02	5.68500e+02
1558	5.67710e+02	1.55800e+03	4.92355e-02	5.69000e+02
1559	5.68210e+02	1.55900e+03	4.92367e-02	5.69500e+02
1560	5.68712e+02	1.56000e+03	4.92359e-02	5.70000e+02
1561	5.69209e+02	1.56100e+03	4.92329e-02	5.70500e+02
1562	5.69718e+02	1.56200e+03	4.92275e-02	5.71000e+02
1563	5.70241e+02	1.56300e+03	4.92204e-02	5.71500e+02
1564	5.70764e+02	1.56400e+03	4.92077e-02	5.72000e+02
1565	5.71303e+02	1.56500e+03	4.91986e-02	5.72500e+02
1566	5.71858e+02	1.56600e+03	4.91905e-02	5.73000e+02
1567	5.72447e+02	1.56700e+03	4.91827e-02	5.73500e+02
1568	5.72970e+02	1.56800e+03	4.91772e-02	5.74000e+02
1569	5.73489e+02	1.56900e+03	4.91718e-02	5.74500e+02
1570	5.74025e+02	1.57000e+03	4.91660e-02	5.75000e+02
1571	5.74556e+02	1.57100e+03	4.91600e-02	5.75500e+02
1572	5.75042e+02	1.57200e+03	4.91552e-02	5.76000e+02
1573	5.75547e+02	1.57300e+03	4.91476e-02	5.76500e+02
1574	5.76042e+02	1.57400e+03	4.91386e-02	5.77000e+02
1575	5.76543e+02	1.57500e+03	4.91293e-02	5.77500e+02
1576	5.77061e+02	1.57600e+03	4.91165e-02	5.78000e+02
1577	5.77558e+02	1.57700e+03	4.91055e-02	5.78500e+02
1578	5.78044e+02	1.57800e+03	4.90950e-02	5.79000e+02
1579	5.78555e+02	1.57900e+03	4.90850e-02	5.79500e+02
1580	5.79060e+02	1.58000e+03	4.90759e-02	5.80000e+02
1581	5.79562e+02	1.58100e+03	4.90663e-02	5.80500e+02
1582	5.80063e+02	1.58200e+03	4.90567e-02	5.81000e+02
1583	5.80563e+02	1.58300e+03	4.90480e-02	5.81500e+02
1584	5.81065e+02	1.58400e+03	4.90431e-02	5.82000e+02
1585	5.81570e+02	1.58500e+03	4.90383e-02	5.82500e+02
1586	5.82071e+02	1.58600e+03	4.90351e-02	5.83000e+02
1587	5.82590e+02	1.58700e+03	4.90336e-02	5.83500e+02
1588	5.83096e+02	1.58800e+03	4.90413e-02	5.84000e+02
1589	5.83609e+02	1.58900e+03	4.90492e-02	5.84500e+02
1590	5.84127e+02	1.59000e+03	4.90596e-02	5.85000e+02
1591	5.84639e+02	1.59100e+03	4.90715e-02	5.85500e+02
1592	5.85143e+02	1.59200e+03	4.90891e-02	5.86000e+02
1593	5.85664e+02	1.59300e+03	4.90992e-02	5.86500e+02
1594	5.86178e+02	1.59400e+03	4.91048e-02	5.87000e+02
1595	5.86710e+02	1.59500e+03	4.91076e-02	5.87500e+02
1596	5.87217e+02	1.59600e+03	4.90985e-02	5.88000e+02
1597	5.87729e+02	1.59700e+03	4.90898e-02	5.88500e+02
1598	5.88239e+02	1.59800e+03	4.90787e-02	5.89000e+02
1599	5.88758e+02	1.59900e+03	4.90662e-02	5.89500e+02
1600	5.89268e+02	1.60000e+03	4.90420e-02	5.90000e+02
1601	5.89771e+02	1.60100e+03	4.90229e-02	5.90500e+02
1602	5.90270e+02	1.60200e+03	4.90031e-02	5.91000e+02
1603	5.90780e+02	1.60300e+03	4.89819e-02	5.91500e+02
1604	5.91288e+02	1.60400e+03	4.89560e-02	5.92000e+02
1605	5.91798e+02	1.60500e+03	4.89290e-02	5.92500e+02
1606	5.92309e+02	1.60600e+03	4.89017e-02	5.93000e+02
1607	5.92836e+02	1.60700e+03	4.88746e-02	5.93500e+02
1608	5.93332e+02	1.60800e+03	4.88464e-02	5.94000e+02
1609	5.93835e+02	1.60900e+03	4.88234e-02	5.94500e+02
1610	5.94330e+02	1.61000e+03	4.88034e-02	5.95000e+02
1611	5.94836e+02	1.61100e+03	4.87854e-02	5.95500e+02
1612	5.95335e+02	1.61200e+03	4.87802e-02	5.96000e+02
1613	5.95839e+02	1.61300e+03	4.87726e-02	5.96500e+02
1614	5.96339e+02	1.61400e+03	4.87667e-02	5.97000e+02
1615	5.96837e+02	1.61500e+03	4.87629e-02	5.97500e+02
1616	5.97341e+02	1.61600e+03	4.87675e-02	5.98000e+02
1617	5.97851e+02	1.61700e+03	4.87670e-02	5.98500e+02
1618	5.98351e+02	1.61800e+03	4.87639e-02	5.99000e+02
1619	5.98855e+02	1.61900e+03	4.87591e-02	5.99500e+02
1620	5.99346e+02	1.62000e+03	4.87502e-02	6.00000e+02
1621	5.99839e+02	1.62100e+03	4.87388e-02	6.00500e+02
1622	6.00326e+02	1.62200e+03	4.87248e-02	6.01000e+02
1623	6.00813e+02	1.62300e+03	4.87093e-02	6.01500e+02
1624	6.01316e+02	1.62400e+03	4.86844e-02	6.02000e+02
1625	6.01808e+02	1.62500e+03	4.86639e-02	6.02500e+02
1626	6.02302e+02	1.62600e+03	4.86441e-02	6.03000e+02
1627	6.02800e+02	1.62700e+03	4.86250e-02	6.03500e+02
1628	6.03300e+02	1.62800e+03	4.86143e-02	6.04000e+02
1629	6.03799e+02	1.62900e+03	4.86087e-02	6.04500e+02
1630	6.04287e+02	1.63000e+03	4.86088e-02	6.05000e+02
1631	6.04777e+02	1.63100e+03	4.86127e-02	6.05500e+02
1632	6.05273e+02	1.63200e+03	4.86354e-02	6.06000e+02
1633	6.05764e+02	1.63300e+03	4.86502e-02	6.06500e+02
1634	6.06259e+02	1.63400e+03	4.86639e-02	6.07000e+02
1635	6.06766e+02	1.63500e+03	4.86779e-02	6.07500e+02
1636	6.07262e+02	1.63600e+03	4.86958e-02	6.08000e+02
1637	6.07762e+02	1.63700e+03	4.87104e-02	6.08500e+02
1638	6.08255e+02	1.63800e+03	4.87234e-02	6.09000e+02
1639	6.08744e+02	1.63900e+03	4.87357e-02	6.09500e+02
1640	6.09232e+02	1.64000e+03	4.87419e-02	6.10000e+02
1641	6.09719e+02	1.64100e+03	4.87468e-02	6.10500e+02
1642	6.10215e+02	1.64200e+03	4.87484e-02	6.11000e+02
1643	6.10707e+02	1.64300e+03	4.87475e-02	6.11500e+02
1644	6.11212e+02	1.64400e+03	4.87377e-02	6.12000e+02
1645	6.11698e+02	1.64500e+03	4.87311e-02	6.12500e+02
1646	6.12194e+02	1.64600e+03	4.87256e-02	6.13000e+02
1647	6.12675e+02	1.64700e+03	4.87203e-02	6.13500e+02
1648	6.13170e+02	1.64800e+03	4.87134e-02	6.14000e+02
1649	6.13663e+02	1.64900e+03	4.87103e-02	6.14500e+02
1650	6.14149e+02	1.65000e+03	4.87093e-02	6.15000e+02
1651	6.14644e+02	1.65100e+03	4.87094e-02	6.15500e+02
1652	6.15127e+02	1.65200e+03	4.87194e-02	6.16000e+02
1653	6.15615e+02	1.65300e+03	4.87291e-02	6.16500e+02
1654	6.16094e+02	1.65400e+03	4.87398e-02	6.17000e+02
1655	6.16579e+02	1.65500e+03	4.87508e-02	6.17500e+02
1656	6.17068e+02	1.65600e+03	4.87665e-02	6.18000e+02
1657	6.17549e+02	1.65700e+03	4.87771e-02	6.18500e+02
1658	6.18033e+02	1.65800e+03	4.87832e-02	6.19000e+02
1659	6.18527e+02	1.65900e+03	4.87858e-02	6.19500e+02
1660	6.19019e+02	1.66000e+03	4.87736e-02	6.20000e+02
1661	6.19513e+02	1.66100e+03	4.87603e-02	6.20500e+02
1662	6.19999e+02	1.66200e+03	4.87427e-02	6.21000e+02
1663	6.20482e+02	1.66300e+03	4.87219e-02	6.21500e+02
1664	6.20974e+02	1.66400e+03	4.86855e-02	6.22000e+02
1665	6.21469e+02	1.66500e+03	4.86603e-02	6.22500e+02
1666	6.21952e+02	1.66600e+03	4.86405e-02	6.23000e+02
1667	6.22434e+02	1.66700e+03	4.86240e-02	6.23500e+02
1668	6.22927e+02	1.66800e+03	4.86213e-02	6.24000e+02
1669	6.23416e+02	1.66900e+03	4.86214e-02	6.24500e+02
1670	6.23915e+02	1.67000e+03	4.86271e-02	6.25000e+02
1671	6.24397e+02	1.67100e+03	4.86367e-02	6.25500e+02
1672	6.24882e+02	1.67200e+03	4.86634e-02	6.26000e+02
1673	6.25380e+02	1.67300e+03	4.86775e-02	6.26500e+02
1674	6.25873e+02	1.67400e+03	4.86866e-02	6.27000e+02
1675	6.26350e+02	1.67500e+03	4.86934e-02	6.27500e+02
1676	6.26846e+02	1.67600e+03	4.86896e-02	6.28000e+02
1677	6.27337e+02	1.67700e+03	4.86852e-02	6.28500e+02
1678	6.27828e+02	1.67800e+03	4.86784e-02	6.29000e+02
1679	6.28320e+02	1.67900e+03	4.86703e-02	6.29500e+02
1680	6.28805e+02	1.68000e+03	4.86518e-02	6.30000e+02
1681	6.29289e+02	1.68100e+03	4.86389e-02	6.30500e+02
1682	6.29789e+02	1.68200e+03	4.86262e-02	6.31000e+02
1683	6.30294e+02	1.68300e+03	4.86132e-02	6.31500e+02
1684	6.30782e+02	1.68400e+03	4.86029e-02	6.32000e+02
1685	6.31268e+02	1.68500e+03	4.85918e-02	6.32500e+02
1686	6.31762e+02	1.68600e+03	4.85812e-02	6.33000e+02
1687	6.32251e+02	1.68700e+03	4.85711e-02	6.33500e+02
1688	6.32734e+02	1.68800e+03	4.85622e-02	6.34000e+02
1689	6.33228e+02	1.68900e+03	4.85526e-02	6.34500e+02
1690	6.33729e+02	1.69000e+03	4.85428e-02	6.35000e+02
1691	6.34223e+02	1.69100e+03	4.85333e-02	6.35500e+02
1692	6.34718e+02	1.69200e+03	4.85289e-02	6.36000e+02
1693	6.35213e+02	1.69300e+03	4.85265e-02	6.36500e+02
1694	6.35704e+02	1.69400e+03	4.85269e-02	6.37000e+02
1695	6.36196e+02	1.69500e+03	4.85292e-02	6.37500e+02
1696	6.36691e+02	1.69600e+03	4.85441e-02	6.38000e+02
1697	6.37185e+02	1.69700e+03	4.85573e-02	6.38500e+02
1698	6.37685e+02	1.69800e+03	4.85710e-02	6.39000e+02
1699	6.38189e+02	1.69900e+03	4.85851e-02	6.39500e+02
1700	6.38683e+02	1.70000e+03	4.86038e-02	6.40000e+02
1701	6.39186e+02	1.70100e+03	4.86169e-02	6.40500e+02
1702	6.39683e+02	1.70200e+03	4.86278e-02	6.41000e+02
1703	6.40186e+02	1.70300e+03	4.86376e-02	6.41500e+02
1704	6.40671e+02	1.70400e+03	4.86384e-02	6.42000e+02
1705	6.41179e+02	1.70500e+03	4.86404e-02	6.42500e+02
1706	6.41665e+02	1.70600e+03	4.86385e-02	6.43000e+02
1707	6.42158e+02	1.70700e+03	4.86331e-02	6.43500e+02
1708	6.42660e+02	1.70800e+03	4.86170e-02	6.44000e+02
1709	6.43160e+02	1.70900e+03	4.86036e-02	6.44500e+02
1710	6.43641e+02	1.71000e+03	4.85908e-02	6.45000e+02
1711	6.44143e+02	1.71100e+03	4.85779e-02	6.45500e+02
1712	6.44646e+02	1.71200e+03	4.85612e-02	6.46000e+02
1713	6.45140e+02	1.71300e+03	4.85519e-02	6.46500e+02
1714	6.45626e+02	1.71400e+03	4.85463e-02	6.47000e+02
1715	6.46126e+02	1.71500e+03	4.85418e-02	6.47500e+02
1716	6.46624e+02	1.71600e+03	4.85393e-02	6.48000e+02
1717	6.47125e+02	1.71700e+03	4.85253e-02	6.48500e+02
1718	6.47627e+02	1.71800e+03	4.85000e-02	6.49000e+02
1719	6.48116e+02	1.71900e+03	4.84661e-02	6.49500e+02
1720	6.48613e+02	1.72000e+03	4.83926e-02	6.50000e+02
1721	6.49103e+02	1.72100e+03	4.83231e-02	6.50500e+02
1722	6.49603e+02	1.72200e+03	4.82555e-02	6.51000e+02
1723	6.50097e+02	1.72300e+03	4.81901e-02	6.51500e+02
1724	6.50588e+02	1.72400e+03	4.81296e-02	6.52000e+02
1725	6.51088e+02	1.72500e+03	4.81091e-02	6.52500e+02
1726	6.51592e+02	1.72600e+03	4.81173e-02	6.53000e+02
1727	6.52085e+02	1.72700e+03	4.81427e-02	6.53500e+02
1728	6.52567e+02	1.72800e+03	4.82676e-02	6.54000e+02
1729	6.53073e+02	1.72900e+03	4.83612e-02	6.54500e+02
1730	6.53572e+02	1.73000e+03	4.84551e-02	6.55000e+02
1731	6.54059e+02	1.73100e+03	4.85523e-02	6.55500e+02
1732	6.54555e+02	1.73200e+03	4.86705e-02	6.56000e+02
1733	6.55045e+02	1.73300e+03	4.87566e-02	6.56500e+02
1734	6.55542e+02	1.73400e+03	4.88246e-02	6.57000e+02
1735	6.56041e+02	1.73500e+03	4.88826e-02	6.57500e+02
1736	6.56538e+02	1.73600e+03	4.88797e-02	6.58000e+02
1737	6.57031e+02	1.73700e+03	4.88853e-02	6.58500e+02
1738	6.57526e+02	1.73800e+03	4.88804e-02	6.59000e+02
1739	6.58026e+02	1.73900e+03	4.88660e-02	6.59500e+02
1740	6.58539e+02	1.74000e+03	4.87984e-02	6.60000e+02
1741	6.59019e+02	1.74100e+03	4.87471e-02	6.60500e+02
1742	6.59519e+02	1.74200e+03	4.86942e-02	6.61000e+02
1743	6.60019e+02	1.74300e+03	4.86382e-02	6.61500e+02
1744	6.60512e+02	1.74400e+03	4.85693e-02	6.62000e+02
1745	6.61017e+02	1.74500e+03	4.85139e-02	6.62500e+02
1746	6.61502e+02	1.74600e+03	4.84641e-02	6.63000e+02
1747	6.62006e+02	1.74700e+03	4.84170e-02	6.63500e+02
1748	6.62505e+02	1.74800e+03	4.83897e-02	6.64000e+02
1749	6.62994e+02	1.74900e+03	4.83604e-02	6.64500e+02
1750	6.63493e+02	1.75000e+03	4.83352e-02	6.65000e+02
1751	6.63994e+02	1.75100e+03	4.83140e-02	6.65500e+02
1752	6.64491e+02	1.75200e+03	4.83167e-02	6.66000e+02
1753	6.64993e+02	1.75300e+03	4.83158e-02	6.66500e+02
1754	6.65485e+02	1.75400e+03	4.83167e-02	6.67000e+02
1755	6.65977e+02	1.75500e+03	4.83188e-02	6.67500e+02
1756	6.66471e+02	1.75600e+03	4.83350e-02	6.68000e+02
1757	6.66972e+02	1.75700e+03	4.83434e-02	6.68500e+02
1758	6.67465e+02	1.75800e+03	4.83505e-02	6.69000e+02
1759	6.67964e+02	1.75900e+03	4.83576e-02	6.69500e+02
1760	6.68460e+02	1.76000e+03	4.83562e-02	6.70000e+02
1761	6.68950e+02	1.76100e+03	4.83549e-02	6.70500e+02
1762	6.69455e+02	1.76200e+03	4.83533e-02	6.71000e+02
1763	6.69944e+02	1.76300e+03	4.83516e-02	6.71500e+02
1764	6.70439e+02	1.76400e+03	4.83443e-02	6.72000e+02
1765	6.70940e+02	1.76500e+03	4.83417e-02	6.72500e+02
1766	6.71438e+02	1.76600e+03	4.83414e-02	6.73000e+02
1767	6.71926e+02	1.76700e+03	4.83422e-02	6.73500e+02
1768	6.72410e+02	1.76800e+03	4.83511e-02	6.74000e+02
1769	6.72904e+02	1.76900e+03	4.83592e-02	6.74500e+02
1770	6.73411e+02	1.77000e+03	4.83678e-02	6.75000e+02
1771	6.73903e+02	1.77100e+03	4.83768e-02	6.75500e+02
1772	6.74393e+02	1.77200e+03	4.83891e-02	6.76000e+02
1773	6.74884e+02	1.77300e+03	4.83952e-02	6.76500e+02
1774	6.75386e+02	1.77400e+03	4.83968e-02	6.77000e+02
1775	6.75888e+02	1.77500e+03	4.83959e-02	6.77500e+02
1776	6.76367e+02	1.77600e+03	4.83809e-02	6.78000e+02
1777	6.76873e+02	1.77700e+03	4.83651e-02	6.78500e+02
1778	6.77367e+02	1.77800e+03	4.83439e-02	6.79000e+02
1779	6.77870e+02	1.77900e+03	4.83189e-02	6.79500e+02
1780	6.78361e+02	1.78000e+03	4.82822e-02	6.80000e+02
1781	6.78857e+02	1.78100e+03	4.82535e-02	6.80500e+02
1782	6.79344e+02	1.78200e+03	4.82241e-02	6.81000e+02
1783	6.79845e+02	1.78300e+03	4.81925e-02	6.81500e+02
1784	6.80346e+02	1.78400e+03	4.81495e-02	6.82000e+02
1785	6.80848e+02	1.78500e+03	4.80982e-02	6.82500e+02
1786	6.81337e+02	1.78600e+03	4.80382e-02	6.83000e+02
1787	6.81834e+02	1.78700e+03	4.79725e-02	6.83500e+02
1788	6.82340e+02	1.78800e+03	4.78863e-02	6.84000e+02
1789	6.82836e+02	1.78900e+03	4.78230e-02	6.84500e+02
1790	6.83332e+02	1.79000e+03	4.77776e-02	6.85000e+02
1791	6.83832e+02	1.79100e+03	4.77450e-02	6.85500e+02
1792	6.84347e+02	1.79200e+03	4.77738e-02	6.86000e+02
1793	6.84836e+02	1.79300e+03	4.78146e-02	6.86500e+02
1794	6.85339e+02	1.79400e+03	4.78747e-02	6.87000e+02
1795	6.85541e+02	1.79500e+03	4.79478e-02	6.87500e+02
1796	6.85743e+02	1.79600e+03	4.81032e-02	6.88000e+02
1797	6.86046e+02	1.79700e+03	4.82146e-02	6.88500e+02
1798	6.86413e+02	1.79800e+03	4.83149e-02	6.89000e+02
1799	6.86796e+02	1.79900e+03	4.84108e-02	6.89500e+02
1800	6.87164e+02	1.80000e+03	4.84815e-02	6.90000e+02
1801	6.87520e+02	1.80100e+03	4.85390e-02	6.90500e+02
1802	6.87863e+02	1.80200e+03	4.85762e-02	6.91000e+02
1803	6.88203e+02	1.80300e+03	4.85984e-02	6.91500e+02
1804	6.88514e+02	1.80400e+03	4.85609e-02	6.92000e+02
1805	6.88825e+02	1.80500e+03	4.85392e-02	6.92500e+02
1806	6.89132e+02	1.80600e+03	4.85134e-02	6.93000e+02
1807	6.89427e+02	1.80700e+03	4.84830e-02	6.93500e+02
1808	6.89720e+02	1.80800e+03	4.84258e-02	6.94000e+02
1809	6.89995e+02	1.80900e+03	4.83874e-02	6.94500e+02
1810	6.90266e+02	1.81000e+03	4.83565e-02	6.95000e+02
1811	6.90523e+02	1.81100e+03	4.83291e-02	6.95500e+02
1812	6.90776e+02	1.81200e+03	4.83183e-02	6.96000e+02
1813	6.91025e+02	1.81300e+03	4.83078e-02	6.96500e+02
1814	6.91270e+02	1.81400e+03	4.83033e-02	6.97000e+02
1815	6.91492e+02	1.81500e+03	4.83031e-02	6.97500e+02
1816	6.91709e+02	1.81600e+03	4.83246e-02	6.98000e+02
1817	6.91924e+02	1.81700e+03	4.83392e-02	6.98500e+02
1818	6.92141e+02	1.81800e+03	4.83526e-02	6.99000e+02
1819	6.92340e+02	1.81900e+03	4.83655e-02	6.99500e+02
1820	6.92546e+02	1.82000e+03	4.83792e-02	7.00000e+02
